0
1
2500
0 -2.435
1 -2.438
2 -2.443
3 -2.445
4 -2.44
5 -2.437
6 -2.439
7 -2.443
8 -2.443
9 -2.443
10 -2.446
11 -2.448
12 -2.446
13 -2.443
14 -2.446
15 -2.45
16 -2.451
17 -2.451
18 -2.453
19 -2.454
20 -2.444
21 -2.439
22 -2.449
23 -2.45
24 -2.446
25 -2.446
26 -2.441
27 -2.439
28 -2.442
29 -2.447
30 -2.451
31 -2.447
32 -2.445
33 -2.45
34 -2.452
35 -2.451
36 -2.446
37 -2.441
38 -2.445
39 -2.447
40 -2.447
41 -2.444
42 -2.444
43 -2.45
44 -2.451
45 -2.45
46 -2.446
47 -2.446
48 -2.453
49 -2.454
50 -2.45
51 -2.45
52 -2.454
53 -2.451
54 -2.453
55 -2.454
56 -2.455
57 -2.457
58 -2.461
59 -2.459
60 -2.451
61 -2.445
62 -2.442
63 -2.443
64 -2.441
65 -2.445
66 -2.45
67 -2.447
68 -2.446
69 -2.449
70 -2.45
71 -2.448
72 -2.447
73 -2.448
74 -2.448
75 -2.45
76 -2.454
77 -2.457
78 -2.459
79 -2.459
80 -2.456
81 -2.452
82 -2.453
83 -2.451
84 -2.447
85 -2.446
86 -2.446
87 -2.445
88 -2.446
89 -2.449
90 -2.45
91 -2.452
92 -2.45
93 -2.454
94 -2.459
95 -2.454
96 -2.45
97 -2.45
98 -2.45
99 -2.45
100 -2.454
101 -2.454
102 -2.452
103 -2.451
104 -2.45
105 -2.453
106 -2.459
107 -2.459
108 -2.45
109 -2.445
110 -2.446
111 -2.451
112 -2.454
113 -2.451
114 -2.453
115 -2.454
116 -2.454
117 -2.454
118 -2.458
119 -2.454
120 -2.447
121 -2.451
122 -2.456
123 -2.463
124 -2.458
125 -2.446
126 -2.445
127 -2.447
128 -2.45
129 -2.45
130 -2.451
131 -2.455
132 -2.454
133 -2.454
134 -2.453
135 -2.45
136 -2.454
137 -2.454
138 -2.447
139 -2.445
140 -2.445
141 -2.446
142 -2.447
143 -2.451
144 -2.451
145 -2.449
146 -2.443
147 -2.44
148 -2.445
149 -2.446
150 -2.449
151 -2.451
152 -2.45
153 -2.447
154 -2.444
155 -2.452
156 -2.457
157 -2.454
158 -2.453
159 -2.45
160 -2.45
161 -2.454
162 -2.452
163 -2.451
164 -2.45
165 -2.451
166 -2.454
167 -2.454
168 -2.454
169 -2.453
170 -2.453
171 -2.448
172 -2.448
173 -2.45
174 -2.448
175 -2.449
176 -2.446
177 -2.441
178 -2.439
179 -2.443
180 -2.444
181 -2.443
182 -2.446
183 -2.447
184 -2.448
185 -2.446
186 -2.443
187 -2.447
188 -2.453
189 -2.451
190 -2.45
191 -2.45
192 -2.453
193 -2.458
194 -2.453
195 -2.441
196 -2.442
197 -2.447
198 -2.449
199 -2.449
200 -2.45
201 -2.454
202 -2.453
203 -2.45
204 -2.446
205 -2.449
206 -2.45
207 -2.45
208 -2.454
209 -2.455
210 -2.453
211 -2.453
212 -2.453
213 -2.451
214 -2.454
215 -2.458
216 -2.455
217 -2.451
218 -2.448
219 -2.446
220 -2.446
221 -2.445
222 -2.442
223 -2.441
224 -2.442
225 -2.436
226 -2.429
227 -2.434
228 -2.433
229 -2.43
230 -2.432
231 -2.43
232 -2.428
233 -2.421
234 -2.417
235 -2.421
236 -2.421
237 -2.41
238 -2.413
239 -2.41
240 -2.394
241 -2.389
242 -2.377
243 -2.368
244 -2.362
245 -2.36
246 -2.361
247 -2.362
248 -2.358
249 -2.35
250 -2.341
251 -2.337
252 -2.337
253 -2.33
254 -2.323
255 -2.317
256 -2.319
257 -2.323
258 -2.321
259 -2.325
260 -2.328
261 -2.332
262 -2.338
263 -2.345
264 -2.348
265 -2.346
266 -2.347
267 -2.345
268 -2.345
269 -2.349
270 -2.352
271 -2.35
272 -2.344
273 -2.341
274 -2.337
275 -2.337
276 -2.33
277 -2.325
278 -2.326
279 -2.326
280 -2.325
281 -2.32
282 -2.319
283 -2.32
284 -2.319
285 -2.326
286 -2.333
287 -2.336
288 -2.338
289 -2.34
290 -2.345
291 -2.35
292 -2.35
293 -2.352
294 -2.355
295 -2.358
296 -2.355
297 -2.357
298 -2.358
299 -2.36
300 -2.365
301 -2.365
302 -2.373
303 -2.382
304 -2.388
305 -2.397
306 -2.403
307 -2.406
308 -2.406
309 -2.4
310 -2.4
311 -2.41
312 -2.418
313 -2.423
314 -2.427
315 -2.431
316 -2.436
317 -2.441
318 -2.446
319 -2.457
320 -2.463
321 -2.463
322 -2.467
323 -2.473
324 -2.478
325 -2.475
326 -2.469
327 -2.475
328 -2.481
329 -2.478
330 -2.475
331 -2.475
332 -2.478
333 -2.484
334 -2.485
335 -2.483
336 -2.487
337 -2.49
338 -2.49
339 -2.49
340 -2.491
341 -2.495
342 -2.494
343 -2.49
344 -2.493
345 -2.494
346 -2.494
347 -2.493
348 -2.49
349 -2.489
350 -2.488
351 -2.491
352 -2.491
353 -2.491
354 -2.497
355 -2.496
356 -2.495
357 -2.498
358 -2.497
359 -2.494
360 -2.491
361 -2.489
362 -2.485
363 -2.483
364 -2.488
365 -2.495
366 -2.494
367 -2.49
368 -2.49
369 -2.49
370 -2.494
371 -2.494
372 -2.494
373 -2.495
374 -2.497
375 -2.497
376 -2.496
377 -2.495
378 -2.497
379 -2.498
380 -2.493
381 -2.489
382 -2.487
383 -2.491
384 -2.496
385 -2.495
386 -2.498
387 -2.502
388 -2.506
389 -2.509
390 -2.514
391 -2.522
392 -2.527
393 -2.541
394 -2.546
395 -2.558
396 -2.575
397 -2.586
398 -2.595
399 -2.611
400 -2.624
401 -2.626
402 -2.632
403 -2.638
404 -2.645
405 -2.655
406 -2.648
407 -2.64
408 -2.636
409 -2.631
410 -2.626
411 -2.616
412 -2.595
413 -2.561
414 -2.525
415 -2.486
416 -2.45
417 -2.412
418 -2.366
419 -2.316
420 -2.264
421 -2.213
422 -2.14
423 -2.057
424 -1.985
425 -1.917
426 -1.869
427 -1.852
428 -1.831
429 -1.8
430 -1.782
431 -1.747
432 -1.706
433 -1.66
434 -1.611
435 -1.565
436 -1.524
437 -1.508
438 -1.5
439 -1.498
440 -1.492
441 -1.478
442 -1.48
443 -1.496
444 -1.529
445 -1.571
446 -1.623
447 -1.677
448 -1.748
449 -1.839
450 -1.945
451 -2.05
452 -2.131
453 -2.201
454 -2.255
455 -2.296
456 -2.33
457 -2.361
458 -2.396
459 -2.425
460 -2.445
461 -2.465
462 -2.491
463 -2.502
464 -2.509
465 -2.522
466 -2.535
467 -2.542
468 -2.542
469 -2.538
470 -2.523
471 -2.511
472 -2.499
473 -2.479
474 -2.467
475 -2.465
476 -2.464
477 -2.46
478 -2.455
479 -2.449
480 -2.445
481 -2.442
482 -2.437
483 -2.433
484 -2.428
485 -2.424
486 -2.417
487 -2.414
488 -2.417
489 -2.418
490 -2.417
491 -2.413
492 -2.416
493 -2.421
494 -2.422
495 -2.427
496 -2.427
497 -2.428
498 -2.423
499 -2.421
500 -2.429
501 -2.43
502 -2.431
503 -2.429
504 -2.421
505 -2.412
506 -2.413
507 -2.42
508 -2.422
509 -2.424
510 -2.421
511 -2.417
512 -2.418
513 -2.418
514 -2.414
515 -2.416
516 -2.42
517 -2.418
518 -2.417
519 -2.417
520 -2.424
521 -2.422
522 -2.414
523 -2.416
524 -2.412
525 -2.408
526 -2.406
527 -2.409
528 -2.416
529 -2.418
530 -2.409
531 -2.401
532 -2.402
533 -2.403
534 -2.404
535 -2.404
536 -2.405
537 -2.405
538 -2.405
539 -2.406
540 -2.406
541 -2.406
542 -2.402
543 -2.398
544 -2.397
545 -2.398
546 -2.399
547 -2.402
548 -2.399
549 -2.396
550 -2.399
551 -2.405
552 -2.406
553 -2.398
554 -2.389
555 -2.388
556 -2.394
557 -2.397
558 -2.394
559 -2.393
560 -2.393
561 -2.39
562 -2.39
563 -2.386
564 -2.382
565 -2.386
566 -2.389
567 -2.385
568 -2.381
569 -2.386
570 -2.387
571 -2.387
572 -2.386
573 -2.377
574 -2.375
575 -2.377
576 -2.38
577 -2.378
578 -2.376
579 -2.375
580 -2.375
581 -2.375
582 -2.373
583 -2.371
584 -2.372
585 -2.372
586 -2.37
587 -2.368
588 -2.365
589 -2.364
590 -2.361
591 -2.364
592 -2.362
593 -2.36
594 -2.362
595 -2.362
596 -2.362
597 -2.364
598 -2.364
599 -2.365
600 -2.36
601 -2.354
602 -2.359
603 -2.358
604 -2.353
605 -2.349
606 -2.346
607 -2.348
608 -2.348
609 -2.344
610 -2.34
611 -2.339
612 -2.333
613 -2.331
614 -2.333
615 -2.33
616 -2.334
617 -2.34
618 -2.341
619 -2.335
620 -2.33
621 -2.325
622 -2.32
623 -2.321
624 -2.317
625 -2.316
626 -2.315
627 -2.309
628 -2.311
629 -2.32
630 -2.324
631 -2.314
632 -2.304
633 -2.307
634 -2.313
635 -2.312
636 -2.302
637 -2.299
638 -2.297
639 -2.291
640 -2.288
641 -2.288
642 -2.283
643 -2.28
644 -2.282
645 -2.28
646 -2.275
647 -2.272
648 -2.272
649 -2.272
650 -2.27
651 -2.266
652 -2.26
653 -2.254
654 -2.249
655 -2.249
656 -2.253
657 -2.244
658 -2.237
659 -2.243
660 -2.244
661 -2.237
662 -2.236
663 -2.234
664 -2.228
665 -2.221
666 -2.217
667 -2.215
668 -2.212
669 -2.212
670 -2.208
671 -2.204
672 -2.201
673 -2.195
674 -2.188
675 -2.184
676 -2.183
677 -2.18
678 -2.176
679 -2.167
680 -2.16
681 -2.162
682 -2.159
683 -2.151
684 -2.148
685 -2.151
686 -2.153
687 -2.147
688 -2.139
689 -2.135
690 -2.131
691 -2.129
692 -2.127
693 -2.127
694 -2.124
695 -2.123
696 -2.123
697 -2.116
698 -2.113
699 -2.11
700 -2.103
701 -2.092
702 -2.091
703 -2.096
704 -2.095
705 -2.091
706 -2.09
707 -2.092
708 -2.088
709 -2.086
710 -2.083
711 -2.08
712 -2.08
713 -2.078
714 -2.076
715 -2.073
716 -2.072
717 -2.079
718 -2.073
719 -2.063
720 -2.063
721 -2.068
722 -2.074
723 -2.077
724 -2.078
725 -2.072
726 -2.068
727 -2.067
728 -2.068
729 -2.075
730 -2.074
731 -2.072
732 -2.082
733 -2.084
734 -2.08
735 -2.079
736 -2.086
737 -2.091
738 -2.092
739 -2.101
740 -2.102
741 -2.105
742 -2.111
743 -2.109
744 -2.115
745 -2.124
746 -2.135
747 -2.142
748 -2.148
749 -2.155
750 -2.16
751 -2.168
752 -2.175
753 -2.179
754 -2.184
755 -2.193
756 -2.2
757 -2.201
758 -2.207
759 -2.215
760 -2.232
761 -2.241
762 -2.237
763 -2.24
764 -2.245
765 -2.249
766 -2.259
767 -2.265
768 -2.265
769 -2.271
770 -2.278
771 -2.279
772 -2.288
773 -2.296
774 -2.303
775 -2.311
776 -2.312
777 -2.317
778 -2.325
779 -2.328
780 -2.331
781 -2.333
782 -2.337
783 -2.339
784 -2.341
785 -2.344
786 -2.348
787 -2.353
788 -2.356
789 -2.354
790 -2.349
791 -2.349
792 -2.355
793 -2.358
794 -2.365
795 -2.369
796 -2.373
797 -2.37
798 -2.369
799 -2.376
800 -2.377
801 -2.381
802 -2.385
803 -2.379
804 -2.374
805 -2.378
806 -2.38
807 -2.382
808 -2.384
809 -2.384
810 -2.381
811 -2.385
812 -2.384
813 -2.378
814 -2.381
815 -2.385
816 -2.389
817 -2.389
818 -2.384
819 -2.378
820 -2.377
821 -2.383
822 -2.389
823 -2.397
824 -2.406
825 -2.401
826 -2.388
827 -2.385
828 -2.39
829 -2.389
830 -2.393
831 -2.393
832 -2.392
833 -2.401
834 -2.395
835 -2.386
836 -2.384
837 -2.38
838 -2.381
839 -2.379
840 -2.378
841 -2.38
842 -2.382
843 -2.388
844 -2.393
845 -2.393
846 -2.384
847 -2.385
848 -2.388
849 -2.389
850 -2.393
851 -2.39
852 -2.389
853 -2.385
854 -2.381
855 -2.384
856 -2.384
857 -2.384
858 -2.381
859 -2.381
860 -2.385
861 -2.388
862 -2.39
863 -2.389
864 -2.389
865 -2.387
866 -2.389
867 -2.39
868 -2.386
869 -2.387
870 -2.386
871 -2.387
872 -2.384
873 -2.382
874 -2.384
875 -2.381
876 -2.385
877 -2.386
878 -2.389
879 -2.393
880 -2.391
881 -2.393
882 -2.391
883 -2.389
884 -2.391
885 -2.389
886 -2.388
887 -2.387
888 -2.387
889 -2.386
890 -2.385
891 -2.386
892 -2.384
893 -2.381
894 -2.385
895 -2.385
896 -2.377
897 -2.374
898 -2.379
899 -2.38
900 -2.382
901 -2.382
902 -2.38
903 -2.381
904 -2.385
905 -2.384
906 -2.376
907 -2.375
908 -2.377
909 -2.377
910 -2.374
911 -2.376
912 -2.375
913 -2.376
914 -2.38
915 -2.382
916 -2.383
917 -2.379
918 -2.373
919 -2.373
920 -2.377
921 -2.377
922 -2.376
923 -2.377
924 -2.378
925 -2.377
926 -2.374
927 -2.378
928 -2.381
929 -2.381
930 -2.386
931 -2.383
932 -2.382
933 -2.378
934 -2.373
935 -2.374
936 -2.374
937 -2.376
938 -2.377
939 -2.381
940 -2.386
941 -2.381
942 -2.373
943 -2.372
944 -2.374
945 -2.37
946 -2.377
947 -2.378
948 -2.371
949 -2.366
950 -2.366
951 -2.373
952 -2.376
953 -2.372
954 -2.373
955 -2.374
956 -2.372
957 -2.377
958 -2.376
959 -2.369
960 -2.372
961 -2.373
962 -2.373
963 -2.378
964 -2.382
965 -2.379
966 -2.377
967 -2.381
968 -2.383
969 -2.381
970 -2.381
971 -2.376
972 -2.37
973 -2.373
974 -2.379
975 -2.379
976 -2.379
977 -2.379
978 -2.378
979 -2.379
980 -2.377
981 -2.378
982 -2.384
983 -2.384
984 -2.381
985 -2.381
986 -2.38
987 -2.376
988 -2.377
989 -2.378
990 -2.378
991 -2.382
992 -2.381
993 -2.377
994 -2.375
995 -2.378
996 -2.378
997 -2.379
998 -2.382
999 -2.381
1000 -2.376
1001 -2.378
1002 -2.386
1003 -2.38
1004 -2.376
1005 -2.381
1006 -2.385
1007 -2.386
1008 -2.381
1009 -2.378
1010 -2.383
1011 -2.385
1012 -2.381
1013 -2.382
1014 -2.384
1015 -2.385
1016 -2.389
1017 -2.391
1018 -2.384
1019 -2.38
1020 -2.385
1021 -2.382
1022 -2.381
1023 -2.385
1024 -2.386
1025 -2.383
1026 -2.383
1027 -2.384
1028 -2.376
1029 -2.377
1030 -2.382
1031 -2.388
1032 -2.39
1033 -2.391
1034 -2.39
1035 -2.389
1036 -2.385
1037 -2.381
1038 -2.382
1039 -2.382
1040 -2.381
1041 -2.381
1042 -2.382
1043 -2.384
1044 -2.385
1045 -2.381
1046 -2.377
1047 -2.377
1048 -2.381
1049 -2.382
1050 -2.379
1051 -2.381
1052 -2.385
1053 -2.385
1054 -2.386
1055 -2.386
1056 -2.388
1057 -2.383
1058 -2.38
1059 -2.384
1060 -2.386
1061 -2.384
1062 -2.377
1063 -2.381
1064 -2.381
1065 -2.379
1066 -2.383
1067 -2.383
1068 -2.381
1069 -2.376
1070 -2.374
1071 -2.377
1072 -2.377
1073 -2.374
1074 -2.377
1075 -2.38
1076 -2.382
1077 -2.388
1078 -2.387
1079 -2.384
1080 -2.384
1081 -2.386
1082 -2.387
1083 -2.385
1084 -2.382
1085 -2.381
1086 -2.386
1087 -2.389
1088 -2.385
1089 -2.385
1090 -2.384
1091 -2.385
1092 -2.383
1093 -2.381
1094 -2.383
1095 -2.386
1096 -2.389
1097 -2.389
1098 -2.385
1099 -2.381
1100 -2.38
1101 -2.385
1102 -2.385
1103 -2.377
1104 -2.374
1105 -2.377
1106 -2.379
1107 -2.381
1108 -2.381
1109 -2.381
1110 -2.385
1111 -2.385
1112 -2.385
1113 -2.385
1114 -2.389
1115 -2.393
1116 -2.38
1117 -2.376
1118 -2.382
1119 -2.385
1120 -2.385
1121 -2.382
1122 -2.386
1123 -2.386
1124 -2.385
1125 -2.388
1126 -2.387
1127 -2.386
1128 -2.379
1129 -2.373
1130 -2.377
1131 -2.379
1132 -2.381
1133 -2.384
1134 -2.385
1135 -2.385
1136 -2.385
1137 -2.386
1138 -2.389
1139 -2.397
1140 -2.399
1141 -2.392
1142 -2.385
1143 -2.384
1144 -2.385
1145 -2.385
1146 -2.384
1147 -2.384
1148 -2.382
1149 -2.38
1150 -2.378
1151 -2.38
1152 -2.382
1153 -2.381
1154 -2.381
1155 -2.381
1156 -2.38
1157 -2.378
1158 -2.381
1159 -2.386
1160 -2.388
1161 -2.389
1162 -2.39
1163 -2.39
1164 -2.39
1165 -2.394
1166 -2.393
1167 -2.39
1168 -2.386
1169 -2.381
1170 -2.386
1171 -2.391
1172 -2.385
1173 -2.385
1174 -2.385
1175 -2.387
1176 -2.386
1177 -2.384
1178 -2.386
1179 -2.391
1180 -2.39
1181 -2.386
1182 -2.385
1183 -2.384
1184 -2.381
1185 -2.378
1186 -2.386
1187 -2.394
1188 -2.393
1189 -2.389
1190 -2.38
1191 -2.381
1192 -2.383
1193 -2.386
1194 -2.388
1195 -2.385
1196 -2.387
1197 -2.389
1198 -2.389
1199 -2.388
1200 -2.388
1201 -2.388
1202 -2.386
1203 -2.384
1204 -2.377
1205 -2.378
1206 -2.38
1207 -2.38
1208 -2.381
1209 -2.378
1210 -2.383
1211 -2.385
1212 -2.381
1213 -2.38
1214 -2.383
1215 -2.386
1216 -2.384
1217 -2.382
1218 -2.383
1219 -2.382
1220 -2.381
1221 -2.377
1222 -2.381
1223 -2.382
1224 -2.376
1225 -2.374
1226 -2.372
1227 -2.371
1228 -2.365
1229 -2.359
1230 -2.361
1231 -2.359
1232 -2.36
1233 -2.359
1234 -2.357
1235 -2.358
1236 -2.351
1237 -2.344
1238 -2.337
1239 -2.334
1240 -2.33
1241 -2.325
1242 -2.315
1243 -2.306
1244 -2.303
1245 -2.293
1246 -2.291
1247 -2.289
1248 -2.286
1249 -2.285
1250 -2.279
1251 -2.272
1252 -2.271
1253 -2.268
1254 -2.264
1255 -2.261
1256 -2.261
1257 -2.26
1258 -2.262
1259 -2.267
1260 -2.273
1261 -2.276
1262 -2.278
1263 -2.279
1264 -2.28
1265 -2.282
1266 -2.285
1267 -2.29
1268 -2.29
1269 -2.286
1270 -2.281
1271 -2.279
1272 -2.276
1273 -2.273
1274 -2.271
1275 -2.267
1276 -2.268
1277 -2.269
1278 -2.256
1279 -2.251
1280 -2.256
1281 -2.256
1282 -2.258
1283 -2.262
1284 -2.257
1285 -2.259
1286 -2.264
1287 -2.268
1288 -2.277
1289 -2.279
1290 -2.283
1291 -2.288
1292 -2.284
1293 -2.288
1294 -2.291
1295 -2.289
1296 -2.293
1297 -2.296
1298 -2.297
1299 -2.293
1300 -2.302
1301 -2.311
1302 -2.314
1303 -2.321
1304 -2.321
1305 -2.328
1306 -2.334
1307 -2.341
1308 -2.341
1309 -2.338
1310 -2.333
1311 -2.33
1312 -2.34
1313 -2.351
1314 -2.358
1315 -2.358
1316 -2.365
1317 -2.372
1318 -2.375
1319 -2.381
1320 -2.389
1321 -2.396
1322 -2.397
1323 -2.4
1324 -2.401
1325 -2.406
1326 -2.405
1327 -2.402
1328 -2.406
1329 -2.405
1330 -2.404
1331 -2.409
1332 -2.414
1333 -2.414
1334 -2.417
1335 -2.422
1336 -2.419
1337 -2.411
1338 -2.405
1339 -2.404
1340 -2.409
1341 -2.415
1342 -2.417
1343 -2.418
1344 -2.421
1345 -2.418
1346 -2.416
1347 -2.416
1348 -2.417
1349 -2.414
1350 -2.414
1351 -2.418
1352 -2.421
1353 -2.424
1354 -2.422
1355 -2.418
1356 -2.417
1357 -2.42
1358 -2.421
1359 -2.42
1360 -2.421
1361 -2.424
1362 -2.426
1363 -2.426
1364 -2.425
1365 -2.422
1366 -2.418
1367 -2.416
1368 -2.416
1369 -2.42
1370 -2.414
1371 -2.413
1372 -2.417
1373 -2.418
1374 -2.417
1375 -2.413
1376 -2.417
1377 -2.42
1378 -2.418
1379 -2.418
1380 -2.422
1381 -2.421
1382 -2.423
1383 -2.422
1384 -2.422
1385 -2.428
1386 -2.429
1387 -2.425
1388 -2.425
1389 -2.431
1390 -2.443
1391 -2.458
1392 -2.466
1393 -2.48
1394 -2.49
1395 -2.494
1396 -2.506
1397 -2.515
1398 -2.523
1399 -2.538
1400 -2.554
1401 -2.566
1402 -2.571
1403 -2.569
1404 -2.571
1405 -2.574
1406 -2.567
1407 -2.563
1408 -2.554
1409 -2.545
1410 -2.541
1411 -2.522
1412 -2.497
1413 -2.474
1414 -2.432
1415 -2.389
1416 -2.357
1417 -2.32
1418 -2.279
1419 -2.23
1420 -2.175
1421 -2.118
1422 -2.038
1423 -1.965
1424 -1.893
1425 -1.825
1426 -1.788
1427 -1.766
1428 -1.73
1429 -1.704
1430 -1.687
1431 -1.641
1432 -1.602
1433 -1.558
1434 -1.505
1435 -1.46
1436 -1.427
1437 -1.41
1438 -1.395
1439 -1.393
1440 -1.388
1441 -1.387
1442 -1.399
1443 -1.425
1444 -1.462
1445 -1.501
1446 -1.552
1447 -1.614
1448 -1.696
1449 -1.795
1450 -1.903
1451 -1.999
1452 -2.075
1453 -2.134
1454 -2.183
1455 -2.233
1456 -2.268
1457 -2.3
1458 -2.335
1459 -2.358
1460 -2.374
1461 -2.394
1462 -2.414
1463 -2.424
1464 -2.433
1465 -2.446
1466 -2.459
1467 -2.461
1468 -2.458
1469 -2.445
1470 -2.436
1471 -2.437
1472 -2.421
1473 -2.406
1474 -2.398
1475 -2.392
1476 -2.389
1477 -2.391
1478 -2.385
1479 -2.372
1480 -2.363
1481 -2.362
1482 -2.358
1483 -2.353
1484 -2.349
1485 -2.345
1486 -2.338
1487 -2.337
1488 -2.338
1489 -2.336
1490 -2.34
1491 -2.345
1492 -2.347
1493 -2.346
1494 -2.344
1495 -2.345
1496 -2.345
1497 -2.347
1498 -2.351
1499 -2.345
1500 -2.344
1501 -2.349
1502 -2.345
1503 -2.344
1504 -2.344
1505 -2.345
1506 -2.345
1507 -2.348
1508 -2.345
1509 -2.344
1510 -2.345
1511 -2.342
1512 -2.341
1513 -2.341
1514 -2.345
1515 -2.351
1516 -2.357
1517 -2.351
1518 -2.33
1519 -2.325
1520 -2.328
1521 -2.329
1522 -2.334
1523 -2.336
1524 -2.334
1525 -2.333
1526 -2.33
1527 -2.328
1528 -2.334
1529 -2.339
1530 -2.337
1531 -2.334
1532 -2.333
1533 -2.335
1534 -2.337
1535 -2.333
1536 -2.331
1537 -2.326
1538 -2.323
1539 -2.32
1540 -2.325
1541 -2.33
1542 -2.327
1543 -2.325
1544 -2.325
1545 -2.325
1546 -2.329
1547 -2.328
1548 -2.321
1549 -2.319
1550 -2.317
1551 -2.32
1552 -2.322
1553 -2.321
1554 -2.32
1555 -2.318
1556 -2.317
1557 -2.314
1558 -2.312
1559 -2.31
1560 -2.309
1561 -2.303
1562 -2.304
1563 -2.309
1564 -2.308
1565 -2.307
1566 -2.306
1567 -2.309
1568 -2.309
1569 -2.306
1570 -2.305
1571 -2.301
1572 -2.297
1573 -2.295
1574 -2.296
1575 -2.297
1576 -2.294
1577 -2.292
1578 -2.293
1579 -2.293
1580 -2.295
1581 -2.295
1582 -2.296
1583 -2.301
1584 -2.299
1585 -2.291
1586 -2.291
1587 -2.296
1588 -2.297
1589 -2.287
1590 -2.283
1591 -2.283
1592 -2.281
1593 -2.282
1594 -2.279
1595 -2.278
1596 -2.277
1597 -2.276
1598 -2.272
1599 -2.27
1600 -2.271
1601 -2.272
1602 -2.272
1603 -2.272
1604 -2.274
1605 -2.275
1606 -2.272
1607 -2.268
1608 -2.267
1609 -2.268
1610 -2.268
1611 -2.268
1612 -2.268
1613 -2.263
1614 -2.26
1615 -2.26
1616 -2.256
1617 -2.249
1618 -2.248
1619 -2.249
1620 -2.247
1621 -2.244
1622 -2.245
1623 -2.244
1624 -2.239
1625 -2.242
1626 -2.243
1627 -2.237
1628 -2.236
1629 -2.237
1630 -2.235
1631 -2.23
1632 -2.231
1633 -2.229
1634 -2.228
1635 -2.228
1636 -2.221
1637 -2.213
1638 -2.209
1639 -2.208
1640 -2.209
1641 -2.206
1642 -2.201
1643 -2.205
1644 -2.205
1645 -2.204
1646 -2.203
1647 -2.2
1648 -2.196
1649 -2.186
1650 -2.181
1651 -2.18
1652 -2.184
1653 -2.184
1654 -2.175
1655 -2.168
1656 -2.164
1657 -2.158
1658 -2.151
1659 -2.154
1660 -2.156
1661 -2.151
1662 -2.143
1663 -2.14
1664 -2.138
1665 -2.135
1666 -2.132
1667 -2.124
1668 -2.12
1669 -2.119
1670 -2.114
1671 -2.111
1672 -2.115
1673 -2.113
1674 -2.109
1675 -2.104
1676 -2.106
1677 -2.106
1678 -2.095
1679 -2.086
1680 -2.084
1681 -2.086
1682 -2.08
1683 -2.069
1684 -2.066
1685 -2.065
1686 -2.065
1687 -2.063
1688 -2.065
1689 -2.067
1690 -2.058
1691 -2.055
1692 -2.053
1693 -2.042
1694 -2.036
1695 -2.036
1696 -2.031
1697 -2.028
1698 -2.029
1699 -2.023
1700 -2.022
1701 -2.018
1702 -2.012
1703 -2.014
1704 -2.013
1705 -2.009
1706 -2.006
1707 -2.01
1708 -2.006
1709 -1.996
1710 -1.996
1711 -1.994
1712 -1.99
1713 -1.986
1714 -1.984
1715 -1.988
1716 -1.992
1717 -1.988
1718 -1.98
1719 -1.98
1720 -1.982
1721 -1.98
1722 -1.977
1723 -1.977
1724 -1.98
1725 -1.982
1726 -1.98
1727 -1.984
1728 -1.989
1729 -1.988
1730 -1.996
1731 -2.001
1732 -2.001
1733 -2.007
1734 -2.007
1735 -2.002
1736 -2.002
1737 -2.005
1738 -2.009
1739 -2.013
1740 -2.018
1741 -2.025
1742 -2.034
1743 -2.045
1744 -2.055
1745 -2.061
1746 -2.069
1747 -2.078
1748 -2.078
1749 -2.082
1750 -2.083
1751 -2.087
1752 -2.092
1753 -2.091
1754 -2.102
1755 -2.112
1756 -2.12
1757 -2.127
1758 -2.131
1759 -2.14
1760 -2.148
1761 -2.156
1762 -2.17
1763 -2.178
1764 -2.172
1765 -2.171
1766 -2.179
1767 -2.183
1768 -2.189
1769 -2.198
1770 -2.204
1771 -2.209
1772 -2.215
1773 -2.218
1774 -2.223
1775 -2.232
1776 -2.24
1777 -2.241
1778 -2.243
1779 -2.247
1780 -2.252
1781 -2.257
1782 -2.258
1783 -2.257
1784 -2.261
1785 -2.267
1786 -2.268
1787 -2.276
1788 -2.283
1789 -2.283
1790 -2.283
1791 -2.282
1792 -2.283
1793 -2.282
1794 -2.285
1795 -2.285
1796 -2.285
1797 -2.292
1798 -2.292
1799 -2.293
1800 -2.292
1801 -2.293
1802 -2.3
1803 -2.299
1804 -2.303
1805 -2.308
1806 -2.304
1807 -2.305
1808 -2.305
1809 -2.3
1810 -2.304
1811 -2.311
1812 -2.312
1813 -2.307
1814 -2.306
1815 -2.309
1816 -2.309
1817 -2.315
1818 -2.312
1819 -2.309
1820 -2.313
1821 -2.31
1822 -2.308
1823 -2.312
1824 -2.317
1825 -2.319
1826 -2.314
1827 -2.313
1828 -2.313
1829 -2.312
1830 -2.312
1831 -2.31
1832 -2.308
1833 -2.311
1834 -2.313
1835 -2.313
1836 -2.316
1837 -2.321
1838 -2.325
1839 -2.324
1840 -2.325
1841 -2.319
1842 -2.316
1843 -2.32
1844 -2.322
1845 -2.324
1846 -2.321
1847 -2.318
1848 -2.314
1849 -2.308
1850 -2.304
1851 -2.307
1852 -2.308
1853 -2.308
1854 -2.31
1855 -2.314
1856 -2.316
1857 -2.316
1858 -2.321
1859 -2.317
1860 -2.316
1861 -2.314
1862 -2.311
1863 -2.311
1864 -2.314
1865 -2.316
1866 -2.319
1867 -2.318
1868 -2.312
1869 -2.317
1870 -2.317
1871 -2.311
1872 -2.311
1873 -2.308
1874 -2.313
1875 -2.316
1876 -2.311
1877 -2.312
1878 -2.315
1879 -2.314
1880 -2.312
1881 -2.307
1882 -2.308
1883 -2.308
1884 -2.306
1885 -2.306
1886 -2.307
1887 -2.307
1888 -2.304
1889 -2.302
1890 -2.301
1891 -2.304
1892 -2.305
1893 -2.303
1894 -2.306
1895 -2.31
1896 -2.308
1897 -2.305
1898 -2.305
1899 -2.308
1900 -2.308
1901 -2.308
1902 -2.308
1903 -2.307
1904 -2.313
1905 -2.314
1906 -2.309
1907 -2.304
1908 -2.303
1909 -2.304
1910 -2.305
1911 -2.307
1912 -2.304
1913 -2.301
1914 -2.304
1915 -2.306
1916 -2.305
1917 -2.308
1918 -2.305
1919 -2.304
1920 -2.302
1921 -2.303
1922 -2.297
1923 -2.292
1924 -2.297
1925 -2.301
1926 -2.305
1927 -2.302
1928 -2.299
1929 -2.299
1930 -2.301
1931 -2.304
1932 -2.3
1933 -2.3
1934 -2.307
1935 -2.308
1936 -2.304
1937 -2.305
1938 -2.311
1939 -2.308
1940 -2.303
1941 -2.3
1942 -2.303
1943 -2.301
1944 -2.297
1945 -2.298
1946 -2.298
1947 -2.304
1948 -2.305
1949 -2.304
1950 -2.302
1951 -2.3
1952 -2.297
1953 -2.297
1954 -2.3
1955 -2.299
1956 -2.3
1957 -2.295
1958 -2.291
1959 -2.296
1960 -2.3
1961 -2.3
1962 -2.3
1963 -2.301
1964 -2.303
1965 -2.314
1966 -2.314
1967 -2.306
1968 -2.308
1969 -2.301
1970 -2.296
1971 -2.3
1972 -2.301
1973 -2.301
1974 -2.301
1975 -2.303
1976 -2.305
1977 -2.307
1978 -2.309
1979 -2.32
1980 -2.319
1981 -2.307
1982 -2.303
1983 -2.304
1984 -2.31
1985 -2.313
1986 -2.312
1987 -2.313
1988 -2.313
1989 -2.308
1990 -2.303
1991 -2.299
1992 -2.302
1993 -2.305
1994 -2.305
1995 -2.304
1996 -2.302
1997 -2.302
1998 -2.306
1999 -2.303
2000 -2.296
2001 -2.304
2002 -2.309
2003 -2.308
2004 -2.308
2005 -2.308
2006 -2.308
2007 -2.307
2008 -2.305
2009 -2.304
2010 -2.307
2011 -2.304
2012 -2.304
2013 -2.303
2014 -2.303
2015 -2.304
2016 -2.3
2017 -2.303
2018 -2.309
2019 -2.309
2020 -2.308
2021 -2.31
2022 -2.316
2023 -2.312
2024 -2.308
2025 -2.318
2026 -2.313
2027 -2.302
2028 -2.303
2029 -2.301
2030 -2.303
2031 -2.309
2032 -2.313
2033 -2.314
2034 -2.311
2035 -2.304
2036 -2.304
2037 -2.309
2038 -2.311
2039 -2.312
2040 -2.312
2041 -2.309
2042 -2.311
2043 -2.312
2044 -2.313
2045 -2.316
2046 -2.317
2047 -2.314
2048 -2.305
2049 -2.303
2050 -2.304
2051 -2.301
2052 -2.302
2053 -2.305
2054 -2.303
2055 -2.3
2056 -2.304
2057 -2.305
2058 -2.308
2059 -2.312
2060 -2.312
2061 -2.31
2062 -2.311
2063 -2.312
2064 -2.312
2065 -2.311
2066 -2.308
2067 -2.307
2068 -2.309
2069 -2.31
2070 -2.308
2071 -2.308
2072 -2.309
2073 -2.311
2074 -2.313
2075 -2.313
2076 -2.312
2077 -2.313
2078 -2.313
2079 -2.31
2080 -2.311
2081 -2.313
2082 -2.312
2083 -2.308
2084 -2.307
2085 -2.315
2086 -2.323
2087 -2.315
2088 -2.308
2089 -2.311
2090 -2.313
2091 -2.313
2092 -2.313
2093 -2.313
2094 -2.314
2095 -2.314
2096 -2.317
2097 -2.316
2098 -2.316
2099 -2.315
2100 -2.313
2101 -2.311
2102 -2.31
2103 -2.313
2104 -2.316
2105 -2.318
2106 -2.319
2107 -2.317
2108 -2.316
2109 -2.313
2110 -2.317
2111 -2.326
2112 -2.325
2113 -2.313
2114 -2.311
2115 -2.315
2116 -2.313
2117 -2.317
2118 -2.32
2119 -2.316
2120 -2.319
2121 -2.318
2122 -2.31
2123 -2.31
2124 -2.313
2125 -2.313
2126 -2.309
2127 -2.305
2128 -2.309
2129 -2.308
2130 -2.308
2131 -2.307
2132 -2.308
2133 -2.313
2134 -2.311
2135 -2.312
2136 -2.315
2137 -2.318
2138 -2.321
2139 -2.323
2140 -2.32
2141 -2.31
2142 -2.305
2143 -2.308
2144 -2.314
2145 -2.314
2146 -2.308
2147 -2.309
2148 -2.315
2149 -2.313
2150 -2.313
2151 -2.314
2152 -2.313
2153 -2.312
2154 -2.313
2155 -2.318
2156 -2.318
2157 -2.314
2158 -2.313
2159 -2.317
2160 -2.317
2161 -2.316
2162 -2.317
2163 -2.313
2164 -2.314
2165 -2.316
2166 -2.317
2167 -2.317
2168 -2.311
2169 -2.316
2170 -2.321
2171 -2.32
2172 -2.316
2173 -2.307
2174 -2.307
2175 -2.313
2176 -2.32
2177 -2.313
2178 -2.308
2179 -2.316
2180 -2.314
2181 -2.317
2182 -2.317
2183 -2.316
2184 -2.316
2185 -2.309
2186 -2.309
2187 -2.309
2188 -2.308
2189 -2.31
2190 -2.312
2191 -2.313
2192 -2.312
2193 -2.312
2194 -2.309
2195 -2.311
2196 -2.312
2197 -2.314
2198 -2.321
2199 -2.321
2200 -2.318
2201 -2.316
2202 -2.316
2203 -2.316
2204 -2.314
2205 -2.313
2206 -2.317
2207 -2.32
2208 -2.321
2209 -2.323
2210 -2.321
2211 -2.321
2212 -2.311
2213 -2.311
2214 -2.32
2215 -2.316
2216 -2.311
2217 -2.313
2218 -2.318
2219 -2.317
2220 -2.316
2221 -2.318
2222 -2.32
2223 -2.318
2224 -2.312
2225 -2.307
2226 -2.307
2227 -2.308
2228 -2.312
2229 -2.312
2230 -2.312
2231 -2.318
2232 -2.318
2233 -2.311
2234 -2.307
2235 -2.311
2236 -2.311
2237 -2.31
2238 -2.305
2239 -2.304
2240 -2.306
2241 -2.303
2242 -2.307
2243 -2.308
2244 -2.302
2245 -2.305
2246 -2.308
2247 -2.305
2248 -2.3
2249 -2.297
2250 -2.296
2251 -2.294
2252 -2.291
2253 -2.287
2254 -2.282
2255 -2.278
2256 -2.275
2257 -2.272
2258 -2.272
2259 -2.268
2260 -2.258
2261 -2.248
2262 -2.24
2263 -2.239
2264 -2.24
2265 -2.236
2266 -2.226
2267 -2.217
2268 -2.216
2269 -2.217
2270 -2.218
2271 -2.212
2272 -2.206
2273 -2.208
2274 -2.204
2275 -2.198
2276 -2.2
2277 -2.202
2278 -2.196
2279 -2.188
2280 -2.188
2281 -2.189
2282 -2.192
2283 -2.2
2284 -2.209
2285 -2.204
2286 -2.193
2287 -2.199
2288 -2.206
2289 -2.209
2290 -2.209
2291 -2.212
2292 -2.205
2293 -2.196
2294 -2.196
2295 -2.2
2296 -2.2
2297 -2.203
2298 -2.203
2299 -2.193
2300 -2.192
2301 -2.188
2302 -2.187
2303 -2.189
2304 -2.18
2305 -2.18
2306 -2.188
2307 -2.2
2308 -2.216
2309 -2.217
2310 -2.21
2311 -2.213
2312 -2.218
2313 -2.217
2314 -2.217
2315 -2.218
2316 -2.216
2317 -2.218
2318 -2.216
2319 -2.214
2320 -2.222
2321 -2.225
2322 -2.224
2323 -2.229
2324 -2.241
2325 -2.252
2326 -2.259
2327 -2.263
2328 -2.264
2329 -2.264
2330 -2.264
2331 -2.267
2332 -2.27
2333 -2.28
2334 -2.286
2335 -2.295
2336 -2.3
2337 -2.301
2338 -2.305
2339 -2.313
2340 -2.325
2341 -2.331
2342 -2.336
2343 -2.338
2344 -2.338
2345 -2.342
2346 -2.343
2347 -2.346
2348 -2.346
2349 -2.341
2350 -2.344
2351 -2.349
2352 -2.353
2353 -2.354
2354 -2.349
2355 -2.345
2356 -2.346
2357 -2.348
2358 -2.349
2359 -2.349
2360 -2.353
2361 -2.357
2362 -2.356
2363 -2.349
2364 -2.348
2365 -2.355
2366 -2.353
2367 -2.353
2368 -2.354
2369 -2.358
2370 -2.363
2371 -2.365
2372 -2.366
2373 -2.358
2374 -2.353
2375 -2.35
2376 -2.345
2377 -2.345
2378 -2.351
2379 -2.359
2380 -2.361
2381 -2.364
2382 -2.36
2383 -2.35
2384 -2.348
2385 -2.351
2386 -2.354
2387 -2.357
2388 -2.357
2389 -2.361
2390 -2.358
2391 -2.353
2392 -2.353
2393 -2.357
2394 -2.358
2395 -2.353
2396 -2.359
2397 -2.365
2398 -2.36
2399 -2.361
2400 -2.361
2401 -2.363
2402 -2.364
2403 -2.357
2404 -2.357
2405 -2.358
2406 -2.358
2407 -2.362
2408 -2.366
2409 -2.368
2410 -2.37
2411 -2.381
2412 -2.393
2413 -2.403
2414 -2.411
2415 -2.417
2416 -2.426
2417 -2.433
2418 -2.441
2419 -2.461
2420 -2.481
2421 -2.49
2422 -2.499
2423 -2.505
2424 -2.504
2425 -2.51
2426 -2.508
2427 -2.501
2428 -2.495
2429 -2.492
2430 -2.494
2431 -2.485
2432 -2.469
2433 -2.442
2434 -2.405
2435 -2.366
2436 -2.326
2437 -2.289
2438 -2.251
2439 -2.203
2440 -2.147
2441 -2.098
2442 -2.03
2443 -1.944
2444 -1.869
2445 -1.798
2446 -1.74
2447 -1.704
2448 -1.677
2449 -1.643
2450 -1.622
2451 -1.599
2452 -1.55
2453 -1.507
2454 -1.458
2455 -1.408
2456 -1.364
2457 -1.339
2458 -1.331
2459 -1.323
2460 -1.319
2461 -1.312
2462 -1.316
2463 -1.328
2464 -1.357
2465 -1.395
2466 -1.436
2467 -1.494
2468 -1.56
2469 -1.648
2470 -1.75
2471 -1.857
2472 -1.944
2473 -2.017
2474 -2.081
2475 -2.13
2476 -2.175
2477 -2.211
2478 -2.242
2479 -2.265
2480 -2.284
2481 -2.301
2482 -2.325
2483 -2.345
2484 -2.354
2485 -2.37
2486 -2.386
2487 -2.392
2488 -2.392
2489 -2.386
2490 -2.379
2491 -2.377
2492 -2.369
2493 -2.359
2494 -2.345
2495 -2.33
2496 -2.326
2497 -2.332
2498 -2.333
2499 -2.326
