0
1
2506
-3 -0.03085075711301949
-2 -0.19219189808942042
-1 -0.5691326529504941
0 -3.4919532908149518
1 -3.873074572441803
2 -4.040781944701901
3 -4.074058041245813
4 -4.068455740854469
5 -4.064852470443777
6 -4.067101285446078
7 -4.071986602259768
8 -4.072923924479129
9 -4.073785466498659
10 -4.077575036044657
11 -4.079969007934339
12 -4.077862454810687
13 -4.07486528868952
14 -4.078579078035689
15 -4.083799121282759
16 -4.085923773786671
17 -4.086630384212107
18 -4.088576215724198
19 -4.088346816654337
20 -4.076535635396419
21 -4.070642783137458
22 -4.081109268644394
23 -4.0827161659903135
24 -4.078313389413264
25 -4.0770196106169205
26 -4.07071999832115
27 -4.068341829248499
28 -4.072288987304474
29 -4.078885692289242
30 -4.083944638522792
31 -4.080179809962183
32 -4.078382643841016
33 -4.084038756195733
34 -4.086479797659913
35 -4.084841056587078
36 -4.078399045103553
37 -4.072335934619171
38 -4.076289957323819
39 -4.0787154340638185
40 -4.078838384621892
41 -4.075831681886863
42 -4.076374675692005
43 -4.083413715987591
44 -4.085084200003595
45 -4.0839062690237995
46 -4.079570212218422
47 -4.0799962835758095
48 -4.088008358673868
49 -4.089672439177596
50 -4.085717802978136
51 -4.085699343245224
52 -4.089928115000456
53 -4.087284510447537
54 -4.089731680805782
55 -4.091430875447117
56 -4.093429068889414
57 -4.096460274516979
58 -4.1007332208379745
59 -4.097424133058243
60 -4.086690837780608
61 -4.077748305111865
62 -4.072737741176874
63 -4.072993777352386
64 -4.071385704591512
65 -4.0764666190615175
66 -4.082473260666647
67 -4.079943070057942
68 -4.079165871004637
69 -4.0824853319365895
70 -4.083682198835004
71 -4.081534503463425
72 -4.080309402125385
73 -4.081418057201375
74 -4.0820935381784516
75 -4.085389956242738
76 -4.091108580636333
77 -4.095731219669383
78 -4.0986362043281845
79 -4.09847861581821
80 -4.094471242286586
81 -4.089204028681273
82 -4.088999492856599
83 -4.085766185276695
84 -4.0805049997817004
85 -4.078512834449722
86 -4.078017386404782
87 -4.0770665579316185
88 -4.0786548582355175
89 -4.082605149393077
90 -4.084550382459663
91 -4.087335412352871
92 -4.086235695445238
93 -4.091263036044724
94 -4.096736220458572
95 -4.09113054887279
96 -4.085938978158199
97 -4.085103013662414
98 -4.085039665085179
99 -4.0855824207974685
100 -4.090237263910089
101 -4.09046773761116
102 -4.088149784014159
103 -4.0868111314228
104 -4.086185492769154
105 -4.090353349819486
106 -4.097278976170861
107 -4.096682408495198
108 -4.08567400381433
109 -4.078881701173246
110 -4.079646230511103
111 -4.085646367820208
112 -4.089703806718808
113 -4.087287405456271
114 -4.08964009778892
115 -4.091039442041633
116 -4.0915029090505515
117 -4.091859603720386
118 -4.09564047319088
119 -4.090704715608253
120 -4.082989595890087
121 -4.087666269930056
122 -4.094370259964969
123 -4.102138953553657
124 -4.0957064786839945
125 -4.0810758676738175
126 -4.078285133497584
127 -4.0801489186066755
128 -4.083956947885586
129 -4.084947843975467
130 -4.086924444583265
131 -4.0917497840141595
132 -4.09113054887279
133 -4.090950754033505
134 -4.089536083149465
135 -4.086298805929619
136 -4.090079437307261
137 -4.089271469158249
138 -4.080801717068739
139 -4.077448454723242
140 -4.0769469785679835
141 -4.078345471233032
142 -4.0802682598774584
143 -4.085080691500052
144 -4.085033521141809
145 -4.081847622013
146 -4.0742687210138575
147 -4.070485793072987
148 -4.075977675312601
149 -4.078260291728448
150 -4.082513328283364
151 -4.0851155675448085
152 -4.083874901482587
153 -4.080419921060863
154 -4.077845693195497
155 -4.087332279251286
156 -4.093764754120951
157 -4.091076736909417
158 -4.0894318304171575
159 -4.085781389648223
160 -4.085686673529778
161 -4.08988697275253
162 -4.087859470239396
163 -4.086564616811844
164 -4.085481539259599
165 -4.086899343245223
166 -4.090562453729606
167 -4.091013864517888
168 -4.091007222912759
169 -4.0895140141292625
170 -4.0886111925527
171 -4.082652096707774
172 -4.082055529032111
173 -4.083843158539417
174 -4.081581811130775
175 -4.081784273435766
176 -4.077376543379608
177 -4.0709216240877835
178 -4.068234443414607
179 -4.072482288397561
180 -4.0741619336254695
181 -4.073899255844829
182 -4.077657082447656
183 -4.079251786263832
184 -4.08033510190893
185 -4.078070960275303
186 -4.075231382664111
187 -4.080230488823971
188 -4.0874495620516935
189 -4.086088003901776
190 -4.085288836612016
191 -4.08580962408785
192 -4.0896082540620045
193 -4.094503944027913
194 -4.087749412440317
195 -4.073456422872251
196 -4.073438186182886
197 -4.079056664793221
198 -4.082261261747793
199 -4.0833215345252265
200 -4.085231891547059
201 -4.089807821358263
202 -4.0886017932479435
203 -4.0847173702743955
204 -4.079968049136182
205 -4.082943247020893
206 -4.084581988093727
207 -4.08554441165113
208 -4.090470870712745
209 -4.091992927430677
210 -4.089987255844894
211 -4.0897003132645695
212 -4.089520518425285
213 -4.087786224695648
214 -4.091446202078445
215 -4.095810731416302
216 -4.092160052554514
217 -4.086602387865333
218 -4.081913505246316
219 -4.078642188520071
220 -4.077717297923306
221 -4.075829147230782
222 -4.07188464609069
223 -4.069822865978305
224 -4.069328254471723
225 -4.061414388946348
226 -4.052809016583319
227 -4.057013285446013
228 -4.055690096795088
229 -4.05232949361521
230 -4.053731955920202
231 -4.050606171483297
232 -4.046694112515625
233 -4.037523778110996
234 -4.031962504134525
235 -4.034964015297592
236 -4.033688220048457
237 -4.0207651498292165
238 -4.021126873720897
239 -4.014303924243906
240 -3.9930167896513242
241 -3.981852439438581
242 -3.9637660229526723
243 -3.949527789096831
244 -3.939846802275736
245 -3.935940670634636
246 -3.936108156111126
247 -3.935991594016023
248 -3.9295027725269063
249 -3.9177056959682965
250 -3.904708381316835
251 -3.897383119146228
252 -3.894444217240829
253 -3.8842102388643296
254 -3.873931710520109
255 -3.865734172825101
256 -3.86719058440257
257 -3.8718074183688485
258 -3.8709508448777328
259 -3.876536844790287
260 -3.881778734014012
261 -3.8887123246862814
262 -3.898036754146649
263 -3.908012161691554
264 -3.9128746737304314
265 -3.9115006839579194
266 -3.912420007580765
267 -3.9103832065466224
268 -3.91090688903119
269 -3.915842646613815
270 -3.9192912235232624
271 -3.916442707743715
272 -3.9084536755133215
273 -3.9031235744671733
274 -3.8969096393377445
275 -3.894614713559103
276 -3.8852045061486478
277 -3.878212996563957
278 -3.878046231792772
279 -3.877282438209526
280 -3.875258291841525
281 -3.869015148425007
282 -3.8671525752562292
283 -3.8682516937183595
284 -3.86866136381321
285 -3.8782671688799817
286 -3.8883183566247177
287 -3.8939574692713927
288 -3.8980778963945744
289 -3.9021793875991384
290 -3.909458077857005
291 -3.9165598682843217
292 -3.9182360200579915
293 -3.9216553886803505
294 -3.9259188134367906
295 -3.929796457496106
296 -3.927285578207976
297 -3.929808766858901
298 -3.9317980371821464
299 -3.9353220339387707
300 -3.9423669800848757
301 -3.9451953630547973
302 -3.9570556508815358
303 -3.970756919042553
304 -3.9817068214148015
305 -3.9952594241848947
306 -4.00475121686195
307 -4.009554126919989
308 -4.009728232525553
309 -4.003566775159382
310 -4.0048168555756645
311 -4.018038838861427
312 -4.030198876293042
313 -4.039045957088728
314 -4.046289410949188
315 -4.053308794620853
316 -4.061499943852891
317 -4.070167229809294
318 -4.079421684136603
319 -4.09476855801913
320 -4.104405745676419
321 -4.107205518804755
322 -4.113763716981425
323 -4.122157227734707
324 -4.128564839359183
325 -4.125731766044014
326 -4.119762535139722
327 -4.126590413054812
328 -4.133620292138495
329 -4.130843825011686
330 -4.127527973367024
331 -4.127815392133054
332 -4.132147717391342
333 -4.139846673939824
334 -4.142167162192906
335 -4.141174831119164
336 -4.146271786499055
337 -4.150383412762985
338 -4.151204050627443
339 -4.151860458376796
340 -4.153600319080353
341 -4.158173353882825
342 -4.15725099794214
343 -4.153104272589909
344 -4.156211957646553
345 -4.157494141358659
346 -4.157430792781424
347 -4.155792051708589
348 -4.151867099981924
349 -4.1501808131488875
350 -4.149078799678025
351 -4.152495871737156
352 -4.1532658307398265
353 -4.1543011394883225
354 -4.1613562206937935
355 -4.161115749242462
356 -4.160518345028443
357 -4.16358199282843
358 -4.162079009338219
359 -4.157863130341982
360 -4.1531711146213794
361 -4.149407721044632
362 -4.144172113073384
363 -4.142207345642675
364 -4.148573576926371
365 -4.157144210553752
366 -4.156714169556422
367 -4.152337208595971
368 -4.152005853357029
369 -4.152346983302685
370 -4.157108974156344
371 -4.157819331178176
372 -4.158371486195222
373 -4.159918882344048
374 -4.162394662543876
375 -4.162574695476012
376 -4.161510315749532
377 -4.160493243690402
378 -4.162445103312811
379 -4.162811795732907
380 -4.156385724375519
381 -4.150922775804784
382 -4.148522775804783
383 -4.153430298947782
384 -4.1599606230374775
385 -4.160553459166051
386 -4.165302419951611
387 -4.171444458786712
388 -4.177945949991275
389 -4.18383447225764
390 -4.192360347923057
391 -4.204747451335948
392 -4.21500318995466
393 -4.2349537304262626
394 -4.246673844943339
395 -4.266310567636113
396 -4.2915760198316395
397 -4.310880926149072
398 -4.328022334277896
399 -4.3517781613780855
400 -4.3713716833525575
401 -4.378370934214595
402 -4.388462766545498
403 -4.398544723385939
404 -4.409277557527174
405 -4.421170409786133
406 -4.413291197261967
407 -4.402346126109028
408 -4.394740187561267
409 -4.385800809470162
410 -4.375292189253575
411 -4.356179869750673
412 -4.320899901191682
413 -4.267516977575137
414 -4.208640321242844
415 -4.145083980028797
416 -4.083476350286269
417 -4.01818086907397
418 -3.9423981310092886
419 -3.8599614897527235
420 -3.772521423828053
421 -3.6816793128163585
422 -3.5636411525671843
423 -3.4324606366122192
424 -3.3138249033721623
425 -3.205846371374321
426 -3.1274924227128076
427 -3.0887201817260985
428 -3.0504178363015932
429 -3.0026125186080677
430 -2.9658974531229356
431 -2.9087829003488683
432 -2.8416388383990046
433 -2.766403179612459
434 -2.687293247961036
435 -2.6134429144623352
436 -2.550267886643713
437 -2.5196113786068213
438 -2.5033532641171865
439 -2.496306128618347
440 -2.486233571082662
441 -2.470058950167402
442 -2.475063702608874
443 -2.5021156024700026
444 -2.5547717678021784
445 -2.623882655653127
446 -2.709378224265821
447 -2.8037770122994137
448 -2.9237365047330997
449 -3.0725350567762626
450 -3.241695052802245
451 -3.4088716693061945
452 -3.5454144082173924
453 -3.6617433545989173
454 -3.7530554269238485
455 -3.8240287442077205
456 -3.8831166572775078
457 -3.9365651188240207
458 -3.992196735183065
459 -4.039643483562547
460 -4.075796451916203
461 -4.11009422446082
462 -4.148410427869224
463 -4.169319452356894
464 -4.184357678556502
465 -4.204573345730382
466 -4.223819608865135
467 -4.23472545893142
468 -4.235069721978659
469 -4.2276307712456305
470 -4.206196045893333
471 -4.1858774387112065
472 -4.164662651557646
473 -4.135819881877132
474 -4.11695274278507
475 -4.110736496043107
476 -4.107152781472592
477 -4.100691956330249
478 -4.092750454810752
479 -4.083618489905118
480 -4.076662454810686
481 -4.070881080285363
482 -4.063075336348492
483 -4.056125329364379
484 -4.048016840030151
485 -4.040871473482575
486 -4.031218122655601
487 -4.026724599600048
488 -4.02938390618625
489 -4.0303789092251785
490 -4.029137629668147
491 -4.025095157048223
492 -4.028925868842147
493 -4.035598216717637
494 -4.0385058733416255
495 -4.045032688927777
496 -4.045733884737706
497 -4.046473175428415
498 -4.040924448907591
499 -4.039133686298699
500 -4.048301348738141
501 -4.050463909604648
502 -4.051369849233491
503 -4.047471073476075
504 -4.036403289857915
505 -4.024889662425392
506 -4.025382813907104
507 -4.033643822439147
508 -4.037138870477588
509 -4.039608247165141
510 -4.035986278928684
511 -4.030984039667239
512 -4.031152239422286
513 -4.030568341462072
514 -4.026332928101711
515 -4.028600440929776
516 -4.033069222999941
517 -4.031303799821944
518 -4.0305230922650965
519 -4.031135600066897
520 -4.038630020790706
521 -4.036144465884165
522 -4.02669251778028
523 -4.026902082826798
524 -4.021142929680087
525 -4.01573331688702
526 -4.013428033005467
527 -4.017504307038937
528 -4.025797058514149
529 -4.027543783866382
530 -4.01639625040845
531 -4.0058587908799845
532 -4.005471327114442
533 -4.006349407705615
534 -4.007735230655218
535 -4.008123530959117
536 -4.009415113975978
537 -4.009648720778634
538 -4.009869657865845
539 -4.011031648719504
540 -4.010870689015091
541 -4.010040514536772
542 -4.004580836376728
543 -3.999086282171928
544 -3.997261480056639
545 -3.998306548462544
546 -3.999771660115518
547 -4.002955125371993
548 -3.9997087877239887
549 -3.9967303194285875
550 -4.0005985641831465
551 -4.007536622157117
552 -4.007979094777041
553 -3.997586792135957
554 -3.9859722831655637
555 -3.9839516453011066
556 -3.990552081832965
557 -3.994369647725737
558 -3.9914258173822383
559 -3.9898377551711905
560 -3.989007580692871
561 -3.984987674754908
562 -3.983677855048681
563 -3.9783633337760183
564 -3.9736733765257917
565 -3.977738055475024
566 -3.9808207765027332
567 -3.9764242661288547
568 -3.972094612835754
569 -3.9773908974190504
570 -3.9788684406946193
571 -3.97852744805807
572 -3.9759576509690464
573 -3.9648767364990394
574 -3.961501029731382
575 -3.9632890346406446
576 -3.9664973631423086
577 -3.964292960798625
578 -3.9616529504836917
579 -3.960023746024719
580 -3.95955339931782
581 -3.9590326118419865
582 -3.956376798710022
583 -3.9537967657778847
584 -3.954397065000637
585 -3.9539140485782913
586 -3.9510341652575316
587 -3.9477691147344567
588 -3.9434118254472343
589 -3.9412992291639575
590 -3.9376267193748204
591 -3.940241851395258
592 -3.937917631595087
593 -3.9356783532066477
594 -3.937699827609462
595 -3.9379838751810543
596 -3.938413079640027
597 -3.9408413140796537
598 -3.940898158360864
599 -3.9411230650880165
600 -3.934693485227086
601 -3.927430136649852
602 -3.931646837135141
603 -3.929683043551895
604 -3.9229913843558286
605 -3.917083428509088
606 -3.912779474999533
607 -3.914071418369046
608 -3.913234977687556
609 -3.9077684198295306
610 -3.901797490807515
611 -3.8986784337101783
612 -3.8907931780263882
613 -3.8875094296775488
614 -3.889066823576636
615 -3.886596610350726
616 -3.891958063888781
617 -3.899297329974949
618 -3.9003297286654073
619 -3.892564528530957
620 -3.8846866136815468
621 -3.8767704515929435
622 -3.8694667973061403
623 -3.8688010759864726
624 -3.8634642476007546
625 -3.861121553018365
626 -3.8588329084921993
627 -3.85231755068118
628 -3.8552409950728936
629 -3.8657698918349603
630 -3.86984724049964
631 -3.8578153602473644
632 -3.8454962993219124
633 -3.847672827578621
634 -3.8536926365609556
635 -3.851721825970621
636 -3.8393300171631797
637 -3.833447999192838
638 -3.8287819213486336
639 -3.820419677352816
640 -3.815351792950908
641 -3.8135180526672623
642 -3.806886370853993
643 -3.802588445454756
644 -3.8035145329425295
645 -3.800189642345765
646 -3.7935106528651454
647 -3.7890046981869974
648 -3.7880008942888184
649 -3.7870884353146477
650 -3.7835581723548524
651 -3.777059814251874
652 -3.7678491741376767
653 -3.758707910711033
654 -3.751482556230833
655 -3.750169502639274
656 -3.7527823380964844
657 -3.741865040246772
658 -3.733243489664752
659 -3.738493440428161
660 -3.7388694313692663
661 -3.7305696994123263
662 -3.72763357025586
663 -3.7231852963972805
664 -3.714147809517238
665 -3.7038852212991555
666 -3.6970714480833733
667 -3.692998191318436
668 -3.6884194887582984
669 -3.6868504847256687
670 -3.68093289148132
671 -3.6745258783023504
672 -3.6685995849824975
673 -3.6592593527050985
674 -3.6489587553406753
675 -3.6422363270489018
676 -3.6390347473628615
677 -3.6336227372228196
678 -3.6264111270892765
679 -3.6137925761278518
680 -3.603706649647468
681 -3.603344885665471
682 -3.598078270505663
683 -3.5878179788508078
684 -3.5833275888968408
685 -3.585706118322142
686 -3.5867613217874137
687 -3.578478229185862
688 -3.567211476716948
689 -3.5600252060142985
690 -3.553558590854489
691 -3.5498260886332496
692 -3.54658964795176
693 -3.5455667708258574
694 -3.5415655627136595
695 -3.539374428530927
696 -3.537701409858842
697 -3.5284456578567776
698 -3.5226829811572182
699 -3.516330991881935
700 -3.5054749690897755
701 -3.4911192293899815
702 -3.4883724316866607
703 -3.4929680331710924
704 -3.4916762120613796
705 -3.4869671815834304
706 -3.485164585797449
707 -3.4863429779136457
708 -3.481189315561649
709 -3.4776275477515357
710 -3.472989105901454
711 -3.468584032761176
712 -3.467415998747893
713 -3.464258471367817
714 -3.461069439137424
715 -3.457260558270851
716 -3.4559973470027225
717 -3.4624279864455567
718 -3.454723001786755
719 -3.442653112388139
720 -3.442006342036394
721 -3.448407449364846
722 -3.456708525513605
723 -3.4612744575745498
724 -3.462193543104543
725 -3.454750637780877
726 -3.4491269675985814
727 -3.4475291306808202
728 -3.4492247160348652
729 -3.4575020035696458
730 -3.457816820236944
731 -3.4573672448754924
732 -3.4691120452383375
733 -3.472317493780573
734 -3.4688363373895985
735 -3.4687034898650118
736 -3.4776628999819956
737 -3.485392387533334
738 -3.489313384669363
739 -3.501117426660394
740 -3.5046754629234167
741 -3.5099107105420138
742 -3.5179571640230707
743 -3.5183604456549493
744 -3.5278961382795586
745 -3.541809182315882
746 -3.5583425499446046
747 -3.5705716037111204
748 -3.581212595266589
749 -3.5925359324478094
750 -3.601856868453938
751 -3.6141812367844035
752 -3.6253027101061366
753 -3.633237209667853
754 -3.6422896628265695
755 -3.6554419090721266
756 -3.666269560115555
757 -3.6708854503329813
758 -3.6812955927854207
759 -3.695153988320014
760 -3.7183669438748614
761 -3.7320460057065703
762 -3.7307117231981226
763 -3.7356696656340027
764 -3.7433400273902064
765 -3.751005943320764
766 -3.7649981237020484
767 -3.7745595311595084
768 -3.777605342713097
769 -3.786592626917055
770 -3.7968490497157146
771 -3.801540243947265
772 -3.814837271678245
773 -3.8276099176954075
774 -3.8392234678676433
775 -3.8511375676577537
776 -3.855481603833331
777 -3.8637292219446233
778 -3.8749584414529012
779 -3.8807871236455753
780 -3.8860442021915222
781 -3.889984971784526
782 -3.8958109820120135
783 -3.8995590489574328
784 -3.9033511531595115
785 -3.908431707276865
786 -3.914800473216642
787 -3.9219115621649685
788 -3.9259474082290695
789 -3.9236959363108883
790 -3.918084099305682
791 -3.91843173354736
792 -3.926253640653916
793 -3.9321169607984934
794 -3.9422242420205236
795 -3.9487892191114264
796 -3.9542680712829408
797 -3.951962188955882
798 -3.951813538614263
799 -3.960381139923805
800 -3.9633674717563547
801 -3.968931164555854
802 -3.9732961700794154
803 -3.9665094344122505
804 -3.9606735272182494
805 -3.9648204906633335
806 -3.9678739026202066
807 -3.971056293245472
808 -3.9738007943855647
809 -3.9740562321155717
810 -3.971090570844722
811 -3.9749376839011825
812 -3.9734789757604845
813 -3.967130981166154
814 -3.9706710037833575
815 -3.976080378483572
816 -3.981214628731247
817 -3.980952787488963
818 -3.974350054393877
819 -3.9667460520566924
820 -3.965713653366234
821 -3.9738702869061697
822 -3.9836265777413886
823 -3.9954358478297416
824 -4.006274232378039
825 -4.000126043172819
826 -3.984304593374546
827 -3.97923429014961
828 -3.9839559752937013
829 -3.9837721100307277
830 -3.9887584091660346
831 -3.9897397686420533
832 -3.9896728258268346
833 -3.9988191184753252
834 -3.9913697088556366
835 -3.9796633787755313
836 -3.9750098333376678
837 -3.969237772382659
838 -3.9692221926091733
839 -3.9666897054372394
840 -3.9657137756260346
841 -3.968609461763827
842 -3.9724866446867435
843 -3.980775289212908
844 -3.987277754264934
845 -3.9871860339389675
846 -3.9771593641360754
847 -3.977611474153608
848 -3.981151634079917
849 -3.9831753042622133
850 -3.9877603952853216
851 -3.9844130753157017
852 -3.9821808996687897
853 -3.976658111024364
854 -3.9715991647908138
855 -3.9742647375801865
856 -3.9742144341203574
857 -3.973949084374531
858 -3.9706900770110805
859 -3.971068840701118
860 -3.976254007903432
861 -3.9806779161785806
862 -3.9836269380940412
863 -3.982878586975175
864 -3.9827301596771023
865 -3.9806142072486943
866 -3.982594539403583
867 -3.983406239099684
868 -3.9789691999726897
869 -3.9795155499229637
870 -3.978148562108232
871 -3.9786382050864004
872 -3.974924415740231
873 -3.972275244213395
874 -3.9739933597240418
875 -3.9712552771455307
876 -3.976102447503775
877 -3.978451545598441
878 -3.982944830561142
879 -3.9881235942511792
880 -3.9867053291291565
881 -3.9886823908733535
882 -3.986307730304248
883 -3.983869721157907
884 -3.9854648861104818
885 -3.982995509422929
886 -3.981425906944795
887 -3.9798851524010974
888 -3.979430608511231
889 -3.978037905863648
890 -3.9766547398299257
891 -3.977176363844117
892 -3.974653037884086
893 -3.971314641033517
894 -3.9749627852392235
895 -3.97398455886479
896 -3.964491331203874
897 -3.960569512578794
898 -3.9658626640605052
899 -3.9678200906568346
900 -3.9705481754850847
901 -3.9707946900960405
902 -3.9689468451130865
903 -3.9703139702369237
904 -3.9744388646618054
905 -3.972620090656834
906 -3.9631208348855984
907 -3.960939100007622
908 -3.962468396776187
909 -3.962265919421891
910 -3.959041550010343
911 -3.9609650378840207
912 -3.96032070140461
913 -3.9622244168213125
914 -3.967463157894147
915 -3.9703492066343316
916 -3.9711200021753585
917 -3.965780379564654
918 -3.9583181629204125
919 -3.9577438015740585
920 -3.9620420873259476
921 -3.9625090628384085
922 -3.9617823045540406
923 -3.9629287306835197
924 -3.963914435201439
925 -3.962761605559683
926 -3.959903330122726
927 -3.9647131048294404
928 -3.9690136871445585
929 -3.9702667998786794
930 -3.9759352065468856
931 -3.9726636667770943
932 -3.9703934819838422
933 -3.964596182381686
934 -3.958053188576544
935 -3.958347233898397
936 -3.9585463400582555
937 -3.9614322514893336
938 -3.9638409515648387
939 -3.9692690240908184
940 -3.9746632952032526
941 -3.968435954603766
942 -3.9583714986980807
943 -3.955799182002282
944 -3.957308792048314
945 -3.953710987827795
946 -3.9612396711015507
947 -3.9618688182587403
948 -3.95335175850188
949 -3.946925549835387
950 -3.9469319533476632
951 -3.9551238232850063
952 -3.9592034685129134
953 -3.9555268517747275
954 -3.9564810514423296
955 -3.9576179409579475
956 -3.9560067350954875
957 -3.9611958719377443
958 -3.95977806795212
959 -3.952059577039515
960 -3.9547918696005593
961 -3.956361472078694
962 -3.957626641033452
963 -3.964125597581935
964 -3.9691658459897203
965 -3.9664967646968035
966 -3.9646869288601896
967 -3.9692063897921406
968 -3.9716819318991177
969 -3.9694237175920613
970 -3.9681645767476215
971 -3.9614040170497073
972 -3.954266752132131
973 -3.957535534202296
974 -3.9647388046129866
975 -3.9657770083702166
976 -3.9661589051618393
977 -3.9661211341083513
978 -3.9649560101531067
979 -3.965834191528026
980 -3.964074796460347
981 -3.965909135189498
982 -3.9729452804763516
983 -3.9734375954197065
984 -3.970130804203202
985 -3.96933574386249
986 -3.967397152401032
987 -3.9626253868406587
988 -3.9633457416127507
989 -3.9646750956831
990 -3.9653472054657386
991 -3.9697811114911477
992 -3.9684993031810003
993 -3.9636989277790424
994 -3.961141339269067
995 -3.964258560939574
996 -3.9648802299532777
997 -3.9665881096208118
998 -3.9699202402682108
999 -3.968710941747201
1000 -3.9635309661168487
1001 -3.96591867180336
1002 -3.9743543843864715
1003 -3.9682241937777656
1004 -3.9641024324544696
1005 -3.969809223670974
1006 -3.974827164965704
1007 -3.976017628351843
1008 -3.9703931216311896
1009 -3.966991852389091
1010 -3.9722663060450376
1011 -3.974650503228005
1012 -3.97075294940261
1013 -3.971956320597048
1014 -3.9747163864613198
1015 -3.976903911356763
1016 -3.981798764784315
1017 -3.983624641530813
1018 -3.9754861073711383
1019 -3.970348485929026
1020 -3.9748117010252706
1021 -3.971754456737561
1022 -3.971017923746479
1023 -3.9754838108079102
1024 -3.976746921292292
1025 -3.973518805284349
1026 -3.972809061757328
1027 -3.9727150448681323
1028 -3.9637936589467944
1029 -3.9650186229757303
1030 -3.9717293553995194
1031 -3.980030669641131
1032 -3.983778498493699
1033 -3.9854770796402237
1034 -3.9841699318991832
1035 -3.9820357427814086
1036 -3.9764749449906422
1037 -3.9711192814700533
1038 -3.9713566198197996
1039 -3.9710536363295907
1040 -3.9699607840706315
1041 -3.9701186106734596
1042 -3.9715773188141577
1043 -3.97395838289554
1044 -3.974650265135153
1045 -3.969582020380593
1046 -3.964532473451799
1047 -3.9643084032630043
1048 -3.9687740522315824
1049 -3.97026123290476
1050 -3.9676552620962258
1051 -3.970339547760669
1052 -3.975329117306667
1053 -3.976222402269368
1054 -3.977781854638831
1055 -3.97792738692817
1056 -3.9794721111118094
1057 -3.973620401100775
1058 -3.9701053425125084
1059 -3.9742235953322615
1060 -3.976257876759628
1061 -3.973576348794811
1062 -3.9656435624001247
1063 -3.9691717518402383
1064 -3.969257068653929
1065 -3.9676267895637465
1066 -3.9719722456738795
1067 -3.9717925881437015
1068 -3.968764277524869
1069 -3.9623949131395872
1070 -3.959515029818827
1071 -3.962288363844051
1072 -3.9623292679991247
1073 -3.959590810018656
1074 -3.9634373246296115
1075 -3.9679968531782794
1076 -3.9718455635687175
1077 -3.9792382662162997
1078 -3.9786981824691967
1079 -3.9755114468020323
1080 -3.975407432162577
1081 -3.977580228872196
1082 -3.9785308192525073
1083 -3.975951024413223
1084 -3.9723477540025325
1085 -3.9714853754446446
1086 -3.9773057179144664
1087 -3.9809434889679536
1088 -3.976872543815551
1089 -3.9764020597995464
1090 -3.974971961500433
1091 -3.9755500543938767
1092 -3.973099613624942
1093 -3.970989927399704
1094 -3.9736235342023614
1095 -3.9777884962439596
1096 -3.9816440712830716
1097 -3.9814358039113085
1098 -3.9762508748018472
1099 -3.97104663437181
1100 -3.969634995805609
1101 -3.9745966912646327
1102 -3.9738549667015888
1103 -3.9643335046010453
1104 -3.960181212274894
1105 -3.9632290572578484
1106 -3.966102436282586
1107 -3.9690232237584193
1108 -3.969768081423048
1109 -3.9705446820308468
1110 -3.9753700214617407
1111 -3.9760394743284984
1112 -3.9766201018780234
1113 -3.9773898227878415
1114 -3.9818967513134513
1115 -3.9851155537510796
1116 -3.970215998757092
1117 -3.964847528211951
1118 -3.9710443378085816
1119 -3.9749947662752456
1120 -3.9756065232731306
1121 -3.972887376613237
1122 -3.9772330708162227
1123 -3.977684481604504
1124 -3.977096614004346
1125 -3.980282974269553
1126 -3.97878639429162
1127 -3.9761881246701183
1128 -3.9669673494965543
1129 -3.9593821822942408
1130 -3.963257529790327
1131 -3.966310941747201
1132 -3.9697396088905696
1133 -3.973986855428019
1134 -3.9758214322500214
1135 -3.976304448672367
1136 -3.9768634833873935
1137 -3.9790955217252
1138 -3.98413156240019
1139 -3.994018880382473
1140 -3.996308599539847
1141 -3.987649515997191
1142 -3.978312056468726
1143 -3.975732860074946
1144 -3.976159529877838
1145 -3.97597925885285
1146 -3.9746750061205423
1147 -3.9740657687294334
1148 -3.97118299039994
1149 -3.9683093732823504
1150 -3.9658967035669033
1151 -3.968072633378108
1152 -3.970469500276523
1153 -3.9696733653046024
1154 -3.969584915389327
1155 -3.969294839707416
1156 -3.9680348623246195
1157 -3.9663008066878356
1158 -3.9704438004929767
1159 -3.9771510244132235
1160 -3.9807188203336548
1161 -3.9827521279135585
1162 -3.984353336025757
1163 -3.984851917172283
1164 -3.98544535174636
1165 -3.9898539183408754
1166 -3.9884802889210142
1167 -3.9841039264060685
1168 -3.978445380179017
1169 -3.972643872844067
1170 -3.9779434278380545
1171 -3.9834068375451883
1172 -3.9772735138348967
1173 -3.976859736790998
1174 -3.9767434278380542
1175 -3.9788055683030894
1176 -3.9778014040522587
1177 -3.976007132939825
1178 -3.9787133868407247
1179 -3.9844452793952705
1180 -3.98342820733614
1181 -3.9785711249620763
1182 -3.976358022542888
1183 -3.9741642314442744
1184 -3.970459841402861
1185 -3.968071674579952
1186 -3.978116819165062
1187 -3.988183931986629
1188 -3.9875111229747384
1189 -3.981887077390484
1190 -3.970828607342639
1191 -3.9708921789634197
1192 -3.9733585598584926
1193 -3.977356158683401
1194 -3.98005914217361
1195 -3.9774344735393097
1196 -3.979837606640896
1197 -3.982307358730406
1198 -3.9825565302572423
1199 -3.9814890174291766
1200 -3.9812018367559996
1201 -3.9806050309874847
1202 -3.97743193888323
1203 -3.973731280388906
1204 -3.965176586887664
1205 -3.965457962494069
1206 -3.9675518459022747
1207 -3.967858099803175
1208 -3.9690957335475576
1209 -3.966531042296054
1210 -3.972164948321463
1211 -3.9745053463406244
1212 -3.970389988529604
1213 -3.9694045221045378
1214 -3.9729164475912206
1215 -3.9764344011882216
1216 -3.9744287296024394
1217 -3.972031862704024
1218 -3.9725563817269482
1219 -3.970984259642038
1220 -3.9693293403502135
1221 -3.964930072276708
1222 -3.968764277524869
1223 -3.96921941986024
1224 -3.961933864953698
1225 -3.9582709775128637
1226 -3.954548625400294
1227 -3.951530449840828
1228 -3.9431969164703427
1229 -3.9351667419920235
1230 -3.9359726366213525
1231 -3.9334716542997357
1232 -3.9341442252187733
1233 -3.9326599395543296
1234 -3.9297484505995053
1235 -3.928950242107903
1236 -3.918975209964955
1237 -3.9082009954829418
1238 -3.897474702163089
1239 -3.8911627654552166
1240 -3.883796361036685
1241 -3.874709031833213
1242 -3.859914911413236
1243 -3.8460342238148923
1244 -3.838611436251548
1245 -3.824944582998887
1246 -3.820164102313703
1247 -3.81614792792283
1248 -3.811338513568768
1249 -3.808112070637539
1250 -3.799346199706495
1251 -3.7895096828457984
1252 -3.786049633111913
1253 -3.780937711453347
1254 -3.775041949136349
1255 -3.7705708705029566
1256 -3.769844948756946
1257 -3.769112162362259
1258 -3.7725283978830326
1259 -3.7799237724958017
1260 -3.7886262948496126
1261 -3.7938993135216967
1262 -3.797470480636566
1263 -3.7995798065091506
1264 -3.80167646266629
1265 -3.8051180376179574
1266 -3.809829126566283
1267 -3.816110041036289
1268 -3.8161322473655974
1269 -3.8107575106172855
1270 -3.8036559582828215
1271 -3.7995293657402165
1272 -3.7945908354086577
1273 -3.7897692275248547
1274 -3.786141216128774
1275 -3.780851320008448
1276 -3.7804922279916378
1277 -3.7792777228493617
1278 -3.7634057314984064
1279 -3.7562724362207724
1280 -3.760833637846154
1281 -3.7616221938908434
1282 -3.7646029587494736
1283 -3.769198062572148
1284 -3.764640607543162
1285 -3.767709923100814
1286 -3.77497907674482
1287 -3.782197090390639
1288 -3.794610131679928
1289 -3.799630009185234
1290 -3.8059454393473433
1291 -3.812494937448508
1292 -3.8095508840614625
1293 -3.814496279041695
1294 -3.8185070237677556
1295 -3.817615574231884
1296 -3.822835242076996
1297 -3.826963284652768
1298 -3.8289584457772268
1299 -3.8265889918293876
1300 -3.8385541308339377
1301 -3.8514218533221976
1302 -3.858131150762126
1303 -3.8682451743730315
1304 -3.871209791111283
1305 -3.8815033714686193
1306 -3.8909197593478044
1307 -3.9004495461218953
1308 -3.9011852425746203
1309 -3.8972794648594253
1310 -3.8912417945896838
1311 -3.8890338987917614
1312 -3.902365924827297
1313 -3.918022323021415
1314 -3.9293007713583137
1315 -3.932823571223929
1316 -3.9431842467548956
1317 -3.9537186890148273
1318 -3.960412046328618
1319 -3.9703424427694025
1320 -3.9823451297838943
1321 -3.9927842424305706
1322 -3.996266736586617
1323 -4.001059734628836
1324 -4.003547961500565
1325 -4.009611310077799
1326 -4.009077254441014
1327 -4.006206309288611
1328 -4.010381745266174
1329 -4.009828991803623
1330 -4.009805948935958
1331 -4.016447167363089
1332 -4.023403800903025
1333 -4.025253105910851
1334 -4.029721051442658
1335 -4.035178433039474
1336 -4.030902952062398
1337 -4.020277042618656
1338 -4.011956655149321
1339 -4.010456804760698
1340 -4.016876609914914
1341 -4.025121455277273
1342 -4.029083579611922
1343 -4.031293787022378
1344 -4.034660418312573
1345 -4.031319364546124
1346 -4.02869491895537
1347 -4.028180773084665
1348 -4.028796875124449
1349 -4.025629212685009
1350 -4.02608688967646
1351 -4.031338300464741
1352 -4.035799979793377
1353 -4.039542003579173
1354 -4.0372084852579935
1355 -4.032392545131855
1356 -4.030996947475539
1357 -4.034253059830257
1358 -4.035749777117295
1359 -4.035269295351029
1360 -4.037015422257756
1361 -4.041013259175518
1362 -4.043826660817459
1363 -4.0439433451723605
1364 -4.0421594472121445
1365 -4.037678831964891
1366 -4.032089799734499
1367 -4.029048581307367
1368 -4.028644853588393
1369 -4.032317961823036
1370 -4.025834346955185
1371 -4.024643508167088
1372 -4.028979803065319
1373 -4.030287326208318
1374 -4.02917853382322
1375 -4.02513292810171
1376 -4.029592173558013
1377 -4.03327459536297
1378 -4.031805275977202
1379 -4.032323168444302
1380 -4.036993814373954
1381 -4.036630392364549
1382 -4.039061997998613
1383 -4.038565951508168
1384 -4.039474801195049
1385 -4.04652361619735
1386 -4.048096351777069
1387 -4.044398004895279
1388 -4.045834622539721
1389 -4.055733651439294
1390 -4.074038860807597
1391 -4.0965842997062625
1392 -4.112254467288046
1393 -4.1334016516145144
1394 -4.149815079526949
1395 -4.159744654478683
1396 -4.177715476290205
1397 -4.193197387050052
1398 -4.208567566934106
1399 -4.231886711431837
1400 -4.2562132905910905
1401 -4.274849717889229
1402 -4.283817092327107
1403 -4.283607628064335
1404 -4.286131192117218
1405 -4.288509584233413
1406 -4.279351818760486
1407 -4.271653921793907
1408 -4.257911511384964
1409 -4.243171462497266
1410 -4.231445680222523
1411 -4.201393618447747
1412 -4.161190461237829
1413 -4.118662784568519
1414 -4.053567625021351
1415 -3.985709489551872
1416 -3.9285235723050103
1417 -3.8655075744069727
1418 -3.7959737697762757
1419 -3.7146772884460186
1420 -3.622870634713116
1421 -3.524073616711868
1422 -3.398068169425209
1423 -3.277508695169317
1424 -3.1605455044156403
1425 -3.0543210851214746
1426 -2.9875900608959425
1427 -2.942542933549545
1428 -2.886896144286731
1429 -2.842029926501142
1430 -2.8046875242446405
1431 -2.735060032482581
1432 -2.6688010165563134
1433 -2.5951075623466324
1434 -2.512172110473247
1435 -2.4401434459882507
1436 -2.3858650781548816
1437 -2.35419149805886
1438 -2.3301522583579426
1439 -2.3231999397612966
1440 -2.3166511559386884
1441 -2.3184025902504293
1442 -2.3392585020039784
1443 -2.381138546742177
1444 -2.4405398228811395
1445 -2.507973239807608
1446 -2.5942639845940656
1447 -2.7002169438626025
1448 -2.8357657393167757
1449 -2.996033044997446
1450 -3.1677977998916482
1451 -3.3235876234266493
1452 -3.451053146717688
1453 -3.552673167233127
1454 -3.6373095204881287
1455 -3.717738279330124
1456 -3.7790265243199057
1457 -3.8339143826865416
1458 -3.8886878282204926
1459 -3.9283186976037383
1460 -3.958346043434135
1461 -3.990658515295449
1462 -4.021411519737994
1463 -4.040451091358905
1464 -4.057273813964235
1465 -4.077287379185775
1466 -4.095567234073879
1467 -4.099514169086305
1468 -4.094654890932761
1469 -4.077359290529409
1470 -4.063279634080312
1471 -4.058618109272249
1472 -4.035885534699919
1473 -4.013689636154898
1474 -3.999620453641765
1475 -3.9895789247706928
1476 -3.9840779885296698
1477 -3.983611733722513
1478 -3.9738264941691104
1479 -3.955883647228309
1480 -3.9422174932048994
1481 -3.9376873959868677
1482 -3.9308826831992425
1483 -3.9231112018123167
1484 -3.9161649414245994
1485 -3.9092278422487863
1486 -3.8997669559765438
1487 -3.8972413334532847
1488 -3.897791191907102
1489 -3.8963662851799494
1490 -3.9018037570106854
1491 -3.9085205175447935
1492 -3.9116591090062514
1493 -3.9109072493838424
1494 -3.908728424563904
1495 -3.9097612994400666
1496 -3.910269179107602
1497 -3.912918726036396
1498 -3.917109726738139
1499 -3.9107868334818496
1500 -3.909444809696054
1501 -3.914258315949858
1502 -3.9099474977916273
1503 -3.9085135155870128
1504 -3.9083498989667182
1505 -3.9095936981305255
1506 -3.9099884019467006
1507 -3.913136991158419
1508 -3.9098872823159785
1509 -3.9083652255980454
1510 -3.9087194863955474
1511 -3.905065912525027
1512 -3.903796398528369
1513 -3.9045478977981265
1514 -3.910493249296396
1515 -3.91856398905319
1516 -3.9245744995145144
1517 -3.915209028589968
1518 -3.8889922803581314
1519 -3.8800159462758423
1520 -3.8818865960336093
1521 -3.8838340098303727
1522 -3.890288315627387
1523 -3.8931523961311147
1524 -3.8910269070888455
1525 -3.8891928064525474
1526 -3.885482388300815
1527 -3.8837607642866243
1528 -3.89104294799873
1529 -3.8972798252120775
1530 -3.8955204301443986
1531 -3.8920214124660153
1532 -3.890679388680219
1533 -3.8927196982179044
1534 -3.8945102227339428
1535 -3.8894608131142543
1536 -3.885589658301656
1537 -3.8784411737018
1538 -3.8738150261652065
1539 -3.8704610645904585
1540 -3.876284302069013
1541 -3.8822244619953215
1542 -3.8793817512825446
1543 -3.876962916147675
1544 -3.876770451592944
1545 -3.8770637976855444
1546 -3.881194720220744
1547 -3.8793728131141885
1548 -3.8706792289287346
1549 -3.8670954928821666
1550 -3.8644936290226792
1551 -3.867793540541203
1552 -3.870253517924
1553 -3.8692364458648694
1554 -3.8676386089471086
1555 -3.8646642476007544
1556 -3.862454040190299
1557 -3.858099645911809
1558 -3.8546923335100858
1559 -3.8512320607326536
1560 -3.8487536085676384
1561 -3.8417143301791996
1562 -3.842589140359682
1563 -3.848100095827018
1564 -3.8474808606856485
1565 -3.8465140920863474
1566 -3.845582574933759
1567 -3.8487375676577544
1568 -3.8485417319085857
1569 -3.844657446244142
1570 -3.8421222871070206
1571 -3.836230271386419
1572 -3.8304767709480685
1573 -3.827363280824652
1574 -3.827868863928958
1575 -3.8284564934362635
1576 -3.8248089476760616
1577 -3.822203813405883
1578 -3.8230408525328783
1579 -3.8233471064337787
1580 -3.825917602752053
1581 -3.8267002314701704
1582 -3.828572341252809
1583 -3.833913038494723
1584 -3.831178550154196
1585 -3.821956938442275
1586 -3.8213632657753456
1587 -3.8262495564364993
1588 -3.826309756862843
1589 -3.8141515548580562
1590 -3.8078143945523433
1591 -3.806264701840289
1592 -3.803416323369847
1593 -3.8037132637004314
1594 -3.7999018632270833
1595 -3.798007070929432
1596 -3.7960213091097295
1597 -3.793823771414721
1598 -3.788559690910992
1599 -3.7856829406918173
1600 -3.7864506031312595
1601 -3.787647470029674
1602 -3.7879882245733714
1603 -3.7884047593168972
1604 -3.7907227129138987
1605 -3.7914903753533404
1606 -3.787505208151026
1607 -3.782244260748883
1608 -3.7803941192027
1609 -3.781136442211248
1610 -3.7811108646875025
1611 -3.7807952114818466
1612 -3.7798356829331787
1613 -3.7733209235676632
1614 -3.7685937937094534
1615 -3.766703346453702
1616 -3.760504838739347
1617 -3.751334266241867
1618 -3.748770634572267
1619 -3.748806109062527
1620 -3.7459953643364665
1621 -3.7421646525425434
1622 -3.7423328522975896
1623 -3.7405014085771726
1624 -3.73482925531257
1625 -3.737346776205829
1626 -3.7376852341862983
1627 -3.7306615205220393
1628 -3.728596469998966
1629 -3.728629049480492
1630 -3.7255089177519465
1631 -3.7192626412338425
1632 -3.7191937256826897
1633 -3.7163484803138322
1634 -3.714276925494736
1635 -3.712338932478781
1636 -3.702332157392664
1637 -3.690964285293027
1638 -3.6843365731196993
1639 -3.6817917765849706
1640 -3.6817261314445076
1641 -3.6776554093356517
1642 -3.6718510069919676
1643 -3.6756125651418854
1644 -3.6756031658371295
1645 -3.674200688482833
1646 -3.672040921841312
1647 -3.6668754263122256
1648 -3.6596416098493747
1649 -3.6460224031406616
1650 -3.638282765480652
1651 -3.6361009298189284
1652 -3.6396034409515496
1653 -3.638185997318578
1654 -3.626214454801751
1655 -3.615367968623452
1656 -3.6075350648781632
1657 -3.598279774012498
1658 -3.5891311697514725
1659 -3.591076986214259
1660 -3.5920599179832444
1661 -3.5850177295367662
1662 -3.574180181526825
1663 -3.5684906281112143
1664 -3.5642690813573106
1665 -3.5590148978200964
1666 -3.553265128928837
1667 -3.542228612068141
1668 -3.535430403576539
1669 -3.532122152335163
1670 -3.525376681175724
1671 -3.521321899193005
1672 -3.524676221120406
1673 -3.5217082632863286
1674 -3.516184861147092
1675 -3.5096542989645445
1676 -3.5101478107989084
1677 -3.5077521407915024
1678 -3.4931218901339784
1679 -3.4803926829279703
1680 -3.4756443205879144
1681 -3.4753045248423735
1682 -3.466254368246886
1683 -3.451703030890775
1684 -3.44584924736006
1685 -3.443273321376971
1686 -3.4426289698482546
1687 -3.4404525638513452
1688 -3.4422056927158535
1689 -3.4431662808464254
1690 -3.4320468810443736
1691 -3.4260983813952124
1692 -3.420564358019201
1693 -3.405750703235102
1694 -3.3963093513269813
1695 -3.393667642894325
1696 -3.3866569592981652
1697 -3.381952035769263
1698 -3.3813116538804886
1699 -3.373508581908804
1700 -3.370417759251094
1701 -3.3642699303985264
1702 -3.3565013590696386
1703 -3.3572378770114146
1704 -3.355132297735225
1705 -3.349984288091589
1706 -3.345951712438178
1707 -3.3487287780104924
1708 -3.3427258679524536
1709 -3.33015089311129
1710 -3.327764622408641
1711 -3.3237424199074486
1712 -3.3178057534353766
1713 -3.3122607584616426
1714 -3.3097847401689613
1715 -3.3142121418983472
1716 -3.318299027176889
1717 -3.3131452275157867
1718 -3.3033492544575127
1719 -3.3020363016497
1720 -3.303347556339788
1721 -3.3007295142613122
1722 -3.2971766846195565
1723 -3.297176684619556
1724 -3.3007801931231
1725 -3.3036252003991047
1726 -3.302670640378851
1727 -3.308140331338461
1728 -3.31509056136612
1729 -3.316472429725086
1730 -3.327149118814361
1731 -3.334781233331372
1732 -3.336936792240098
1733 -3.344238149963673
1734 -3.34449420118849
1735 -3.339141072323982
1736 -3.3392233568198324
1737 -3.3434392358160707
1738 -3.3496786476854994
1739 -3.3566473524953766
1740 -3.3653875236428745
1741 -3.3771242624660354
1742 -3.3918290964323794
1743 -3.4089941458743724
1744 -3.42495279180409
1745 -3.436376173984823
1746 -3.4491490580948367
1747 -3.4619884088343653
1748 -3.464722313778693
1749 -3.470702880198317
1750 -3.4735730038616697
1751 -3.479639262496942
1752 -3.487075642048532
1753 -3.489392175710977
1754 -3.5049849507096487
1755 -3.520435616188085
1756 -3.5337604172222923
1757 -3.5455160919640702
1758 -3.5540791402374707
1759 -3.568007849781721
1760 -3.581620069581958
1761 -3.595724128139846
1762 -3.615233069055237
1763 -3.6267370376140984
1764 -3.6222292875994366
1765 -3.6223869919424643
1766 -3.6326664576087886
1767 -3.6401621153139234
1768 -3.650351219895406
1769 -3.663781110200279
1770 -3.6740304302574103
1771 -3.682821042173843
1772 -3.6922153245074667
1773 -3.6986217392409326
1774 -3.7074814897520656
1775 -3.7206588373356646
1776 -3.7323581654579883
1777 -3.736092964242457
1778 -3.740304974382499
1779 -3.746699317846022
1780 -3.7542902901151076
1781 -3.761493200173147
1782 -3.76403486360629
1783 -3.7644130288508237
1784 -3.77028368982978
1785 -3.778822220161338
1786 -3.782903938908927
1787 -3.7941896272964595
1788 -3.8039567674696015
1789 -3.8055286665109644
1790 -3.805992609705587
1791 -3.805007756775331
1792 -3.806097100530747
1793 -3.805449630949751
1794 -3.809037199327156
1795 -3.8099114110621346
1796 -3.8111929963287343
1797 -3.8196845793455947
1798 -3.820868553485016
1799 -3.822532496679639
1800 -3.822181607076575
1801 -3.8243604469458194
1802 -3.833035195996401
1803 -3.8338709374486397
1804 -3.839513781642405
1805 -3.845602469650533
1806 -3.841919586709177
1807 -3.8426021704277815
1808 -3.8421354330081723
1809 -3.83724614655454
1810 -3.8423710982812054
1811 -3.8508694602123
1812 -3.8525522385417936
1813 -3.847265353263252
1814 -3.8459869161475426
1815 -3.849473126801374
1816 -3.850499036245115
1817 -3.8572729648877275
1818 -3.8544020197353235
1819 -3.851130104563574
1820 -3.8547974227807513
1821 -3.851598392800097
1822 -3.849936608859597
1823 -3.855121776061911
1824 -3.86153555310581
1825 -3.864108944432818
1826 -3.8586328650102373
1827 -3.856788989667225
1828 -3.856148384734904
1829 -3.8546609659688738
1830 -3.8540897377241046
1831 -3.8515381773244477
1832 -3.849412688282178
1833 -3.852918210256584
1834 -3.85588654349262
1835 -3.857215299117464
1836 -3.8620115675703746
1837 -3.8690661876394463
1838 -3.8746739176956053
1839 -3.8741811416158516
1840 -3.8744785581321413
1841 -3.8672439201802384
1842 -3.863545933651101
1843 -3.867900926375096
1844 -3.870717598427728
1845 -3.8729404605043243
1846 -3.8690279404002537
1847 -3.864054772116793
1848 -3.8574621740810726
1849 -3.848999286640237
1850 -3.8434984662322673
1851 -3.8462115847818423
1852 -3.847717838682742
1853 -3.848620284857347
1854 -3.85187579876656
1855 -3.8573705910642118
1856 -3.860802391309165
1857 -3.8618979155333113
1858 -3.867370724545202
1859 -3.863044341662791
1860 -3.861048667827269
1861 -3.857866277202004
1862 -3.854064037940559
1863 -3.854089377371453
1864 -3.857960755227598
1865 -3.8611086452100656
1866 -3.8647279565306407
1867 -3.8635655902750234
1868 -3.8571324161761082
1869 -3.8617785592132226
1870 -3.8611757253343897
1871 -3.8540955427908767
1872 -3.853135876933103
1873 -3.850047265104181
1874 -3.8556526985971113
1875 -3.859158220571517
1876 -3.854256264402438
1877 -3.8553173737182274
1878 -3.858428329185564
1879 -3.8570673694811504
1880 -3.854016852533009
1881 -3.8478085851612462
1882 -3.8479574735957174
1883 -3.8474588924491924
1884 -3.8451280310438927
1885 -3.8449479981117562
1886 -3.845791440751027
1887 -3.8453115574302665
1888 -3.8414401795741218
1889 -3.838645475757946
1890 -3.837442342656361
1891 -3.8407773683124917
1892 -3.842289888416563
1893 -3.8409343583769626
1894 -3.8447775017934815
1895 -3.849413647080335
1896 -3.847379741054926
1897 -3.8439720683005514
1898 -3.8438902599904043
1899 -3.8472661898016085
1900 -3.8476795914435495
1901 -3.8478880969081644
1902 -3.848181543784513
1903 -3.8479125998007015
1904 -3.854718033293633
1905 -3.8556625955636252
1906 -3.84937503948849
1907 -3.8426680536610958
1908 -3.8406223144585976
1909 -3.841522225977121
1910 -3.842819974413406
1911 -3.84480343966988
1912 -3.8413517296588457
1913 -3.838016704002715
1914 -3.8412603847348374
1915 -3.843893753444642
1916 -3.8434165420890682
1917 -3.8464766813855116
1918 -3.843025346776436
1919 -3.841228165605963
1920 -3.8382066339013647
1921 -3.8377969638065137
1922 -3.8302149297057855
1923 -3.824416793565272
1924 -3.8301042734612016
1925 -3.8356525388456277
1926 -3.84067637094157
1927 -3.8375847267948093
1928 -3.8340067958150117
1929 -3.833852102313769
1930 -3.8362144685693864
1931 -3.8395557604286883
1932 -3.8358287029215674
1933 -3.8365324183382707
1934 -3.844607842013563
1935 -3.846363505534152
1936 -3.8426960500078704
1937 -3.844098289269315
1938 -3.850367370562231
1939 -3.8467769071760927
1940 -3.8404322687268944
1941 -3.8362170032254665
1942 -3.8384220040146553
1943 -3.835671474764245
1944 -3.830953521167244
1945 -3.831850400367929
1946 -3.832696514972386
1947 -3.8399751901809474
1948 -3.84180350079978
1949 -3.840675772496065
1950 -3.837755223113083
1951 -3.8345661908826902
1952 -3.830697708035279
1953 -3.83048630756193
1954 -3.833710438880625
1955 -3.832709306947633
1956 -3.8329782509314434
1957 -3.8268678327797114
1958 -3.8223863809941
1959 -3.8280678327797117
1960 -3.8333256470802692
1961 -3.8343165431701496
1962 -3.835071413634344
1963 -3.837360158944256
1964 -3.841515123235593
1965 -3.8545861445672025
1966 -3.8552391811221183
1967 -3.8461755333221315
1968 -3.846113958605357
1969 -3.8369975734732082
1970 -3.8306308660038066
1971 -3.8343737263279594
1972 -3.8357979338258605
1973 -3.8363120796965653
1974 -3.836896215749634
1975 -3.8397760990703937
1976 -3.843066727117214
1977 -3.846933998024311
1978 -3.851284559971965
1979 -3.8639514781826416
1980 -3.8625023066558057
1981 -3.848225119904772
1982 -3.8422320853371943
1983 -3.8431199406350816
1984 -3.8504681298403014
1985 -3.854923405656663
1986 -3.8546889623156484
1987 -3.8556144513579182
1988 -3.854585546121698
1989 -3.8476386872884767
1990 -3.840495855396981
1991 -3.8352539812225612
1992 -3.838292051498802
1993 -3.8419362260645666
1994 -3.842261177791232
1995 -3.8410392095547756
1996 -3.8387494903974018
1997 -3.83870521504789
1998 -3.8425336302785853
1999 -3.839037507608935
2000 -3.8319944976734064
2001 -3.8410708151888397
2002 -3.847651955449428
2003 -3.8476666836352504
2004 -3.8479318960719717
2005 -3.8478374180463772
2006 -3.847524897942307
2007 -3.8459872765001952
2008 -3.843438611109271
2009 -3.842128330266645
2010 -3.844951729658846
2011 -3.8416579835597457
2012 -3.8412379403126766
2013 -3.8398927834252956
2014 -3.839627809081427
2015 -3.840417540541071
2016 -3.836621106346399
2017 -3.8405840672194045
2018 -3.847954938939637
2019 -3.84908496380658
2020 -3.848976604125225
2021 -3.851910436718463
2022 -3.85859652894061
2023 -3.85482482068202
2024 -3.850905197836422
2025 -3.8606079905438584
2026 -3.8541785479920336
2027 -3.840864383243906
2028 -3.840057352416999
2029 -3.8377775452754443
2030 -3.841000840055783
2031 -3.8490374180463776
2032 -3.8547400015300886
2033 -3.8560537908762575
2034 -3.8519299710825847
2035 -3.8435393703873406
2036 -3.843189079229782
2037 -3.849062995570124
2038 -3.852264459423112
2039 -3.853931673028425
2040 -3.853963278662489
2041 -3.8508431619832493
2042 -3.853050697428519
2043 -3.854727447647693
2044 -3.856668934117885
2045 -3.860357145940308
2046 -3.861014527537124
2047 -3.856268562544044
2048 -3.8448275822097644
2049 -3.8408179121149137
2050 -3.8407144959209623
2051 -3.8373507596395005
2052 -3.838421167476299
2053 -3.8415323610364873
2054 -3.839438239535429
2055 -3.8364632797435707
2056 -3.8411088243351803
2057 -3.8434325829989526
2058 -3.8480076762718003
2059 -3.853268861766795
2060 -3.8538685625440428
2061 -3.851992483121462
2062 -3.85307579876656
2063 -3.8541937523635603
2064 -3.8540232560452856
2065 -3.8523971846878977
2066 -3.848645624288241
2067 -3.8472655913561042
2068 -3.8493217037108214
2069 -3.8504301206939613
2070 -3.848396214668552
2071 -3.8484909307869977
2072 -3.8500129875049303
2073 -3.852839058862318
2074 -3.8555611155802505
2075 -3.855927209554842
2076 -3.855001720512571
2077 -3.8558863053997676
2078 -3.855602257828176
2079 -3.8523303426564266
2080 -3.8532713964228757
2081 -3.85519502160566
2082 -3.8537489831804073
2083 -3.8494160594766154
2084 -3.8492225202906756
2085 -3.8590090940441937
2086 -3.8680664756410095
2087 -3.859362518303338
2088 -3.850952844380371
2089 -3.8533507859099947
2090 -3.8556498035883786
2091 -3.8560819030560842
2092 -3.8563186429603262
2093 -3.856536685038803
2094 -3.8579227460812575
2095 -3.8584752765002617
2096 -3.861974156869539
2097 -3.8611593240718527
2098 -3.860890841224441
2099 -3.8592080628949472
2100 -3.856303078236146
2101 -3.8536094940506924
2102 -3.8526431008533493
2103 -3.8565398181403885
2104 -3.8608626067848144
2105 -3.8639222849448585
2106 -3.865254772116793
2107 -3.862877216538954
2108 -3.861374333832491
2109 -3.8587021194379894
2110 -3.864120417257255
2111 -3.8743528348251357
2112 -3.8728339112087884
2113 -3.8588563367535276
2114 -3.8551847642864936
2115 -3.8588613810246786
2116 -3.857562457173439
2117 -3.8625298203901277
2118 -3.866234073122435
2119 -3.8624342677333243
2120 -3.864980261159062
2121 -3.862817837601661
2122 -3.853409926754434
2123 -3.852557545946807
2124 -3.855299274337967
2125 -3.8548289276310688
2126 -3.8498611890124215
2127 -3.8450329545727944
2128 -3.8487818430072656
2129 -3.847831389936059
2130 -3.8478658905788565
2131 -3.847110897854862
2132 -3.848797184687898
2133 -3.854680500332996
2134 -3.8534989751152144
2135 -3.8554342961659813
2136 -3.8598080017650473
2137 -3.864471544953171
2138 -3.8687309850203633
2139 -3.870641940487699
2140 -3.8657479235985046
2141 -3.8529556209574203
2142 -3.8460968366375163
2143 -3.849075066840066
2144 -3.855896440459134
2145 -3.8561740845184493
2146 -3.8499363707667444
2147 -3.8510799018874913
2148 -3.857740416585893
2149 -3.856312376757155
2150 -3.8564889011857493
2151 -3.857424164934732
2152 -3.8563284176670405
2153 -3.855525879182842
2154 -3.857240400455506
2155 -3.863038536596019
2156 -3.8632312392436026
2157 -3.858885407731511
2158 -3.857736086593299
2159 -3.8620628448776673
2160 -3.8624255676578203
2161 -3.861380261159063
2162 -3.8619490555314973
2163 -3.8575373558353974
2164 -3.858547786289399
2165 -3.8609288503707817
2166 -3.862119689158878
2167 -3.8618859450471157
2168 -3.855869543784578
2169 -3.8616105975510284
2170 -3.8674529082573064
2171 -3.866066609121999
2172 -3.860190258909323
2173 -3.84925473941955
2174 -3.848888031950149
2175 -3.855996961644352
2176 -3.863898380497826
2177 -3.856709838272959
2178 -3.851309777143058
2179 -3.859650636298619
2180 -3.8585196891588778
2181 -3.862210658680929
2182 -3.8624002282269267
2183 -3.860909914452164
2184 -3.859710375588563
2185 -3.851231462287149
2186 -3.85009503390793
2187 -3.849634461907745
2188 -3.848800317789483
2189 -3.851408585161247
2190 -3.85414017849304
2191 -3.8555766803044307
2192 -3.8545158090814926
2193 -3.854133774980764
2194 -3.8508811711295903
2195 -3.85318028959172
2196 -3.8552640379405587
2197 -3.858958054829754
2198 -3.8675349546603055
2199 -3.868166398380723
2200 -3.8647460559109015
2201 -3.8619453239844073
2202 -3.861292049336639
2203 -3.8607966012916997
2204 -3.8585195518497724
2205 -3.8578403393256067
2206 -3.8629088221730177
2207 -3.867297854403411
2208 -3.869391139366112
2209 -3.8717591583300894
2210 -3.869110362205211
2211 -3.8675132245167014
2212 -3.855951590187578
2213 -3.8554432343343383
2214 -3.864656145970754
2215 -3.860544058570425
2216 -3.855149412056033
2217 -3.8573195518497725
2218 -3.8630514444043182
2219 -3.862697183606817
2220 -3.86211558220983
2221 -3.8644588752377245
2222 -3.8663191518432733
2223 -3.8630889773649546
2224 -3.8549766191745296
2225 -3.848058232873788
2226 -3.8472816322659886
2227 -3.8486931700484432
2228 -3.853660533265132
2229 -3.854743012371873
2230 -3.8558601294305164
2231 -3.862596424328747
2232 -3.862227435345423
2233 -3.8538710972001238
2234 -3.84867036527363
2235 -3.852258294003687
2236 -3.8520248245101363
2237 -3.8502247483309313
2238 -3.8440605182158274
2239 -3.8421821422300173
2240 -3.843897124639079
2241 -3.8410859187766206
2242 -3.84533689686116
2243 -3.846290858435909
2244 -3.840097319249969
2245 -3.8430880818588595
2246 -3.8459340629823267
2247 -3.8419359879717137
2248 -3.835152983851639
2249 -3.8302936049143477
2250 -3.8277015007122683
2251 -3.8240923244510596
2252 -3.8190780139196723
2253 -3.8125923255321403
2254 -3.8048939674291615
2255 -3.79835470517111
2256 -3.7932392750090007
2257 -3.7884552000858323
2258 -3.7863338029433047
2259 -3.7789863344433896
2260 -3.764239997876468
2261 -3.7491369666397105
2262 -3.737137788128762
2263 -3.7336741291075857
2264 -3.732667552460474
2265 -3.725698847650597
2266 -3.7116878321344418
2267 -3.6990128122937653
2268 -3.6958523748556504
2269 -3.6958560056189933
2270 -3.6957301450028823
2271 -3.687892059677336
2272 -3.6798112063372295
2273 -3.679907357439537
2274 -3.674172930228911
2275 -3.666776480984932
2276 -3.6678192528276083
2277 -3.66862238975731
2278 -3.6605633673445546
2279 -3.650297285672234
2280 -3.6491423975601016
2281 -3.6508444872101697
2282 -3.6562682146942507
2283 -3.6673201954953782
2284 -3.6781430153194967
2285 -3.6728877356750207
2286 -3.661041693421653
2287 -3.6676044596837687
2288 -3.6766426823184206
2289 -3.681693674222781
2290 -3.6825838260838966
2291 -3.6847921980675236
2292 -3.6755527250681945
2293 -3.664133575661266
2294 -3.662972421345964
2295 -3.6672862718220327
2296 -3.668128401737242
2297 -3.6713182705059917
2298 -3.6701691724113257
2299 -3.6579355656086694
2300 -3.654566961582539
2301 -3.6488135984532946
2302 -3.6465150784366687
2303 -3.647191857088501
2304 -3.637266306916332
2305 -3.638229069350331
2306 -3.6501871056133544
2307 -3.668163277781997
2308 -3.6894785460304598
2309 -3.6932291476319605
2310 -3.686978403812156
2311 -3.6904717322568206
2312 -3.696342753588429
2313 -3.696067167999489
2314 -3.6963292473346256
2315 -3.6973241130644467
2316 -3.695217697249901
2317 -3.6970340373825374
2318 -3.6950821777601277
2319 -3.693903547551079
2320 -3.7035481983025482
2321 -3.7085564807236167
2322 -3.710032927891923
2323 -3.718852012340835
2324 -3.7362132578846494
2325 -3.752948626681964
2326 -3.7645935443954115
2327 -3.7715118084363537
2328 -3.7739716635593505
2329 -3.774716759316832
2330 -3.775623190180684
2331 -3.780438394552212
2332 -3.7865608990231903
2333 -3.8008114121432155
2334 -3.8115312162163515
2335 -3.8248502121837875
2336 -3.8332876379339287
2337 -3.837234075284598
2338 -3.8447425034889258
2339 -3.857408001765048
2340 -3.87460791220249
2341 -3.885150816445075
2342 -3.893335324071984
2343 -3.897335933738678
2344 -3.898775583700959
2345 -3.9041248437092713
2346 -3.9063696890716297
2347 -3.910096148133246
2348 -3.9101657629136506
2349 -3.9052231406823497
2350 -3.909138793888006
2351 -3.915893325475602
2352 -3.921374971872103
2353 -3.922537200818615
2354 -3.9164930262528497
2355 -3.9113363315830147
2356 -3.911974639952107
2357 -3.9144063828952764
2358 -3.9162469878275985
2359 -3.917417916849615
2360 -3.922773342277352
2361 -3.9275737176793095
2362 -3.926197055941611
2363 -3.9182416878156574
2364 -3.9168936359195428
2365 -3.9243658503140453
2366 -3.9230106956764037
2367 -3.9236353604825873
2368 -3.925766892684481
2369 -3.9316148711484247
2370 -3.9385741616042402
2371 -3.9415866694060404
2372 -3.941871178114031
2373 -3.9315861605230937
2374 -3.9236448970964495
2375 -3.9180567014044128
2376 -3.9116588644866517
2377 -3.9121067667713896
2378 -3.9203455840234294
2379 -3.931267835352251
2380 -3.935375253883387
2381 -3.9385840585707537
2382 -3.9328405709319703
2383 -3.920373220017551
2384 -3.9169001402155663
2385 -3.9201404497532515
2386 -3.9244601052960926
2387 -3.928924542324357
2388 -3.929982057402162
2389 -3.9342234988728397
2390 -3.930557493379725
2391 -3.924636031279181
2392 -3.9243361808905575
2393 -3.9286664476784687
2394 -3.9301218854084765
2395 -3.925803827199613
2396 -3.93295689493422
2397 -3.940059283807041
2398 -3.935501590685202
2399 -3.936546759874854
2400 -3.936733196319267
2401 -3.9388270797274725
2402 -3.939278951652152
2403 -3.931232375911297
2404 -3.930446476782489
2405 -3.9315110946018215
2406 -3.9324861878746695
2407 -3.9381290320684355
2408 -3.944141716833187
2409 -3.9486155682155126
2410 -3.9542638571233986
2411 -3.970576525757764
2412 -3.988988882867106
2413 -4.005348260723317
2414 -4.019042526926553
2415 -4.030251851718058
2416 -4.044502856073092
2417 -4.057609730861874
2418 -4.073497565120178
2419 -4.10311693540849
2420 -4.132893894206779
2421 -4.149991026986092
2422 -4.164699470239726
2423 -4.174358726917217
2424 -4.175504093464793
2425 -4.182211778521438
2426 -4.179231389064766
2427 -4.169805241528174
2428 -4.161020297369405
2429 -4.155513571110917
2430 -4.154169119879535
2431 -4.138671305518909
2432 -4.1110516859165545
2433 -4.066791789037289
2434 -4.007889570230556
2435 -3.944254416498842
2436 -3.878579212798348
2437 -3.8151716441857206
2438 -3.7489483773679226
2439 -3.6697419105896767
2440 -3.5789564458566563
2441 -3.4906661333374713
2442 -3.3779969047698373
2443 -3.243282156215135
2444 -3.1195716588751896
2445 -3.00451208275447
2446 -2.910082666499232
2447 -2.8455618496841555
2448 -2.7959091080537593
2449 -2.7424197888692374
2450 -2.7023668392446005
2451 -2.6578746396641812
2452 -2.583163561466929
2453 -2.5107442850654986
2454 -2.4307889896135344
2455 -2.3511757563717284
2456 -2.28235170389061
2457 -2.239794018921213
2458 -2.22118726747331
2459 -2.2071043620895763
2460 -2.1995542789262585
2461 -2.1916853172945108
2462 -2.1992949659133085
2463 -2.221322182090832
2464 -2.2674839740092763
2465 -2.329436450195244
2466 -2.4010471385261054
2467 -2.4972057677144703
2468 -2.6103009604289977
2469 -2.7544413838995445
2470 -2.9188016180183802
2471 -3.088750970102049
2472 -3.233727986612498
2473 -3.3568831528817054
2474 -3.4631116826898753
2475 -3.5474888516184744
2476 -3.6221472325738797
2477 -3.682925063240046
2478 -3.7343277705347546
2479 -3.7740475660189796
2480 -3.8073882073619036
2481 -3.837795290729801
2482 -3.874667889585287
2483 -3.9064022535038507
2484 -3.9257123664425517
2485 -3.9508061103794887
2486 -3.9741829356967875
2487 -3.9845458070072355
2488 -3.985319375297196
2489 -3.9774028528559406
2490 -3.9671846772964745
2491 -3.9612270013861046
2492 -3.948113500041498
2493 -3.9314447351828026
2494 -3.910033153481916
2495 -3.888895008107551
2496 -3.881626214816198
2497 -3.8572576412756203
2498 -3.7037653467391687
2499 -3.3360497390039416
2500 -0.5439091463738909
2501 -0.1836410270970822
2502 -0.029469758129315536
