0
1
2506
-3 3.8131457221541267
-2 3.6518045811777258
-1 3.2748638263166523
0 0.3520431884521944
1 -0.029078093174657038
2 -0.1967854654347545
3 -0.23006156197866678
4 -0.22445926158732243
5 -0.22085599117663124
6 -0.22310480617893225
7 -0.227990122992622
8 -0.22892744521198294
9 -0.2297889872315131
10 -0.23357855677751127
11 -0.23597252866719254
12 -0.23386597554354127
13 -0.2308688094223741
14 -0.23458259876854326
15 -0.23980264201561274
16 -0.24192729451952522
17 -0.24263390494496084
18 -0.2445797364570521
19 -0.24435033738719047
20 -0.23253915612927267
21 -0.22664630387031215
22 -0.23711278937724822
23 -0.23871968672316735
24 -0.23431691014611777
25 -0.23302313134977437
26 -0.22672351905400356
27 -0.22434534998135325
28 -0.22829250803732792
29 -0.23488921302209542
30 -0.2399481592556456
31 -0.23618333069503672
32 -0.2343861645738694
33 -0.24004227692858704
34 -0.24248331839276682
35 -0.24084457731993192
36 -0.23440256583640684
37 -0.22833945535202504
38 -0.23229347805667322
39 -0.23471895479667237
40 -0.2348419053547457
41 -0.23183520261971724
42 -0.2323781964248588
43 -0.23941723672044501
44 -0.24108772073644902
45 -0.23990978975665334
46 -0.2355737329512757
47 -0.2359998043086633
48 -0.24401187940672164
49 -0.24567595991044966
50 -0.2417213237109901
51 -0.24170286397807805
52 -0.24593163573330967
53 -0.24328803118039088
54 -0.24573520153863582
55 -0.2474343961799712
56 -0.24943258962226755
57 -0.2524637952498332
58 -0.2567367415708284
59 -0.25342765379109666
60 -0.24269435851346222
61 -0.2337518258447191
62 -0.22874126190972754
63 -0.22899729808524016
64 -0.22738922532436545
65 -0.23247013979437137
66 -0.23847678139950057
67 -0.2359465907907956
68 -0.23516939173749085
69 -0.2384888526694433
70 -0.2396857195678579
71 -0.237538024196279
72 -0.23631292285823902
73 -0.23742157793422924
74 -0.2380970589113054
75 -0.24139347697559144
76 -0.24711210136918682
77 -0.25173474040223676
78 -0.2546397250610384
79 -0.25448213655106366
80 -0.2504747630194397
81 -0.2452075494141268
82 -0.2450030135894532
83 -0.24176970600954872
84 -0.2365085205145543
85 -0.23451635518257552
86 -0.2340209071376358
87 -0.23307007866447238
88 -0.23465837896837138
89 -0.23860867012593046
90 -0.24055390319251702
91 -0.24333893308572518
92 -0.24223921617809152
93 -0.24726655677757803
94 -0.25273974119142606
95 -0.24713406960564344
96 -0.24194249889105324
97 -0.2411065343952674
98 -0.24104318581803286
99 -0.2415859415303223
100 -0.2462407846429424
101 -0.24647125834401384
102 -0.2441533047470128
103 -0.24281465215565357
104 -0.24218901350200772
105 -0.24635687055233957
106 -0.2532824969037146
107 -0.2526859292280519
108 -0.24167752454718405
109 -0.2348852219060995
110 -0.23564975124395682
111 -0.24164988855306158
112 -0.24570732745166213
113 -0.24329092618912496
114 -0.24564361852177408
115 -0.24704296277448679
116 -0.2475064297834053
117 -0.24786312445323988
118 -0.2516439939237336
119 -0.24670823634110706
120 -0.23899311662294087
121 -0.2436697906629095
122 -0.250373780697823
123 -0.25814247428651127
124 -0.25170999941684835
125 -0.2370793884066713
126 -0.23428865423043765
127 -0.23615243933952934
128 -0.23996046861843956
129 -0.2409513647083208
130 -0.24292796531611893
131 -0.2477533047470133
132 -0.24713406960564344
133 -0.24695427476635912
134 -0.24553960388231877
135 -0.2423023266624731
136 -0.2460829580401147
137 -0.24527498989110308
138 -0.23680523780159257
139 -0.23345197545609553
140 -0.23295049930083733
141 -0.23434899196588566
142 -0.2362717806103123
143 -0.24108421223290621
144 -0.2410370418746628
145 -0.23785114274585384
146 -0.23027224174671135
147 -0.22648931380584125
148 -0.2319811960454552
149 -0.23426381246130168
150 -0.2385168490162175
151 -0.24111908827766237
152 -0.23987842221544087
153 -0.236423441793717
154 -0.23384921392835123
155 -0.2433357999841399
156 -0.2497682748538046
157 -0.24708025764227104
158 -0.24543535115001136
159 -0.24178491038107675
160 -0.2416901942626315
161 -0.24589049348538383
162 -0.24386299097224962
163 -0.2425681375446982
164 -0.24148505999245318
165 -0.24290286397807703
166 -0.24656597446245998
167 -0.24701738525074157
168 -0.2470107436456126
169 -0.24551753486211636
170 -0.24461471328555406
171 -0.23865561744062758
172 -0.23805904976496484
173 -0.23984667927227088
174 -0.23758533186362873
175 -0.23778779416862017
176 -0.23338006411246193
177 -0.2269251448206373
178 -0.22423796414746056
179 -0.22848580913041472
180 -0.23016545435832336
181 -0.22990277657768265
182 -0.23366060318050996
183 -0.23525530699668584
184 -0.23633862264178385
185 -0.23407448100815698
186 -0.2312349033969645
187 -0.23623400955682472
188 -0.24345308278454736
189 -0.2420915246346298
190 -0.2412923573448702
191 -0.24181314482070393
192 -0.2456117747948583
193 -0.250507464760767
194 -0.24375293317317093
195 -0.22945994360510502
196 -0.22944170691574017
197 -0.23506018552607477
198 -0.23826478248064697
199 -0.23932505525808034
200 -0.24123541227991252
201 -0.24581134209111655
202 -0.24460531398079732
203 -0.24072089100724936
204 -0.2359715698690361
205 -0.23894676775374668
206 -0.2405855088265807
207 -0.24154793238398353
208 -0.24647439144559913
209 -0.24799644816353128
210 -0.24599077657774826
211 -0.24570383399742335
212 -0.24552403915813903
213 -0.24378974542850207
214 -0.24744972281129884
215 -0.25181425214915576
216 -0.24816357328736816
217 -0.24260590859818665
218 -0.23791702597916986
219 -0.23464570925292483
220 -0.23372081865616012
221 -0.23183266796363577
222 -0.22788816682354396
223 -0.22582638671115918
224 -0.22533177520457714
225 -0.21741790967920194
226 -0.20881253731617244
227 -0.21301680617886687
228 -0.21169361752794158
229 -0.20833301434806417
230 -0.20973547665305547
231 -0.2066096922161509
232 -0.20269763324847867
233 -0.19352729884385012
234 -0.18796602486737912
235 -0.19096753603044592
236 -0.18969174078131124
237 -0.17676867056207035
238 -0.177130394453751
239 -0.1703074449767601
240 -0.14902031038417807
241 -0.13785596017143487
242 -0.11976954368552617
243 -0.10553130982968506
244 -0.09585032300858964
245 -0.09194419136748966
246 -0.09211167684398003
247 -0.0919951147488769
248 -0.08550629325976011
249 -0.07370921670115038
250 -0.06071190204968868
251 -0.053386639879081876
252 -0.05044773797368274
253 -0.04021375959718343
254 -0.029935231252963046
255 -0.021737693557954962
256 -0.023194105135423637
257 -0.027810939101702292
258 -0.026954365610586617
259 -0.03254036552314066
260 -0.03778225474686581
261 -0.0447158454191352
262 -0.0540402748795028
263 -0.06401568242440803
264 -0.06887819446328525
265 -0.06750420469077323
266 -0.06842352831361875
267 -0.06638672727947625
268 -0.06691040976404405
269 -0.07184616734666882
270 -0.07529474425611626
271 -0.07244622847656901
272 -0.0644571962461753
273 -0.059127095200027124
274 -0.05291316007059832
275 -0.050618234291957
276 -0.0412080268815016
277 -0.03421651729681097
278 -0.03404975252562581
279 -0.033285958942379956
280 -0.031261812574378656
281 -0.025018669157860884
282 -0.02315609598908308
283 -0.02425521445121337
284 -0.02466488454606397
285 -0.034270689612835525
286 -0.04432187735757154
287 -0.049960990004246586
288 -0.0540814171274282
289 -0.058182908331992245
290 -0.065461598589859
291 -0.07256338901717552
292 -0.07423954079084538
293 -0.0776589094132043
294 -0.08192233416964445
295 -0.0857999782289598
296 -0.08328909894082992
297 -0.08581228759175463
298 -0.08780155791500022
299 -0.09132555467162451
300 -0.09837050081772958
301 -0.10119888378765118
302 -0.11305917161438961
303 -0.12676043977540674
304 -0.13771034214765532
305 -0.1512629449177485
306 -0.1607547375948042
307 -0.16555764765284264
308 -0.16573175325840728
309 -0.15957029589223604
310 -0.1608203763085183
311 -0.17404235959428105
312 -0.18620239702589592
313 -0.19504947782158188
314 -0.2022929316820421
315 -0.20931231535370687
316 -0.2175034645857452
317 -0.22617075054214775
318 -0.23542520486945717
319 -0.2507720787519836
320 -0.260409266409273
321 -0.263209039537609
322 -0.2697672377142788
323 -0.278160748467561
324 -0.2845683600920368
325 -0.2817352867768679
326 -0.2757660558725754
327 -0.28259393378766573
328 -0.2896238128713491
329 -0.28684734574453996
330 -0.2835314940998779
331 -0.2838189128659079
332 -0.2881512381241955
333 -0.29585019467267815
334 -0.29817068292575977
335 -0.2971783518520179
336 -0.30227530723190865
337 -0.3063869334958391
338 -0.3072075713602964
339 -0.30786397910965
340 -0.30960383981320705
341 -0.3141768746156788
342 -0.31325451867499376
343 -0.3091077933227626
344 -0.3122154783794069
345 -0.31349766209151264
346 -0.3134343135142781
347 -0.3117955724414432
348 -0.3078706207147781
349 -0.3061843338817414
350 -0.30508232041087924
351 -0.3084993924700101
352 -0.3092693514726803
353 -0.3103046602211763
354 -0.31735974142664736
355 -0.31711926997531625
356 -0.3165218657612967
357 -0.31958551356128373
358 -0.31808253007107323
359 -0.31386665107483624
360 -0.3091746353542333
361 -0.3054112417774859
362 -0.3001756338062376
363 -0.2982108663755292
364 -0.30457709765922525
365 -0.3131477312866058
366 -0.3127176902892761
367 -0.3083407293288247
368 -0.30800937408988327
369 -0.308350504035539
370 -0.3131124948891979
371 -0.3138228519110302
372 -0.3143750069280755
373 -0.31592240307690167
374 -0.31839818327672953
375 -0.31857821620886595
376 -0.31751383648238596
377 -0.3164967644232557
378 -0.31844862404566454
379 -0.31881531646576056
380 -0.31238924510837274
381 -0.30692629653763825
382 -0.30452629653763674
383 -0.3094338196806361
384 -0.31596414377033133
385 -0.31655697989890497
386 -0.3213059406844647
387 -0.3274479795195657
388 -0.33394947072412906
389 -0.339837992990494
390 -0.3483638686559112
391 -0.36075097206880224
392 -0.3710067106875141
393 -0.3909572511591164
394 -0.4026773656761926
395 -0.4223140883689669
396 -0.44757954056449334
397 -0.466884446881926
398 -0.4840258550107497
399 -0.5077816821109393
400 -0.5273752040854114
401 -0.5343744549474487
402 -0.5444662872783517
403 -0.5545482441187928
404 -0.5652810782600279
405 -0.5771739305189869
406 -0.5692947179948207
407 -0.5583496468418816
408 -0.5507437082941204
409 -0.5418043302030155
410 -0.5312957099864293
411 -0.5121833904835271
412 -0.47690342192453583
413 -0.42352049830799077
414 -0.36464384197569766
415 -0.30108750076165114
416 -0.23947987101912327
417 -0.17418438980682405
418 -0.09840165174214244
419 -0.015965010485577302
420 0.07147505543909327
421 0.16231716645078764
422 0.2803553266999619
423 0.41153584265492693
424 0.5301715758949839
425 0.6381501078928253
426 0.7165040565543386
427 0.7552762975410476
428 0.7935786429655529
429 0.8413839606590785
430 0.8780990261442105
431 0.9352135789182778
432 1.0023576408681416
433 1.077593299654687
434 1.15670323130611
435 1.230553564804811
436 1.2937285926234332
437 1.3243851006603249
438 1.3406432151499597
439 1.347690350648799
440 1.3577629081844842
441 1.3739375290997442
442 1.368932776658272
443 1.3418808767971435
444 1.2892247114649678
445 1.2201138236140192
446 1.134618255001325
447 1.0402194669677325
448 0.9202599745340465
449 0.7714614224908836
450 0.6023014264649014
451 0.4351248099609517
452 0.29858207104975376
453 0.18225312466822885
454 0.09094105234329763
455 0.019967735059425618
456 -0.039120178010361606
457 -0.09256863955687455
458 -0.1482002559159188
459 -0.19564700429540105
460 -0.2317999726490565
461 -0.2660977451936737
462 -0.3044139486020776
463 -0.3253229730897478
464 -0.3403611992893558
465 -0.36057686646323583
466 -0.3798231295979888
467 -0.3907289796642739
468 -0.3910732427115131
469 -0.3836342919784843
470 -0.3621995666261868
471 -0.3418809594440604
472 -0.32066617229049976
473 -0.29182340260998574
474 -0.2729562635179241
475 -0.26674001677596104
476 -0.2631563022054455
477 -0.2566954770631029
478 -0.24875397554360612
479 -0.23962201063797162
480 -0.23266597554353963
481 -0.22688460101821706
482 -0.21907885708134556
483 -0.21212885009723292
484 -0.20402036076300467
485 -0.19687499421542887
486 -0.18722164338845504
487 -0.18272812033290142
488 -0.1853874269191036
489 -0.18638242995803234
490 -0.1851411504010012
491 -0.18109867778107658
492 -0.1849293895750006
493 -0.1916017374504908
494 -0.1945093940744793
495 -0.20103620966063085
496 -0.2017374054705594
497 -0.2024766961612685
498 -0.19692796964044446
499 -0.19513720703155313
500 -0.2043048694709948
501 -0.20646743033750203
502 -0.2073733699663447
503 -0.20347459420892866
504 -0.19240681059076925
505 -0.18089318315824565
506 -0.1813863346399578
507 -0.1896473431720005
508 -0.1931423912104422
509 -0.19561176789799495
510 -0.19198979966153784
511 -0.18698756040009323
512 -0.1871557601551399
513 -0.1865718621949255
514 -0.1823364488345649
515 -0.18460396166263005
516 -0.18907274373279526
517 -0.18730732055479793
518 -0.18652661299795037
519 -0.18713912079975126
520 -0.19463354152356027
521 -0.19214798661701904
522 -0.18269603851313354
523 -0.18290560355965146
524 -0.17714645041294075
525 -0.17173683761987357
526 -0.16943155373832086
527 -0.17350782777179097
528 -0.18180057924700277
529 -0.18354730459923596
530 -0.17239977114130367
531 -0.16186231161283837
532 -0.16147484784729604
533 -0.16235292843846905
534 -0.1637387513880717
535 -0.16412705169197084
536 -0.16541863470883156
537 -0.16565224151148827
538 -0.16587317859869843
539 -0.16703516945235775
540 -0.16687420974794476
541 -0.1660440352696262
542 -0.16058435710958152
543 -0.15508980290478203
544 -0.15326500078949268
545 -0.15431006919539803
546 -0.15577518084837205
547 -0.15895864610484667
548 -0.15571230845684259
549 -0.15273384016144131
550 -0.15660208491600036
551 -0.16354014288997076
552 -0.1639826155098949
553 -0.15359031286881075
554 -0.14197580389841757
555 -0.1399551660339604
556 -0.1465556025658188
557 -0.15037316845859072
558 -0.14742933811509218
559 -0.1458412759040444
560 -0.14501110142572493
561 -0.14099119548776162
562 -0.13968137578153472
563 -0.1343668545088721
564 -0.1296768972586455
565 -0.13374157620787797
566 -0.1368242972355871
567 -0.13242778686170853
568 -0.12809813356860777
569 -0.13339441815190423
570 -0.13487196142747315
571 -0.13453096879092374
572 -0.13196117170190025
573 -0.12088025723189322
574 -0.1175045504642358
575 -0.11929255537349848
576 -0.12250088387516245
577 -0.12029648153147887
578 -0.11765647121654554
579 -0.1160272667575728
580 -0.11555692005067364
581 -0.11503613257484036
582 -0.11238031944287563
583 -0.10980028651073859
584 -0.11040058573349087
585 -0.10991756931114516
586 -0.10703768599038543
587 -0.10377263546731053
588 -0.09941534618008818
589 -0.09730274989681131
590 -0.09363024010767429
591 -0.09624537212811202
592 -0.09392115232794085
593 -0.09168187393950156
594 -0.09370334834231597
595 -0.09398739591390814
596 -0.09441660037288102
597 -0.0968448348125075
598 -0.09690167909371805
599 -0.0971265858208703
600 -0.09069700595993968
601 -0.08343365738270592
602 -0.0876503578679948
603 -0.08568656428474863
604 -0.07899490508868245
605 -0.07308694924194192
606 -0.06878299573238689
607 -0.07007493910189977
608 -0.06923849842040974
609 -0.06377194056238444
610 -0.05780101154036865
611 -0.054681954443032144
612 -0.046796698759242084
613 -0.043512950410402595
614 -0.04507034430948975
615 -0.04260013108357974
616 -0.04796158462163502
617 -0.05530085070780277
618 -0.05633324939826112
619 -0.04856804926381075
620 -0.040690134414400614
621 -0.032773972325797374
622 -0.025470318038994133
623 -0.024804596719326444
624 -0.019467768333608415
625 -0.017125073751218967
626 -0.014836429225053127
627 -0.00832107141403382
628 -0.01124451580574748
629 -0.021773412567814177
630 -0.025850761232493635
631 -0.013818880980218218
632 -0.0014998200547662321
633 -0.0036763483114747864
634 -0.00969615729380946
635 -0.007725346703475022
636 0.004666462103966484
637 0.010548480074308308
638 0.015214557918512561
639 0.023576801914330314
640 0.028644686316237955
641 0.030478426599883868
642 0.03711010841315332
643 0.04140803381239033
644 0.04048194632461666
645 0.0438068369213811
646 0.05048582640200072
647 0.054991781080148794
648 0.055995584978327795
649 0.05690804395249849
650 0.06043830691229379
651 0.06693666501527229
652 0.07614730512946943
653 0.08528856855611311
654 0.092513923036313
655 0.09382697662787232
656 0.09121414117066173
657 0.10213143902037425
658 0.11075298960239399
659 0.10550303883898504
660 0.10512704789787986
661 0.11342677985481986
662 0.11636290901128632
663 0.1208111828698657
664 0.12984866974990794
665 0.14011125796799062
666 0.14692503118377287
667 0.15099828794871017
668 0.15557699050884777
669 0.15714599454147749
670 0.16306358778582597
671 0.16947060096479571
672 0.17539689428464866
673 0.18473712656204766
674 0.1950377239264709
675 0.2017601522182444
676 0.20496173190428468
677 0.21037374204432657
678 0.21758535217786967
679 0.2302039031392944
680 0.24028982961967804
681 0.2406515936016751
682 0.2459182087614833
683 0.2561785004163384
684 0.2606688903703054
685 0.25829036094500424
686 0.25723515747973247
687 0.26551825008128427
688 0.2767850025501981
689 0.28397127325284766
690 0.29043788841265705
691 0.2941703906338966
692 0.29740683131538637
693 0.2984297084412888
694 0.30243091655348664
695 0.30462205073621895
696 0.306295069408304
697 0.3155508214103686
698 0.32131349810992793
699 0.32766548738521095
700 0.33852151017737064
701 0.3528772498771646
702 0.3556240475804855
703 0.35102844609605377
704 0.3523202672057666
705 0.3570292976837157
706 0.35883189346969724
707 0.3576535013535005
708 0.36280716370549726
709 0.36636893151561045
710 0.37100737336569223
711 0.3754124465059703
712 0.37658048051925297
713 0.3797380078993293
714 0.38292704012972223
715 0.38673592099629506
716 0.3879991322644236
717 0.38156849282158944
718 0.389273477480391
719 0.40134336687900696
720 0.40199013723075216
721 0.3955890299023004
722 0.3872879537535412
723 0.3827220216925964
724 0.38180293616260297
725 0.38924584148626895
726 0.39486951166856477
727 0.39646734858632593
728 0.3947717632322809
729 0.3864944756975004
730 0.38617965903020224
731 0.38662923439165375
732 0.37488443402880867
733 0.37167898548657297
734 0.37516014187754765
735 0.3752929894021344
736 0.36633357928515053
737 0.35860409173381225
738 0.354683094597783
739 0.3428790526067522
740 0.33932101634372946
741 0.3340857687251324
742 0.3260393152440755
743 0.32563603361219684
744 0.31610034098758755
745 0.302187296951264
746 0.2856539293225415
747 0.2734248755560258
748 0.26278388400055697
749 0.2514605468193367
750 0.24213961081320834
751 0.22981524248274265
752 0.21869376916100958
753 0.21075926959929303
754 0.20170681644057664
755 0.18855457019501953
756 0.1777269191515911
757 0.17311102893416486
758 0.16270088648172543
759 0.14884249094713198
760 0.12562953539228472
761 0.11195047356057586
762 0.11328475606902355
763 0.10832681363314345
764 0.10065645187693972
765 0.09299053594638229
766 0.07899835556509771
767 0.06943694810763779
768 0.06639113655404927
769 0.05740385235009127
770 0.047147429551431586
771 0.042456235319880964
772 0.029159207588901115
773 0.016386561571738678
774 0.004773011399502813
775 -0.007141088390607564
776 -0.01148512456618489
777 -0.019732742677477155
778 -0.030961962185755088
779 -0.03679064437842916
780 -0.042047722924376085
781 -0.04598849251737969
782 -0.05181450274486732
783 -0.05556256969028661
784 -0.05935467389236537
785 -0.06443522800971868
786 -0.07080399394949577
787 -0.07791508289782234
788 -0.08195092896192335
789 -0.07969945704374215
790 -0.07408762003853564
791 -0.07443525428021402
792 -0.08225716138676997
793 -0.08812048153134722
794 -0.09822776275337741
795 -0.10479273984428028
796 -0.11027159201579462
797 -0.10796570968873587
798 -0.10781705934711683
799 -0.11638466065665876
800 -0.11937099248920857
801 -0.12493468528870766
802 -0.12929969081226922
803 -0.1225129551451043
804 -0.11667704795110323
805 -0.12082401139618737
806 -0.1238774233530604
807 -0.12705981397832566
808 -0.1298043151184185
809 -0.13005975284842552
810 -0.12709409157757579
811 -0.13094120463403636
812 -0.12948249649333832
813 -0.12313450189900799
814 -0.1266745245162113
815 -0.13208389921642594
816 -0.13721814946410094
817 -0.13695630822181704
818 -0.13035357512673063
819 -0.12274957278954624
820 -0.12171717409908789
821 -0.12987380763902356
822 -0.13963009847424246
823 -0.15143936856259543
824 -0.16227775311089276
825 -0.15612956390567279
826 -0.14030811410739963
827 -0.1352378108824639
828 -0.1399594960265551
829 -0.13977563076358157
830 -0.14476192989888848
831 -0.1457432893749071
832 -0.14567634655968842
833 -0.15482263920817907
834 -0.14737322958849042
835 -0.13566689950838517
836 -0.13101335407052161
837 -0.1252412931155127
838 -0.12522571334202715
839 -0.12269322617009326
840 -0.1217172963588884
841 -0.12461298249668085
842 -0.12849016541959735
843 -0.13677880994576164
844 -0.14328127499778764
845 -0.14318955467182137
846 -0.13316288486892924
847 -0.13361499488646178
848 -0.13715515481277096
849 -0.13917882499506717
850 -0.1437639160181754
851 -0.1404165960485555
852 -0.13818442040164358
853 -0.1326616317572178
854 -0.1276026855236676
855 -0.13026825831304034
856 -0.1302179548532112
857 -0.12995260510738493
858 -0.1266935977439343
859 -0.12707236143397171
860 -0.13225752863628593
861 -0.13668143691143442
862 -0.13963045882689507
863 -0.1388821077080289
864 -0.13873368040995615
865 -0.13661772798154814
866 -0.13859806013643672
867 -0.1394097598325379
868 -0.13497272070554356
869 -0.1355190706558176
870 -0.13415208284108582
871 -0.13464172581925427
872 -0.13092793647308465
873 -0.1282787649462489
874 -0.1299968804568956
875 -0.12725879787838457
876 -0.1321059682366288
877 -0.13445506633129467
878 -0.13894835129399574
879 -0.14412711498403308
880 -0.14270884986201038
881 -0.14468591160620736
882 -0.14231125103710163
883 -0.1398732418907609
884 -0.14146840684333561
885 -0.13899903015578285
886 -0.13742942767764887
887 -0.13588867313395125
888 -0.13543412924408482
889 -0.13404142659650198
890 -0.13265826056277952
891 -0.13317988457697094
892 -0.13065655861693992
893 -0.12731816176637079
894 -0.13096630597207737
895 -0.12998807959764402
896 -0.12049485193672771
897 -0.11657303331164792
898 -0.12186618479335909
899 -0.12382361138968845
900 -0.1265516962179385
901 -0.1267982108288943
902 -0.12495036584594033
903 -0.1263174909697775
904 -0.13044238539465924
905 -0.12862361138968792
906 -0.11912435561845225
907 -0.11694262074047579
908 -0.11847191750904074
909 -0.11826944015474483
910 -0.11504507074319692
911 -0.1169685586168745
912 -0.11632422213746363
913 -0.11822793755416638
914 -0.12346667862700089
915 -0.1263527273671854
916 -0.12712352290821238
917 -0.12178390029750785
918 -0.11432168365326634
919 -0.11374732230691231
920 -0.11804560805880149
921 -0.11851258357126238
922 -0.11778582528689441
923 -0.11893225141637354
924 -0.11991795593429266
925 -0.11876512629253666
926 -0.11590685085558006
927 -0.12071662556229423
928 -0.12501720787741233
929 -0.1262703206115332
930 -0.13193872727973943
931 -0.1286671875099481
932 -0.12639700271669607
933 -0.12059970311453982
934 -0.11405670930939804
935 -0.11435075463125077
936 -0.11454986079110929
937 -0.11743577222218748
938 -0.11984447229769257
939 -0.12527254482367223
940 -0.1306668159361064
941 -0.12443947533662003
942 -0.11437501943093453
943 -0.11180270273513582
944 -0.11331231278116771
945 -0.10971450856064902
946 -0.11724319183440457
947 -0.1178723389915941
948 -0.10935527923473387
949 -0.10292907056824063
950 -0.10293547408051706
951 -0.11112734401786017
952 -0.11520698924576722
953 -0.11153037250758135
954 -0.11248457217518348
955 -0.11362146169080134
956 -0.11201025582834134
957 -0.11719939267059809
958 -0.11578158868497379
959 -0.10806309777236889
960 -0.11079539033341312
961 -0.11236499281154799
962 -0.1136301617663058
963 -0.12012911831478901
964 -0.12516936672257417
965 -0.1225002854296573
966 -0.12069044959304343
967 -0.12520991052499442
968 -0.1276854526319715
969 -0.1254272383249151
970 -0.1241680974804753
971 -0.11740753778256119
972 -0.1102702728649847
973 -0.11353905493515004
974 -0.1207423253458404
975 -0.12178052910307047
976 -0.12216242589469317
977 -0.12212465484120516
978 -0.12095953088596056
979 -0.1218377122608798
980 -0.12007831719320095
981 -0.12191265592235201
982 -0.1289488012092055
983 -0.12944111615256038
984 -0.1261343249360558
985 -0.12533926459534372
986 -0.1234006731338857
987 -0.11862890757351252
988 -0.1193492623456045
989 -0.12067861641595368
990 -0.12135072619859244
991 -0.1257846322240015
992 -0.12450282391385414
993 -0.11970244851189626
994 -0.11714486000192093
995 -0.1202620816724278
996 -0.12088375068613155
997 -0.1225916303536656
998 -0.12592376100106462
999 -0.12471446248005469
1000 -0.11953448684970258
1001 -0.12192219253621372
1002 -0.13035790511932532
1003 -0.12422771451061942
1004 -0.12010595318732342
1005 -0.12581274440382773
1006 -0.13083068569855794
1007 -0.13202114908469698
1008 -0.12639664236404347
1009 -0.12299537312194486
1010 -0.12826982677789145
1011 -0.1306540239608589
1012 -0.12675647013546376
1013 -0.1279598413299019
1014 -0.1307199071941736
1015 -0.13290743208961686
1016 -0.13780228551716878
1017 -0.13962816226366703
1018 -0.13148962810399212
1019 -0.12635200666187973
1020 -0.13081522175812443
1021 -0.12775797747041473
1022 -0.12702144447933295
1023 -0.13148733154076409
1024 -0.13275044202514596
1025 -0.1295223260172027
1026 -0.1288125824901818
1027 -0.12871856560098616
1028 -0.1197971796796482
1029 -0.1210221437085841
1030 -0.12773287613237327
1031 -0.136034190373985
1032 -0.13978201922655265
1033 -0.14148060037307753
1034 -0.14017345263203707
1035 -0.13803926351426243
1036 -0.13247846572349609
1037 -0.12712280220290717
1038 -0.12736014055265343
1039 -0.12705715706244458
1040 -0.1259643048034853
1041 -0.12612213140631345
1042 -0.1275808395470115
1043 -0.12996190362839366
1044 -0.1306537858680068
1045 -0.125585541113447
1046 -0.12053599418465266
1047 -0.1203119239958581
1048 -0.12477757296443626
1049 -0.12626475363761402
1050 -0.1236587828290796
1051 -0.12634306849352273
1052 -0.13133263803952078
1053 -0.1322259230022218
1054 -0.1337853753716849
1055 -0.133930907661024
1056 -0.13547563184466327
1057 -0.12962392183362903
1058 -0.1261088632453622
1059 -0.1302271160651154
1060 -0.13226139749248178
1061 -0.12957986952766465
1062 -0.12164708313297856
1063 -0.12517527257309213
1064 -0.12526058938678286
1065 -0.12363031029660032
1066 -0.12797576640673336
1067 -0.12779610887655535
1068 -0.12476779825772288
1069 -0.11839843387244109
1070 -0.11551855055168092
1071 -0.11829188457690476
1072 -0.1183327887319785
1073 -0.11559433075150993
1074 -0.11944084536246535
1075 -0.12400037391113328
1076 -0.12784908430157138
1077 -0.13524178694915356
1078 -0.13470170320205055
1079 -0.13151496753488612
1080 -0.1314109528954308
1081 -0.13358374960504982
1082 -0.13453433998536113
1083 -0.13195454514607663
1084 -0.12835127473538632
1085 -0.12748889617749848
1086 -0.13330923864732025
1087 -0.13694700970080742
1088 -0.13287606454840484
1089 -0.13240558053240026
1090 -0.13097548223328692
1091 -0.1315535751267305
1092 -0.12910313435779575
1093 -0.12699344813255786
1094 -0.1296270549352152
1095 -0.13379201697681342
1096 -0.13764759201592547
1097 -0.1374393246441623
1098 -0.13225439553470109
1099 -0.1270501551046639
1100 -0.12563851653846303
1101 -0.1306002119974865
1102 -0.12985848743444262
1103 -0.12033702533389912
1104 -0.1161847330077479
1105 -0.1192325779907022
1106 -0.12210595701543969
1107 -0.12502674449127316
1108 -0.12577160215590188
1109 -0.1265482027637006
1110 -0.13137354219459452
1111 -0.1320429950613522
1112 -0.13262362261087723
1113 -0.13339334352069532
1114 -0.13790027204630517
1115 -0.14111907448393346
1116 -0.12621951948994603
1117 -0.1208510489448047
1118 -0.1270478585414354
1119 -0.13099828700809946
1120 -0.13161004400598442
1121 -0.12889089734609094
1122 -0.13323659154907652
1123 -0.13368800233735767
1124 -0.13310013473719984
1125 -0.13628649500240675
1126 -0.13478991502447402
1127 -0.13219164540297212
1128 -0.12297087022940811
1129 -0.11538570302709461
1130 -0.11926105052318103
1131 -0.12231446248005495
1132 -0.1257431296234235
1133 -0.12999037616087294
1134 -0.13182495298287522
1135 -0.13230796940522094
1136 -0.13286700412024732
1137 -0.13509904245805382
1138 -0.1401350831330439
1139 -0.15002240111532705
1140 -0.1523121202727009
1141 -0.14365303673004481
1142 -0.13431557720157983
1143 -0.13173638080780004
1144 -0.1321630506106919
1145 -0.1319827795857038
1146 -0.1306785268533961
1147 -0.13006928946228724
1148 -0.1271865111327939
1149 -0.12431289401520429
1150 -0.12190022429975711
1151 -0.12407615411096184
1152 -0.12647302100937674
1153 -0.1256768860374562
1154 -0.12558843612218062
1155 -0.12529836044026998
1156 -0.12403838305747339
1157 -0.12230432742068942
1158 -0.12644732122583058
1159 -0.13315454514607739
1160 -0.1367223410665086
1161 -0.13875564864641232
1162 -0.14035685675861087
1163 -0.14085543790513677
1164 -0.14144887247921378
1165 -0.14585743907372928
1166 -0.1444838096538681
1167 -0.14010744713892231
1168 -0.13444890091187078
1169 -0.1286473935769208
1170 -0.1339469485709084
1171 -0.13941035827804216
1172 -0.13327703456775053
1173 -0.13286325752385197
1174 -0.13274694857090807
1175 -0.13480908903594324
1176 -0.13380492478511252
1177 -0.13201065367267883
1178 -0.13471690757357857
1179 -0.14044880012812433
1180 -0.13943172806899362
1181 -0.13457464569493016
1182 -0.13236154327574168
1183 -0.13016775217712828
1184 -0.12646336213571496
1185 -0.12407519531280586
1186 -0.13412033989791583
1187 -0.14418745271948286
1188 -0.14351464370759226
1189 -0.13789059812333804
1190 -0.1268321280754927
1191 -0.12689569969627357
1192 -0.12936208059134646
1193 -0.13335967941625482
1194 -0.13606266290646385
1195 -0.13343799427216352
1196 -0.13584112737374987
1197 -0.1383108794632597
1198 -0.13856005099009616
1199 -0.13749253816203044
1200 -0.13720535748885343
1201 -0.1366085517203386
1202 -0.13343545961608383
1203 -0.12973480112176006
1204 -0.12118010762051767
1205 -0.12146148322692296
1206 -0.12355536663512856
1207 -0.123861620536029
1208 -0.12509925428041146
1209 -0.12253456302890786
1210 -0.12816846905431678
1211 -0.1305088670734782
1212 -0.12639350926245774
1213 -0.1254080428373916
1214 -0.12891996832407449
1215 -0.1324379219210754
1216 -0.13043225033529326
1217 -0.12803538343687793
1218 -0.1285599024598021
1219 -0.126987780374892
1220 -0.1253328610830673
1221 -0.12093359300956186
1222 -0.12476779825772288
1223 -0.12522294059309402
1224 -0.11793738568655199
1225 -0.11427449824571756
1226 -0.11055214613314801
1227 -0.10753397057368197
1228 -0.09920043720319649
1229 -0.09117026272487738
1230 -0.09197615735420639
1231 -0.0894751750325895
1232 -0.09014774595162711
1233 -0.08866346028718342
1234 -0.08575197133235912
1235 -0.08495376284075684
1236 -0.0749787306978087
1237 -0.06420451621579559
1238 -0.05347822289594273
1239 -0.047166286188070394
1240 -0.039799881769538636
1241 -0.030712552566066975
1242 -0.01591843214608968
1243 -0.0020377445477461897
1244 0.005385043015598168
1245 0.019051896268259316
1246 0.0238323769534432
1247 0.027848551344316075
1248 0.03265796569837809
1249 0.03588440862960729
1250 0.044650279560651374
1251 0.054486796421347794
1252 0.05794684615523327
1253 0.06305876781379904
1254 0.06895453013079722
1255 0.07342560876418958
1256 0.07415153051020029
1257 0.07488431690488717
1258 0.07146808138411354
1259 0.06407270677134447
1260 0.05537018441753361
1261 0.05009716574544942
1262 0.04652599863058038
1263 0.044416672757995546
1264 0.04232001660085638
1265 0.038878441649188744
1266 0.03416735270086324
1267 0.027886438230857014
1268 0.02786423190154874
1269 0.033238968649860645
1270 0.04034052098432461
1271 0.04446711352692967
1272 0.049405643858488446
1273 0.05422725174229148
1274 0.05785526313837197
1275 0.06314515925869824
1276 0.0635042512755084
1277 0.06471875641778446
1278 0.08059074776873976
1279 0.08772404304637371
1280 0.08316284142099217
1281 0.08237428537630276
1282 0.07939352051767257
1283 0.07479841669499798
1284 0.07935587172398417
1285 0.07628655616633218
1286 0.06901740252232624
1287 0.061799388876507155
1288 0.04938634758721827
1289 0.04436647008191219
1290 0.038051039919802854
1291 0.03150154181863796
1292 0.03444559520568369
1293 0.029500200225450968
1294 0.025489455499390523
1295 0.02638090503526236
1296 0.02116123719014995
1297 0.017033194614378022
1298 0.015038033489919389
1299 0.01740748743775855
1300 0.005442348433208455
1301 -0.0074253740550513925
1302 -0.014134671494979933
1303 -0.024248695105885343
1304 -0.02721331184413689
1305 -0.037506892201473185
1306 -0.04692328008065827
1307 -0.05645306685474916
1308 -0.05718876330747413
1309 -0.053282985592279175
1310 -0.04724531532253762
1311 -0.04503741952461526
1312 -0.05836944556015089
1313 -0.0740258437542689
1314 -0.08530429209116752
1315 -0.08882709195678284
1316 -0.09918776748774949
1317 -0.1097222097476811
1318 -0.11641556706147194
1319 -0.12634596350225635
1320 -0.13834865051674816
1321 -0.14878776316342446
1322 -0.15227025731947075
1323 -0.15706325536168952
1324 -0.15955148223341853
1325 -0.16561483081065242
1326 -0.16508077517386743
1327 -0.16220983002146516
1328 -0.1663852659990277
1329 -0.1658325125364768
1330 -0.16580946966881216
1331 -0.17245068809594288
1332 -0.1794073216358787
1333 -0.1812566266437048
1334 -0.18572457217551142
1335 -0.1911819537723276
1336 -0.18690647279525185
1337 -0.1762805633515101
1338 -0.16796017588217493
1339 -0.1664603254935515
1340 -0.17288013064776786
1341 -0.181124976010127
1342 -0.18508710034477582
1343 -0.18729730775523157
1344 -0.19066393904542656
1345 -0.18732288527897767
1346 -0.18469843968822408
1347 -0.18418429381751844
1348 -0.184800395857303
1349 -0.18163273341786246
1350 -0.18209041040931373
1351 -0.1873418211975948
1352 -0.19180350052623085
1353 -0.1955455243120272
1354 -0.1932120059908473
1355 -0.1883960658647088
1356 -0.18700046820839278
1357 -0.19025658056311068
1358 -0.19175329785014883
1359 -0.19127281608388325
1360 -0.19301894299060995
1361 -0.19701677990837174
1362 -0.1998301815503125
1363 -0.19994686590521438
1364 -0.19816296794499833
1365 -0.19368235269774514
1366 -0.18809332046735294
1367 -0.18505210204022093
1368 -0.1846483743212466
1369 -0.1883214825558901
1370 -0.181837867688039
1371 -0.180647028899942
1372 -0.18498332379817262
1373 -0.18629084694117148
1374 -0.18518205455607406
1375 -0.18113644883456415
1376 -0.1855956942908672
1377 -0.1892781160958239
1378 -0.18780879671005613
1379 -0.18832668917715578
1380 -0.19299733510680772
1381 -0.1926339130974024
1382 -0.1950655187314667
1383 -0.19456947224102228
1384 -0.19547832192790304
1385 -0.20252713693020352
1386 -0.2040998725099228
1387 -0.20040152562813285
1388 -0.2018381432725751
1389 -0.2117371721721475
1390 -0.23004238154045042
1391 -0.2525878204391163
1392 -0.2682579880208995
1393 -0.2894051723473683
1394 -0.3058186002598027
1395 -0.31574817521153653
1396 -0.3337189970230585
1397 -0.3492009077829059
1398 -0.3645710876669601
1399 -0.3878902321646911
1400 -0.4122168113239444
1401 -0.43085323862208247
1402 -0.4398206130599607
1403 -0.43961114879718854
1404 -0.4421347128500721
1405 -0.44451310496626695
1406 -0.43535533949334004
1407 -0.4276574425267605
1408 -0.41391503211781755
1409 -0.39917498323011946
1410 -0.3874492009553765
1411 -0.35739713918060056
1412 -0.3171939819706826
1413 -0.2746663053013729
1414 -0.2095711457542051
1415 -0.14171301028472572
1416 -0.0845270930378641
1417 -0.02151109513982652
1418 0.04802270949087051
1419 0.12931919082112753
1420 0.22112584455403006
1421 0.31992286255527835
1422 0.4459283098419373
1423 0.5664877840978293
1424 0.6834509748515059
1425 0.7896753941456716
1426 0.8564064183712037
1427 0.901453545717601
1428 0.957100334980415
1429 1.001966552766004
1430 1.0393089550225056
1431 1.1089364467845653
1432 1.1751954627108328
1433 1.2488889169205137
1434 1.331824368793899
1435 1.4038530332788954
1436 1.4581314011122646
1437 1.489804981208286
1438 1.5138442209092036
1439 1.5207965395058496
1440 1.5273453233284577
1441 1.5255938890167169
1442 1.5047379772631677
1443 1.4628579325249693
1444 1.4034566563860067
1445 1.3360232394595384
1446 1.2497324946730806
1447 1.1437795354045437
1448 1.0082307399503705
1449 0.8479634342697002
1450 0.6761986793754979
1451 0.5204088558404969
1452 0.392943332549458
1453 0.2913233120340193
1454 0.20668695877901744
1455 0.12625819993702203
1456 0.06496995494724045
1457 0.01008209658060455
1458 -0.04469134895334648
1459 -0.08432221833659215
1460 -0.11434956416698894
1461 -0.14666203602830263
1462 -0.17741504047084744
1463 -0.19645461209175918
1464 -0.21327733469708887
1465 -0.23329089991862917
1466 -0.2515707548067332
1467 -0.2555176898191589
1468 -0.25065841166561453
1469 -0.23336281126226277
1470 -0.21928315481316618
1471 -0.21462163000510293
1472 -0.19188905543277324
1473 -0.16969315688775177
1474 -0.15562397437461906
1475 -0.1455824455035466
1476 -0.1400815092625236
1477 -0.13961525445536704
1478 -0.12983001490196422
1479 -0.11188716796116305
1480 -0.09822101393775329
1481 -0.09369091671972152
1482 -0.08688620393209634
1483 -0.07911472254517049
1484 -0.0721684621574532
1485 -0.06523136298164012
1486 -0.05577047670939761
1487 -0.05324485418613856
1488 -0.05379471263995583
1489 -0.05236980591280327
1490 -0.05780727774353922
1491 -0.0645240382776473
1492 -0.0676626297391052
1493 -0.06691077011669622
1494 -0.06473194529675785
1495 -0.0657648201729204
1496 -0.06627269984045592
1497 -0.06892224676924963
1498 -0.07311324747099279
1499 -0.06679035421470347
1500 -0.06544833042890774
1501 -0.07026183668271191
1502 -0.06595101852448115
1503 -0.0645170363198666
1504 -0.06435341969957209
1505 -0.06559721886337933
1506 -0.06599192267955445
1507 -0.0691405118912729
1508 -0.06589080304883232
1509 -0.06436874633089928
1510 -0.06472300712840129
1511 -0.061069433257880945
1512 -0.059799919261222634
1513 -0.06055141853098034
1514 -0.06649677002925003
1515 -0.07456750978604365
1516 -0.08057802024736826
1517 -0.07121254932282195
1518 -0.04499580109098522
1519 -0.03601946700869618
1520 -0.037890116766463144
1521 -0.039837530563226586
1522 -0.0462918363602407
1523 -0.049155916863968585
1524 -0.047030427821699305
1525 -0.04519632718540123
1526 -0.041485909033669
1527 -0.03976428501947815
1528 -0.04704646873158369
1529 -0.05328334594493134
1530 -0.05152395087725248
1531 -0.048024933198869135
1532 -0.04668290941307296
1533 -0.04872321895075826
1534 -0.0505137434667966
1535 -0.04546433384710813
1536 -0.04159317903450965
1537 -0.03444469443465392
1538 -0.029818546898060294
1539 -0.026464585323312306
1540 -0.03228782280186682
1541 -0.03822798272817529
1542 -0.03538527201539843
1543 -0.03296643688052869
1544 -0.03277397232579782
1545 -0.03306731841839827
1546 -0.03719824095359803
1547 -0.03537633384704231
1548 -0.026682749661588456
1549 -0.023099013615020425
1550 -0.020497149755533073
1551 -0.023797061274057008
1552 -0.026257038656853915
1553 -0.025239966597723207
1554 -0.023642129679962487
1555 -0.020667768333608283
1556 -0.018457560923152982
1557 -0.014103166644662934
1558 -0.010695854242939618
1559 -0.007235581465507401
1560 -0.004757129300492213
1561 0.00228214908794655
1562 0.0014073389074642506
1563 -0.004103616559871792
1564 -0.0034843814185023803
1565 -0.002517612819201265
1566 -0.001586095666612941
1567 -0.004741088390608272
1568 -0.004545252641439568
1569 -0.0006609669769956916
1570 0.0018741921601255207
1571 0.007766207880727016
1572 0.013519708319077672
1573 0.016633198442494113
1574 0.01612761533818796
1575 0.015539985830882674
1576 0.01918753159108455
1577 0.02179266586126305
1578 0.020955626734267874
1579 0.02064937283336743
1580 0.01807887651509299
1581 0.017296247796975805
1582 0.015424138014337174
1583 0.010083440772423291
1584 0.01281792911295021
1585 0.02203954082487103
1586 0.022633213491800586
1587 0.017746922830646827
1588 0.017686722404303357
1589 0.029844924409089924
1590 0.03618208471480289
1591 0.03773177742685707
1592 0.04058015589729935
1593 0.04028321556671477
1594 0.04409461604006282
1595 0.045989408337714366
1596 0.0479751701574167
1597 0.050172707852425
1598 0.055436788356153954
1599 0.05831353857532884
1600 0.05754587613588669
1601 0.0563490092374721
1602 0.056008254693774795
1603 0.05559171995024892
1604 0.05327376635324743
1605 0.052506103913805724
1606 0.05649127111612007
1607 0.06175221851826329
1608 0.0636023600644462
1609 0.06286003705589804
1610 0.0628856145796437
1611 0.06320126778529955
1612 0.06416079633396743
1613 0.07067555569948292
1614 0.0754026855576928
1615 0.0772931328134443
1616 0.08349164052779923
1617 0.092662213025279
1618 0.09522584469487905
1619 0.09519037020461907
1620 0.09800111493067964
1621 0.10183182672460278
1622 0.10166362696955655
1623 0.10349507068997355
1624 0.10916722395457601
1625 0.10664970306131716
1626 0.10631124508084788
1627 0.1133349587451069
1628 0.11540000926818017
1629 0.11536742978665426
1630 0.11848756151519968
1631 0.12473383803330362
1632 0.12480275358445647
1633 0.1276479989533139
1634 0.1297195537724103
1635 0.13165754678836494
1636 0.1416643218744822
1637 0.15303219397411905
1638 0.15965990614744685
1639 0.16220470268217557
1640 0.1622703478226386
1641 0.16634106993149445
1642 0.1721454722751785
1643 0.16838391412526077
1644 0.16839331343001662
1645 0.16979579078431328
1646 0.17195555742583402
1647 0.17712105295492053
1648 0.18435486941777146
1649 0.19797407612648454
1650 0.20571371378649417
1651 0.20789554944821775
1652 0.20439303831559652
1653 0.2058104819485682
1654 0.21778202446539519
1655 0.22862851064369405
1656 0.23646141438898294
1657 0.24571670525464828
1658 0.25486530951567365
1659 0.2529194930528873
1660 0.25193656128390174
1661 0.25897874973037993
1662 0.26981629774032134
1663 0.27550585115593185
1664 0.2797273979098356
1665 0.28498158144704977
1666 0.2907313503383091
1667 0.30176786719900495
1668 0.308566075690607
1669 0.31187432693198325
1670 0.31861979809142227
1671 0.3226745800741413
1672 0.31932025814674025
1673 0.3222882159808176
1674 0.3278116181200543
1675 0.33434218030260165
1676 0.3338486684682378
1677 0.3362443384756437
1678 0.3508745891331677
1679 0.36360379633917583
1680 0.36835215867923177
1681 0.36869195442477265
1682 0.3777421110202601
1683 0.39229344837637115
1684 0.39814723190708623
1685 0.4007231578901753
1686 0.40136750941889154
1687 0.4035439154158009
1688 0.40179078655129263
1689 0.40083019842072076
1690 0.41194959822277255
1691 0.41789809787193377
1692 0.42343212124794505
1693 0.4382457760320442
1694 0.44768712794016485
1695 0.45032883637282106
1696 0.4573395199689809
1697 0.462044443497883
1698 0.46268482538665756
1699 0.4704878973583422
1700 0.47357872001605195
1701 0.47972654886861976
1702 0.4874951201975075
1703 0.48675860225573153
1704 0.488864181531921
1705 0.4940121911755573
1706 0.49804476682896803
1707 0.49526770125665376
1708 0.5012706113146925
1709 0.5138455861558562
1710 0.5162318568585054
1711 0.5202540593596976
1712 0.5261907258317695
1713 0.5317357208055036
1714 0.5342117390981849
1715 0.5297843373687989
1716 0.5256974520902573
1717 0.5308512517513595
1718 0.5406472248096335
1719 0.5419601776174461
1720 0.5406489229273581
1721 0.5432669650058339
1722 0.5468197946475897
1723 0.5468197946475901
1724 0.5432162861440464
1725 0.5403712788680415
1726 0.5413258388882953
1727 0.5358561479286852
1728 0.5289059179010263
1729 0.5275240495420603
1730 0.5168473604527852
1731 0.5092152459357742
1732 0.5070596870270481
1733 0.4997583293034733
1734 0.4995022780786562
1735 0.5048554069431641
1736 0.5047731224473138
1737 0.5005572434510754
1738 0.49431783158164677
1739 0.48734912677176956
1740 0.47860895562427164
1741 0.4668722168011108
1742 0.45216738283476676
1743 0.4350023333927737
1744 0.4190436874630561
1745 0.40762030528232307
1746 0.3948474211723094
1747 0.38200807043278084
1748 0.3792741654884533
1749 0.3732935990688291
1750 0.3704234754054765
1751 0.36435721677020405
1752 0.3569208372186141
1753 0.35460430355616923
1754 0.3390115285574975
1755 0.3235608630790612
1756 0.3102360620448539
1757 0.2984803873030759
1758 0.2899173390296754
1759 0.275988629485425
1760 0.26237640968518816
1761 0.24827235112730017
1762 0.22876341021190916
1763 0.21725944165304778
1764 0.22176719166770953
1765 0.2216094873246819
1766 0.21133002165835757
1767 0.20383436395322274
1768 0.19364525937174015
1769 0.1802153690668673
1770 0.1699660490097359
1771 0.16117543709330295
1772 0.15178115475967946
1773 0.14537474002621353
1774 0.13651498951508056
1775 0.12333764193148156
1776 0.1116383138091579
1777 0.10790351502468898
1778 0.10369150488464696
1779 0.09729716142112421
1780 0.08970618915203854
1781 0.08250327909399902
1782 0.07996161566085602
1783 0.07958345041632242
1784 0.07371278943736614
1785 0.06517425910580821
1786 0.06109254035821898
1787 0.04980685197068668
1788 0.04003971179754462
1789 0.03846781275618172
1790 0.03800386956155899
1791 0.038988722491815064
1792 0.037899378736399036
1793 0.03854684831739519
1794 0.03495927993999004
1795 0.03408506820501156
1796 0.03280348293841184
1797 0.024311899921551472
1798 0.023127925782130188
1799 0.021463982587507147
1800 0.02181487219057132
1801 0.019636032321326713
1802 0.010961283270745081
1803 0.010125541818506445
1804 0.004482697624740961
1805 -0.001605990383386935
1806 0.0020768925579690567
1807 0.0013943088393646441
1808 0.0018610462589738752
1809 0.006750332712606166
1810 0.001625380985940783
1811 -0.006872980945153984
1812 -0.008555759274647468
1813 -0.003268873996105981
1814 -0.0019904368803964623
1815 -0.00547664753422783
1816 -0.006502556977968865
1817 -0.013276485620581369
1818 -0.010405540468177321
1819 -0.0071336252964280256
1820 -0.010800943513605166
1821 -0.00760191353295081
1822 -0.005940129592450827
1823 -0.011125296794765038
1824 -0.01753907383866382
1825 -0.02011246516567189
1826 -0.014636385743091118
1827 -0.012792510400078783
1828 -0.012151905467757906
1829 -0.010664486701727593
1830 -0.01009325845695841
1831 -0.007541698057301538
1832 -0.005416209015031814
1833 -0.008921730989437826
1834 -0.011890064225474006
1835 -0.013218819850318031
1836 -0.0180150883032284
1837 -0.02506970837230016
1838 -0.03067743842845916
1839 -0.030184662348705427
1840 -0.0304820788649951
1841 -0.023247440913092277
1842 -0.019549454383954945
1843 -0.0239044471079497
1844 -0.02672111916058162
1845 -0.028943981237178118
1846 -0.025031461133107502
1847 -0.020058292849646886
1848 -0.013465694813926454
1849 -0.0050028073730907785
1850 0.0004980130348788414
1851 -0.0022151055146961696
1852 -0.0037213594155960372
1853 -0.0046238055902008135
1854 -0.007879319499414006
1855 -0.013374111797065602
1856 -0.016805912042018978
1857 -0.01790143626616514
1858 -0.02337424527805565
1859 -0.01904786239564471
1860 -0.017052188560122694
1861 -0.013869797934857875
1862 -0.010067558673412691
1863 -0.010092898104306691
1864 -0.01396427596045191
1865 -0.01711216594291942
1866 -0.020731477263494558
1867 -0.019569111007877282
1868 -0.013135936908962087
1869 -0.01778207994607639
1870 -0.017179246067243525
1871 -0.010099063523730578
1872 -0.009139397665956839
1873 -0.006050785837034667
1874 -0.01165621932996519
1875 -0.015161741304370757
1876 -0.01025978513529191
1877 -0.011320894451081198
1878 -0.01443184991841795
1879 -0.013070890214004205
1880 -0.010020373265863025
1881 -0.003812105894100082
1882 -0.003960994328571221
1883 -0.003462413182046209
1884 -0.0011315517767465089
1885 -0.0009515188446100886
1886 -0.0017949614838808081
1887 -0.0013150781631203756
1888 0.0025562996930243997
1889 0.005351003509200147
1890 0.006554136610785299
1891 0.003219110954654436
1892 0.0017065908505831118
1893 0.0030621208901835395
1894 -0.0007810225263353843
1895 -0.005417167813188684
1896 -0.003383261787779812
1897 2.4410966594778927e-05
1898 0.00010621927674181464
1899 -0.0032697105344623445
1900 -0.0036831121764033803
1901 -0.003891617641018197
1902 -0.004185064517366666
1903 -0.0039161205335553895
1904 -0.010721554026486668
1905 -0.011666116296479068
1906 -0.005378560221343864
1907 0.0013284256060503985
1908 0.0033741648085485743
1909 0.0024742532900252634
1910 0.0011765048537402123
1911 -0.0008069604027336474
1912 0.002644749608300412
1913 0.005979775264431275
1914 0.0027360945323087194
1915 0.00010272582250436813
1916 0.0005799371780779161
1917 -0.0024802021183654155
1918 0.0009711324907102359
1919 0.0027683136611833525
1920 0.005789845365781421
1921 0.006199515460632465
1922 0.013781549561360684
1923 0.019579685701874183
1924 0.013892205805944524
1925 0.008343940421518425
1926 0.0033201083255760544
1927 0.006411752472336829
1928 0.009989683452134468
1929 0.010144376953377332
1930 0.007782010697759745
1931 0.004440718838457869
1932 0.008167776345578748
1933 0.007464060928875416
1934 -0.0006113627464170435
1935 -0.0023670262670059117
1936 0.0013004292592757594
1937 -0.00010181000216880065
1938 -0.006370891295084835
1939 -0.0027804279089465034
1940 0.0035642105402518
1941 0.007779476041679612
1942 0.005574475252490885
1943 0.008325004502901301
1944 0.01304295809990208
1945 0.012146078899217372
1946 0.011299964294760212
1947 0.004021289086198809
1948 0.0021929784673662134
1949 0.0033207067710812055
1950 0.006241256154063013
1951 0.00943028838445592
1952 0.013298771231867068
1953 0.013510171705215956
1954 0.010286040386521034
1955 0.01128717231951315
1956 0.011018228335702762
1957 0.01712864648743473
1958 0.021610098273046052
1959 0.015928646487434417
1960 0.010670832186876922
1961 0.009679936096996578
1962 0.008925065632802376
1963 0.006636320322890299
1964 0.0024813560315530836
1965 -0.010589665300056339
1966 -0.011242701854972115
1967 -0.0021790540549853077
1968 -0.002117479338211048
1969 0.006998905793937915
1970 0.013365613263339515
1971 0.009622752939186796
1972 0.00819854544128562
1973 0.007684399570580869
1974 0.00710026351751214
1975 0.004220380196752416
1976 0.0009297521499322947
1977 -0.0029375187571649697
1978 -0.007288080704818789
1979 -0.01995499891549546
1980 -0.01850582738865958
1981 -0.004228640637625958
1982 0.0017643939299518685
1983 0.0008765386320646051
1984 -0.006471650573155241
1985 -0.010926926389516645
1986 -0.010692483048502233
1987 -0.011617972090772088
1988 -0.010589066854551632
1989 -0.0036422080213305286
1990 0.0035006238701651426
1991 0.008742498044584934
1992 0.0057044277683440114
1993 0.0020602532025795206
1994 0.0017353014759140528
1995 0.002957269712370536
1996 0.005246988869744396
1997 0.0052912642192559645
1998 0.0014628489885608609
1999 0.00495897165821102
2000 0.012001981593739774
2001 0.0029256640783064114
2002 -0.0036554761822817916
2003 -0.0036702043681042795
2004 -0.0039354168048255644
2005 -0.0038409387792310845
2006 -0.0035284186751609603
2007 -0.0019907972330490686
2008 0.0005578681578750633
2009 0.0018681490005012513
2010 -0.0009552503916996358
2011 0.002338495707400412
2012 0.002758538954469536
2013 0.004103695841850552
2014 0.004368670185719292
2015 0.003578938726075176
2016 0.007375372920747303
2017 0.0034124120477416753
2018 -0.003958459672490644
2019 -0.005088484539433669
2020 -0.004980124858078749
2021 -0.007913957451316733
2022 -0.014600049673463733
2023 -0.010828341414873766
2024 -0.0069087185692757735
2025 -0.016611511276712232
2026 -0.010182068724887472
2027 0.0031320960232399386
2028 0.00393912685014719
2029 0.006218933991701814
2030 0.0029956392113632546
2031 -0.0050409387792313964
2032 -0.010743522262942395
2033 -0.012057311609111387
2034 -0.007933491815438565
2035 0.0004571088798055456
2036 0.0008074000373641255
2037 -0.005066516302977941
2038 -0.008267980155965748
2039 -0.009935193761279049
2040 -0.00996679939534273
2041 -0.006846682716103114
2042 -0.009054218161372862
2043 -0.01073096838054699
2044 -0.012672454850738646
2045 -0.016360666673161717
2046 -0.017018048269977992
2047 -0.01227208327689766
2048 -0.0008311029426182337
2049 0.0031785671522324144
2050 0.003281983346183903
2051 0.0066457196276457076
2052 0.005575311790847248
2053 0.0024641182306588405
2054 0.004558239731716984
2055 0.007533199523575451
2056 0.002887654931965855
2057 0.0005638962681935311
2058 -0.004011197004654132
2059 -0.009272382499649012
2060 -0.009872083276896593
2061 -0.00799600385431587
2062 -0.009079319499413874
2063 -0.010197273096414161
2064 -0.010026776778139457
2065 -0.008400705420751553
2066 -0.004649145021094814
2067 -0.0032691120889580816
2068 -0.005325224443675225
2069 -0.006433641426815129
2070 -0.004399735401405813
2071 -0.004494451519851506
2072 -0.006016508237784102
2073 -0.008842579595171873
2074 -0.011564636313104337
2075 -0.011930730287695646
2076 -0.011005241245424902
2077 -0.011889826132621462
2078 -0.011605778561029734
2079 -0.008333863389280438
2080 -0.00927491715572959
2081 -0.011198542338513917
2082 -0.009752503913261101
2083 -0.005419580209469199
2084 -0.005226041023529415
2085 -0.015012614777047517
2086 -0.02406999637386331
2087 -0.015366039036191825
2088 -0.006956365113224727
2089 -0.009354306642848531
2090 -0.01165332432123245
2091 -0.012085423788938066
2092 -0.012322163693180066
2093 -0.012540205771657043
2094 -0.013926266814111354
2095 -0.014478797233115515
2096 -0.017977677602392994
2097 -0.017162844804706534
2098 -0.01689436195729499
2099 -0.015211583627801062
2100 -0.012306598968999882
2101 -0.009613014783546259
2102 -0.008646621586203107
2103 -0.012543338873242327
2104 -0.01686612751766825
2105 -0.019925805677712294
2106 -0.021258292849646754
2107 -0.018880737271807835
2108 -0.017377854565344908
2109 -0.014705640170843193
2110 -0.02012393799010903
2111 -0.030356355557989545
2112 -0.028837431941642233
2113 -0.014859857486381411
2114 -0.011188285019347433
2115 -0.014864901757532412
2116 -0.013565977906292659
2117 -0.01853334112298155
2118 -0.022237593855289006
2119 -0.018437788466178162
2120 -0.020983781891915854
2121 -0.018821358334514926
2122 -0.009413447487288007
2123 -0.008561066679660723
2124 -0.011302795070820881
2125 -0.010832448363922609
2126 -0.005864709745275309
2127 -0.0010364753056482101
2128 -0.004785363740119397
2129 -0.0038349106689130608
2130 -0.003869411311710369
2131 -0.0031144185877156616
2132 -0.0048007054207519495
2133 -0.010684021065849869
2134 -0.009502495848068282
2135 -0.011437816898835163
2136 -0.015811522497901187
2137 -0.020475065686024863
2138 -0.024734505753217118
2139 -0.02664546122055267
2140 -0.02175144433135845
2141 -0.00895914169027412
2142 -0.002100357370370176
2143 -0.0050785875729197905
2144 -0.011899961191987884
2145 -0.01217760525130318
2146 -0.005939891499598282
2147 -0.0070834226203451145
2148 -0.013743937318746902
2149 -0.012315897490009053
2150 -0.012492421918603114
2151 -0.013427685667585898
2152 -0.012331938399894327
2153 -0.011529399915696015
2154 -0.01324392118835993
2155 -0.019042057328872986
2156 -0.019234759976456406
2157 -0.014888928464364959
2158 -0.013739607326152647
2159 -0.018066365610521107
2160 -0.018429088390674142
2161 -0.017383781891916694
2162 -0.017952576264351094
2163 -0.013540876568251203
2164 -0.014551307022252935
2165 -0.016932371103635546
2166 -0.018123209891731662
2167 -0.017889465779969527
2168 -0.011873064517431864
2169 -0.017614118283882263
2170 -0.023456428990160205
2171 -0.022070129854852905
2172 -0.016193779642176942
2173 -0.005258260152404048
2174 -0.004891552683002676
2175 -0.012000482377205746
2176 -0.019901901230679808
2177 -0.01271335900581283
2178 -0.0073132978759118394
2179 -0.01565415703147277
2180 -0.014523209891731614
2181 -0.018214179413782894
2182 -0.018403748959780586
2183 -0.016913435185017978
2184 -0.015713896321416954
2185 -0.007234983020002694
2186 -0.006098554640783682
2187 -0.005637982640598782
2188 -0.00480383852233679
2189 -0.007412105894101018
2190 -0.010143699225893865
2191 -0.011580201037284521
2192 -0.010519329814346445
2193 -0.010137295713617878
2194 -0.0068846918624441145
2195 -0.009183810324573827
2196 -0.011267558673412559
2197 -0.014961575562607798
2198 -0.02353847539315934
2199 -0.02416991911357691
2200 -0.02074957664375532
2201 -0.017948844717261103
2202 -0.017295570069492783
2203 -0.0168001220245535
2204 -0.014523072582626195
2205 -0.0138438600584605
2206 -0.018912342905871515
2207 -0.023301375136264735
2208 -0.025394660098965627
2209 -0.027762679062943274
2210 -0.025113882938065046
2211 -0.02351674524955527
2212 -0.011955110920431888
2213 -0.011446755067192171
2214 -0.020659666703607638
2215 -0.01654757930327877
2216 -0.011152932788886627
2217 -0.013323072582626327
2218 -0.019054965137172086
2219 -0.01870070433967097
2220 -0.018119102942683707
2221 -0.020462395970578307
2222 -0.02232267257612719
2223 -0.01909249809780844
2224 -0.010980139907383446
2225 -0.004061753606641627
2226 -0.0032851529988424666
2227 -0.004696690781297086
2228 -0.009664053997985977
2229 -0.01074653310472673
2230 -0.01186365016337021
2231 -0.01859994506160101
2232 -0.01823095607827696
2233 -0.009874617932977614
2234 -0.004673886006483663
2235 -0.008261814736540973
2236 -0.00802834524299012
2237 -0.006228269063785152
2238 -6.403894868123317e-05
2239 0.0018143370371288547
2240 9.935462806698325e-05
2241 0.0029105604905255156
2242 -0.0013404175940139318
2243 -0.002294379168762628
2244 0.003899160017176939
2245 0.000908397408286632
2246 -0.0019375837151804909
2247 0.0020604912954325094
2248 0.008843495415506997
2249 0.013702874352798489
2250 0.016294978554877826
2251 0.01990415481608654
2252 0.024918465347473884
2253 0.031404153735005824
2254 0.03910251183798463
2255 0.04564177409603598
2256 0.05075720425814545
2257 0.05554127918131391
2258 0.05766267632384148
2259 0.06501014482375655
2260 0.07975648139067815
2261 0.09485951262743564
2262 0.1068586911383842
2263 0.11032235015956049
2264 0.11132892680667217
2265 0.11829763161654938
2266 0.1323086471327044
2267 0.14498366697338083
2268 0.14814410441149573
2269 0.14814047364815286
2270 0.14826633426426383
2271 0.15610441958981003
2272 0.1641852729299167
2273 0.16408912182760904
2274 0.16982354903823538
2275 0.17721999828221424
2276 0.17617722643953782
2277 0.17537408950983613
2278 0.1834331119225916
2279 0.19369919359491217
2280 0.19485408170704455
2281 0.19315199205697642
2282 0.1877282645728955
2283 0.17667628377176792
2284 0.16585346394764944
2285 0.17110874359212547
2286 0.18295478584549318
2287 0.17639201958337747
2288 0.16735379694872554
2289 0.16230280504436534
2290 0.1614126531832496
2291 0.1592042811996226
2292 0.16844375419895163
2293 0.1798629036058803
2294 0.18102405792118237
2295 0.17671020744511345
2296 0.1758680775299042
2297 0.17267820876115447
2298 0.17382730685582048
2299 0.18606091365847677
2300 0.18942951768460725
2301 0.1951828808138516
2302 0.1974814008304775
2303 0.19680462217864525
2304 0.20673017235081437
2305 0.20576740991681497
2306 0.1938093736537918
2307 0.17583320148514936
2308 0.1545179332366864
2309 0.15076733163518563
2310 0.15701807545499014
2311 0.1535247470103256
2312 0.14765372567871715
2313 0.14792931126765696
2314 0.14766723193252052
2315 0.1466723662026994
2316 0.14877878201724526
2317 0.14696244188460872
2318 0.14891430150701845
2319 0.1500929317160673
2320 0.14044828096459794
2321 0.1354399985435295
2322 0.1339635513752233
2323 0.1251444669263111
2324 0.10778322138249674
2325 0.09104785258518211
2326 0.07940293487173467
2327 0.07248467083079246
2328 0.07002481570779562
2329 0.06927971995031434
2330 0.06837328908646212
2331 0.06355808471493418
2332 0.0574355802439559
2333 0.043185067123930665
2334 0.03246526305079467
2335 0.019146267083358648
2336 0.010708841333217478
2337 0.006762403982548015
2338 -0.0007460242217796065
2339 -0.013411522497901895
2340 -0.030611432935343963
2341 -0.041154337177928824
2342 -0.049338844804837745
2343 -0.053339454471531766
2344 -0.05477910443381262
2345 -0.060128364442125104
2346 -0.062373209804483576
2347 -0.06609966886609975
2348 -0.06616928364650443
2349 -0.0612266614152035
2350 -0.06514231462085984
2351 -0.07189684620845593
2352 -0.07737849260495677
2353 -0.07854072155146863
2354 -0.07249654698570351
2355 -0.06733985231586859
2356 -0.06797816068496099
2357 -0.07040990362813027
2358 -0.07225050856045234
2359 -0.07342143758246866
2360 -0.07877686301020592
2361 -0.08357723841216336
2362 -0.0822005766744649
2363 -0.07424520854851124
2364 -0.0728971566523966
2365 -0.08036937104689912
2366 -0.07901421640925754
2367 -0.07963888121544116
2368 -0.08177041341733471
2369 -0.08761839188127851
2370 -0.09457768233709407
2371 -0.09759019013889425
2372 -0.09787469884688482
2373 -0.08758968125594757
2374 -0.07964841782930332
2375 -0.0740602221372666
2376 -0.06766238521950552
2377 -0.06811028750424342
2378 -0.0763491047562832
2379 -0.08727135608510483
2380 -0.09137877461624067
2381 -0.0945875793036075
2382 -0.0888440916648241
2383 -0.07637674075040479
2384 -0.07290366094842016
2385 -0.07614397048610533
2386 -0.08046362602894641
2387 -0.08492806305721068
2388 -0.08598557813501584
2389 -0.09022701960569357
2390 -0.08656101411257877
2391 -0.08063955201203488
2392 -0.08033970162341131
2393 -0.08466996841132257
2394 -0.08612540614133035
2395 -0.0818073479324668
2396 -0.0889604156670738
2397 -0.09606280453989502
2398 -0.09150511141805584
2399 -0.09255028060770787
2400 -0.09273671705212072
2401 -0.09483060046032632
2402 -0.09528247238500587
2403 -0.08723589664415066
2404 -0.08644999751534277
2405 -0.0875146153346753
2406 -0.08848970860752337
2407 -0.0941325528012893
2408 -0.10014523756604099
2409 -0.10461908894836647
2410 -0.1102673778562524
2411 -0.12658004649061771
2412 -0.1449924035999599
2413 -0.16135178145617113
2414 -0.17504604765940668
2415 -0.1862553724509115
2416 -0.20050637680594585
2417 -0.21361325159472822
2418 -0.22950108585303175
2419 -0.25912045614134405
2420 -0.28889741493963284
2421 -0.3059945477189454
2422 -0.3207029909725798
2423 -0.3303622476500707
2424 -0.3315076141976472
2425 -0.33821529925429195
2426 -0.3352349097976197
2427 -0.3258087622610275
2428 -0.3170238181022591
2429 -0.31151709184377063
2430 -0.31017264061238903
2431 -0.2946748262517631
2432 -0.2670552066494083
2433 -0.22279530977014295
2434 -0.16389309096340954
2435 -0.10025793723169585
2436 -0.03458273353120189
2437 0.028824835081425526
2438 0.09504810189922352
2439 0.17425456867746947
2440 0.2650400334104899
2441 0.3533303459296748
2442 0.4659995744973089
2443 0.6007143230520113
2444 0.7244248203919565
2445 0.8394843965126761
2446 0.9339138127679143
2447 0.9984346295829907
2448 1.048087371213387
2449 1.1015766903979087
2450 1.1416296400225456
2451 1.186121839602965
2452 1.2608329178002173
2453 1.3332521942016475
2454 1.4132074896536118
2455 1.4928207228954178
2456 1.5616447753765361
2457 1.6042024603459333
2458 1.622809211793836
2459 1.6368921171775699
2460 1.6444422003408876
2461 1.6523111619726354
2462 1.6447015133538376
2463 1.6226742971763142
2464 1.57651250525787
2465 1.5145600290719021
2466 1.4429493407410408
2467 1.3467907115526758
2468 1.2336955188381484
2469 1.0895550953676016
2470 0.9251948612487659
2471 0.7552455091650971
2472 0.6102684926546482
2473 0.4871133263854408
2474 0.3808847965772708
2475 0.2965076276486718
2476 0.22184924669326644
2477 0.16107141602710007
2478 0.10966870873239154
2479 0.06994891324816654
2480 0.03660827190524252
2481 0.0062011885373451925
2482 -0.03067141031814069
2483 -0.06240577423670457
2484 -0.08171588717540557
2485 -0.10680963111234254
2486 -0.13018645642964133
2487 -0.14054932774008932
2488 -0.14132289603004988
2489 -0.13340637358879448
2490 -0.12318819802932834
2491 -0.11723052211895846
2492 -0.10411702077435203
2493 -0.08744825591565641
2494 -0.06603667421476977
2495 -0.04489852884040468
2496 -0.0376297355490518
2497 -0.013261162008474159
2498 0.14023113252797748
2499 0.5079467402632045
2500 3.300087332893255
2501 3.660355452170064
2502 3.8145267211378306
