0
1
2506
-3 0.9993710869236121
-2 0.92589561408348
-1 0.7542351186356089
0 -0.5768303932005822
1 -0.7503947191220537
2 -0.8267694019897615
3 -0.8419234842842177
4 -0.839372171781062
5 -0.8377312264177519
6 -0.8387553467668711
7 -0.8409801417614238
8 -0.8414070024669718
9 -0.8417993525326373
10 -0.843525139350356
11 -0.8446153647912809
12 -0.8436560311341217
13 -0.8422911083586877
14 -0.8439823845365246
15 -0.8463596154368594
16 -0.8473271916322501
17 -0.847648985161219
18 -0.8485351254819884
19 -0.8484306561257835
20 -0.843051791674509
21 -0.8403681605591973
22 -0.8451346445876511
23 -0.8458664327824192
24 -0.8438613887567575
25 -0.8432721961414297
26 -0.8404033246971093
27 -0.8393202959293115
28 -0.8411178492550309
29 -0.8441220180306411
30 -0.846425884634865
31 -0.8447113649718782
32 -0.8438929275310252
33 -0.8464687462415211
34 -0.8475804073759197
35 -0.8468341174063533
36 -0.8439003967388963
37 -0.8411392292708474
38 -0.8429399087880893
39 -0.8440444816779032
40 -0.8441004739086246
41 -0.8427312081168434
42 -0.8429784899095751
43 -0.846184100152127
44 -0.8469448459991253
45 -0.846408410994453
46 -0.8444337514494122
47 -0.8446277862396601
48 -0.8482765208568684
49 -0.8490343505159096
50 -0.8472333916104033
51 -0.8472249849659728
52 -0.8491507864222428
53 -0.8479468771567416
54 -0.8490613294167433
55 -0.8498351502101502
56 -0.8507451363867091
57 -0.8521255609046791
58 -0.8540714796545752
59 -0.8525645063691882
60 -0.8476765159850599
61 -0.8436040468538273
62 -0.8413222137634497
63 -0.841438813775983
64 -0.8407064902920187
65 -0.843020361328784
66 -0.8457558126181897
67 -0.8446035525670632
68 -0.8442496126631622
69 -0.8457613099281842
70 -0.846306368434375
71 -0.8453282984146123
72 -0.8447703818191004
73 -0.8452752682692148
74 -0.8455828853090153
75 -0.8470840887496653
76 -0.8496883757205625
77 -0.8517935460860819
78 -0.8531164890137632
79 -0.8530447225057636
80 -0.8512197467847467
81 -0.8488210342935727
82 -0.8487278877697556
83 -0.8472554251242497
84 -0.8448594578613127
85 -0.8439522169129902
86 -0.8437265876708182
87 -0.8432935761572466
88 -0.8440168951764061
89 -0.845815875330515
90 -0.8467017431165413
91 -0.8479700581107145
92 -0.8474692421422041
93 -0.849758715400173
94 -0.8522512279131937
95 -0.8496983801531044
96 -0.8473341157706348
97 -0.8469534138229871
98 -0.8469245645992993
99 -0.8471717379634879
100 -0.8492915742100062
101 -0.8493965329580413
102 -0.848340926585541
103 -0.8477312982444773
104 -0.8474463796203403
105 -0.8493444402492037
106 -0.8524984012773819
107 -0.8522267217058529
108 -0.8472134452764976
109 -0.8441202004586741
110 -0.8444683705178374
111 -0.8472008597219188
112 -0.8490486354336216
113 -0.8479481955565888
114 -0.8490196221037336
115 -0.8496568896971817
116 -0.8498679546333784
117 -0.8500303949717015
118 -0.8517522197363595
119 -0.8495044537913995
120 -0.8459909539743045
121 -0.8481207321221863
122 -0.8511737589865671
123 -0.8547116565824597
124 -0.8517822789313503
125 -0.8451194336371669
126 -0.8438485208871456
127 -0.8446972969112531
128 -0.8464314903734025
129 -0.8468827488577472
130 -0.8477829015614851
131 -0.8499803825892842
132 -0.8496983801531044
133 -0.8496165007840192
134 -0.8489722533745303
135 -0.8474979829373481
136 -0.8492196992734627
137 -0.8488517469865933
138 -0.8449945842328819
139 -0.843467493653868
140 -0.8432391191834592
141 -0.843875998960099
142 -0.8447516454564974
143 -0.846943248211015
144 -0.8469217666201758
145 -0.8454708939940523
146 -0.8420194287871587
147 -0.8402966665859405
148 -0.842797694171936
149 -0.8438372078350473
150 -0.8457740595889625
151 -0.8469591309168378
152 -0.8463941260767409
153 -0.8448207126336272
154 -0.8436483978200506
155 -0.8479686312823244
156 -0.8508980089334345
157 -0.8496738739457643
158 -0.8489247762167835
159 -0.8472623492626343
160 -0.8472192151212353
161 -0.8491320500596402
162 -0.8482087164019287
163 -0.8476190343947714
164 -0.847125796062675
165 -0.8477714703005532
166 -0.8494396670994406
167 -0.8496452415791635
168 -0.8496422169626627
169 -0.8489622030446226
170 -0.8485510540851772
171 -0.8458372553463317
172 -0.8455655757748027
173 -0.8463796701993085
174 -0.8453498425366289
175 -0.845442044770365
176 -0.8434347449082965
177 -0.8404951459675585
178 -0.8392713919431747
179 -0.8412058794321394
180 -0.8419707973357653
181 -0.8418511727067316
182 -0.8435625036470176
183 -0.8442887388541346
184 -0.8447820856147747
185 -0.8437509854496154
186 -0.8424578291821812
187 -0.8447344443508285
188 -0.8480220423910088
189 -0.8474019827567512
190 -0.8470380384203091
191 -0.8472752073519563
192 -0.8490051203289354
193 -0.8512346393031222
194 -0.8481585955909681
195 -0.8416495046024127
196 -0.8416411995330051
197 -0.8441998796690089
198 -0.8456592673681059
199 -0.8461421203043749
200 -0.847012105384579
201 -0.8490960041628246
202 -0.8485467736000065
203 -0.8467777901097121
204 -0.8446149281503381
205 -0.8459698464932303
206 -0.8467161364627962
207 -0.8471544284292761
208 -0.8493979597864314
209 -0.8500911111820566
210 -0.8491777194257099
211 -0.8490470444990312
212 -0.848965165129946
213 -0.8481753600556942
214 -0.8498421300261911
215 -0.8518297560890971
216 -0.850167220706404
217 -0.8476362355004406
218 -0.8455008975113872
219 -0.8440111253316687
220 -0.8435899260423156
221 -0.8427300538231961
222 -0.8409337104687811
223 -0.8399947666399904
224 -0.8397695183611054
225 -0.8361655088198859
226 -0.8322465839907162
227 -0.8341612267207976
228 -0.8335586407269522
229 -0.8320282070993279
230 -0.8326668946676449
231 -0.8312433985394535
232 -0.8294618294945796
233 -0.8252856184401358
234 -0.8227529895486958
235 -0.8241198910755265
236 -0.8235388882475432
237 -0.8176536646203975
238 -0.8178183952887066
239 -0.8147111937655714
240 -0.8050169380404909
241 -0.7999326433226661
242 -0.7916960088521061
243 -0.7852118538583137
244 -0.7808030894233137
245 -0.7790242197093106
246 -0.7791004933398583
247 -0.7790474104435734
248 -0.7760923722914768
249 -0.7707199311829694
250 -0.764800896311338
251 -0.761464939354507
252 -0.7601265503619465
253 -0.7554659511143004
254 -0.750785063613308
255 -0.7470518685049776
256 -0.7477151248118115
257 -0.7498176515241168
258 -0.7494275641483789
259 -0.7519714533410299
260 -0.7543586329962496
261 -0.7575162210115682
262 -0.7617626076394227
263 -0.7663054525808883
264 -0.768519862179613
265 -0.7678941411291613
266 -0.7683128051938438
267 -0.7673852369483286
268 -0.767623724279823
269 -0.7698714902247823
270 -0.7714419874799385
271 -0.770144760730901
272 -0.7665065199380638
273 -0.7640791682267685
274 -0.7612493145448767
275 -0.7602041951432272
276 -0.7559187448555783
277 -0.7527347803100655
278 -0.7526588348919175
279 -0.7523109998986751
280 -0.7513891946443768
281 -0.7485460393786998
282 -0.7476978152775988
283 -0.7481983587113668
284 -0.7483849242937435
285 -0.7527594506236052
286 -0.7573368062049535
287 -0.7599048831728349
288 -0.7617813440020251
289 -0.7636491813296976
290 -0.766963929230432
291 -0.7701981161619285
292 -0.7709614431309639
293 -0.7725186388023351
294 -0.7744602213894048
295 -0.7762261177320222
296 -0.7750826521421338
297 -0.77623172347056
298 -0.7771376460190357
299 -0.778742489807874
300 -0.7819507896010064
301 -0.7832388477790403
302 -0.7886400755800581
303 -0.7948796940093552
304 -0.7998663282272943
305 -0.8060382437766751
306 -0.8103608483574198
307 -0.812548114949111
308 -0.8126274034158687
309 -0.8098214483406535
310 -0.810390740519441
311 -0.8164120904858941
312 -0.8219498255895048
313 -0.8259788255134173
314 -0.8292775266021299
315 -0.8324741851307647
316 -0.8362044709046588
317 -0.8401515914594865
318 -0.844366111100673
319 -0.8513551456910595
320 -0.8557439637921538
321 -0.8570189929211449
322 -0.8600056255251662
323 -0.8638280676354296
324 -0.8667461224541516
325 -0.8654559282720412
326 -0.8627375139821053
327 -0.8658469599378602
328 -0.8690483981237854
329 -0.867783982651496
330 -0.8662739290719511
331 -0.8664048208557167
332 -0.8683777810376241
333 -0.8718839200753921
334 -0.8729406807415391
335 -0.872488768759165
336 -0.8748099448976014
337 -0.8766823977763647
338 -0.877056119907971
339 -0.8773550509150769
340 -0.878147391214
341 -0.8802299715923991
342 -0.8798099265966925
343 -0.8779214894370847
344 -0.8793367430270451
345 -0.8799206551894654
346 -0.8798918059657777
347 -0.8791455159962113
348 -0.8773580755315774
349 -0.8765901330114512
350 -0.8760882711778372
351 -0.877644420984105
352 -0.8779950637367615
353 -0.8784665479432752
354 -0.881679463287498
355 -0.8815699515195499
356 -0.8812978909847344
357 -0.8826930898122461
358 -0.882008624449315
359 -0.8800886944128057
360 -0.8779519295953617
361 -0.8762380634304046
362 -0.873853744285486
363 -0.872958980463199
364 -0.8758581904907743
365 -0.879761295145299
366 -0.8795654525633746
367 -0.8775721650842746
368 -0.8774212644354262
369 -0.8775766165291656
370 -0.8797452483332766
371 -0.8800687480788999
372 -0.8803202019282587
373 -0.8810248930133591
374 -0.8821523743224022
375 -0.8822343621200307
376 -0.8817496388609085
377 -0.8812864597238029
378 -0.8821753452728089
379 -0.8823423386310459
380 -0.8794158771678934
381 -0.8769280261033299
382 -0.8758350554341673
383 -0.8780699632898054
384 -0.8810439019107046
385 -0.8813138821191006
386 -0.8834765799722742
387 -0.8862736917621152
388 -0.8892344997589493
389 -0.8919161589763841
390 -0.89579888065606
391 -0.901440022616962
392 -0.9061105315756465
393 -0.9151960963962249
394 -0.9205334886488843
395 -0.9294761394579125
396 -0.9409821387049216
397 -0.9497736788615349
398 -0.9575799523252587
399 -0.9683984615928372
400 -0.9773214386027024
401 -0.9805089285603327
402 -0.9851047938669062
403 -0.9896961618312221
404 -0.9945839422117843
405 -1.0
406 -0.9964117715895806
407 -0.9914273375303921
408 -0.9879635593036628
409 -0.9838925267811103
410 -0.9791068544185726
411 -0.9704030191534383
412 -0.9543363646351338
413 -0.9300255439072203
414 -0.9032128528782535
415 -0.8742690125506714
416 -0.8462126240901848
417 -0.8164767716760792
418 -0.781964975870465
419 -0.7444229629714461
420 -0.7046023682359269
421 -0.6632324670440398
422 -0.6094773641297995
423 -0.5497371740030086
424 -0.49570993369221905
425 -0.44653603020355326
426 -0.41085329366186596
427 -0.3931962427551372
428 -0.3757531843763494
429 -0.35398243018093745
430 -0.3372622261427679
431 -0.3112520049076205
432 -0.28067430060779175
433 -0.24641164713747288
434 -0.21038463258147033
435 -0.17675286240567756
436 -0.1479826738934943
437 -0.13402156385047437
438 -0.12661754623670496
439 -0.12340824940260464
440 -0.11882116192345904
441 -0.11145516765462926
442 -0.1137343541650232
443 -0.12605390962057228
444 -0.15003376139499158
445 -0.18150716695366775
446 -0.22044222896908083
447 -0.2634318566878916
448 -0.3180619428202103
449 -0.3858254649022661
450 -0.46286167909057363
451 -0.5389946534274654
452 -0.6011768237262018
453 -0.6541535430468315
454 -0.6957374667099723
455 -0.7280590309118021
456 -0.7549679291981621
457 -0.7793085961907309
458 -0.8046434815901065
459 -0.826250941725889
460 -0.8427151642315902
461 -0.8583345223186118
462 -0.8757838916848727
463 -0.8853059543872939
464 -0.892154429450791
465 -0.9013607341502033
466 -0.9101255679407269
467 -0.9150921405426963
468 -0.915248919464825
469 -0.9118611882312664
470 -0.902099719018099
471 -0.8928465349813132
472 -0.8831852266015824
473 -0.8700501010690018
474 -0.8614579220529098
475 -0.8586270156523936
476 -0.8569949761056347
477 -0.8540526876143164
478 -0.8504360925185186
479 -0.8462773551044878
480 -0.8431095457995399
481 -0.8404766821396994
482 -0.8369219116505374
483 -0.833756847573827
484 -0.8300642054848588
485 -0.8268101737944793
486 -0.8224139949140576
487 -0.8203676245386732
488 -0.8215786845799349
489 -0.8220318133871332
490 -0.8214665291587727
491 -0.8196255691569112
492 -0.8213700923372327
493 -0.8244087092215473
494 -0.8257328689740531
495 -0.8287052098068415
496 -0.8290245374958378
497 -0.8293612137628917
498 -0.8268342990385329
499 -0.826018777785637
500 -0.8301937720152565
501 -0.8311786118474939
502 -0.831591180781809
503 -0.8298156609699361
504 -0.82477534310857
505 -0.8195319859921509
506 -0.8197565693692197
507 -0.8235186693788942
508 -0.8251103297927811
509 -0.8262348949138674
510 -0.8245854344775826
511 -0.8223073924805455
512 -0.8223839913967231
513 -0.8221180816699324
514 -0.8201892555971613
515 -0.8212218910192545
516 -0.8232569942399074
517 -0.8224530126764867
518 -0.8220974749844753
519 -0.8223764137603091
520 -0.82578940627426
521 -0.8246574735203263
522 -0.8203530143353317
523 -0.820448451189134
524 -0.8178257072438981
525 -0.8153621455295876
526 -0.8143123090018256
527 -0.8161686623176794
528 -0.8199452182047858
529 -0.8207406846952325
530 -0.8156640484023073
531 -0.8108652424889353
532 -0.8106887897676434
533 -0.8110886715723569
534 -0.8117197815042597
535 -0.8118966151888383
536 -0.8124848078364284
537 -0.8125911934128536
538 -0.8126918091445414
539 -0.8132209849449098
540 -0.8131476831799762
541 -0.8127696180320225
542 -0.8102832563270257
543 -0.8077810119162065
544 -0.806949988920775
545 -0.8074259177186592
546 -0.8080931360785542
547 -0.8095429003083969
548 -0.8080645037119535
549 -0.8067080960094942
550 -0.808469711866941
551 -0.8116293343113137
552 -0.8118308383094321
553 -0.8070981374878661
554 -0.8018088384706339
555 -0.8008886310044465
556 -0.8038944991431907
557 -0.8056330356216875
558 -0.8042924021965072
559 -0.8035691916058907
560 -0.8031911264579366
561 -0.8013604434233601
562 -0.8007639457063617
563 -0.7983436890931712
564 -0.7962078617122876
565 -0.7980589345752338
566 -0.7994628194354398
567 -0.7974606290665586
568 -0.7954888857094755
569 -0.7979008372532577
570 -0.798573717029347
571 -0.798418427466785
572 -0.7972481304484516
573 -0.7922018327387811
574 -0.790664520870139
575 -0.7914787862543647
576 -0.7929398733165959
577 -0.7919359786896468
578 -0.7907337062561023
579 -0.7899917593028836
580 -0.7897775613216429
581 -0.789540392389996
582 -0.7883309232833241
583 -0.7871559648165334
584 -0.7874293437511954
585 -0.7872093759252174
586 -0.7858978642584679
587 -0.7844109457355294
588 -0.782426616823868
589 -0.7814645310849505
590 -0.7797920538008936
591 -0.7809829965485288
592 -0.7799245365192486
593 -0.7789047591864768
594 -0.7798253476159509
595 -0.7799547041427829
596 -0.7801501657614207
597 -0.7812559945199042
598 -0.781281881658268
599 -0.7813843051816324
600 -0.7784562459303694
601 -0.7751484846991964
602 -0.777068788845472
603 -0.7761744685176485
604 -0.7731270571720953
605 -0.7704365478157658
606 -0.7684765082543574
607 -0.7690648650081474
608 -0.7686839462034131
609 -0.7661944514533723
610 -0.7634752638330761
611 -0.7620548313652302
612 -0.7584638508730535
613 -0.7569684172771407
614 -0.7576776613821549
615 -0.7565527152977818
616 -0.7589943450732688
617 -0.7623366794755003
618 -0.762806838428647
619 -0.7592705317673445
620 -0.7556828943237778
621 -0.752077838917455
622 -0.7487517222869657
623 -0.7484485498385356
624 -0.7460181344668937
625 -0.744951260939662
626 -0.7439090020483132
627 -0.7409418791372554
628 -0.7422732287093674
629 -0.7470681351008559
630 -0.7489249778085396
631 -0.7434456060541208
632 -0.7378354509444803
633 -0.7388266515883073
634 -0.7415680993598277
635 -0.7406705834557822
636 -0.7350272986372841
637 -0.732348601505173
638 -0.7302236489119474
639 -0.7264154458220291
640 -0.7241075087362008
641 -0.7232724152591652
642 -0.7202523178803661
643 -0.7182950235471945
644 -0.7187167679060338
645 -0.717202597947519
646 -0.7141609564467031
647 -0.7121089246551245
648 -0.7116517878974995
649 -0.7112362500243403
650 -0.7096285525787216
651 -0.7066691714102775
652 -0.7024746049565178
653 -0.698311632954683
654 -0.6950211744042014
655 -0.6944232039614464
656 -0.6956131008439785
657 -0.6906413148705453
658 -0.6867150224085274
659 -0.6891058733247566
660 -0.6892771012707977
661 -0.6854973664412806
662 -0.6841602401709101
663 -0.6821344764809824
664 -0.6780187647798068
665 -0.673345136483119
666 -0.6702421138701311
667 -0.6683871346317805
668 -0.6663019731313443
669 -0.6655874417199023
670 -0.6628925434498592
671 -0.659974761165881
672 -0.6572759008427772
673 -0.6530223175417955
674 -0.6483313797108952
675 -0.6452699559823734
676 -0.6438119423607789
677 -0.6413472888839988
678 -0.638063089570085
679 -0.6323165453666842
680 -0.6277233696106916
681 -0.6275586206850741
682 -0.6251601807286434
683 -0.6204875982970588
684 -0.618442654750065
685 -0.6195258476240619
686 -0.620006391973037
687 -0.6162342347799337
688 -0.6111033056194213
689 -0.6078306459949824
690 -0.6048857207039702
691 -0.6031859225996383
692 -0.6017120331257423
693 -0.6012462103354224
694 -0.5994240423738203
695 -0.5984261901263518
696 -0.5976642899857063
697 -0.5934491793776676
698 -0.5908248307908006
699 -0.5879321066371692
700 -0.5829882255973429
701 -0.5764505579198439
702 -0.575199654034906
703 -0.5772925113805896
704 -0.5767042103044562
705 -0.5745596968908779
706 -0.5737387867565311
707 -0.5742754317647705
708 -0.571928431019147
709 -0.5703063861246392
710 -0.5681940190859924
711 -0.5661879291952272
712 -0.5656560013131016
713 -0.564218049307477
714 -0.5627657498529639
715 -0.5610311685740073
716 -0.560455896546916
717 -0.5633844383364881
718 -0.559875554070483
719 -0.5543788727818517
720 -0.5540843306884595
721 -0.5569994234218574
722 -0.5607797704023045
723 -0.5628591161606372
724 -0.5632776717967763
725 -0.5598881396250615
726 -0.5573270952241075
727 -0.5565994331886004
728 -0.5573716102965303
729 -0.5611411238364197
730 -0.5612844927462197
731 -0.5610797541280346
732 -0.5664283884245976
733 -0.5678881639405023
734 -0.5663028298446271
735 -0.5662423304913586
736 -0.5703224856875484
737 -0.5738425286797421
738 -0.5756281682062203
739 -0.5810037814036169
740 -0.5826241269349911
741 -0.5850082819737104
742 -0.5886726726593647
743 -0.5888563289073043
744 -0.5931989257193215
745 -0.5995349878236795
746 -0.6070643569406229
747 -0.6126335223899585
748 -0.6174794772486779
749 -0.6226361753387212
750 -0.6268809710319849
751 -0.6324935431574628
752 -0.637558311548513
753 -0.6411717179216104
754 -0.6452942453326266
755 -0.651283836740955
756 -0.6562147971602831
757 -0.6583168940851656
758 -0.6630577192361294
759 -0.6693688941698606
760 -0.6799401773223631
761 -0.6861696828905754
762 -0.6855620447046966
763 -0.6878199137304508
764 -0.6913130305726973
765 -0.6948041227661808
766 -0.7011762239138333
767 -0.7055305313750455
768 -0.7069176074966566
769 -0.7110104566759683
770 -0.7156812772132425
771 -0.71781766792092
772 -0.7238731934613338
773 -0.7296899132381447
774 -0.7349787756144337
775 -0.7404045096227913
776 -0.742382803008493
777 -0.7461388049610308
778 -0.7512526414444175
779 -0.7539070492262754
780 -0.7563011461663588
781 -0.7580957901576413
782 -0.760748981114675
783 -0.7624558674635911
784 -0.7641828085749567
785 -0.766496515505522
786 -0.7693968798267443
787 -0.7726353013460452
788 -0.7744732435849264
789 -0.773447913264504
790 -0.7708922577450007
791 -0.7710505719240636
792 -0.7746127031925529
793 -0.77728288525169
794 -0.7818857860519606
795 -0.7848755058036592
796 -0.7873705994387171
797 -0.7863204903762113
798 -0.7862527943498152
799 -0.7901545180733162
800 -0.79151450686555
801 -0.7940482372997499
802 -0.7960360802197426
803 -0.7929453706265901
804 -0.7902876725470093
805 -0.7921762181351607
806 -0.793566755514215
807 -0.7950160303522278
808 -0.7962658883720624
809 -0.7963822158498519
810 -0.7950316405233069
811 -0.796783632911499
812 -0.7961193307395612
813 -0.793228425781394
814 -0.7948405678183827
815 -0.7973040211041498
816 -0.799642181491169
817 -0.7995229378254217
818 -0.7965160238215743
819 -0.7930531273537489
820 -0.7925829684006022
821 -0.7962975355748737
822 -0.8007405937926684
823 -0.8061185878888268
824 -0.8110544363939878
825 -0.8082545236982532
826 -0.8010493651261159
827 -0.7987403264975277
828 -0.8008906029023231
829 -0.8008068698441948
830 -0.8030776526369272
831 -0.8035245681049241
832 -0.8034940820492803
833 -0.8076593443811015
834 -0.8042668501240633
835 -0.7989357353652788
836 -0.7968164900856135
837 -0.7941878678670972
838 -0.7941807727689922
839 -0.793027466852762
840 -0.7925830240782589
841 -0.7939017324181363
842 -0.7956674187571875
843 -0.7994421043214404
844 -0.802403355812738
845 -0.8023615859685518
846 -0.7977953959669134
847 -0.7980012888787456
848 -0.7996134934469115
849 -0.8005350818441228
850 -0.8026231526789956
851 -0.801098768284373
852 -0.800082225571668
853 -0.7975671230715272
854 -0.7952632564673033
855 -0.7964771701653452
856 -0.7964542617461158
857 -0.7963334202922584
858 -0.7948492538510775
859 -0.7950217445193085
860 -0.7973830927138208
861 -0.7993977602087374
862 -0.8007407578988683
863 -0.8003999554725536
864 -0.8003323610211801
865 -0.7993687468788502
866 -0.8002705989457216
867 -0.8006402505957242
868 -0.7986196032525039
869 -0.7988684134486488
870 -0.7982458811208973
871 -0.7984688667098554
872 -0.7967775905320181
873 -0.7955711460418472
874 -0.7963535834832509
875 -0.7951066485048943
876 -0.7973140714340576
877 -0.7983838611492468
878 -0.8004301230960877
879 -0.8027885551026425
880 -0.8021426708611983
881 -0.8030430335685022
882 -0.8019616025888155
883 -0.800851322385441
884 -0.801577767596124
885 -0.8004532024750377
886 -0.7997383985288525
887 -0.7990367320602528
888 -0.79882973075214
889 -0.7981954877751933
890 -0.7975655878145934
891 -0.7978031377095275
892 -0.7966540038499239
893 -0.7951336830833845
894 -0.7967950641724304
895 -0.7963495755328237
896 -0.7920263174540496
897 -0.7902403038178059
898 -0.792650828533198
899 -0.7935422493068752
900 -0.7947846312653181
901 -0.7948968951150241
902 -0.7940553782952213
903 -0.7946779731541498
904 -0.7965564684123936
905 -0.7957281906451987
906 -0.7914021873381873
907 -0.7904086155758892
908 -0.7911050641227582
909 -0.7910128550355019
910 -0.7895444628716
911 -0.7904204278001075
912 -0.7901269941029962
913 -0.7909939545666993
914 -0.7933797005400084
915 -0.7946940199661723
916 -0.7950450436821153
917 -0.7926133558079929
918 -0.7892150291750397
919 -0.788953462464596
920 -0.7909109209039673
921 -0.7911235836282742
922 -0.7907926146747806
923 -0.7913147022305645
924 -0.7917635964499588
925 -0.7912385927062171
926 -0.7899369213658091
927 -0.7921273141490237
928 -0.7940858184534989
929 -0.7946564915633103
930 -0.7972379091588232
931 -0.7957480354040821
932 -0.7947141831571647
933 -0.7920740671465395
934 -0.7890943586809029
935 -0.7892282682276485
936 -0.7893189420579713
937 -0.7906331989529577
938 -0.7917301316751807
939 -0.794202100033922
940 -0.796658675078671
941 -0.7938227164861212
942 -0.7892393185252933
943 -0.7880678740668334
944 -0.7887553571927439
945 -0.7871169011567382
946 -0.7905454969882484
947 -0.7908320134004961
948 -0.7869533065247681
949 -0.7840267825304386
950 -0.7840296987183959
951 -0.7877603127046897
952 -0.7896182012774766
953 -0.7879438536705654
954 -0.788378400441071
955 -0.7888961449805076
956 -0.7881623946681533
957 -0.7905255506543424
958 -0.789879876416464
959 -0.7863648413424349
960 -0.7876091395210977
961 -0.7883239434672832
962 -0.7889001070335684
963 -0.7918597607367557
964 -0.7941551122680053
965 -0.7929396007818525
966 -0.792115393496262
967 -0.7941735760958644
968 -0.7953009489763648
969 -0.7942725481420755
970 -0.793699129804027
971 -0.7906203408636361
972 -0.787369998691574
973 -0.7888586165776461
974 -0.7921390179446987
975 -0.7926118205510595
976 -0.7927857380476806
977 -0.7927685369420115
978 -0.7922379343132532
979 -0.7926378620153327
980 -0.791836625680149
981 -0.792671991691928
982 -0.7958762835346331
983 -0.7961004859484153
984 -0.7945945585281313
985 -0.7942324845145429
986 -0.7933496413450174
987 -0.7911765580960154
988 -0.7915046108615518
989 -0.7921100046148112
990 -0.7924160863976782
991 -0.7944353069125083
992 -0.7938515657098087
993 -0.7916654534117645
994 -0.7905007162346027
995 -0.7919203128409109
996 -0.7922034236733714
997 -0.7929811996663183
998 -0.7944986667760776
999 -0.7939479468536923
1000 -0.7915889629241306
1001 -0.7926763347082755
1002 -0.7965179957194508
1003 -0.7937262796645812
1004 -0.7918492112347277
1005 -0.7944481093241734
1006 -0.7967333020969719
1007 -0.7972754444152057
1008 -0.7947140190509648
1009 -0.7931650659178247
1010 -0.7955670755602428
1011 -0.7966528495562768
1012 -0.7948778862176782
1013 -0.7954259068091929
1014 -0.7966828530736112
1015 -0.7976790616356032
1016 -0.7999081996465035
1017 -0.8007397120337649
1018 -0.7970333873977247
1019 -0.7946936917537721
1020 -0.7967262597497538
1021 -0.7953339771101999
1022 -0.7949985567118155
1023 -0.7970323415326213
1024 -0.7976075676623464
1025 -0.7961374692817905
1026 -0.7958142489244316
1027 -0.7957714332151413
1028 -0.7917085944066846
1029 -0.7922664484710202
1030 -0.7953225458492682
1031 -0.7991030012582587
1032 -0.8008097791786317
1033 -0.8015833205837746
1034 -0.8009880396916003
1035 -0.8000161204798619
1036 -0.7974837084455086
1037 -0.7950447154697153
1038 -0.7951528004092737
1039 -0.7950148203809243
1040 -0.7945171306039369
1041 -0.7945890055404805
1042 -0.7952533077124182
1043 -0.7963376548800623
1044 -0.7966527411277335
1045 -0.7943446399357055
1046 -0.7920450538166519
1047 -0.7919430112565744
1048 -0.7939766876488363
1049 -0.7946539563386397
1050 -0.7934671856476312
1051 -0.7946896212721679
1052 -0.7969618934244675
1053 -0.7973686993675657
1054 -0.7980788809091399
1055 -0.7981451569606665
1056 -0.7988486312209426
1057 -0.7961837364682337
1058 -0.7945829631609999
1059 -0.796458433802743
1060 -0.7973848546081314
1061 -0.7961636748522637
1062 -0.7925510486630477
1063 -0.7941578018185855
1064 -0.7941966554748149
1065 -0.793454219129766
1066 -0.7954331591599766
1067 -0.7953513423220688
1068 -0.7939722362039459
1069 -0.7910715993479803
1070 -0.7897600876812305
1071 -0.7910230763251298
1072 -0.7910417042591892
1073 -0.7897945983211123
1074 -0.791546318174561
1075 -0.7936227477449361
1076 -0.7953754675661225
1077 -0.7987421372159738
1078 -0.7984961806766093
1079 -0.7970449270871998
1080 -0.7969975583579965
1081 -0.7979870596386902
1082 -0.7984199627237184
1083 -0.7972451126854713
1084 -0.7956041673221614
1085 -0.7952114362932092
1086 -0.797862046128206
1087 -0.7995187032376175
1088 -0.7976647767178914
1089 -0.7974505162054737
1090 -0.7967992430825782
1091 -0.7970625091561552
1092 -0.7959465675365868
1093 -0.7949858070510368
1094 -0.7961851632966241
1095 -0.7980819055256406
1096 -0.7998377515383498
1097 -0.7997429056513996
1098 -0.7973816658854309
1099 -0.7950116316582239
1100 -0.7943687651797592
1101 -0.7966283433489368
1102 -0.7962905586856018
1103 -0.7919544425175058
1104 -0.790063470133227
1105 -0.7914514722876108
1106 -0.7927600218690372
1107 -0.794090161469846
1108 -0.7944293729615708
1109 -0.794783040330728
1110 -0.7969805213585269
1111 -0.7972853931700904
1112 -0.7975498135373147
1113 -0.7979003478614279
1114 -0.7999528231474697
1115 -0.8014186800867008
1116 -0.7946333565067039
1117 -0.792188531154996
1118 -0.7950105857931202
1119 -0.7968096284784061
1120 -0.7970882253347988
1121 -0.7958499138579601
1122 -0.7978289623167143
1123 -0.798034536796437
1124 -0.7977668192779691
1125 -0.7992179019076583
1126 -0.7985363527326852
1127 -0.7973530891964868
1128 -0.7931539071916363
1129 -0.7896995883279624
1130 -0.7914644388054759
1131 -0.7928549761845306
1132 -0.7944164064437059
1133 -0.7963506213979274
1134 -0.7971860958382494
1135 -0.7974060636642275
1136 -0.7976606505586304
1137 -0.7986771307401586
1138 -0.8009705660511878
1139 -0.8054732946142346
1140 -0.8065160428974127
1141 -0.8025726577582688
1142 -0.7983203371794779
1143 -0.797145759675974
1144 -0.7973400670009647
1145 -0.7972579707747932
1146 -0.7966640082824654
1147 -0.7963865588661994
1148 -0.7950737287996028
1149 -0.7937650707896333
1150 -0.7926663302757337
1151 -0.7936572583848178
1152 -0.7947488022255896
1153 -0.7943862388201717
1154 -0.7943459583355524
1155 -0.7942138565804835
1156 -0.7936400572791485
1157 -0.7928503606334403
1158 -0.7947370984299147
1159 -0.7977915980200525
1160 -0.799416388142797
1161 -0.8003423654537217
1162 -0.8010715627461622
1163 -0.8012986188167246
1164 -0.8015688715598632
1165 -0.8035765523852183
1166 -0.8029509954409658
1167 -0.8009579804966095
1168 -0.7983810533898328
1169 -0.7957390211589879
1170 -0.7981524620623374
1171 -0.8006405231304672
1172 -0.7978473802472072
1173 -0.7976589443419766
1174 -0.7976059767277563
1175 -0.798545084662746
1176 -0.7980877837989215
1177 -0.7972706647579154
1178 -0.798503104814994
1179 -0.8011134341653714
1180 -0.8006502550282656
1181 -0.7984383181230346
1182 -0.7974304614430244
1183 -0.7964313992242524
1184 -0.7947444035315857
1185 -0.7936568217438752
1186 -0.798231425243465
1187 -0.8028160331755967
1188 -0.80250963296062
1189 -0.7999484175999453
1190 -0.7949123411799036
1191 -0.7949412919786139
1192 -0.7960644928024871
1193 -0.7978850170786125
1194 -0.7991159677761238
1195 -0.7979206820121407
1196 -0.7990150795096932
1197 -0.8001398155904996
1198 -0.8002532894115091
1199 -0.7997671393239966
1200 -0.7996363559687747
1201 -0.7993645679687025
1202 -0.7979195277184943
1203 -0.7962342313889607
1204 -0.7923383859387408
1205 -0.7924665256407486
1206 -0.7934200894531709
1207 -0.7935595588410878
1208 -0.7941231827501607
1209 -0.7929552109529318
1210 -0.7955209168023427
1211 -0.796586744464471
1212 -0.7947125922225745
1213 -0.794263806431724
1214 -0.7958631529105684
1215 -0.7974652446176494
1216 -0.7965518528613031
1217 -0.795460309020531
1218 -0.7956991773153117
1219 -0.7949832259289998
1220 -0.7942295683265854
1221 -0.7922261220890348
1222 -0.7939722362039459
1223 -0.7941795100468019
1224 -0.790861635954544
1225 -0.78919354073068
1226 -0.7874983650309587
1227 -0.7861238744639264
1228 -0.782328746320417
1229 -0.7786717691649775
1230 -0.7790387771617656
1231 -0.7778998186944241
1232 -0.7782061104808572
1233 -0.7775301601909013
1234 -0.7762042551778963
1235 -0.7758407474823975
1236 -0.7712980735006519
1237 -0.7663914483289438
1238 -0.7615066466675162
1239 -0.7586321626311369
1240 -0.7552774693117037
1241 -0.751139059194865
1242 -0.7444017509885801
1243 -0.7380804241499181
1244 -0.7347000536956869
1245 -0.728476107968646
1246 -0.7262990558130624
1247 -0.7244700721416194
1248 -0.7222798434646045
1249 -0.7208105070106219
1250 -0.7168184904200845
1251 -0.7123388969136438
1252 -0.7107631748832363
1253 -0.7084351830349589
1254 -0.7057502266662802
1255 -0.7037140775805242
1256 -0.7033834895903174
1257 -0.7030497754085867
1258 -0.7046055442515677
1259 -0.7079734307262431
1260 -0.7119365980930935
1261 -0.7143379542374814
1262 -0.7159642796171595
1263 -0.7169248759965092
1264 -0.7178797025311221
1265 -0.7194470110635782
1266 -0.7215924619137168
1267 -0.7244528182850631
1268 -0.7244629311461479
1269 -0.7220152521376599
1270 -0.718781173634707
1271 -0.716901905046103
1272 -0.714652876378953
1273 -0.7124570947142879
1274 -0.7108048821962457
1275 -0.7083958399868999
1276 -0.7082323078861068
1277 -0.7076792168452509
1278 -0.7004510414253404
1279 -0.6972025070449551
1280 -0.6992796985419032
1281 -0.6996388104701682
1282 -0.7009962640377312
1283 -0.7030888947460383
1284 -0.701013409465744
1285 -0.7024111894152922
1286 -0.7057215942996796
1287 -0.7090087098015507
1288 -0.7146616639866707
1289 -0.7169477385183728
1290 -0.7198238134893418
1291 -0.7228064840403021
1292 -0.7214657490400989
1293 -0.7237179038987718
1294 -0.7255444148767216
1295 -0.7251384447951608
1296 -0.7275155047357755
1297 -0.7293954336759297
1298 -0.7303040389214652
1299 -0.7292249790602494
1300 -0.734673956553757
1301 -0.7405339745781664
1302 -0.7435894184583851
1303 -0.7481953897725226
1304 -0.749545489414279
1305 -0.754233231668958
1306 -0.7585214965695416
1307 -0.7628614038309783
1308 -0.7631964432660762
1309 -0.7614177347315035
1310 -0.758668152850296
1311 -0.7576626672887564
1312 -0.7637341312126493
1313 -0.7708641245505201
1314 -0.7760003800613067
1315 -0.7776046787806588
1316 -0.7823229764756795
1317 -0.7871204083115481
1318 -0.790168592987462
1319 -0.7946909396720149
1320 -0.8001570166961689
1321 -0.8049110350023747
1322 -0.8064969783224107
1323 -0.8086797309380338
1324 -0.8098128805167921
1325 -0.8125741564133843
1326 -0.8123309451022566
1327 -0.8110235039171114
1328 -0.8129250160231278
1329 -0.8126732896390254
1330 -0.8126627958146542
1331 -0.8156872362098005
1332 -0.8188553180494912
1333 -0.8196974997711113
1334 -0.8217322220284768
1335 -0.8242175378683702
1336 -0.8222704648248271
1337 -0.8174313784268354
1338 -0.8136422369851499
1339 -0.8129591984506097
1340 -0.8158828062569816
1341 -0.8196375454873291
1342 -0.821441914522889
1343 -0.8224484528030525
1344 -0.8239816316589132
1345 -0.8224601009210709
1346 -0.8212649167321106
1347 -0.8210307724169639
1348 -0.8213113480247536
1349 -0.8198687804680393
1350 -0.820077208604542
1351 -0.8224687244225884
1352 -0.8245005930231739
1353 -0.8262047272903329
1354 -0.8251420326732489
1355 -0.8229488321306201
1356 -0.8223132707538265
1357 -0.8237961187951609
1358 -0.8244777305013109
1359 -0.8242589169689796
1360 -0.8250541109246823
1361 -0.8268747436293515
1362 -0.8281559792440237
1363 -0.8282091178179645
1364 -0.827396722756592
1365 -0.825356230654489
1366 -0.8228109605308144
1367 -0.8214259761394103
1368 -0.8212421167414242
1369 -0.8229148665602252
1370 -0.8199621995265989
1371 -0.8194198862486446
1372 -0.8213946542222289
1373 -0.8219901060741239
1374 -0.8214851570928317
1375 -0.81964277026258
1376 -0.8216735304668853
1377 -0.8233505217270103
1378 -0.8226813871468956
1379 -0.8229172376786955
1380 -0.8250442705983413
1381 -0.8248787665996713
1382 -0.8259861306150884
1383 -0.8257602288381732
1384 -0.8261741230258556
1385 -0.8293841847132983
1386 -0.8301004154878735
1387 -0.828416171876964
1388 -0.829070413938704
1389 -0.833578475705545
1390 -0.8419147494273876
1391 -0.8521820425272306
1392 -0.8593183065054557
1393 -0.8689488282572015
1394 -0.8764235762941572
1395 -0.8809455488689446
1396 -0.8891295410109146
1397 -0.8961800719955375
1398 -0.9031797202426263
1399 -0.9137993623117794
1400 -0.9248777946043246
1401 -0.9333649064438382
1402 -0.9374486886271686
1403 -0.937353297670732
1404 -0.9385025399588791
1405 -0.9395856703016986
1406 -0.9354151831946268
1407 -0.9319095266951678
1408 -0.925651171903268
1409 -0.918938488113157
1410 -0.9135985147384603
1411 -0.899912672210264
1412 -0.8816039756943707
1413 -0.862236682683056
1414 -0.832592057645778
1415 -0.8016891610907138
1416 -0.7756464401574062
1417 -0.7469486745780223
1418 -0.715282670837779
1419 -0.6782598918377636
1420 -0.6364507336027789
1421 -0.5914581324044363
1422 -0.5340746915548775
1423 -0.4791713710335165
1424 -0.4259058140062857
1425 -0.37753074124075403
1426 -0.3471411361567385
1427 -0.32662647410690016
1428 -0.3012846788996969
1429 -0.2808524038680812
1430 -0.2638465078754143
1431 -0.23213783859906367
1432 -0.20196318819283876
1433 -0.16840286154266992
1434 -0.13063368807129638
1435 -0.0978315140625452
1436 -0.07311290405760684
1437 -0.05868861487748156
1438 -0.047741038251625456
1439 -0.04457492145629094
1440 -0.041592576190960795
1441 -0.04239018716250098
1442 -0.051888062089691656
1443 -0.07096042064054087
1444 -0.09801202586165392
1445 -0.12872150370415136
1446 -0.16801869248403944
1447 -0.2162701411471285
1448 -0.27799966517697605
1449 -0.3509861086497148
1450 -0.42920854160602395
1451 -0.5001559198050494
1452 -0.5582042857577474
1453 -0.6044824948506652
1454 -0.643026266372557
1455 -0.6796538806939716
1456 -0.7075648199182376
1457 -0.7325609946215061
1458 -0.7575050652121494
1459 -0.7755531393076798
1460 -0.7892277260849314
1461 -0.8039429694151541
1462 -0.8179480243502817
1463 -0.8266187299065582
1464 -0.8342798725661713
1465 -0.8433941391380471
1466 -0.8517188663168942
1467 -0.8535163180675898
1468 -0.8513033811946218
1469 -0.8434268878836186
1470 -0.8370149497458109
1471 -0.8348920706254844
1472 -0.8245395551079463
1473 -0.8144314442390291
1474 -0.8080242759782211
1475 -0.8034513190908776
1476 -0.8009461682723911
1477 -0.8007338337604837
1478 -0.796277592167737
1479 -0.7881063399062551
1480 -0.7818827126113237
1481 -0.7798196861997568
1482 -0.7767207897460296
1483 -0.7731816225744266
1484 -0.7700182647143698
1485 -0.7668590789109404
1486 -0.7625505492443415
1487 -0.7614003695196345
1488 -0.76165077750389
1489 -0.7610018686459445
1490 -0.7634781174898563
1491 -0.7665369600963414
1492 -0.7679662886004478
1493 -0.7676238883860227
1494 -0.7666316418770917
1495 -0.7671020176873249
1496 -0.7673333083456916
1497 -0.768539923795583
1498 -0.7704485241461839
1499 -0.7675690504489483
1500 -0.7669578868509515
1501 -0.7691499789972994
1502 -0.7671868132443675
1503 -0.766533771373641
1504 -0.7664592596374038
1505 -0.767025691305891
1506 -0.7672054411784267
1507 -0.7686393227024466
1508 -0.7671593908490701
1509 -0.7664662394534445
1510 -0.7666275713954875
1511 -0.764963717612948
1512 -0.7643855752952655
1513 -0.7647278114034912
1514 -0.767435350905769
1515 -0.7711108016693581
1516 -0.7738480148530741
1517 -0.7695829377599835
1518 -0.7576437140690673
1519 -0.7535558516238423
1520 -0.7544077538394731
1521 -0.7552946147397163
1522 -0.7582339342921904
1523 -0.7595382492858125
1524 -0.7585702921271352
1525 -0.7577350345438999
1526 -0.756045293622996
1527 -0.7552612583934813
1528 -0.7585775972288062
1529 -0.7614178988377033
1530 -0.7606166625025195
1531 -0.7590231942969563
1532 -0.7584120306989592
1533 -0.7593411967325847
1534 -0.760156609556937
1535 -0.7578570859690605
1536 -0.756094144858246
1537 -0.7528386931929969
1538 -0.7507319250393668
1539 -0.7492045160282437
1540 -0.7518564442630871
1541 -0.7545616195004146
1542 -0.7532670364045907
1543 -0.7521654881312778
1544 -0.7520778389174553
1545 -0.7522114300320909
1546 -0.7540926705185714
1547 -0.7532629659229868
1548 -0.7493038690377407
1549 -0.747671819710692
1550 -0.746486919342537
1551 -0.747989713717777
1552 -0.7491099983536931
1553 -0.7486468192165874
1554 -0.7479191571810804
1555 -0.7465646198014746
1556 -0.7455580815213113
1557 -0.7435750710094964
1558 -0.7420233657945985
1559 -0.7404475421891681
1560 -0.7393188440553005
1561 -0.7361131253842053
1562 -0.7365115178293515
1563 -0.7390212314480414
1564 -0.7387392290118617
1565 -0.7382989582939856
1566 -0.7378747412416522
1567 -0.7393115389536298
1568 -0.7392223544828735
1569 -0.7374534335237557
1570 -0.7362989107827009
1571 -0.7336156606306767
1572 -0.7309954909539571
1573 -0.7295775937107822
1574 -0.729807838504045
1575 -0.7300754475939695
1576 -0.7284143390396668
1577 -0.7272279493119445
1578 -0.7276091406514222
1579 -0.7277486100393391
1580 -0.7289192254897818
1581 -0.729275638087176
1582 -0.7301282052046238
1583 -0.7325603824705762
1584 -0.7313150843241758
1585 -0.7271155213560387
1586 -0.7268451601843565
1587 -0.7290703986733735
1588 -0.7290978142151503
1589 -0.7235609149730766
1590 -0.7206749439981095
1591 -0.7199692070479057
1592 -0.718672042830045
1593 -0.7188072707766368
1594 -0.7170715420575537
1595 -0.7162086452219343
1596 -0.7153043204615692
1597 -0.7143035520261435
1598 -0.7119062663633591
1599 -0.7105961815249994
1600 -0.7109457784125526
1601 -0.7114908369187434
1602 -0.711646018052762
1603 -0.7118357098266623
1604 -0.7128913161991626
1605 -0.7132409130867156
1606 -0.7114260502267842
1607 -0.70903019139239
1608 -0.7081876287074834
1609 -0.7085256859055614
1610 -0.7085140377875432
1611 -0.7083702879144562
1612 -0.7079333143478239
1613 -0.7049664639715089
1614 -0.7028137080196994
1615 -0.7019527899354769
1616 -0.6991299619669922
1617 -0.6949536424840055
1618 -0.6937861532250857
1619 -0.6938023084656514
1620 -0.6925222828222823
1621 -0.6907777596419613
1622 -0.6908543585581388
1623 -0.6900203109462069
1624 -0.6874371871340397
1625 -0.6885836773404289
1626 -0.6887378126093442
1627 -0.6855391821828332
1628 -0.6845987489944763
1629 -0.6846135858351947
1630 -0.683192663975519
1631 -0.6803480818814516
1632 -0.6803166974330935
1633 -0.6790209600436228
1634 -0.6780775647699422
1635 -0.6771949941351594
1636 -0.6726378642759818
1637 -0.6674608847861123
1638 -0.6644425951989896
1639 -0.6632836835442217
1640 -0.6632537884554304
1641 -0.6613999635107269
1642 -0.6587566128800348
1643 -0.6604696431834544
1644 -0.660465362698284
1645 -0.6598266682764466
1646 -0.6588431009466897
1647 -0.6564907113196154
1648 -0.6531963991446169
1649 -0.6469941518655019
1650 -0.6434694864686972
1651 -0.6424758688090325
1652 -0.6440709279491859
1653 -0.6434254178175074
1654 -0.6379735241360422
1655 -0.633033986112563
1656 -0.6294668469259093
1657 -0.6252519463214368
1658 -0.6210856312709909
1659 -0.6219717647382399
1660 -0.6224193962354435
1661 -0.6192123523109805
1662 -0.6142768847691056
1663 -0.6116858368508173
1664 -0.6097633256922705
1665 -0.6073705471520336
1666 -0.6047520768384479
1667 -0.5997259979974267
1668 -0.5966300636290232
1669 -0.5951234713069221
1670 -0.5920515537540287
1671 -0.5902049880136295
1672 -0.5917325611309528
1673 -0.5903809399393046
1674 -0.5878655580508998
1675 -0.5848915110014572
1676 -0.5851162584847256
1677 -0.5840252597134399
1678 -0.5773625785254566
1679 -0.5715656409763521
1680 -0.5694032156579212
1681 -0.5692484711648453
1682 -0.565126989618933
1683 -0.558500245899221
1684 -0.5558344068564316
1685 -0.5546613187124948
1686 -0.554367878161863
1687 -0.553376733195692
1688 -0.5541751158740957
1689 -0.5546125719790373
1690 -0.5495487478780678
1691 -0.5468397746938791
1692 -0.5443195558470306
1693 -0.5375733516044847
1694 -0.5332737179741467
1695 -0.5320706722102422
1696 -0.5288779757346684
1697 -0.5267353326439437
1698 -0.5264436998849882
1699 -0.5228901462206506
1700 -0.5214825718421264
1701 -0.5186828232525915
1702 -0.5151449813343556
1703 -0.5154803948792193
1704 -0.5145215047165232
1705 -0.5121770782394163
1706 -0.5103406253601019
1707 -0.5116053133671348
1708 -0.5088715614408627
1709 -0.5031448619963458
1710 -0.5020581437102308
1711 -0.5002264148105506
1712 -0.49752283050781254
1713 -0.494997615146587
1714 -0.49387002540899994
1715 -0.4958862838385063
1716 -0.4977474695625378
1717 -0.49540040628573734
1718 -0.49093927660715675
1719 -0.490341352061768
1720 -0.490938503276796
1721 -0.48974623527579364
1722 -0.4881282608628903
1723 -0.4881282608628901
1724 -0.4897693146547437
1725 -0.491064943615671
1726 -0.490630232738966
1727 -0.4931211543173968
1728 -0.49628631996912975
1729 -0.4969156289628768
1730 -0.5017778406371843
1731 -0.5052535395166751
1732 -0.5062351906262118
1733 -0.5095602613915975
1734 -0.5096768682576509
1735 -0.5072390295755047
1736 -0.5072765023007093
1737 -0.5091964323372193
1738 -0.5120378882397636
1739 -0.5152114673894481
1740 -0.5191917801843107
1741 -0.5245367432198642
1742 -0.5312333899782431
1743 -0.5390504298010813
1744 -0.5463180681013817
1745 -0.5515203271289515
1746 -0.5573371553343052
1747 -0.5631842527382163
1748 -0.5644292852033941
1749 -0.5671528617374039
1750 -0.5684599288127838
1751 -0.5712225299627433
1752 -0.5746090902688445
1753 -0.5756640499968355
1754 -0.5827650690486641
1755 -0.589801370793232
1756 -0.5958695444194013
1757 -0.6012231309564724
1758 -0.6051227812070741
1759 -0.6114659774533827
1760 -0.6176650428633175
1761 -0.6240880938299479
1762 -0.632972552249504
1763 -0.6382115106719188
1764 -0.6361586612761109
1765 -0.6362304805349979
1766 -0.6409117948966432
1767 -0.644325350737389
1768 -0.6489655142592986
1769 -0.6550815460065017
1770 -0.6597491319237089
1771 -0.663752415668978
1772 -0.6680306136058431
1773 -0.6709481233550785
1774 -0.6749828931237285
1775 -0.6809839157929889
1776 -0.6863118418290723
1777 -0.6880126857985083
1778 -0.6899308539407075
1779 -0.6928428663799481
1780 -0.6962998288968363
1781 -0.6995800661576898
1782 -0.7007375509840674
1783 -0.7009097691175556
1784 -0.7035832942253025
1785 -0.707471778896195
1786 -0.709330611759063
1787 -0.7144701644210936
1788 -0.718918163475609
1789 -0.7196340132868979
1790 -0.7198452950801812
1791 -0.7193967886775945
1792 -0.7198928806664713
1793 -0.71959802014097
1794 -0.7212318147285184
1795 -0.7216299346389221
1796 -0.7222135742665985
1797 -0.726080678921674
1798 -0.7266198660081048
1799 -0.7273776331359691
1800 -0.7272178364508596
1801 -0.7282100898133117
1802 -0.7321606090944056
1803 -0.7325412094670305
1804 -0.7351109857980455
1805 -0.7378838013841127
1806 -0.7362066001204216
1807 -0.736517451780289
1808 -0.7363048974845253
1809 -0.7340782946982959
1810 -0.7364122204975108
1811 -0.7402824123002643
1812 -0.7410487570322799
1813 -0.7386410859736676
1814 -0.7380588800279017
1815 -0.7396465158575505
1816 -0.7401137195788944
1817 -0.7431985967961323
1818 -0.7418911556109864
1819 -0.7404011108965248
1820 -0.7420712239156322
1821 -0.7406143714412052
1822 -0.7398575876472675
1823 -0.7422189358417798
1824 -0.7451397984199153
1825 -0.746311732270205
1826 -0.7438179013573376
1827 -0.7429781923292113
1828 -0.7426864579952333
1829 -0.7420090808768866
1830 -0.7417489409948326
1831 -0.7405869490459076
1832 -0.7396189918872302
1833 -0.741215422178117
1834 -0.7425672143294861
1835 -0.743172335548002
1836 -0.7453565775231927
1837 -0.7485692828638495
1838 -0.7511230680604991
1839 -0.7508986556431511
1840 -0.7510341004468297
1841 -0.747739414162065
1842 -0.7460553346573555
1843 -0.7480386177039138
1844 -0.7493213426781532
1845 -0.7503336439495333
1846 -0.7485518649010936
1847 -0.746287061956665
1848 -0.7432847635039082
1849 -0.7394307269417199
1850 -0.7369256288741207
1851 -0.7381611951227226
1852 -0.7388471498452203
1853 -0.7392581278449453
1854 -0.7407407033515364
1855 -0.7432430561908988
1856 -0.7448059132784641
1857 -0.7453048198802757
1858 -0.7477971614335762
1859 -0.74582690743606
1860 -0.7449180686996268
1861 -0.7434687938616142
1862 -0.741737237199158
1863 -0.741748776888633
1864 -0.7435118195744703
1865 -0.744945382666381
1866 -0.7465936331313618
1867 -0.746064286371273
1868 -0.7431345902880537
1869 -0.7452504644815108
1870 -0.7449759312532018
1871 -0.7417515846480469
1872 -0.7413145485502375
1873 -0.7399079809929715
1874 -0.7424607203245176
1875 -0.7440571506154041
1876 -0.7418247779844374
1877 -0.7423080118839924
1878 -0.7437247548335206
1879 -0.7431049677340059
1880 -0.7417157487547978
1881 -0.738888476194943
1882 -0.7389562806498823
1883 -0.7387292245793202
1884 -0.7376677399335394
1885 -0.7375857521359109
1886 -0.7379698596633457
1887 -0.7377513186657576
1888 -0.7359882759799206
1889 -0.7347155554382228
1890 -0.7341676432752517
1891 -0.7356864287848573
1892 -0.7363752371641354
1893 -0.7357579227581142
1894 -0.7375081073546299
1895 -0.7396194285281732
1896 -0.7386931786825051
1897 -0.7371413093614078
1898 -0.7371040534932892
1899 -0.738641466936954
1900 -0.7388297318824644
1901 -0.7389246861979577
1902 -0.7390583232099601
1903 -0.7389358449241463
1904 -0.7420350695902738
1905 -0.7424652274470649
1906 -0.7396018464592176
1907 -0.7365474552976232
1908 -0.7356158165705045
1909 -0.7360256402765823
1910 -0.7366166406835866
1911 -0.7375199195788482
1912 -0.7359479954953012
1913 -0.7344292099856956
1914 -0.7359063966108355
1915 -0.7371056444278791
1916 -0.7368883202551153
1917 -0.7382819212945163
1918 -0.73671016817069
1919 -0.7358917238763163
1920 -0.734515704905871
1921 -0.7343291393234941
1922 -0.7308762472882102
1923 -0.7282357503142983
1924 -0.7308258539425062
1925 -0.7333525586632995
1926 -0.7356404341331575
1927 -0.7342324856448676
1928 -0.7326030799710325
1929 -0.7325326318628789
1930 -0.7336084639575489
1931 -0.7351301031239348
1932 -0.7334327845666171
1933 -0.7337532596957395
1934 -0.7374308435366352
1935 -0.7382303805086857
1936 -0.7365602049584018
1937 -0.7371987909516959
1938 -0.7400537584415913
1939 -0.7384186454541959
1940 -0.7355292688994416
1941 -0.7336096182511955
1942 -0.734613785412888
1943 -0.733361182164817
1944 -0.7312126051231551
1945 -0.7316210478982093
1946 -0.7320063722504679
1947 -0.7353211132976819
1948 -0.7361537340812241
1949 -0.735640161598414
1950 -0.7343101304261481
1951 -0.7328578309716351
1952 -0.7310961066856451
1953 -0.7309998339703045
1954 -0.7324681177056628
1955 -0.732012197772862
1956 -0.7321346760586755
1957 -0.72935196446861
1958 -0.7273110914032198
1959 -0.7298984498031911
1960 -0.7322928818091948
1961 -0.7327441402935392
1962 -0.7330879116586979
1963 -0.7341302164474128
1964 -0.7360224056565154
1965 -0.741975006877948
1966 -0.7422724026281204
1967 -0.7381447771277041
1968 -0.7381167357279557
1969 -0.7339650934120296
1970 -0.7310656665273674
1971 -0.7327701817578125
1972 -0.7334187721836486
1973 -0.7336529164987948
1974 -0.7339189346541299
1975 -0.7352304463208794
1976 -0.736729012961836
1977 -0.7384901853248195
1978 -0.7404714505761351
1979 -0.7462400214398609
1980 -0.7455800622842709
1981 -0.7390781679688432
1982 -0.7363489133848283
1983 -0.7367532466344329
1984 -0.7400996446647483
1985 -0.7421285970773772
1986 -0.742021830537665
1987 -0.7424433023617616
1988 -0.7419747343432048
1989 -0.7388111039484053
1990 -0.7355582265516726
1991 -0.7331710537499734
1992 -0.7345546044594666
1993 -0.7362141777568361
1994 -0.7363621622177272
1995 -0.7358056724506046
1996 -0.7347629241674263
1997 -0.7347427609764334
1998 -0.736486238291651
1999 -0.7348940884859345
2000 -0.731686670451706
2001 -0.7358200657968597
2002 -0.7388171463278861
2003 -0.7388238536091836
2004 -0.738944632531864
2005 -0.7389016068190077
2006 -0.7387592837743111
2007 -0.7380590441341016
2008 -0.7368983705850232
2009 -0.7363016628644585
2010 -0.737587451499044
2011 -0.7360874648832179
2012 -0.735896175321207
2013 -0.7352835848948202
2014 -0.735162914400683
2015 -0.7355225616181437
2016 -0.7337936486089021
2017 -0.7355983986077484
2018 -0.7389551263562354
2019 -0.7394697447041488
2020 -0.7394203972235486
2021 -0.7407564776288154
2022 -0.7438013537496979
2023 -0.7420837010416668
2024 -0.7402986873731604
2025 -0.7447173823057378
2026 -0.7417893855856521
2027 -0.735726055771447
2028 -0.7353585303452307
2029 -0.7343202960381203
2030 -0.7357881988101922
2031 -0.7394480921535889
2032 -0.742045074022815
2033 -0.7426433795314902
2034 -0.7407653736650761
2035 -0.7369442568081799
2036 -0.7367847326578139
2037 -0.7394597402716074
2038 -0.7409177011423148
2039 -0.7416769576297462
2040 -0.741691350976001
2041 -0.7402704359698462
2042 -0.7412757574251858
2043 -0.7420393569289642
2044 -0.7429235184983367
2045 -0.7446031465581553
2046 -0.7449025210597249
2047 -0.742741187503764
2048 -0.7375309141988369
2049 -0.7357048926127172
2050 -0.7356577964182566
2051 -0.7341259359622427
2052 -0.7346134044496018
2053 -0.7360302558276731
2054 -0.7350765835867074
2055 -0.7337217736723585
2056 -0.7358373753310722
2057 -0.7368956253567863
2058 -0.7389791431717456
2059 -0.7413751104346828
2060 -0.7416482168346017
2061 -0.7407938419254771
2062 -0.7412871886861172
2063 -0.7417963097240361
2064 -0.7417186649427552
2065 -0.7409781448179263
2066 -0.7392696675344205
2067 -0.7386411944022109
2068 -0.739577557108964
2069 -0.7400823351305359
2070 -0.7391560852848676
2071 -0.7391992194262669
2072 -0.7398923708218923
2073 -0.7411793762813019
2074 -0.7424190130115083
2075 -0.7425857338350021
2076 -0.7421642620109052
2077 -0.7425671059009427
2078 -0.7424377493741108
2079 -0.7409477046596492
2080 -0.7413762647283297
2081 -0.7422522921880149
2082 -0.741593759860814
2083 -0.7396205271441636
2084 -0.7395323885385112
2085 -0.7439892377319215
2086 -0.7481140095755574
2087 -0.7441501887106778
2088 -0.7403203858210867
2089 -0.7414124190536884
2090 -0.742459401924671
2091 -0.7426561819431554
2092 -0.7427639943479707
2093 -0.7428632916798117
2094 -0.7434945100402578
2095 -0.7437461348493375
2096 -0.7453395405237235
2097 -0.744968462045331
2098 -0.7448461937630835
2099 -0.7440798490310676
2100 -0.7427569061033863
2101 -0.741530235891045
2102 -0.7410901361328894
2103 -0.7428647185082018
2104 -0.7448333356737616
2105 -0.7462267267095963
2106 -0.746833547291246
2107 -0.7457507979117125
2108 -0.7450663784461481
2109 -0.7438494401316054
2110 -0.746316957045456
2111 -0.7509768454939184
2112 -0.7502851209266831
2113 -0.7439196713826721
2114 -0.7422476209592677
2115 -0.7439219685661784
2116 -0.7433304328699786
2117 -0.745592592161193
2118 -0.7472795253226825
2119 -0.7455490770565069
2120 -0.7467085337807611
2121 -0.7457237564797012
2122 -0.7414393520571558
2123 -0.7410511740481169
2124 -0.7422997693457614
2125 -0.7420855713645211
2126 -0.739823241113586
2127 -0.7376244416859403
2128 -0.7393317021446224
2129 -0.738898861590771
2130 -0.7389145733368729
2131 -0.7385707462940576
2132 -0.7393386888141837
2133 -0.7420179769131475
2134 -0.7414799050765182
2135 -0.7423612588864765
2136 -0.7443530638595299
2137 -0.7464768621591086
2138 -0.7484166301009811
2139 -0.7492868877159279
2140 -0.7470581306683144
2141 -0.7412324591775865
2142 -0.7381089383076855
2143 -0.7394652375816017
2144 -0.7425717214520333
2145 -0.7426981617909078
2146 -0.739857479218724
2147 -0.7403782483746615
2148 -0.7434114763775259
2149 -0.7427611406911904
2150 -0.7428415307007086
2151 -0.7432674539696955
2152 -0.7427684457928617
2153 -0.7424029661994858
2154 -0.7431837668089339
2155 -0.7458242637828457
2156 -0.7459120214252117
2157 -0.7439329104352803
2158 -0.7434095044796496
2159 -0.7453799294368862
2160 -0.7455451150034462
2161 -0.7450690777770187
2162 -0.7453281092627917
2163 -0.7433190016090468
2164 -0.7437791561296518
2165 -0.744863503297296
2166 -0.7454058165752498
2167 -0.7452993684676477
2168 -0.7425594725868718
2169 -0.7451739739938765
2170 -0.747834588261415
2171 -0.7472032614724253
2172 -0.7445271454623511
2173 -0.7395470612730304
2174 -0.7393800610612727
2175 -0.7426174992466469
2176 -0.7462158405181509
2177 -0.7429421464323962
2178 -0.7404829345879533
2179 -0.7442813989265527
2180 -0.743766360571507
2181 -0.7454472444999956
2182 -0.7455335753139714
2183 -0.7448548797957781
2184 -0.7443086044647633
2185 -0.7404472696544249
2186 -0.7399297351185543
2187 -0.7397199885822046
2188 -0.7393401156425736
2189 -0.7405279321986862
2190 -0.7417719119452395
2191 -0.7424261012560927
2192 -0.7419429757850806
2193 -0.7417689957572822
2194 -0.740287745504059
2195 -0.7413347742724075
2196 -0.7422837225337388
2197 -0.7439659942467717
2198 -0.7478719525580768
2199 -0.748159514835428
2200 -0.7466018756695931
2201 -0.7453264098996584
2202 -0.7450289057209426
2203 -0.7448032764787709
2204 -0.74376629804033
2205 -0.7434569816373965
2206 -0.7457651912579675
2207 -0.7477639760470616
2208 -0.7487172673247406
2209 -0.7497956736879268
2210 -0.748589400157476
2211 -0.7478620565540786
2212 -0.742596836883534
2213 -0.7423653293680808
2214 -0.7465609302831566
2215 -0.7446882674008277
2216 -0.7422315213963582
2217 -0.7432198127057492
2218 -0.7458301420561266
2219 -0.7456688101140838
2220 -0.745403946252396
2221 -0.7464710923143711
2222 -0.7473182705503683
2223 -0.7458472347332525
2224 -0.7421528307499735
2225 -0.7390021668730393
2226 -0.7386484995038819
2227 -0.7392913200849806
2228 -0.7415534793761949
2229 -0.7420464451735483
2230 -0.7425551852481806
2231 -0.745622923890927
2232 -0.7454548846675866
2233 -0.7416493711282488
2234 -0.7392809346891522
2235 -0.7409148933829005
2236 -0.7408085703376526
2237 -0.7399888076434324
2238 -0.7371815898460272
2239 -0.7363261690717986
2240 -0.7371071796848124
2241 -0.7358269440378779
2242 -0.7377628583552327
2243 -0.7381972966971942
2244 -0.7353767314186372
2245 -0.7367387380061137
2246 -0.7380348104615044
2247 -0.7362140693282924
2248 -0.7331250590982733
2249 -0.7309120763279389
2250 -0.7297316205511539
2251 -0.7280879856372637
2252 -0.7258044463302321
2253 -0.7228508350065254
2254 -0.7193449685035002
2255 -0.716366959400997
2256 -0.714037369764609
2257 -0.7118586807770688
2258 -0.7108925870877245
2259 -0.7075465172698088
2260 -0.7008309700426276
2261 -0.6939529824771229
2262 -0.6884885032410795
2263 -0.6869111375251946
2264 -0.6864527380453794
2265 -0.6832791588956948
2266 -0.6768984801438909
2267 -0.6711262197618475
2268 -0.6696869425028555
2269 -0.6696885959686223
2270 -0.6696312784845341
2271 -0.6660617795831965
2272 -0.6623817230488067
2273 -0.6624255106882359
2274 -0.6598140270442115
2275 -0.6564456511777059
2276 -0.6569205341104865
2277 -0.6572862862386051
2278 -0.6536161716055802
2279 -0.6489409523743024
2280 -0.6484150111940006
2281 -0.649190150387254
2282 -0.6516601399945989
2283 -0.6566932611828374
2284 -0.6616220214434145
2285 -0.659228743731058
2286 -0.6538340034274817
2287 -0.6568227163579223
2288 -0.6609387631250181
2289 -0.663239007292368
2290 -0.663644386407076
2291 -0.6646500888257023
2292 -0.6604423917478774
2293 -0.6552420603443148
2294 -0.6547132655072332
2295 -0.6566778121911887
2296 -0.6570613218982502
2297 -0.6585140023160498
2298 -0.6579906979354415
2299 -0.6524194590132071
2300 -0.6508853817646316
2301 -0.6482652746190893
2302 -0.6472185183854837
2303 -0.6475267263921369
2304 -0.6430065867198553
2305 -0.6434450330122439
2306 -0.6488907758856848
2307 -0.6570772046040725
2308 -0.6667842725211088
2309 -0.6684923131636722
2310 -0.6656456966405508
2311 -0.6672365739437872
2312 -0.6699102631577337
2313 -0.6697847602554192
2314 -0.6699041123497098
2315 -0.6703571786257302
2316 -0.669397907499748
2317 -0.6702250768706619
2318 -0.6693361913216556
2319 -0.6687994378848727
2320 -0.6731916547122336
2321 -0.6754724487910282
2322 -0.6761448293949972
2323 -0.6801610796581317
2324 -0.688067468057926
2325 -0.6956888294050393
2326 -0.70099197669904
2327 -0.7041425848983179
2328 -0.7052628138565775
2329 -0.7056021337768459
2330 -0.7060149264217682
2331 -0.7082077918984766
2332 -0.7109960076520565
2333 -0.7174857546773457
2334 -0.7223676011069705
2335 -0.7284331310799259
2336 -0.7322755722749823
2337 -0.7340727973883017
2338 -0.7374921689711509
2339 -0.7432600931903683
2340 -0.7510930088655081
2341 -0.7558942943258946
2342 -0.7596215554832875
2343 -0.7614434509101466
2344 -0.7620990739029104
2345 -0.7645351506907463
2346 -0.7655574632481887
2347 -0.7672545092707633
2348 -0.767286212151231
2349 -0.7650353200147479
2350 -0.7668185258915781
2351 -0.7698945696037321
2352 -0.7723909357412706
2353 -0.7729202199701825
2354 -0.770167676003651
2355 -0.7678192943270039
2356 -0.7681099827958783
2357 -0.7692174093424722
2358 -0.7700556290110316
2359 -0.7705888752930043
2360 -0.7730277598402545
2361 -0.7752138721382985
2362 -0.7745869342630227
2363 -0.7709640242530008
2364 -0.7703501154267669
2365 -0.7737529950796338
2366 -0.7731358516333333
2367 -0.7734203267630069
2368 -0.7743910360034417
2369 -0.7770542313930171
2370 -0.7802235232040107
2371 -0.7815954326490061
2372 -0.781724999179404
2373 -0.7770411564466088
2374 -0.7734246697793545
2375 -0.7708797806189659
2376 -0.767966177245135
2377 -0.7681701539367471
2378 -0.7719221479388574
2379 -0.7768961897486975
2380 -0.7787667264072407
2381 -0.7802280303265577
2382 -0.7776124205232727
2383 -0.7719347334934357
2384 -0.7703530775120908
2385 -0.7718287288802972
2386 -0.7737959192174672
2387 -0.7758290436867226
2388 -0.7763106407543215
2389 -0.7782422120553288
2390 -0.7765726968565951
2391 -0.7738760366922418
2392 -0.7737394834922825
2393 -0.7757115062376294
2394 -0.7763743190500003
2395 -0.7744078561458247
2396 -0.7776653949910137
2397 -0.7808998544572534
2398 -0.7788242607484155
2399 -0.779300235443666
2400 -0.7793851394292519
2401 -0.7803387032416742
2402 -0.7805444877249627
2403 -0.7768800413616526
2404 -0.7765221394046914
2405 -0.7770069710923571
2406 -0.7774510329035736
2407 -0.7800208092345889
2408 -0.7827590126057514
2409 -0.7847964244136978
2410 -0.7873686802917276
2411 -0.7947975421055269
2412 -0.8031826113849623
2413 -0.8106327447860353
2414 -0.8168691744926316
2415 -0.8219739508335583
2416 -0.8284639215694544
2417 -0.8344328506146695
2418 -0.8416682409650158
2419 -0.8551570338667533
2420 -0.8687175932764915
2421 -0.8765037035492225
2422 -0.8832019939930784
2423 -0.88760086242408
2424 -0.8881224674415551
2425 -0.8911771770352584
2426 -0.8898198944274159
2427 -0.8855271849354627
2428 -0.8815264823122299
2429 -0.8790186946940501
2430 -0.8784064256265424
2431 -0.8713486520714258
2432 -0.8587705545219331
2433 -0.8386144007264472
2434 -0.8117900684329827
2435 -0.7828103365344953
2436 -0.7529015568112155
2437 -0.7240254681876859
2438 -0.69386709808438
2439 -0.657796121002477
2440 -0.6164520167777181
2441 -0.5762442159632994
2442 -0.5249341484043331
2443 -0.46358445304024676
2444 -0.40724614259858494
2445 -0.3548475001376913
2446 -0.3118439241905858
2447 -0.2824608573867339
2448 -0.2598487781177772
2449 -0.2354895043752272
2450 -0.2172492130614162
2451 -0.1969872675831268
2452 -0.16296351044518675
2453 -0.12998345003323253
2454 -0.09357145304441217
2455 -0.05731523270673
2456 -0.025972453250596605
2457 -0.006591494326020686
2458 0.0018821029993723037
2459 0.008295520716456783
2460 0.011733862152806473
2461 0.015317422261248437
2462 0.01185195445167575
2463 0.001820662282792096
2464 -0.01920162296838024
2465 -0.04741505603221874
2466 -0.08002688184227047
2467 -0.12381794904631038
2468 -0.17532200257138886
2469 -0.2409641921938388
2470 -0.3158145734723665
2471 -0.3932102639184143
2472 -0.4592334417302967
2473 -0.5153188519336291
2474 -0.5636957966455116
2475 -0.6021215344729598
2476 -0.6361212930526979
2477 -0.6637997873249508
2478 -0.68720880873688
2479 -0.7052973801741158
2480 -0.7204808564569749
2481 -0.7343283773969214
2482 -0.7511203228322623
2483 -0.7655722932353869
2484 -0.7743662045104717
2485 -0.7857940070531928
2486 -0.7964399172239963
2487 -0.8011592148867541
2488 -0.8015115013248877
2489 -0.7979062818123652
2490 -0.7932528792378473
2491 -0.7905397271435112
2492 -0.7845677803353155
2493 -0.776976750717936
2494 -0.767225821226506
2495 -0.7575994158537306
2496 -0.7542891750755434
2497 -0.7431916183550578
2498 -0.6732905450756006
2499 -0.5058312226390851
2500 0.7657220156612916
2501 0.9297897187461517
2502 1.0
