0
1
2506
-3 0.566892022522272
-2 0.5661436824339737
-1 0.5649374252683463
0 0.563477876142563
1 0.5619193859081575
2 0.5603704178810427
3 0.5589361928781077
4 0.5581399208955209
5 0.5574729682335686
6 0.5568449320180531
7 0.5561980731261168
8 0.5555190762191613
9 0.5548164771191548
10 0.5541013904474369
11 0.5533833247872366
12 0.5526691404804566
13 0.5519638397975604
14 0.5512737343609033
15 0.5506055768938317
16 0.5499616347202648
17 0.5493427315613486
18 0.5487544512954191
19 0.5482009238330541
20 0.5476860365035379
21 0.5472153282818936
22 0.5467965324692475
23 0.5464359535561961
24 0.5461395574848452
25 0.5459121636971578
26 0.5457588015217225
27 0.5456796887404247
28 0.5456670065707417
29 0.5457117290200635
30 0.545795031983582
31 0.5459021432735973
32 0.546019011852017
33 0.5461342302422707
34 0.546241622234772
35 0.5463349227477269
36 0.5464131208377119
37 0.5464766254612892
38 0.5465292358974329
39 0.5465698212624819
40 0.5465969178549726
41 0.5466073348559974
42 0.5465995431227367
43 0.5465727689993214
44 0.5465253005671086
45 0.5464573501797532
46 0.5463690442891431
47 0.5462754557074461
48 0.5461844711168786
49 0.5460944794496794
50 0.5460038477181303
51 0.5459082048662198
52 0.5457991356391197
53 0.5456618850628521
54 0.5454906445468111
55 0.5452869207359464
56 0.5450574845642305
57 0.5448147123294769
58 0.5445715528099557
59 0.5443382229763942
60 0.544121238963169
61 0.5439233914277729
62 0.5437397409667133
63 0.5435618601671585
64 0.5433892118134469
65 0.543225347219242
66 0.5430729022946296
67 0.5429353475519704
68 0.5428170866137004
69 0.5427194320456116
70 0.5426402298213941
71 0.5425730774795314
72 0.5425149747218178
73 0.5424643970792066
74 0.5424158738672288
75 0.5423713742834433
76 0.5423337511122877
77 0.5423057012807502
78 0.5422895738040853
79 0.5422840277363499
80 0.5422862909305162
81 0.542293359180325
82 0.5423032210830678
83 0.5423123867782002
84 0.5423169821668509
85 0.5423173481254845
86 0.5423173132846499
87 0.5423160691828525
88 0.5423113681184272
89 0.5423041195573892
90 0.5422952080055339
91 0.5422825782130102
92 0.542265595222595
93 0.5422480698452884
94 0.5422316665701353
95 0.5422146263995539
96 0.5421976583990941
97 0.542182533763483
98 0.5421694603004754
99 0.5421577497767398
100 0.5421478308238802
101 0.5421445791586545
102 0.5421461890292525
103 0.5421489657680257
104 0.5421545503699875
105 0.5421641079413373
106 0.5421795931440018
107 0.5421966703867092
108 0.5422142343899969
109 0.5422361892488663
110 0.5422617244942673
111 0.5422904816865376
112 0.5423203213686678
113 0.5423532051971529
114 0.5423889356514943
115 0.5424252770126659
116 0.5424633955068219
117 0.542505213552925
118 0.5425526118101532
119 0.542604454385012
120 0.542660616245284
121 0.5427205203188229
122 0.5427841397215089
123 0.5428485637705197
124 0.5429092327215158
125 0.5429654366234793
126 0.543020089403904
127 0.5430762864894745
128 0.5431329680917487
129 0.5431875050788443
130 0.5432431101122359
131 0.543300853167557
132 0.5433586687212361
133 0.5434167735756587
134 0.543470727131325
135 0.5435209675726947
136 0.5435703229077521
137 0.5436194896818364
138 0.5436680426833023
139 0.5437122944601088
140 0.5437551643649321
141 0.5437964404287454
142 0.5438335163173119
143 0.5438654538500172
144 0.5438936658291358
145 0.5439203883602636
146 0.5439450273009856
147 0.5439690317679899
148 0.5439908547064396
149 0.5440098705438866
150 0.5440274419226193
151 0.5440444458113914
152 0.5440616106582039
153 0.5440763907032485
154 0.5440898865560867
155 0.5441061463686717
156 0.544124215934505
157 0.5441441009734372
158 0.5441670398509764
159 0.5441927452646002
160 0.544221148316379
161 0.5442483377481093
162 0.5442737789350606
163 0.5442971000598791
164 0.5443169773668444
165 0.5443366847785054
166 0.5443547755645167
167 0.5443720347453314
168 0.544386707665881
169 0.5443992303943092
170 0.5444098888215475
171 0.5444181640774258
172 0.5444277370411503
173 0.5444393756626199
174 0.5444550308262954
175 0.5444719675593644
176 0.5444877265915047
177 0.544500018591787
178 0.544507254965349
179 0.5445061543632966
180 0.5444941778329255
181 0.5444740568671593
182 0.5444483081833194
183 0.5444194258437547
184 0.5443861807091637
185 0.5443489318846365
186 0.54430944800967
187 0.5442680270585415
188 0.5442235477532957
189 0.5441768980450219
190 0.544132114525043
191 0.5440910138115144
192 0.5440542104739152
193 0.5440195342228727
194 0.5439833661919573
195 0.5439441666646849
196 0.5438985249966041
197 0.5438469330463285
198 0.5437889859860909
199 0.5437245220488791
200 0.5436635650600207
201 0.5436079892080953
202 0.5435584589341367
203 0.5435144286417531
204 0.5434747137590319
205 0.54343953935113
206 0.5434048360249998
207 0.5433720507578351
208 0.5433423794454962
209 0.5433179894684187
210 0.5433010642400343
211 0.5432927945070462
212 0.5432880113894909
213 0.5432844507587092
214 0.5432862848507851
215 0.543293431344311
216 0.5433037020434321
217 0.543316071414522
218 0.5433338313013174
219 0.5433534169972571
220 0.5433698996073448
221 0.5433837690694387
222 0.5433964711434085
223 0.5434095935782886
224 0.5434249846098386
225 0.543442536872039
226 0.5434604541649954
227 0.5434772838099097
228 0.5434935816837237
229 0.5435106373446892
230 0.5435274518886477
231 0.5435444122712998
232 0.5435610614015051
233 0.5435767260937593
234 0.543592930754739
235 0.5436104904471676
236 0.543625367321558
237 0.5436394314221372
238 0.5436572377888641
239 0.5436789246531035
240 0.5437049203114231
241 0.5437321244349387
242 0.5437635586706517
243 0.5437963846136851
244 0.5438259401005527
245 0.5438526739747519
246 0.5438759788387781
247 0.5438990066131507
248 0.5439237102496557
249 0.543950203147164
250 0.5439785047966962
251 0.5440104058905088
252 0.5440453765341987
253 0.5440809729312255
254 0.5441124077172625
255 0.5441418705407218
256 0.5441723496234696
257 0.5441988728228809
258 0.5442204586064301
259 0.5442363240378197
260 0.5442492121164841
261 0.5442594448211553
262 0.5442669264979064
263 0.5442765175477521
264 0.5442855755830884
265 0.5442958008081347
266 0.5443099772808594
267 0.5443278090627445
268 0.5443468510229487
269 0.5443662069945016
270 0.5443902910325042
271 0.5444182822781549
272 0.5444483244302877
273 0.5444771335726294
274 0.5445062835122461
275 0.5445345939280682
276 0.544559563201041
277 0.5445826514293312
278 0.5446041717777138
279 0.544627225843097
280 0.5446506856155384
281 0.5446720913395534
282 0.5446896805867982
283 0.544701173604582
284 0.5447089956700362
285 0.5447107462131044
286 0.5447039670118954
287 0.544692067763266
288 0.5446760238672322
289 0.5446586880648544
290 0.5446386108855299
291 0.54461688355226
292 0.5445951098091611
293 0.5445701371017783
294 0.5445438183321843
295 0.5445142627723072
296 0.5444802007486091
297 0.5444404885155135
298 0.5443943922623516
299 0.5443449915961002
300 0.5442911793185087
301 0.5442321642818871
302 0.5441682643618954
303 0.544100108044013
304 0.544028841905545
305 0.5439551543582739
306 0.5438808565069803
307 0.5438093759715555
308 0.5437391532983792
309 0.543667857185989
310 0.5435950723810843
311 0.5435198592492275
312 0.5434410645436347
313 0.5433553144366109
314 0.5432654250558324
315 0.5431744486903801
316 0.543083810056856
317 0.5429926838036444
318 0.5429014341524949
319 0.5428147484643702
320 0.5427279928516738
321 0.542641065228994
322 0.5425579415512121
323 0.54248121012419
324 0.5424092052709614
325 0.5423332672975799
326 0.5422579949091153
327 0.5421876143456236
328 0.5421202276241155
329 0.5420530864820277
330 0.5419839307497039
331 0.5419180613979834
332 0.5418561318639101
333 0.5417958297899687
334 0.5417333579709614
335 0.5416686934027503
336 0.5416071482365703
337 0.5415480072585784
338 0.5414899991626898
339 0.5414325141624774
340 0.5413771503997987
341 0.5413250060009306
342 0.5412739495216807
343 0.5412257172578555
344 0.5411797059143473
345 0.5411356048421961
346 0.5410938469138105
347 0.5410542684210747
348 0.5410170838922606
349 0.5409794792265592
350 0.5409436531722283
351 0.5409082024489476
352 0.5408700720534035
353 0.5408322885617664
354 0.5407969585247443
355 0.5407639735115627
356 0.5407299883138145
357 0.5406957984497175
358 0.5406661492388205
359 0.540639666807426
360 0.540615771600877
361 0.540595285504037
362 0.5405774265139132
363 0.5405618958120689
364 0.5405481895951051
365 0.540537119499498
366 0.5405259882614062
367 0.5405144662677976
368 0.5405035299933183
369 0.5404946157486807
370 0.5404869793278891
371 0.540476140354982
372 0.5404637099782569
373 0.5404522826238715
374 0.5404438014033027
375 0.5404367676920727
376 0.5404278144944931
377 0.5404210844865465
378 0.5404197212376659
379 0.540421066709391
380 0.5404247952364997
381 0.5404302203854209
382 0.5404377372311615
383 0.54044693300846
384 0.540452417209597
385 0.5404529848911839
386 0.5404503795514872
387 0.5404487201896033
388 0.5404482221682998
389 0.5404440316074882
390 0.540438881415146
391 0.5404328482370379
392 0.5404253365077915
393 0.5404122048850332
394 0.5403939903774784
395 0.5403745472205262
396 0.5403532088525517
397 0.5403305055691676
398 0.5403051376190108
399 0.54028156758655
400 0.5402607778615818
401 0.5402419198624888
402 0.540226636398341
403 0.5402163064134348
404 0.5402148229398638
405 0.5402201544280146
406 0.5402318955100386
407 0.5402502661757662
408 0.5402752113987891
409 0.5403096579634008
410 0.5403515360832257
411 0.5404052585191222
412 0.5404772363911537
413 0.5405688900991888
414 0.5406769395804575
415 0.5407990282590965
416 0.5409362191417432
417 0.5410861661131865
418 0.5412444883450674
419 0.541410596106372
420 0.5415941091250048
421 0.5417983348019298
422 0.5420162955708677
423 0.5422408606488959
424 0.5424615648803656
425 0.5426664000106021
426 0.5428458641345557
427 0.5429976145087181
428 0.5431229126638187
429 0.5432312189521227
430 0.543333682424661
431 0.5434420326817232
432 0.5435588139614319
433 0.5436819457944347
434 0.5438103053924954
435 0.5439302524831822
436 0.5440342377383734
437 0.5441176229068807
438 0.5441814793128673
439 0.5442294301040148
440 0.5442595840864708
441 0.5442733412444368
442 0.5442683689870701
443 0.5442413306209352
444 0.5441869410198721
445 0.5441014927811941
446 0.5439834433754358
447 0.5438316213856919
448 0.5436488709934952
449 0.5434429269498157
450 0.5432265631508548
451 0.5430118618918034
452 0.542816957324946
453 0.542659312396436
454 0.5425485203274156
455 0.5424873186299229
456 0.5424697684926932
457 0.5424887863402583
458 0.5425384488677698
459 0.5426123862309599
460 0.5427061768331246
461 0.5428210988596286
462 0.5429558229113718
463 0.5431056366502603
464 0.5432673104786113
465 0.5434420465430778
466 0.5436326471808602
467 0.5438363492400154
468 0.5440541052149477
469 0.5442854313539547
470 0.5445268312490745
471 0.5447710397268298
472 0.5450104591636539
473 0.5452399253519484
474 0.5454516429400538
475 0.545645653662283
476 0.5458222913303091
477 0.5459805549047625
478 0.5461181154125213
479 0.5462324328096891
480 0.5463266732291712
481 0.5463973229213823
482 0.5464386598876737
483 0.5464503191267601
484 0.5464334395103576
485 0.5463875706886967
486 0.5463109760696884
487 0.5462062032450913
488 0.5460786097734666
489 0.5459293920701846
490 0.5457581259261259
491 0.5455676398949233
492 0.5453624002742283
493 0.5451442817639405
494 0.5449154953511453
495 0.5446789606034022
496 0.5444416850863802
497 0.5442060919510383
498 0.5439676949584618
499 0.5437309012963913
500 0.5434978862421443
501 0.5432706058519449
502 0.5430492351474737
503 0.542835999286905
504 0.542635593251206
505 0.5424461310611443
506 0.5422673919315851
507 0.5420983567051163
508 0.5419395567003755
509 0.5417919828702036
510 0.5416590600789296
511 0.5415429496248166
512 0.5414435894820474
513 0.541361927644938
514 0.5412966775358714
515 0.5412464744306985
516 0.5412083730439032
517 0.5411788538773854
518 0.5411578838990236
519 0.5411501621845399
520 0.5411546519692984
521 0.5411685164871557
522 0.54119351290974
523 0.5412303503587442
524 0.5412748120381432
525 0.5413185414979064
526 0.5413599180350749
527 0.5414020687106192
528 0.5414440489502617
529 0.5414848620545941
530 0.5415246641513729
531 0.5415621452403886
532 0.5415993956521377
533 0.5416366902136702
534 0.5416708423318084
535 0.5417021898787374
536 0.5417310216581251
537 0.5417596407945875
538 0.5417872927057954
539 0.5418112398890563
540 0.5418323535185988
541 0.5418504273557243
542 0.5418661482239401
543 0.5418787633734992
544 0.5418877817578949
545 0.541892170536429
546 0.5418939456030303
547 0.5418937470044993
548 0.5418900656208749
549 0.5418839338296831
550 0.541877238518427
551 0.5418750002720609
552 0.5418757409606625
553 0.5418769915164492
554 0.5418770184462234
555 0.5418768090824656
556 0.541876558365602
557 0.5418714839701374
558 0.5418623552590178
559 0.541852985399083
560 0.5418481835803791
561 0.5418467487999356
562 0.5418448372108817
563 0.5418430392825672
564 0.5418431650410983
565 0.5418438751598109
566 0.5418423601030778
567 0.5418380661384055
568 0.5418328456252475
569 0.5418273178602465
570 0.5418202276599619
571 0.5418136988221821
572 0.5418086080436214
573 0.5418043012880562
574 0.5417997445367385
575 0.541793875833786
576 0.5417867864265287
577 0.5417779250701131
578 0.5417663226746091
579 0.5417532922704243
580 0.54173969375133
581 0.5417284936201884
582 0.5417188266386623
583 0.5417102594969151
584 0.5417041372826435
585 0.5416991037605374
586 0.5416954502506861
587 0.5416925909972715
588 0.5416921444650892
589 0.5416916191402368
590 0.5416901414444799
591 0.5416876673798594
592 0.5416833290450168
593 0.5416786105845061
594 0.5416748700669377
595 0.5416722060001237
596 0.5416713966113965
597 0.5416736524699229
598 0.541681319997561
599 0.5416929546535049
600 0.5417035566607546
601 0.5417152766487775
602 0.5417289487241995
603 0.5417456157482831
604 0.5417634037087372
605 0.5417795012684811
606 0.5417978272359439
607 0.5418191042525641
608 0.5418409072720431
609 0.5418606380242438
610 0.54187942092002
611 0.5418991446494211
612 0.5419177852917383
613 0.5419342153933705
614 0.541947002233404
615 0.5419570549824085
616 0.541965473202449
617 0.5419735154808302
618 0.5419829912382302
619 0.5419941151707376
620 0.5420098626841118
621 0.5420282368335121
622 0.5420470149524654
623 0.5420662881990743
624 0.5420852227500311
625 0.5421019140270532
626 0.5421136919056535
627 0.5421196753386777
628 0.5421231865645036
629 0.54212796272479
630 0.5421317833631989
631 0.542133920588357
632 0.542136745336987
633 0.5421451712168118
634 0.5421588144583722
635 0.5421710402009319
636 0.5421831171518355
637 0.5421981530498996
638 0.5422155801971399
639 0.5422325446471039
640 0.5422494758544373
641 0.5422669825528171
642 0.542285647866799
643 0.5423062894367652
644 0.5423296432297885
645 0.5423556057110581
646 0.5423802671989063
647 0.5424047589414651
648 0.5424284277537688
649 0.5424502073442388
650 0.5424710290402828
651 0.5424923636445668
652 0.5425149497620605
653 0.5425390649714488
654 0.5425656198132975
655 0.5425977386852396
656 0.542632106020723
657 0.5426642329636682
658 0.5426966479240586
659 0.5427312765753189
660 0.5427690331735056
661 0.5428077522324031
662 0.542850399269181
663 0.5429001951676357
664 0.5429539865408669
665 0.5430089751902472
666 0.5430629819535814
667 0.5431142640790242
668 0.543163864142388
669 0.5432124519230006
670 0.5432606168370046
671 0.5433095863413488
672 0.5433603691805028
673 0.5434148946487583
674 0.5434722268096172
675 0.5435325076824042
676 0.5435945251428648
677 0.5436585766858693
678 0.5437255896828969
679 0.5437908859536131
680 0.5438553519163378
681 0.5439217579682623
682 0.5439887792509348
683 0.5440546167122592
684 0.5441179542091295
685 0.5441837416105174
686 0.5442531929882859
687 0.5443239140278682
688 0.5443972372331379
689 0.5444712877153038
690 0.5445473859737906
691 0.5446238292812644
692 0.5446979653721852
693 0.544770928538189
694 0.5448439990002396
695 0.5449209664321779
696 0.5450019590537535
697 0.5450858615606775
698 0.545173031258018
699 0.5452622530618209
700 0.5453505989803743
701 0.5454368253770217
702 0.5455191598312
703 0.5455989031984809
704 0.5456755352355732
705 0.5457467468908772
706 0.5458168397972082
707 0.5458855046707076
708 0.5459537134788849
709 0.5460212932836412
710 0.5460895433858166
711 0.5461607473359249
712 0.5462318599752187
713 0.5463039893658317
714 0.5463749883053268
715 0.5464417493674244
716 0.5465065597041421
717 0.5465706413032156
718 0.5466329811304231
719 0.5466906850716374
720 0.546744067128442
721 0.5467966638764258
722 0.5468476655750649
723 0.5468972205579234
724 0.546946397131518
725 0.5469956002123526
726 0.5470455866156192
727 0.5470940730645953
728 0.5471401047141031
729 0.5471820468081936
730 0.5472180863509465
731 0.5472512987235199
732 0.5472837449277155
733 0.5473137891825878
734 0.5473365874122542
735 0.5473548030402494
736 0.5473743056259853
737 0.5473917950471402
738 0.5474071408984899
739 0.5474229172054427
740 0.5474400275744494
741 0.5474564907161231
742 0.547467864393107
743 0.5474759205742288
744 0.5474784497596552
745 0.5474740759473807
746 0.5474657365895642
747 0.5474508737957267
748 0.5474309971377919
749 0.5474070885338943
750 0.5473800498969975
751 0.5473549903894125
752 0.5473305326583648
753 0.5473061983228755
754 0.5472838729163616
755 0.5472650580802657
756 0.5472479888151475
757 0.5472275849281371
758 0.5472009012401606
759 0.5471706804945063
760 0.5471388235787059
761 0.54710215838862
762 0.5470606746105477
763 0.5470148352222531
764 0.5469673039528862
765 0.5469190440051451
766 0.5468676712243461
767 0.5468151470913721
768 0.5467639178690745
769 0.5467148025072766
770 0.5466669787619487
771 0.5466173202477628
772 0.5465641776320986
773 0.5465083221604553
774 0.5464511348016717
775 0.5463918351317053
776 0.5463296697449119
777 0.5462662960201091
778 0.5462038697723901
779 0.5461413503009588
780 0.5460751961995013
781 0.546008784991794
782 0.5459456031560614
783 0.5458842432399739
784 0.5458219572550858
785 0.5457581357282374
786 0.5456957392281461
787 0.5456354641719513
788 0.5455762201498272
789 0.5455147469670526
790 0.5454525121586505
791 0.5453924571143514
792 0.5453318125672466
793 0.545269340693498
794 0.5452052338147035
795 0.5451451909950996
796 0.5450872739507877
797 0.5450277378939871
798 0.5449703586075816
799 0.5449134227449239
800 0.5448578061188954
801 0.5448030771986471
802 0.5447508791661223
803 0.544701096481615
804 0.5446505754415454
805 0.544599362413975
806 0.5445476070610327
807 0.5444946520818063
808 0.5444413253473832
809 0.5443904769957767
810 0.5443451056973789
811 0.5443066126753491
812 0.5442708220355694
813 0.5442357063356108
814 0.544200455027426
815 0.5441633358788001
816 0.5441256603803893
817 0.5440890864195849
818 0.5440528934894275
819 0.5440142162082545
820 0.5439728885969493
821 0.5439317997457802
822 0.5438896530874966
823 0.5438471558233309
824 0.5438096672553839
825 0.5437796477476955
826 0.5437568604083277
827 0.5437378507169386
828 0.5437191060757789
829 0.5436989662245728
830 0.543674051719289
831 0.5436435406698898
832 0.5436133996050891
833 0.5435860364664313
834 0.5435619688440395
835 0.543539399685775
836 0.5435164994894295
837 0.5434970470678376
838 0.5434776224773298
839 0.5434559464033912
840 0.5434304275137218
841 0.5434003505894289
842 0.5433687325174701
843 0.5433353397811919
844 0.5433009763363283
845 0.5432665742774794
846 0.5432354315212671
847 0.5432077899971911
848 0.5431808748409832
849 0.543153897201132
850 0.5431260455877583
851 0.5430982597054769
852 0.5430707815790603
853 0.5430434463094003
854 0.5430188987115429
855 0.5429973078170892
856 0.5429757169301042
857 0.5429521697681494
858 0.5429257865392719
859 0.5428975787192253
860 0.5428660996031619
861 0.5428301653240634
862 0.5427915714283287
863 0.54275334247159
864 0.5427153929009867
865 0.5426785103623324
866 0.5426451293490826
867 0.542613362602814
868 0.5425837061901002
869 0.5425542793215768
870 0.5425263555735749
871 0.542498421561058
872 0.5424692026313376
873 0.5424421860800785
874 0.5424130778389729
875 0.5423825489348881
876 0.5423500806000702
877 0.5423160267614765
878 0.5422815409303857
879 0.5422455701971235
880 0.542211828936179
881 0.5421779200632586
882 0.5421437719572874
883 0.5421121184539001
884 0.5420806474189906
885 0.542049059830236
886 0.542018177741804
887 0.5419900723074011
888 0.5419650431018453
889 0.5419408842550617
890 0.5419182049051393
891 0.5418968772830755
892 0.5418749852205451
893 0.5418542170488143
894 0.5418366505334021
895 0.5418209883027555
896 0.5418052663941519
897 0.5417909846102097
898 0.5417789332968042
899 0.5417667029416654
900 0.5417520460336921
901 0.5417364641967587
902 0.5417217375384697
903 0.5417089359565196
904 0.5416998700809152
905 0.5416940967792832
906 0.5416901601427245
907 0.5416884528339667
908 0.5416887732073664
909 0.5416874132892181
910 0.5416859723808928
911 0.5416853931791056
912 0.5416852782511449
913 0.5416841592747879
914 0.5416848988731958
915 0.541693037096683
916 0.5417052338887954
917 0.5417191555740133
918 0.541735882135286
919 0.5417568772611716
920 0.5417801194974502
921 0.5418008634252838
922 0.5418189914150403
923 0.5418374911607393
924 0.5418573186601633
925 0.5418758379228678
926 0.5418918637284186
927 0.5419066580858378
928 0.5419200490680981
929 0.5419323850441001
930 0.5419442898225
931 0.5419598787239374
932 0.5419789029166735
933 0.5419988365077041
934 0.5420193050850213
935 0.5420385910046062
936 0.5420543145880407
937 0.5420622481634529
938 0.5420638960048957
939 0.5420631911187254
940 0.5420610868579036
941 0.542055396447574
942 0.542046789501553
943 0.5420383790404095
944 0.5420272150737488
945 0.5420125824293728
946 0.5419962274383489
947 0.5419795649272192
948 0.5419604769948541
949 0.541936403447641
950 0.5419095345917186
951 0.5418820340293241
952 0.5418521406518203
953 0.541819974846903
954 0.5417895425923
955 0.541761955187764
956 0.5417395986487376
957 0.5417229143642045
958 0.5417096358863428
959 0.5416994251396742
960 0.5416923155523788
961 0.5416891218789452
962 0.5416902539286401
963 0.5416952798929896
964 0.5417087696892665
965 0.5417324926819203
966 0.5417676322456564
967 0.541817178744786
968 0.5418812346557352
969 0.5419619187847725
970 0.5420584908498969
971 0.5421681050601205
972 0.5422896445536731
973 0.5424241547051054
974 0.5425713722365691
975 0.542729284945236
976 0.5428984470519478
977 0.5430814092074351
978 0.5432790547779985
979 0.5434855518452972
980 0.5436954791992012
981 0.5439121513182875
982 0.544138857210289
983 0.5443772213023197
984 0.5446262365674556
985 0.5448874981846916
986 0.5451622950349412
987 0.5454430138360039
988 0.545724162528592
989 0.5460024852574317
990 0.5462776204330073
991 0.5465507414483063
992 0.5468206446501727
993 0.5470843273025818
994 0.5473379824227701
995 0.5475795117951545
996 0.5478046301264258
997 0.548011426370491
998 0.5481987750910218
999 0.5483647339410825
1000 0.5485102854708502
1001 0.5486392138361491
1002 0.5487520127052512
1003 0.5488438881159209
1004 0.5489148652937453
1005 0.5489686488317567
1006 0.5490060660096272
1007 0.5490243575501776
1008 0.5490220714059845
1009 0.5490002566889652
1010 0.5489611517839019
1011 0.5489018553993295
1012 0.5488179410737973
1013 0.5487092255848277
1014 0.5485771595173311
1015 0.5484232468868919
1016 0.5482481527053291
1017 0.5480531439728399
1018 0.54783616709847
1019 0.5475982952533786
1020 0.5473432812334695
1021 0.5470742194226451
1022 0.5467916077032159
1023 0.5464983856761265
1024 0.5461998558813463
1025 0.5458962012926326
1026 0.5455896585047803
1027 0.5452820921495873
1028 0.5449721908465089
1029 0.5446610540654352
1030 0.5443561849062651
1031 0.5440646643500038
1032 0.5437909928035102
1033 0.543536216122523
1034 0.5433049300739895
1035 0.5430990344015545
1036 0.5429160091634083
1037 0.542753359708383
1038 0.5426070260955611
1039 0.5424784144573599
1040 0.5423711620765438
1041 0.542285751907148
1042 0.542223533650871
1043 0.5421904536447008
1044 0.5421887287700523
1045 0.5422197443918733
1046 0.5422859964401838
1047 0.5423945752276268
1048 0.5425468978688124
1049 0.5427317276380953
1050 0.5429381151645172
1051 0.543152740015523
1052 0.5433612865315721
1053 0.5435486692934037
1054 0.5437051358589127
1055 0.5438300826564203
1056 0.5439237160197475
1057 0.5439862260581807
1058 0.544021378506697
1059 0.5440341940285761
1060 0.5440244226734989
1061 0.543990019368163
1062 0.5439314861595015
1063 0.5438508458753009
1064 0.5437462349381553
1065 0.5436205192264106
1066 0.5434800509584928
1067 0.5433311531986754
1068 0.5431857478091159
1069 0.5430461445685203
1070 0.5429145744523768
1071 0.5427895266072592
1072 0.5426603715354728
1073 0.5425156552183434
1074 0.5423446639965718
1075 0.5421474534474409
1076 0.5419271242678325
1077 0.5416895205935937
1078 0.5414450820818127
1079 0.5412079851741867
1080 0.5409864448649604
1081 0.5407857608579022
1082 0.5406066650103034
1083 0.5404393296865788
1084 0.5402813295010093
1085 0.5401356036255598
1086 0.5400018238276911
1087 0.539879874889013
1088 0.5397729157437369
1089 0.539683320861847
1090 0.5396127034586436
1091 0.539556317063309
1092 0.5395096860883114
1093 0.5394722572445567
1094 0.5394397173287738
1095 0.5394135136189248
1096 0.5393961470349081
1097 0.5393890216788717
1098 0.5393938679268636
1099 0.5394069333317577
1100 0.5394273846252513
1101 0.5394560390943643
1102 0.539488340043252
1103 0.5395181977602217
1104 0.5395459202235879
1105 0.539573910799479
1106 0.539602356181869
1107 0.5396308347994022
1108 0.5396581093828642
1109 0.53968610452645
1110 0.539711178943927
1111 0.5397309035965333
1112 0.5397464000975101
1113 0.5397581844535356
1114 0.5397707908417395
1115 0.5397834436407756
1116 0.5397964917065554
1117 0.5398111587368871
1118 0.5398288745315607
1119 0.5398477978094035
1120 0.5398635049770598
1121 0.5398799774242272
1122 0.5398995254908245
1123 0.5399199118054624
1124 0.5399411582524436
1125 0.5399644491323776
1126 0.5399932602026783
1127 0.5400238824989944
1128 0.5400520221679755
1129 0.5400818306827806
1130 0.5401104130746589
1131 0.5401359707171337
1132 0.5401567221591851
1133 0.5401750720288021
1134 0.5401954860151305
1135 0.5402161343525814
1136 0.5402381988696972
1137 0.540262112041901
1138 0.5402894225568148
1139 0.5403215477101623
1140 0.5403582399549853
1141 0.5403978160992485
1142 0.5404379545075362
1143 0.5404782359360425
1144 0.5405180405653685
1145 0.5405566682397517
1146 0.5405943197479746
1147 0.5406323673269513
1148 0.5406714753996835
1149 0.5407104224610513
1150 0.5407488256092281
1151 0.5407856734653493
1152 0.5408196396969885
1153 0.5408506878272025
1154 0.5408819466170791
1155 0.5409152699414906
1156 0.5409492139920643
1157 0.5409837816019821
1158 0.5410195585469093
1159 0.541054915915561
1160 0.5410865639018979
1161 0.5411141139226889
1162 0.5411397223516379
1163 0.5411648239811064
1164 0.5411911299319817
1165 0.5412209385221941
1166 0.5412570637252859
1167 0.5412992165090529
1168 0.5413417287068126
1169 0.5413826293034576
1170 0.5414240543692687
1171 0.5414631563628054
1172 0.5414989815609522
1173 0.541532945383584
1174 0.5415690257410339
1175 0.5416080386743418
1176 0.5416455209424464
1177 0.5416847303594469
1178 0.5417270129725829
1179 0.541771796005472
1180 0.5418177537656382
1181 0.5418648462135884
1182 0.5419143361447737
1183 0.5419633596248481
1184 0.5420086166955723
1185 0.542050222260878
1186 0.5420908923363374
1187 0.5421276530467155
1188 0.54216037123544
1189 0.5421887198933636
1190 0.5422142780715768
1191 0.5422380103899135
1192 0.5422588839900253
1193 0.5422806896841604
1194 0.5423011553039098
1195 0.5423237460964287
1196 0.5423480086164357
1197 0.542373768791419
1198 0.542399846506541
1199 0.5424219125597263
1200 0.5424438745209521
1201 0.542465045389959
1202 0.5424866838811625
1203 0.542503808708045
1204 0.5425171299026014
1205 0.5425301680563764
1206 0.5425398853749793
1207 0.5425483026322617
1208 0.5425525551951877
1209 0.5425563668817361
1210 0.5425622772247123
1211 0.5425680716204856
1212 0.5425743954319939
1213 0.5425776662825531
1214 0.5425790572854011
1215 0.5425800222757782
1216 0.5425769112991887
1217 0.5425714354411267
1218 0.542565435270638
1219 0.5425581712802984
1220 0.5425467644487201
1221 0.5425330248697475
1222 0.5425200566147534
1223 0.5425065439891482
1224 0.5424924648668277
1225 0.5424798855923653
1226 0.5424732909538285
1227 0.5424686605693317
1228 0.5424614441118477
1229 0.542454415230086
1230 0.5424482209105728
1231 0.5424454806814248
1232 0.5424453117588178
1233 0.5424468926224246
1234 0.5424544910729029
1235 0.5424674566722592
1236 0.5424851498719144
1237 0.5425049738419339
1238 0.5425277512217684
1239 0.542554008571663
1240 0.5425822937864891
1241 0.5426109509117506
1242 0.5426376524776719
1243 0.5426628065793294
1244 0.5426828931700303
1245 0.5426974981065149
1246 0.5427067389861457
1247 0.5427103271963026
1248 0.5427114744728266
1249 0.5427116054091616
1250 0.5427114488184107
1251 0.542711605409161
1252 0.5427114744728281
1253 0.5427103271963042
1254 0.5427067389861457
1255 0.5426974981065141
1256 0.5426828931700307
1257 0.5426628065793296
1258 0.5426376524776704
1259 0.5426109509117515
1260 0.5425822937864894
1261 0.5425540085716625
1262 0.5425277512217679
1263 0.5425049738419329
1264 0.5424851498719128
1265 0.5424674566722582
1266 0.5424544910729046
1267 0.5424468926224256
1268 0.542445311758818
1269 0.5424454806814247
1270 0.5424482209105734
1271 0.5424544152300891
1272 0.5424614441118466
1273 0.5424686605693316
1274 0.5424732909538277
1275 0.5424798855923658
1276 0.5424924648668284
1277 0.5425065439891487
1278 0.5425200566147541
1279 0.5425330248697473
1280 0.5425467644487212
1281 0.5425581712802984
1282 0.5425654352706383
1283 0.5425714354411268
1284 0.5425769112991877
1285 0.5425800222757792
1286 0.5425790572854012
1287 0.5425776662825547
1288 0.5425743954319947
1289 0.5425680716204853
1290 0.5425622772247103
1291 0.5425563668817376
1292 0.5425525551951879
1293 0.5425483026322603
1294 0.5425398853749784
1295 0.5425301680563769
1296 0.5425171299026018
1297 0.5425038087080424
1298 0.5424866838811635
1299 0.5424650453899605
1300 0.5424438745209527
1301 0.5424219125597256
1302 0.5423998465065425
1303 0.5423737687914184
1304 0.5423480086164353
1305 0.5423237460964289
1306 0.5423011553039108
1307 0.5422806896841613
1308 0.5422588839900244
1309 0.542238010389911
1310 0.5422142780715781
1311 0.5421887198933657
1312 0.5421603712354417
1313 0.542127653046715
1314 0.5420908923363362
1315 0.5420502222608784
1316 0.5420086166955718
1317 0.5419633596248482
1318 0.541914336144773
1319 0.5418648462135907
1320 0.54181775376564
1321 0.5417717960054724
1322 0.5417270129725829
1323 0.5416847303594481
1324 0.5416455209424447
1325 0.5416080386743388
1326 0.5415690257410333
1327 0.5415329453835851
1328 0.541498981560952
1329 0.5414631563628064
1330 0.5414240543692704
1331 0.5413826293034575
1332 0.5413417287068124
1333 0.5412992165090521
1334 0.5412570637252864
1335 0.5412209385221953
1336 0.5411911299319823
1337 0.5411648239811067
1338 0.5411397223516379
1339 0.5411141139226878
1340 0.5410865639018985
1341 0.5410549159155619
1342 0.5410195585469108
1343 0.5409837816019816
1344 0.5409492139920653
1345 0.5409152699414896
1346 0.5408819466170791
1347 0.5408506878272017
1348 0.5408196396969887
1349 0.5407856734653499
1350 0.5407488256092304
1351 0.5407104224610507
1352 0.5406714753996845
1353 0.5406323673269521
1354 0.5405943197479759
1355 0.5405566682397509
1356 0.5405180405653682
1357 0.5404782359360414
1358 0.5404379545075366
1359 0.5403978160992495
1360 0.5403582399549861
1361 0.5403215477101632
1362 0.5402894225568176
1363 0.5402621120419033
1364 0.5402381988696975
1365 0.5402161343525796
1366 0.5401954860151329
1367 0.5401750720288018
1368 0.5401567221591856
1369 0.540135970717136
1370 0.540110413074657
1371 0.5400818306827806
1372 0.5400520221679754
1373 0.5400238824989942
1374 0.5399932602026775
1375 0.5399644491323775
1376 0.5399411582524426
1377 0.539919911805462
1378 0.5398995254908244
1379 0.5398799774242277
1380 0.5398635049770587
1381 0.539847797809405
1382 0.5398288745315599
1383 0.5398111587368849
1384 0.5397964917065523
1385 0.539783443640775
1386 0.5397707908417407
1387 0.5397581844535351
1388 0.5397464000975098
1389 0.539730903596534
1390 0.5397111789439283
1391 0.5396861045264494
1392 0.5396581093828633
1393 0.5396308347993998
1394 0.5396023561818691
1395 0.5395739107994786
1396 0.5395459202235854
1397 0.5395181977602213
1398 0.5394883400432497
1399 0.5394560390943649
1400 0.5394273846252512
1401 0.5394069333317568
1402 0.5393938679268641
1403 0.5393890216788724
1404 0.5393961470349066
1405 0.5394135136189253
1406 0.5394397173287734
1407 0.5394722572445572
1408 0.5395096860883107
1409 0.5395563170633095
1410 0.5396127034586441
1411 0.5396833208618492
1412 0.5397729157437355
1413 0.5398798748890135
1414 0.5400018238276912
1415 0.5401356036255589
1416 0.5402813295010078
1417 0.5404393296865757
1418 0.5406066650103039
1419 0.540785760857902
1420 0.5409864448649591
1421 0.5412079851741863
1422 0.541445082081811
1423 0.5416895205935922
1424 0.5419271242678322
1425 0.542147453447443
1426 0.5423446639965727
1427 0.5425156552183436
1428 0.5426603715354736
1429 0.5427895266072597
1430 0.5429145744523753
1431 0.5430461445685194
1432 0.543185747809116
1433 0.5433311531986762
1434 0.5434800509584893
1435 0.5436205192264111
1436 0.5437462349381551
1437 0.5438508458752993
1438 0.5439314861595027
1439 0.5439900193681626
1440 0.5440244226735015
1441 0.5440341940285746
1442 0.5440213785066965
1443 0.5439862260581783
1444 0.5439237160197476
1445 0.543830082656419
1446 0.5437051358589151
1447 0.5435486692934041
1448 0.543361286531573
1449 0.5431527400155214
1450 0.5429381151645168
1451 0.5427317276380942
1452 0.5425468978688136
1453 0.5423945752276276
1454 0.5422859964401838
1455 0.5422197443918724
1456 0.5421887287700518
1457 0.5421904536446999
1458 0.5422235336508708
1459 0.5422857519071477
1460 0.5423711620765448
1461 0.5424784144573597
1462 0.5426070260955621
1463 0.5427533597083828
1464 0.5429160091634071
1465 0.5430990344015558
1466 0.5433049300739888
1467 0.5435362161225256
1468 0.5437909928035087
1469 0.5440646643500034
1470 0.5443561849062651
1471 0.5446610540654354
1472 0.5449721908465093
1473 0.5452820921495861
1474 0.5455896585047795
1475 0.5458962012926302
1476 0.5461998558813457
1477 0.5464983856761271
1478 0.5467916077032146
1479 0.5470742194226491
1480 0.5473432812334706
1481 0.5475982952533798
1482 0.5478361670984714
1483 0.5480531439728422
1484 0.548248152705328
1485 0.5484232468868919
1486 0.5485771595173317
1487 0.5487092255848275
1488 0.5488179410737967
1489 0.5489018553993301
1490 0.5489611517839005
1491 0.5490002566889653
1492 0.549022071405981
1493 0.549024357550178
1494 0.5490060660096252
1495 0.5489686488317562
1496 0.5489148652937441
1497 0.548843888115922
1498 0.5487520127052514
1499 0.5486392138361473
1500 0.5485102854708517
1501 0.5483647339410818
1502 0.548198775091024
1503 0.5480114263704897
1504 0.5478046301264257
1505 0.5475795117951551
1506 0.5473379824227705
1507 0.5470843273025817
1508 0.5468206446501706
1509 0.5465507414483086
1510 0.5462776204330089
1511 0.5460024852574337
1512 0.5457241625285936
1513 0.5454430138360035
1514 0.5451622950349403
1515 0.5448874981846931
1516 0.5446262365674566
1517 0.544377221302321
1518 0.5441388572102893
1519 0.5439121513182872
1520 0.5436954791992021
1521 0.5434855518452966
1522 0.5432790547779982
1523 0.5430814092074342
1524 0.5428984470519496
1525 0.5427292849452374
1526 0.5425713722365697
1527 0.5424241547051063
1528 0.5422896445536741
1529 0.5421681050601201
1530 0.5420584908498969
1531 0.5419619187847725
1532 0.5418812346557332
1533 0.5418171787447841
1534 0.541767632245656
1535 0.5417324926819209
1536 0.5417087696892654
1537 0.5416952798929892
1538 0.5416902539286399
1539 0.5416891218789451
1540 0.5416923155523781
1541 0.5416994251396743
1542 0.5417096358863414
1543 0.5417229143642043
1544 0.5417395986487369
1545 0.5417619551877643
1546 0.5417895425923012
1547 0.5418199748469033
1548 0.5418521406518179
1549 0.5418820340293273
1550 0.5419095345917194
1551 0.5419364034476396
1552 0.5419604769948526
1553 0.5419795649272197
1554 0.5419962274383491
1555 0.5420125824293721
1556 0.5420272150737491
1557 0.5420383790404116
1558 0.5420467895015536
1559 0.5420553964475745
1560 0.542061086857903
1561 0.5420631911187266
1562 0.5420638960048985
1563 0.5420622481634515
1564 0.5420543145880404
1565 0.5420385910046055
1566 0.5420193050850217
1567 0.5419988365077034
1568 0.5419789029166745
1569 0.5419598787239374
1570 0.5419442898225033
1571 0.5419323850441007
1572 0.5419200490680973
1573 0.5419066580858372
1574 0.5418918637284189
1575 0.5418758379228681
1576 0.5418573186601637
1577 0.5418374911607371
1578 0.5418189914150414
1579 0.5418008634252837
1580 0.541780119497452
1581 0.5417568772611735
1582 0.541735882135285
1583 0.5417191555740131
1584 0.5417052338887953
1585 0.5416930370966815
1586 0.5416848988731977
1587 0.541684159274789
1588 0.5416852782511448
1589 0.5416853931791056
1590 0.5416859723808928
1591 0.541687413289218
1592 0.5416887732073683
1593 0.5416884528339689
1594 0.5416901601427253
1595 0.5416940967792854
1596 0.5416998700809162
1597 0.5417089359565178
1598 0.5417217375384706
1599 0.5417364641967584
1600 0.5417520460336913
1601 0.5417667029416666
1602 0.5417789332968025
1603 0.5417909846102087
1604 0.5418052663941522
1605 0.5418209883027553
1606 0.5418366505334024
1607 0.541854217048816
1608 0.5418749852205453
1609 0.5418968772830753
1610 0.5419182049051402
1611 0.541940884255062
1612 0.541965043101848
1613 0.5419900723074028
1614 0.5420181777418032
1615 0.5420490598302374
1616 0.5420806474189911
1617 0.5421121184539005
1618 0.5421437719572882
1619 0.542177920063259
1620 0.5422118289361767
1621 0.5422455701971223
1622 0.5422815409303849
1623 0.5423160267614782
1624 0.5423500806000696
1625 0.5423825489348884
1626 0.5424130778389724
1627 0.5424421860800802
1628 0.5424692026313364
1629 0.542498421561058
1630 0.5425263555735758
1631 0.5425542793215766
1632 0.5425837061901011
1633 0.5426133626028138
1634 0.5426451293490809
1635 0.5426785103623324
1636 0.542715392900987
1637 0.5427533424715895
1638 0.5427915714283296
1639 0.5428301653240639
1640 0.5428660996031636
1641 0.5428975787192242
1642 0.5429257865392692
1643 0.5429521697681483
1644 0.5429757169301043
1645 0.5429973078170885
1646 0.5430188987115414
1647 0.5430434463094006
1648 0.5430707815790615
1649 0.5430982597054769
1650 0.5431260455877598
1651 0.5431538972011313
1652 0.5431808748409821
1653 0.5432077899971907
1654 0.5432354315212664
1655 0.54326657427748
1656 0.5433009763363285
1657 0.5433353397811933
1658 0.5433687325174694
1659 0.5434003505894307
1660 0.5434304275137223
1661 0.5434559464033927
1662 0.5434776224773314
1663 0.5434970470678381
1664 0.5435164994894301
1665 0.543539399685776
1666 0.5435619688440388
1667 0.5435860364664314
1668 0.5436133996050895
1669 0.5436435406698916
1670 0.5436740517192882
1671 0.5436989662245736
1672 0.5437191060757807
1673 0.5437378507169375
1674 0.543756860408327
1675 0.5437796477476969
1676 0.5438096672553856
1677 0.5438471558233318
1678 0.5438896530874964
1679 0.5439317997457804
1680 0.5439728885969507
1681 0.5440142162082541
1682 0.5440528934894275
1683 0.5440890864195839
1684 0.544125660380388
1685 0.5441633358788001
1686 0.5442004550274256
1687 0.5442357063356102
1688 0.5442708220355701
1689 0.5443066126753487
1690 0.5443451056973809
1691 0.5443904769957768
1692 0.5444413253473835
1693 0.5444946520818057
1694 0.5445476070610319
1695 0.5445993624139759
1696 0.5446505754415447
1697 0.5447010964816151
1698 0.544750879166123
1699 0.5448030771986466
1700 0.5448578061188948
1701 0.5449134227449229
1702 0.5449703586075815
1703 0.5450277378939874
1704 0.5450872739507853
1705 0.5451451909950983
1706 0.5452052338147018
1707 0.5452693406934969
1708 0.5453318125672473
1709 0.5453924571143498
1710 0.5454525121586477
1711 0.5455147469670522
1712 0.5455762201498273
1713 0.5456354641719511
1714 0.5456957392281471
1715 0.5457581357282356
1716 0.5458219572550866
1717 0.5458842432399731
1718 0.5459456031560618
1719 0.5460087849917942
1720 0.5460751961995022
1721 0.5461413503009582
1722 0.5462038697723915
1723 0.5462662960201078
1724 0.5463296697449123
1725 0.5463918351317061
1726 0.5464511348016725
1727 0.546508322160457
1728 0.5465641776321002
1729 0.5466173202477613
1730 0.5466669787619488
1731 0.5467148025072769
1732 0.5467639178690739
1733 0.546815147091373
1734 0.5468676712243461
1735 0.5469190440051449
1736 0.5469673039528856
1737 0.5470148352222557
1738 0.547060674610549
1739 0.5471021583886202
1740 0.5471388235787061
1741 0.547170680494506
1742 0.5472009012401594
1743 0.5472275849281377
1744 0.5472479888151459
1745 0.547265058080264
1746 0.5472838729163623
1747 0.5473061983228769
1748 0.5473305326583644
1749 0.5473549903894133
1750 0.5473800498969976
1751 0.547407088533894
1752 0.5474309971377903
1753 0.5474508737957278
1754 0.5474657365895641
1755 0.5474740759473813
1756 0.5474784497596548
1757 0.5474759205742292
1758 0.5474678643931052
1759 0.5474564907161226
1760 0.5474400275744488
1761 0.5474229172054431
1762 0.5474071408984895
1763 0.5473917950471394
1764 0.5473743056259863
1765 0.5473548030402486
1766 0.5473365874122537
1767 0.5473137891825877
1768 0.5472837449277159
1769 0.5472512987235191
1770 0.5472180863509463
1771 0.5471820468081954
1772 0.5471401047141035
1773 0.5470940730645933
1774 0.5470455866156197
1775 0.5469956002123533
1776 0.546946397131519
1777 0.5468972205579256
1778 0.5468476655750658
1779 0.5467966638764246
1780 0.5467440671284414
1781 0.5466906850716383
1782 0.546632981130424
1783 0.5465706413032139
1784 0.5465065597041443
1785 0.5464417493674245
1786 0.546374988305327
1787 0.5463039893658315
1788 0.5462318599752178
1789 0.5461607473359256
1790 0.5460895433858163
1791 0.5460212932836394
1792 0.545953713478886
1793 0.5458855046707057
1794 0.5458168397972059
1795 0.5457467468908784
1796 0.5456755352355733
1797 0.5455989031984809
1798 0.5455191598312005
1799 0.5454368253770205
1800 0.545350598980372
1801 0.5452622530618216
1802 0.545173031258018
1803 0.5450858615606774
1804 0.5450019590537544
1805 0.5449209664321789
1806 0.5448439990002383
1807 0.5447709285381866
1808 0.5446979653721852
1809 0.5446238292812643
1810 0.544547385973792
1811 0.5444712877153048
1812 0.5443972372331397
1813 0.5443239140278686
1814 0.5442531929882861
1815 0.5441837416105169
1816 0.5441179542091289
1817 0.5440546167122614
1818 0.5439887792509366
1819 0.5439217579682616
1820 0.5438553519163386
1821 0.5437908859536128
1822 0.5437255896828956
1823 0.5436585766858668
1824 0.5435945251428645
1825 0.5435325076824071
1826 0.5434722268096174
1827 0.5434148946487579
1828 0.5433603691805037
1829 0.5433095863413506
1830 0.5432606168370051
1831 0.5432124519230017
1832 0.5431638641423888
1833 0.5431142640790224
1834 0.5430629819535813
1835 0.5430089751902439
1836 0.542953986540869
1837 0.5429001951676375
1838 0.5428503992691828
1839 0.542807752232404
1840 0.5427690331735036
1841 0.5427312765753189
1842 0.5426966479240604
1843 0.5426642329636666
1844 0.5426321060207216
1845 0.5425977386852384
1846 0.5425656198132965
1847 0.5425390649714474
1848 0.5425149497620614
1849 0.5424923636445679
1850 0.5424710290402844
1851 0.5424502073442378
1852 0.5424284277537682
1853 0.542404758941467
1854 0.5423802671989062
1855 0.5423556057110579
1856 0.5423296432297882
1857 0.5423062894367661
1858 0.5422856478667997
1859 0.5422669825528171
1860 0.5422494758544351
1861 0.5422325446471037
1862 0.5422155801971417
1863 0.5421981530499004
1864 0.5421831171518373
1865 0.542171040200934
1866 0.5421588144583737
1867 0.5421451712168106
1868 0.5421367453369882
1869 0.542133920588358
1870 0.5421317833632003
1871 0.54212796272479
1872 0.542123186564503
1873 0.5421196753386774
1874 0.5421136919056536
1875 0.5421019140270539
1876 0.542085222750032
1877 0.5420662881990742
1878 0.5420470149524638
1879 0.5420282368335133
1880 0.5420098626841128
1881 0.5419941151707379
1882 0.5419829912382307
1883 0.5419735154808286
1884 0.5419654732024495
1885 0.5419570549824098
1886 0.5419470022334048
1887 0.5419342153933695
1888 0.5419177852917377
1889 0.5418991446494196
1890 0.5418794209200213
1891 0.5418606380242417
1892 0.5418409072720426
1893 0.5418191042525659
1894 0.5417978272359416
1895 0.5417795012684804
1896 0.5417634037087371
1897 0.5417456157482823
1898 0.5417289487242015
1899 0.5417152766487777
1900 0.5417035566607531
1901 0.541692954653506
1902 0.5416813199975601
1903 0.541673652469924
1904 0.5416713966113946
1905 0.5416722060001229
1906 0.541674870066939
1907 0.5416786105845074
1908 0.5416833290450158
1909 0.5416876673798591
1910 0.5416901414444808
1911 0.5416916191402386
1912 0.5416921444650887
1913 0.5416925909972685
1914 0.5416954502506872
1915 0.5416991037605372
1916 0.5417041372826428
1917 0.5417102594969145
1918 0.5417188266386627
1919 0.5417284936201888
1920 0.5417396937513287
1921 0.5417532922704243
1922 0.5417663226746069
1923 0.5417779250701135
1924 0.5417867864265278
1925 0.5417938758337844
1926 0.5417997445367362
1927 0.541804301288057
1928 0.5418086080436204
1929 0.5418136988221812
1930 0.5418202276599614
1931 0.5418273178602465
1932 0.5418328456252471
1933 0.5418380661384046
1934 0.5418423601030771
1935 0.5418438751598104
1936 0.5418431650411
1937 0.5418430392825669
1938 0.5418448372108823
1939 0.5418467487999368
1940 0.541848183580378
1941 0.5418529853990814
1942 0.5418623552590186
1943 0.541871483970136
1944 0.5418765583656021
1945 0.5418768090824656
1946 0.5418770184462224
1947 0.5418769915164506
1948 0.5418757409606623
1949 0.5418750002720618
1950 0.5418772385184256
1951 0.5418839338296834
1952 0.5418900656208745
1953 0.5418937470044976
1954 0.541893945603029
1955 0.5418921705364289
1956 0.5418877817578965
1957 0.5418787633735002
1958 0.5418661482239395
1959 0.5418504273557241
1960 0.5418323535185997
1961 0.5418112398890544
1962 0.5417872927057945
1963 0.5417596407945863
1964 0.5417310216581236
1965 0.5417021898787369
1966 0.5416708423318086
1967 0.5416366902136694
1968 0.5415993956521387
1969 0.5415621452403887
1970 0.5415246641513746
1971 0.5414848620545969
1972 0.5414440489502614
1973 0.5414020687106195
1974 0.5413599180350745
1975 0.5413185414979061
1976 0.5412748120381429
1977 0.541230350358743
1978 0.5411935129097405
1979 0.5411685164871565
1980 0.541154651969298
1981 0.5411501621845404
1982 0.5411578838990243
1983 0.5411788538773852
1984 0.5412083730439022
1985 0.5412464744306976
1986 0.5412966775358709
1987 0.5413619276449373
1988 0.5414435894820464
1989 0.5415429496248173
1990 0.5416590600789303
1991 0.5417919828702031
1992 0.5419395567003746
1993 0.5420983567051156
1994 0.5422673919315847
1995 0.5424461310611431
1996 0.5426355932512049
1997 0.5428359992869052
1998 0.5430492351474739
1999 0.5432706058519454
2000 0.5434978862421441
2001 0.5437309012963898
2002 0.5439676949584609
2003 0.5442060919510372
2004 0.5444416850863804
2005 0.5446789606034009
2006 0.5449154953511458
2007 0.5451442817639423
2008 0.5453624002742267
2009 0.545567639894926
2010 0.5457581259261287
2011 0.5459293920701839
2012 0.5460786097734673
2013 0.5462062032450918
2014 0.5463109760696887
2015 0.5463875706886964
2016 0.5464334395103563
2017 0.5464503191267608
2018 0.5464386598876748
2019 0.5463973229213823
2020 0.5463266732291705
2021 0.5462324328096886
2022 0.5461181154125212
2023 0.5459805549047624
2024 0.5458222913303091
2025 0.5456456536622823
2026 0.5454516429400524
2027 0.5452399253519495
2028 0.5450104591636548
2029 0.5447710397268304
2030 0.5445268312490728
2031 0.5442854313539546
2032 0.5440541052149462
2033 0.5438363492400133
2034 0.5436326471808618
2035 0.5434420465430752
2036 0.5432673104786128
2037 0.5431056366502619
2038 0.542955822911372
2039 0.5428210988596284
2040 0.542706176833125
2041 0.542612386230959
2042 0.542538448867771
2043 0.5424887863402582
2044 0.5424697684926937
2045 0.5424873186299237
2046 0.5425485203274154
2047 0.5426593123964356
2048 0.5428169573249462
2049 0.5430118618918036
2050 0.5432265631508549
2051 0.5434429269498172
2052 0.5436488709934959
2053 0.5438316213856931
2054 0.5439834433754362
2055 0.544101492781194
2056 0.5441869410198706
2057 0.5442413306209348
2058 0.5442683689870703
2059 0.544273341244438
2060 0.544259584086471
2061 0.5442294301040159
2062 0.5441814793128684
2063 0.544117622906881
2064 0.5440342377383742
2065 0.5439302524831829
2066 0.5438103053924946
2067 0.5436819457944347
2068 0.5435588139614312
2069 0.5434420326817234
2070 0.543333682424661
2071 0.5432312189521223
2072 0.5431229126638178
2073 0.5429976145087178
2074 0.5428458641345562
2075 0.5426664000106016
2076 0.5424615648803651
2077 0.5422408606488954
2078 0.5420162955708682
2079 0.5417983348019311
2080 0.5415941091250042
2081 0.5414105961063723
2082 0.541244488345068
2083 0.5410861661131866
2084 0.5409362191417435
2085 0.5407990282590974
2086 0.5406769395804568
2087 0.540568890099187
2088 0.540477236391152
2089 0.5404052585191225
2090 0.5403515360832258
2091 0.5403096579633998
2092 0.54027521139879
2093 0.5402502661757663
2094 0.5402318955100384
2095 0.5402201544280165
2096 0.5402148229398642
2097 0.5402163064134359
2098 0.5402266363983405
2099 0.5402419198624888
2100 0.5402607778615817
2101 0.5402815675865491
2102 0.540305137619011
2103 0.5403305055691687
2104 0.540353208852552
2105 0.5403745472205266
2106 0.5403939903774798
2107 0.5404122048850336
2108 0.5404253365077917
2109 0.5404328482370385
2110 0.5404388814151447
2111 0.5404440316074872
2112 0.5404482221683014
2113 0.5404487201896044
2114 0.5404503795514878
2115 0.5404529848911822
2116 0.5404524172095971
2117 0.5404469330084607
2118 0.5404377372311618
2119 0.5404302203854193
2120 0.5404247952365008
2121 0.5404210667093907
2122 0.540419721237666
2123 0.5404210844865464
2124 0.5404278144944936
2125 0.5404367676920725
2126 0.5404438014033025
2127 0.5404522826238721
2128 0.5404637099782583
2129 0.540476140354982
2130 0.5404869793278898
2131 0.5404946157486807
2132 0.5405035299933177
2133 0.5405144662677976
2134 0.5405259882614075
2135 0.5405371194994978
2136 0.5405481895951058
2137 0.5405618958120701
2138 0.5405774265139134
2139 0.5405952855040376
2140 0.5406157716008755
2141 0.5406396668074264
2142 0.5406661492388195
2143 0.5406957984497182
2144 0.5407299883138152
2145 0.5407639735115627
2146 0.5407969585247434
2147 0.5408322885617639
2148 0.5408700720534039
2149 0.5409082024489476
2150 0.5409436531722285
2151 0.5409794792265599
2152 0.5410170838922603
2153 0.541054268421073
2154 0.5410938469138112
2155 0.5411356048421964
2156 0.5411797059143476
2157 0.5412257172578565
2158 0.5412739495216816
2159 0.5413250060009298
2160 0.5413771503997996
2161 0.541432514162478
2162 0.541489999162688
2163 0.541548007258579
2164 0.5416071482365693
2165 0.5416686934027507
2166 0.5417333579709621
2167 0.5417958297899697
2168 0.541856131863911
2169 0.5419180613979836
2170 0.541983930749704
2171 0.5420530864820262
2172 0.5421202276241156
2173 0.5421876143456235
2174 0.5422579949091157
2175 0.5423332672975797
2176 0.5424092052709619
2177 0.5424812101241914
2178 0.5425579415512128
2179 0.5426410652289934
2180 0.5427279928516728
2181 0.542814748464369
2182 0.5429014341524954
2183 0.5429926838036426
2184 0.5430838100568559
2185 0.5431744486903795
2186 0.5432654250558319
2187 0.5433553144366121
2188 0.5434410645436343
2189 0.5435198592492291
2190 0.5435950723810852
2191 0.5436678571859886
2192 0.543739153298379
2193 0.5438093759715565
2194 0.5438808565069805
2195 0.5439551543582738
2196 0.5440288419055441
2197 0.5441001080440139
2198 0.5441682643618946
2199 0.5442321642818868
2200 0.5442911793185076
2201 0.5443449915961004
2202 0.5443943922623522
2203 0.5444404885155132
2204 0.5444802007486096
2205 0.5445142627723074
2206 0.5445438183321843
2207 0.544570137101779
2208 0.5445951098091611
2209 0.5446168835522603
2210 0.5446386108855304
2211 0.5446586880648552
2212 0.5446760238672329
2213 0.5446920677632663
2214 0.5447039670118955
2215 0.5447107462131043
2216 0.5447089956700351
2217 0.5447011736045837
2218 0.5446896805867995
2219 0.5446720913395534
2220 0.5446506856155388
2221 0.5446272258430956
2222 0.5446041717777139
2223 0.5445826514293303
2224 0.544559563201041
2225 0.5445345939280688
2226 0.5445062835122463
2227 0.5444771335726281
2228 0.544448324430288
2229 0.544418282278155
2230 0.5443902910325058
2231 0.5443662069945022
2232 0.5443468510229497
2233 0.5443278090627451
2234 0.5443099772808595
2235 0.544295800808135
2236 0.544285575583087
2237 0.5442765175477517
2238 0.5442669264979074
2239 0.5442594448211553
2240 0.544249212116484
2241 0.5442363240378183
2242 0.5442204586064289
2243 0.5441988728228806
2244 0.5441723496234703
2245 0.5441418705407234
2246 0.5441124077172621
2247 0.5440809729312259
2248 0.5440453765341988
2249 0.5440104058905086
2250 0.5439785047966964
2251 0.5439502031471638
2252 0.5439237102496557
2253 0.5438990066131524
2254 0.5438759788387765
2255 0.5438526739747519
2256 0.5438259401005532
2257 0.5437963846136851
2258 0.5437635586706518
2259 0.5437321244349381
2260 0.5437049203114226
2261 0.5436789246531036
2262 0.5436572377888632
2263 0.5436394314221387
2264 0.543625367321558
2265 0.5436104904471682
2266 0.5435929307547398
2267 0.5435767260937585
2268 0.5435610614015051
2269 0.5435444122713005
2270 0.5435274518886483
2271 0.54351063734469
2272 0.5434935816837242
2273 0.5434772838099095
2274 0.5434604541649964
2275 0.5434425368720385
2276 0.5434249846098373
2277 0.543409593578289
2278 0.543396471143408
2279 0.5433837690694402
2280 0.5433698996073446
2281 0.5433534169972564
2282 0.5433338313013181
2283 0.5433160714145214
2284 0.5433037020434328
2285 0.5432934313443106
2286 0.5432862848507863
2287 0.5432844507587097
2288 0.5432880113894918
2289 0.543292794507047
2290 0.5433010642400331
2291 0.5433179894684189
2292 0.5433423794454963
2293 0.5433720507578348
2294 0.5434048360250003
2295 0.5434395393511303
2296 0.5434747137590332
2297 0.5435144286417526
2298 0.5435584589341365
2299 0.5436079892080954
2300 0.54366356506002
2301 0.5437245220488793
2302 0.5437889859860909
2303 0.5438469330463291
2304 0.5438985249966047
2305 0.5439441666646835
2306 0.5439833661919588
2307 0.5440195342228726
2308 0.5440542104739152
2309 0.5440910138115151
2310 0.5441321145250431
2311 0.5441768980450213
2312 0.5442235477532963
2313 0.5442680270585413
2314 0.5443094480096713
2315 0.5443489318846365
2316 0.5443861807091629
2317 0.5444194258437546
2318 0.5444483081833197
2319 0.5444740568671607
2320 0.5444941778329261
2321 0.5445061543632975
2322 0.544507254965349
2323 0.5445000185917872
2324 0.544487726591504
2325 0.5444719675593651
2326 0.5444550308262958
2327 0.5444393756626202
2328 0.5444277370411504
2329 0.5444181640774239
2330 0.5444098888215484
2331 0.5443992303943095
2332 0.5443867076658813
2333 0.5443720347453307
2334 0.5443547755645183
2335 0.5443366847785057
2336 0.5443169773668448
2337 0.5442971000598794
2338 0.5442737789350608
2339 0.5442483377481093
2340 0.5442211483163785
2341 0.5441927452645992
2342 0.5441670398509764
2343 0.5441441009734369
2344 0.5441242159345054
2345 0.5441061463686713
2346 0.544089886556087
2347 0.5440763907032484
2348 0.5440616106582032
2349 0.5440444458113919
2350 0.5440274419226188
2351 0.5440098705438865
2352 0.5439908547064415
2353 0.5439690317679894
2354 0.5439450273009852
2355 0.543920388360263
2356 0.5438936658291355
2357 0.5438654538500185
2358 0.5438335163173119
2359 0.543796440428746
2360 0.5437551643649327
2361 0.543712294460109
2362 0.5436680426833024
2363 0.5436194896818356
2364 0.5435703229077523
2365 0.5435209675726952
2366 0.5434707271313248
2367 0.5434167735756591
2368 0.5433586687212357
2369 0.5433008531675565
2370 0.5432431101122361
2371 0.5431875050788447
2372 0.5431329680917496
2373 0.5430762864894745
2374 0.5430200894039049
2375 0.5429654366234795
2376 0.5429092327215159
2377 0.5428485637705203
2378 0.5427841397215092
2379 0.5427205203188229
2380 0.5426606162452832
2381 0.5426044543850121
2382 0.542552611810153
2383 0.5425052135529252
2384 0.5424633955068217
2385 0.5424252770126661
2386 0.5423889356514945
2387 0.5423532051971531
2388 0.5423203213686676
2389 0.5422904816865375
2390 0.5422617244942673
2391 0.5422361892488662
2392 0.5422142343899973
2393 0.5421966703867093
2394 0.5421795931440018
2395 0.5421641079413374
2396 0.5421545503699872
2397 0.5421489657680252
2398 0.5421461890292527
2399 0.5421445791586542
2400 0.5421478308238797
2401 0.5421577497767399
2402 0.5421694603004752
2403 0.5421825337634831
2404 0.5421976583990947
2405 0.5422146263995539
2406 0.542231666570135
2407 0.542248069845288
2408 0.5422655952225951
2409 0.5422825782130101
2410 0.5422952080055341
2411 0.5423041195573892
2412 0.5423113681184271
2413 0.5423160691828519
2414 0.54231731328465
2415 0.5423173481254838
2416 0.542316982166851
2417 0.5423123867781999
2418 0.5423032210830685
2419 0.5422933591803254
2420 0.5422862909305166
2421 0.5422840277363496
2422 0.5422895738040853
2423 0.5423057012807501
2424 0.542333751112288
2425 0.5423713742834433
2426 0.5424158738672283
2427 0.5424643970792071
2428 0.5425149747218181
2429 0.5425730774795314
2430 0.5426402298213943
2431 0.542719432045612
2432 0.5428170866137001
2433 0.5429353475519706
2434 0.54307290229463
2435 0.5432253472192418
2436 0.543389211813447
2437 0.5435618601671587
2438 0.5437397409667135
2439 0.543923391427773
2440 0.5441212389631694
2441 0.5443382229763944
2442 0.544571552809956
2443 0.5448147123294769
2444 0.5450574845642306
2445 0.5452869207359461
2446 0.5454906445468108
2447 0.5456618850628522
2448 0.5457991356391205
2449 0.54590820486622
2450 0.5460038477181305
2451 0.5460944794496796
2452 0.5461844711168791
2453 0.5462754557074463
2454 0.5463690442891423
2455 0.5464573501797532
2456 0.546525300567108
2457 0.5465727689993217
2458 0.5465995431227368
2459 0.5466073348559972
2460 0.5465969178549723
2461 0.5465698212624822
2462 0.5465292358974325
2463 0.5464766254612894
2464 0.5464131208377117
2465 0.5463349227477267
2466 0.546241622234772
2467 0.5461342302422705
2468 0.5460190118520171
2469 0.5459021432735969
2470 0.5457950319835823
2471 0.5457117290200635
2472 0.5456670065707417
2473 0.5456796887404252
2474 0.5457588015217228
2475 0.5459121636971578
2476 0.546139557484845
2477 0.5464359535561959
2478 0.5467965324692474
2479 0.5472153282818937
2480 0.5476860365035381
2481 0.5482009238330541
2482 0.5487544512954192
2483 0.5493427315613486
2484 0.5499616347202646
2485 0.5506055768938318
2486 0.5512737343609033
2487 0.5519638397975604
2488 0.5526691404804566
2489 0.5533833247872367
2490 0.5541013904474369
2491 0.5548164771191548
2492 0.5555190762191611
2493 0.5561980731261169
2494 0.5568449320180531
2495 0.5574729682335686
2496 0.5581399208955211
2497 0.5589361928781081
2498 0.5603704178810427
2499 0.5619193859081575
2500 0.563477876142563
2501 0.5649374252683467
2502 0.566143682433974
