0
1
200
0 0.566892022522272
1 0.5661436824339737
2 0.5649374252683463
3 0.563477876142563
4 0.5619193859081575
5 0.5603704178810427
6 0.5589361928781077
7 0.5581399208955209
8 0.5574729682335686
9 0.5568449320180531
10 0.5561980731261168
11 0.5555190762191613
12 0.5548164771191548
13 0.5541013904474369
14 0.5533833247872366
15 0.5526691404804566
16 0.5519638397975604
17 0.5512737343609033
18 0.5506055768938317
19 0.5499616347202648
20 0.5493427315613486
21 0.5487544512954191
22 0.5482009238330541
23 0.5476860365035379
24 0.5472153282818936
25 0.5467965324692475
26 0.5464359535561961
27 0.5461395574848452
28 0.5459121636971578
29 0.5457588015217225
30 0.5456796887404247
31 0.5456670065707417
32 0.5457117290200635
33 0.545795031983582
34 0.5459021432735973
35 0.546019011852017
36 0.5461342302422707
37 0.546241622234772
38 0.5463349227477269
39 0.5464131208377119
40 0.5464766254612892
41 0.5465292358974329
42 0.5465698212624819
43 0.5465969178549726
44 0.5466073348559974
45 0.5465995431227367
46 0.5465727689993214
47 0.5465253005671086
48 0.5464573501797532
49 0.5463690442891431
50 0.5462754557074461
51 0.5461844711168786
52 0.5460944794496794
53 0.5460038477181303
54 0.5459082048662198
55 0.5457991356391197
56 0.5456618850628521
57 0.5454906445468111
58 0.5452869207359464
59 0.5450574845642305
60 0.5448147123294769
61 0.5445715528099557
62 0.5443382229763942
63 0.544121238963169
64 0.5439233914277729
65 0.5437397409667133
66 0.5435618601671585
67 0.5433892118134469
68 0.543225347219242
69 0.5430729022946296
70 0.5429353475519704
71 0.5428170866137004
72 0.5427194320456116
73 0.5426402298213941
74 0.5425730774795314
75 0.5425149747218178
76 0.5424643970792066
77 0.5424158738672288
78 0.5423713742834433
79 0.5423337511122877
80 0.5423057012807502
81 0.5422895738040853
82 0.5422840277363499
83 0.5422862909305162
84 0.542293359180325
85 0.5423032210830678
86 0.5423123867782002
87 0.5423169821668509
88 0.5423173481254845
89 0.5423173132846499
90 0.5423160691828525
91 0.5423113681184272
92 0.5423041195573892
93 0.5422952080055339
94 0.5422825782130102
95 0.542265595222595
96 0.5422480698452884
97 0.5422316665701353
98 0.5422146263995539
99 0.5421976583990941
100 0.542182533763483
101 0.5421694603004754
102 0.5421577497767398
103 0.5421478308238802
104 0.5421445791586545
105 0.5421461890292525
106 0.5421489657680257
107 0.5421545503699875
108 0.5421641079413373
109 0.5421795931440018
110 0.5421966703867092
111 0.5422142343899969
112 0.5422361892488663
113 0.5422617244942673
114 0.5422904816865376
115 0.5423203213686678
116 0.5423532051971529
117 0.5423889356514943
118 0.5424252770126659
119 0.5424633955068219
120 0.542505213552925
121 0.5425526118101532
122 0.542604454385012
123 0.542660616245284
124 0.5427205203188229
125 0.5427841397215089
126 0.5428485637705197
127 0.5429092327215158
128 0.5429654366234793
129 0.543020089403904
130 0.5430762864894745
131 0.5431329680917487
132 0.5431875050788443
133 0.5432431101122359
134 0.543300853167557
135 0.5433586687212361
136 0.5434167735756587
137 0.543470727131325
138 0.5435209675726947
139 0.5435703229077521
140 0.5436194896818364
141 0.5436680426833023
142 0.5437122944601088
143 0.5437551643649321
144 0.5437964404287454
145 0.5438335163173119
146 0.5438654538500172
147 0.5438936658291358
148 0.5439203883602636
149 0.5439450273009856
150 0.5439690317679899
151 0.5439908547064396
152 0.5440098705438866
153 0.5440274419226193
154 0.5440444458113914
155 0.5440616106582039
156 0.5440763907032485
157 0.5440898865560867
158 0.5441061463686717
159 0.544124215934505
160 0.5441441009734372
161 0.5441670398509764
162 0.5441927452646002
163 0.544221148316379
164 0.5442483377481093
165 0.5442737789350606
166 0.5442971000598791
167 0.5443169773668444
168 0.5443366847785054
169 0.5443547755645167
170 0.5443720347453314
171 0.544386707665881
172 0.5443992303943092
173 0.5444098888215475
174 0.5444181640774258
175 0.5444277370411503
176 0.5444393756626199
177 0.5444550308262954
178 0.5444719675593644
179 0.5444877265915047
180 0.544500018591787
181 0.544507254965349
182 0.5445061543632966
183 0.5444941778329255
184 0.5444740568671593
185 0.5444483081833194
186 0.5444194258437547
187 0.5443861807091637
188 0.5443489318846365
189 0.54430944800967
190 0.5442680270585415
191 0.5442235477532957
192 0.5441768980450219
193 0.544132114525043
194 0.5440910138115144
195 0.5440542104739152
196 0.5440195342228727
197 0.5439833661919573
198 0.5439441666646849
199 0.5438985249966041
