0
1
179
0 7.009103560672454
1 7.009103560672454
2 -2.2155271658120004
3 1.4712843415956194
4 -0.9187189865499846
5 0.8368068036125099
6 -0.558485170421925
7 0.5999010110406894
8 -0.38973522437093183
9 0.47201770179219366
10 -0.2968302300524072
11 0.3863654955196912
12 -0.23741386596064357
13 0.3305034870185495
14 -0.19286747129972404
15 0.29099600929914543
16 -0.15962722456569922
17 0.26092637002275226
18 -0.13336052780144586
19 0.23759467534630493
20 -0.11211866010901739
21 0.21863858980912557
22 -0.09491229915043514
23 0.20253169999262802
24 -0.08108691634907013
25 0.18865629139882295
26 -0.06918703388364421
27 0.17695968531483797
28 -0.058779438465344835
29 0.16679267947544832
30 -0.04979213396278104
31 0.15770412435220535
32 -0.04186958810952954
33 0.1496755507215734
34 -0.03481493808317689
35 0.14251390123052296
36 -0.028491768825303465
37 0.1359398950796963
38 -0.02294714273129579
39 0.12981963306621488
40 -0.017975503720385873
41 0.12428485295068344
42 -0.013280177701356699
43 0.11924465285873319
44 0.11446188349076823
45 0.10999767795050286
46 0.10584737273977296
47 0.10190794658664037
48 0.09818091182929681
49 0.09465408876631208
50 0.010084508321673258
51 0.09130470571956079
52 0.012537734363528242
53 0.08810142777570838
54 0.014830663449932713
55 0.08503762394613848
56 0.016982007914119957
57 0.0820919595501763
58 0.01899289999127577
59 0.07926290978402774
60 0.020882681508149405
61 0.07653458681731151
62 0.022658622967808663
63 0.07389887891578555
64 0.02432727548376571
65 0.07134633216822488
66 0.025894722770604495
67 0.06887370219282993
68 0.027374774259081937
69 0.06646980529814982
70 0.02876263773000285
71 0.06413215701632713
72 0.030068493557842427
73 0.061850017495066446
74 0.03129748178032589
75 0.05962538597157501
76 0.03244600910553739
77 0.05745283034713569
78 0.0335313804074755
79 0.055326335621042805
80 0.03454957151998975
81 0.05324341407646045
82 0.035497555204028246
83 0.05120331721963387
84 0.03638336307722618
85 0.049196287800049955
86 0.03721652450154258
87 0.047231171728056943
88 0.03799012166079111
89 0.045297268897115966
90 0.03870908560977631
91 0.04339031335469874
92 0.039373752009509294
93 0.041520886352695824
94 0.039992152136625186
95 0.03967466277736576
96 0.040558407143178564
97 0.03785980292594577
98 0.041079516452212805
99 0.03606635443334805
100 0.04155260740849594
101 0.03430156124520083
102 0.04198229856792362
103 0.03255896002815527
104 0.0423685703926326
105 0.030840714353045515
106 0.042714823407372204
107 0.029140581574740337
108 0.043017006870028775
109 0.02746471995227895
110 0.04328203137234149
111 0.025811612119238304
112 0.04350894579714102
113 0.024175431485976992
114 0.04369747476955793
115 0.022560483488692162
116 0.04384948400384552
117 0.020965143315173004
118 0.04396707423691104
119 0.019389372386105136
120 0.044049772563397704
121 0.017832215313202077
122 0.04409741151068183
123 0.016292909445097013
124 0.044112407624900124
125 0.014772383799457528
126 0.04409531585805151
127 0.013270157446406786
128 0.04404619616017188
129 0.011785706032167872
130 0.04396612998938736
131 0.010319026414611812
132 0.04385550734819439
133 0.04371438708610949
134 0.0435446029379324
135 0.04334539177013228
136 0.043117313630687285
137 0.04286245195668939
138 0.04257936431001896
139 0.042268459003814714
140 0.04193171991478482
141 0.04156700345269826
142 0.041177481364836066
143 0.040761715198264784
144 0.040319897226558724
145 0.039852276373974
146 0.03936132489477792
147 0.03884432891408113
148 -0.01079119729401375
149 0.03830288804205853
150 -0.011965392062135705
151 0.03773671888497932
152 -0.013121624272766308
153 0.03714735563398113
154 -0.014260065232694281
155 0.03653418600401053
156 -0.015381069835471585
157 0.035896997464968876
158 -0.01648569738706518
159 0.03523704502145463
160 -0.017572170272826673
161 0.03455360172383987
162 -0.01864045531854089
163 0.03384786879940526
164 -0.01969046656010925
165 0.03311970488885073
166 -0.020722307177589896
167 0.03236902360512313
168 -0.021735835967543332
169 0.03159666895276152
170 -0.02273056912155502
171 0.030802661155282643
172 -0.02370651167682977
173 0.029987377851918257
174 -0.024663357764510035
175 0.029150969771285774
176 -0.02560070339625487
177 0.02829383231838303
178 -0.026518428508491704
