0
1
2500
0 0.313
1 0.309
2 0.307
3 0.317
4 0.322
5 0.319
6 0.315
7 0.311
8 0.309
9 0.308
10 0.31
11 0.315
12 0.321
13 0.32
14 0.316
15 0.317
16 0.319
17 0.319
18 0.317
19 0.309
20 0.305
21 0.312
22 0.316
23 0.319
24 0.318
25 0.312
26 0.314
27 0.313
28 0.312
29 0.314
30 0.312
31 0.316
32 0.323
33 0.321
34 0.316
35 0.321
36 0.316
37 0.308
38 0.312
39 0.318
40 0.32
41 0.306
42 0.306
43 0.321
44 0.322
45 0.32
46 0.319
47 0.317
48 0.317
49 0.317
50 0.314
51 0.311
52 0.31
53 0.305
54 0.309
55 0.315
56 0.313
57 0.312
58 0.31
59 0.311
60 0.311
61 0.31
62 0.309
63 0.31
64 0.315
65 0.308
66 0.308
67 0.314
68 0.311
69 0.31
70 0.313
71 0.312
72 0.307
73 0.304
74 0.304
75 0.305
76 0.306
77 0.309
78 0.314
79 0.311
80 0.314
81 0.315
82 0.311
83 0.312
84 0.31
85 0.31
86 0.311
87 0.309
88 0.299
89 0.296
90 0.298
91 0.296
92 0.301
93 0.307
94 0.31
95 0.31
96 0.304
97 0.303
98 0.305
99 0.302
100 0.302
101 0.306
102 0.305
103 0.301
104 0.304
105 0.309
106 0.303
107 0.303
108 0.308
109 0.307
110 0.306
111 0.307
112 0.301
113 0.293
114 0.299
115 0.307
116 0.311
117 0.309
118 0.307
119 0.311
120 0.309
121 0.303
122 0.3
123 0.301
124 0.304
125 0.305
126 0.309
127 0.314
128 0.311
129 0.302
130 0.298
131 0.302
132 0.308
133 0.308
134 0.303
135 0.301
136 0.298
137 0.296
138 0.301
139 0.302
140 0.297
141 0.299
142 0.306
143 0.308
144 0.301
145 0.299
146 0.302
147 0.306
148 0.308
149 0.305
150 0.303
151 0.307
152 0.304
153 0.301
154 0.305
155 0.303
156 0.304
157 0.304
158 0.299
159 0.301
160 0.304
161 0.3
162 0.299
163 0.299
164 0.297
165 0.298
166 0.298
167 0.298
168 0.297
169 0.289
170 0.293
171 0.298
172 0.294
173 0.298
174 0.305
175 0.305
176 0.299
177 0.299
178 0.3
179 0.298
180 0.296
181 0.297
182 0.3
183 0.299
184 0.291
185 0.29
186 0.296
187 0.304
188 0.306
189 0.305
190 0.302
191 0.298
192 0.297
193 0.297
194 0.298
195 0.298
196 0.298
197 0.294
198 0.295
199 0.29
200 0.286
201 0.291
202 0.299
203 0.302
204 0.297
205 0.298
206 0.298
207 0.296
208 0.297
209 0.297
210 0.297
211 0.295
212 0.294
213 0.297
214 0.299
215 0.298
216 0.296
217 0.295
218 0.292
219 0.293
220 0.299
221 0.305
222 0.303
223 0.295
224 0.301
225 0.306
226 0.302
227 0.299
228 0.298
229 0.304
230 0.303
231 0.3
232 0.303
233 0.301
234 0.301
235 0.299
236 0.298
237 0.293
238 0.291
239 0.298
240 0.301
241 0.3
242 0.3
243 0.297
244 0.297
245 0.3
246 0.302
247 0.301
248 0.301
249 0.295
250 0.292
251 0.296
252 0.298
253 0.298
254 0.296
255 0.298
256 0.297
257 0.3
258 0.303
259 0.296
260 0.292
261 0.294
262 0.297
263 0.298
264 0.298
265 0.293
266 0.288
267 0.293
268 0.297
269 0.298
270 0.299
271 0.29
272 0.289
273 0.298
274 0.299
275 0.3
276 0.3
277 0.298
278 0.299
279 0.299
280 0.296
281 0.293
282 0.293
283 0.295
284 0.3
285 0.299
286 0.296
287 0.293
288 0.294
289 0.302
290 0.297
291 0.294
292 0.301
293 0.301
294 0.297
295 0.291
296 0.295
297 0.297
298 0.291
299 0.294
300 0.298
301 0.3
302 0.296
303 0.293
304 0.3
305 0.306
306 0.304
307 0.298
308 0.298
309 0.298
310 0.302
311 0.302
312 0.303
313 0.308
314 0.302
315 0.304
316 0.311
317 0.31
318 0.316
319 0.32
320 0.316
321 0.315
322 0.318
323 0.32
324 0.32
325 0.326
326 0.327
327 0.33
328 0.334
329 0.33
330 0.329
331 0.33
332 0.332
333 0.343
334 0.343
335 0.336
336 0.332
337 0.331
338 0.337
339 0.334
340 0.334
341 0.338
342 0.335
343 0.334
344 0.338
345 0.34
346 0.34
347 0.341
348 0.339
349 0.343
350 0.347
351 0.347
352 0.356
353 0.357
354 0.357
355 0.362
356 0.361
357 0.359
358 0.358
359 0.365
360 0.367
361 0.368
362 0.369
363 0.368
364 0.37
365 0.368
366 0.373
367 0.376
368 0.368
369 0.358
370 0.35
371 0.346
372 0.341
373 0.341
374 0.344
375 0.35
376 0.354
377 0.348
378 0.35
379 0.351
380 0.348
381 0.354
382 0.356
383 0.353
384 0.348
385 0.349
386 0.344
387 0.342
388 0.346
389 0.344
390 0.343
391 0.341
392 0.342
393 0.338
394 0.331
395 0.325
396 0.317
397 0.314
398 0.309
399 0.3
400 0.29
401 0.285
402 0.286
403 0.285
404 0.28
405 0.276
406 0.275
407 0.281
408 0.281
409 0.276
410 0.273
411 0.274
412 0.277
413 0.275
414 0.279
415 0.281
416 0.276
417 0.273
418 0.273
419 0.275
420 0.273
421 0.273
422 0.274
423 0.274
424 0.277
425 0.275
426 0.274
427 0.275
428 0.273
429 0.271
430 0.271
431 0.271
432 0.269
433 0.27
434 0.27
435 0.271
436 0.271
437 0.273
438 0.266
439 0.264
440 0.266
441 0.265
442 0.264
443 0.26
444 0.266
445 0.267
446 0.267
447 0.266
448 0.265
449 0.264
450 0.264
451 0.27
452 0.268
453 0.267
454 0.262
455 0.257
456 0.267
457 0.272
458 0.269
459 0.263
460 0.261
461 0.262
462 0.261
463 0.262
464 0.264
465 0.262
466 0.259
467 0.258
468 0.256
469 0.258
470 0.259
471 0.258
472 0.26
473 0.258
474 0.253
475 0.251
476 0.248
477 0.249
478 0.248
479 0.241
480 0.234
481 0.234
482 0.232
483 0.232
484 0.232
485 0.231
486 0.227
487 0.222
488 0.222
489 0.224
490 0.23
491 0.243
492 0.254
493 0.267
494 0.282
495 0.305
496 0.343
497 0.379
498 0.415
499 0.458
500 0.501
501 0.536
502 0.568
503 0.607
504 0.647
505 0.678
506 0.713
507 0.756
508 0.794
509 0.838
510 0.873
511 0.894
512 0.92
513 0.933
514 0.941
515 0.951
516 0.945
517 0.936
518 0.927
519 0.922
520 0.928
521 0.934
522 0.936
523 0.919
524 0.889
525 0.865
526 0.823
527 0.762
528 0.691
529 0.62
530 0.55
531 0.485
532 0.434
533 0.366
534 0.303
535 0.254
536 0.207
537 0.178
538 0.155
539 0.128
540 0.102
541 0.087
542 0.093
543 0.1
544 0.099
545 0.102
546 0.106
547 0.116
548 0.127
549 0.139
550 0.152
551 0.161
552 0.171
553 0.185
554 0.201
555 0.217
556 0.231
557 0.238
558 0.247
559 0.259
560 0.263
561 0.264
562 0.276
563 0.281
564 0.276
565 0.277
566 0.284
567 0.284
568 0.281
569 0.284
570 0.291
571 0.291
572 0.294
573 0.294
574 0.288
575 0.29
576 0.295
577 0.296
578 0.296
579 0.297
580 0.294
581 0.295
582 0.3
583 0.299
584 0.302
585 0.301
586 0.302
587 0.304
588 0.305
589 0.307
590 0.31
591 0.309
592 0.307
593 0.31
594 0.308
595 0.309
596 0.308
597 0.308
598 0.313
599 0.314
600 0.313
601 0.315
602 0.316
603 0.302
604 0.299
605 0.319
606 0.325
607 0.317
608 0.319
609 0.322
610 0.32
611 0.321
612 0.324
613 0.325
614 0.318
615 0.313
616 0.322
617 0.332
618 0.33
619 0.328
620 0.327
621 0.329
622 0.336
623 0.334
624 0.335
625 0.334
626 0.332
627 0.337
628 0.339
629 0.337
630 0.335
631 0.336
632 0.337
633 0.336
634 0.337
635 0.339
636 0.341
637 0.343
638 0.344
639 0.345
640 0.347
641 0.346
642 0.347
643 0.349
644 0.344
645 0.344
646 0.342
647 0.344
648 0.347
649 0.345
650 0.351
651 0.354
652 0.35
653 0.35
654 0.352
655 0.357
656 0.356
657 0.355
658 0.358
659 0.354
660 0.351
661 0.359
662 0.368
663 0.37
664 0.365
665 0.363
666 0.362
667 0.366
668 0.37
669 0.375
670 0.374
671 0.365
672 0.363
673 0.368
674 0.367
675 0.366
676 0.373
677 0.374
678 0.375
679 0.38
680 0.382
681 0.378
682 0.382
683 0.385
684 0.379
685 0.373
686 0.365
687 0.381
688 0.392
689 0.386
690 0.387
691 0.382
692 0.387
693 0.388
694 0.387
695 0.395
696 0.399
697 0.399
698 0.395
699 0.405
700 0.411
701 0.407
702 0.408
703 0.408
704 0.408
705 0.408
706 0.408
707 0.407
708 0.409
709 0.416
710 0.419
711 0.421
712 0.416
713 0.421
714 0.433
715 0.431
716 0.429
717 0.431
718 0.433
719 0.438
720 0.439
721 0.441
722 0.443
723 0.448
724 0.453
725 0.455
726 0.458
727 0.456
728 0.455
729 0.455
730 0.458
731 0.461
732 0.462
733 0.471
734 0.478
735 0.48
736 0.485
737 0.488
738 0.488
739 0.489
740 0.491
741 0.491
742 0.489
743 0.495
744 0.505
745 0.512
746 0.512
747 0.513
748 0.517
749 0.523
750 0.526
751 0.522
752 0.524
753 0.532
754 0.541
755 0.54
756 0.543
757 0.552
758 0.556
759 0.561
760 0.561
761 0.562
762 0.568
763 0.575
764 0.583
765 0.579
766 0.57
767 0.574
768 0.583
769 0.591
770 0.593
771 0.594
772 0.605
773 0.618
774 0.614
775 0.612
776 0.618
777 0.616
778 0.615
779 0.615
780 0.622
781 0.633
782 0.636
783 0.637
784 0.64
785 0.643
786 0.641
787 0.645
788 0.647
789 0.642
790 0.642
791 0.647
792 0.654
793 0.656
794 0.657
795 0.661
796 0.661
797 0.659
798 0.66
799 0.66
800 0.659
801 0.658
802 0.658
803 0.651
804 0.655
805 0.664
806 0.664
807 0.661
808 0.655
809 0.654
810 0.654
811 0.648
812 0.644
813 0.64
814 0.635
815 0.63
816 0.63
817 0.627
818 0.622
819 0.616
820 0.612
821 0.608
822 0.602
823 0.594
824 0.583
825 0.578
826 0.576
827 0.564
828 0.558
829 0.549
830 0.538
831 0.536
832 0.529
833 0.525
834 0.519
835 0.51
836 0.508
837 0.502
838 0.494
839 0.481
840 0.472
841 0.471
842 0.467
843 0.459
844 0.453
845 0.448
846 0.441
847 0.434
848 0.427
849 0.419
850 0.411
851 0.406
852 0.404
853 0.399
854 0.399
855 0.398
856 0.391
857 0.387
858 0.378
859 0.376
860 0.371
861 0.366
862 0.364
863 0.363
864 0.358
865 0.353
866 0.355
867 0.347
868 0.344
869 0.351
870 0.348
871 0.343
872 0.34
873 0.34
874 0.338
875 0.334
876 0.332
877 0.33
878 0.33
879 0.33
880 0.33
881 0.326
882 0.322
883 0.318
884 0.32
885 0.33
886 0.327
887 0.321
888 0.319
889 0.312
890 0.313
891 0.321
892 0.323
893 0.32
894 0.316
895 0.308
896 0.306
897 0.316
898 0.318
899 0.314
900 0.313
901 0.311
902 0.312
903 0.309
904 0.311
905 0.311
906 0.308
907 0.306
908 0.304
909 0.305
910 0.301
911 0.303
912 0.309
913 0.314
914 0.312
915 0.306
916 0.31
917 0.311
918 0.312
919 0.313
920 0.307
921 0.308
922 0.31
923 0.307
924 0.307
925 0.306
926 0.305
927 0.307
928 0.304
929 0.304
930 0.304
931 0.306
932 0.311
933 0.308
934 0.308
935 0.305
936 0.303
937 0.307
938 0.306
939 0.307
940 0.308
941 0.308
942 0.313
943 0.313
944 0.31
945 0.307
946 0.302
947 0.297
948 0.299
949 0.307
950 0.309
951 0.305
952 0.303
953 0.3
954 0.295
955 0.295
956 0.296
957 0.308
958 0.307
959 0.301
960 0.309
961 0.318
962 0.318
963 0.315
964 0.31
965 0.306
966 0.307
967 0.307
968 0.305
969 0.306
970 0.307
971 0.31
972 0.314
973 0.313
974 0.315
975 0.318
976 0.315
977 0.311
978 0.308
979 0.307
980 0.303
981 0.308
982 0.315
983 0.31
984 0.309
985 0.306
986 0.3
987 0.298
988 0.306
989 0.313
990 0.309
991 0.31
992 0.309
993 0.306
994 0.303
995 0.303
996 0.31
997 0.31
998 0.306
999 0.309
1000 0.308
1001 0.308
1002 0.308
1003 0.308
1004 0.311
1005 0.313
1006 0.312
1007 0.309
1008 0.309
1009 0.31
1010 0.311
1011 0.31
1012 0.306
1013 0.306
1014 0.309
1015 0.314
1016 0.312
1017 0.31
1018 0.309
1019 0.303
1020 0.303
1021 0.306
1022 0.308
1023 0.303
1024 0.305
1025 0.315
1026 0.315
1027 0.313
1028 0.314
1029 0.312
1030 0.31
1031 0.312
1032 0.309
1033 0.307
1034 0.31
1035 0.31
1036 0.307
1037 0.308
1038 0.308
1039 0.307
1040 0.308
1041 0.308
1042 0.309
1043 0.309
1044 0.308
1045 0.305
1046 0.301
1047 0.306
1048 0.313
1049 0.31
1050 0.305
1051 0.304
1052 0.303
1053 0.298
1054 0.292
1055 0.292
1056 0.296
1057 0.305
1058 0.308
1059 0.305
1060 0.302
1061 0.298
1062 0.294
1063 0.296
1064 0.307
1065 0.309
1066 0.305
1067 0.304
1068 0.304
1069 0.307
1070 0.308
1071 0.311
1072 0.309
1073 0.306
1074 0.305
1075 0.304
1076 0.303
1077 0.303
1078 0.305
1079 0.303
1080 0.302
1081 0.299
1082 0.299
1083 0.3
1084 0.297
1085 0.296
1086 0.298
1087 0.305
1088 0.308
1089 0.305
1090 0.303
1091 0.305
1092 0.306
1093 0.304
1094 0.3
1095 0.297
1096 0.298
1097 0.295
1098 0.292
1099 0.291
1100 0.293
1101 0.304
1102 0.303
1103 0.297
1104 0.3
1105 0.299
1106 0.297
1107 0.295
1108 0.293
1109 0.299
1110 0.301
1111 0.3
1112 0.302
1113 0.3
1114 0.301
1115 0.297
1116 0.301
1117 0.302
1118 0.301
1119 0.308
1120 0.301
1121 0.297
1122 0.295
1123 0.298
1124 0.298
1125 0.293
1126 0.298
1127 0.299
1128 0.299
1129 0.296
1130 0.295
1131 0.298
1132 0.296
1133 0.294
1134 0.296
1135 0.297
1136 0.298
1137 0.297
1138 0.292
1139 0.293
1140 0.295
1141 0.296
1142 0.294
1143 0.288
1144 0.286
1145 0.286
1146 0.291
1147 0.297
1148 0.292
1149 0.291
1150 0.293
1151 0.296
1152 0.305
1153 0.303
1154 0.298
1155 0.291
1156 0.292
1157 0.301
1158 0.299
1159 0.298
1160 0.298
1161 0.298
1162 0.298
1163 0.294
1164 0.289
1165 0.287
1166 0.294
1167 0.296
1168 0.3
1169 0.302
1170 0.305
1171 0.3
1172 0.287
1173 0.292
1174 0.288
1175 0.287
1176 0.291
1177 0.295
1178 0.3
1179 0.301
1180 0.303
1181 0.292
1182 0.286
1183 0.287
1184 0.289
1185 0.296
1186 0.296
1187 0.299
1188 0.294
1189 0.29
1190 0.285
1191 0.282
1192 0.292
1193 0.293
1194 0.294
1195 0.295
1196 0.294
1197 0.297
1198 0.304
1199 0.307
1200 0.298
1201 0.294
1202 0.29
1203 0.288
1204 0.283
1205 0.28
1206 0.286
1207 0.293
1208 0.297
1209 0.295
1210 0.291
1211 0.288
1212 0.286
1213 0.29
1214 0.295
1215 0.295
1216 0.288
1217 0.285
1218 0.292
1219 0.294
1220 0.294
1221 0.294
1222 0.295
1223 0.299
1224 0.293
1225 0.291
1226 0.293
1227 0.289
1228 0.288
1229 0.29
1230 0.291
1231 0.29
1232 0.287
1233 0.286
1234 0.292
1235 0.291
1236 0.285
1237 0.287
1238 0.287
1239 0.293
1240 0.299
1241 0.293
1242 0.286
1243 0.286
1244 0.286
1245 0.285
1246 0.292
1247 0.297
1248 0.293
1249 0.294
1250 0.294
1251 0.291
1252 0.292
1253 0.299
1254 0.303
1255 0.3
1256 0.289
1257 0.285
1258 0.287
1259 0.284
1260 0.288
1261 0.289
1262 0.291
1263 0.29
1264 0.291
1265 0.298
1266 0.297
1267 0.296
1268 0.293
1269 0.289
1270 0.286
1271 0.286
1272 0.283
1273 0.286
1274 0.284
1275 0.278
1276 0.284
1277 0.293
1278 0.296
1279 0.293
1280 0.291
1281 0.293
1282 0.298
1283 0.294
1284 0.289
1285 0.281
1286 0.281
1287 0.291
1288 0.289
1289 0.289
1290 0.295
1291 0.293
1292 0.288
1293 0.292
1294 0.294
1295 0.295
1296 0.302
1297 0.303
1298 0.296
1299 0.3
1300 0.303
1301 0.298
1302 0.306
1303 0.313
1304 0.314
1305 0.311
1306 0.306
1307 0.301
1308 0.302
1309 0.31
1310 0.315
1311 0.315
1312 0.313
1313 0.314
1314 0.314
1315 0.312
1316 0.315
1317 0.322
1318 0.327
1319 0.336
1320 0.336
1321 0.333
1322 0.331
1323 0.331
1324 0.336
1325 0.337
1326 0.334
1327 0.323
1328 0.326
1329 0.338
1330 0.334
1331 0.332
1332 0.329
1333 0.329
1334 0.34
1335 0.343
1336 0.347
1337 0.347
1338 0.351
1339 0.357
1340 0.352
1341 0.358
1342 0.361
1343 0.354
1344 0.35
1345 0.359
1346 0.369
1347 0.362
1348 0.36
1349 0.374
1350 0.378
1351 0.37
1352 0.37
1353 0.366
1354 0.365
1355 0.364
1356 0.36
1357 0.359
1358 0.352
1359 0.351
1360 0.348
1361 0.343
1362 0.343
1363 0.34
1364 0.344
1365 0.345
1366 0.344
1367 0.348
1368 0.353
1369 0.353
1370 0.353
1371 0.354
1372 0.349
1373 0.346
1374 0.346
1375 0.345
1376 0.348
1377 0.349
1378 0.341
1379 0.342
1380 0.34
1381 0.333
1382 0.331
1383 0.32
1384 0.31
1385 0.3
1386 0.297
1387 0.294
1388 0.278
1389 0.277
1390 0.29
1391 0.29
1392 0.279
1393 0.272
1394 0.27
1395 0.268
1396 0.265
1397 0.26
1398 0.266
1399 0.275
1400 0.272
1401 0.27
1402 0.276
1403 0.277
1404 0.28
1405 0.278
1406 0.274
1407 0.273
1408 0.271
1409 0.271
1410 0.262
1411 0.266
1412 0.274
1413 0.278
1414 0.277
1415 0.263
1416 0.256
1417 0.26
1418 0.274
1419 0.271
1420 0.257
1421 0.259
1422 0.266
1423 0.275
1424 0.271
1425 0.261
1426 0.267
1427 0.271
1428 0.27
1429 0.262
1430 0.256
1431 0.262
1432 0.265
1433 0.266
1434 0.269
1435 0.27
1436 0.266
1437 0.257
1438 0.258
1439 0.265
1440 0.265
1441 0.265
1442 0.266
1443 0.262
1444 0.266
1445 0.267
1446 0.262
1447 0.258
1448 0.254
1449 0.253
1450 0.251
1451 0.26
1452 0.265
1453 0.26
1454 0.262
1455 0.26
1456 0.259
1457 0.259
1458 0.253
1459 0.254
1460 0.255
1461 0.251
1462 0.249
1463 0.247
1464 0.242
1465 0.24
1466 0.238
1467 0.233
1468 0.229
1469 0.23
1470 0.225
1471 0.214
1472 0.214
1473 0.214
1474 0.213
1475 0.221
1476 0.226
1477 0.232
1478 0.24
1479 0.248
1480 0.27
1481 0.286
1482 0.305
1483 0.338
1484 0.368
1485 0.405
1486 0.453
1487 0.496
1488 0.529
1489 0.56
1490 0.594
1491 0.631
1492 0.672
1493 0.709
1494 0.753
1495 0.804
1496 0.838
1497 0.858
1498 0.877
1499 0.908
1500 0.92
1501 0.917
1502 0.936
1503 0.936
1504 0.923
1505 0.916
1506 0.911
1507 0.915
1508 0.913
1509 0.905
1510 0.902
1511 0.882
1512 0.843
1513 0.803
1514 0.75
1515 0.681
1516 0.612
1517 0.542
1518 0.483
1519 0.43
1520 0.364
1521 0.295
1522 0.244
1523 0.204
1524 0.162
1525 0.135
1526 0.116
1527 0.091
1528 0.079
1529 0.089
1530 0.097
1531 0.091
1532 0.093
1533 0.102
1534 0.111
1535 0.121
1536 0.133
1537 0.138
1538 0.152
1539 0.167
1540 0.182
1541 0.199
1542 0.208
1543 0.221
1544 0.229
1545 0.243
1546 0.261
1547 0.267
1548 0.262
1549 0.259
1550 0.267
1551 0.281
1552 0.281
1553 0.281
1554 0.281
1555 0.273
1556 0.276
1557 0.278
1558 0.291
1559 0.298
1560 0.288
1561 0.285
1562 0.288
1563 0.282
1564 0.279
1565 0.287
1566 0.292
1567 0.294
1568 0.294
1569 0.298
1570 0.299
1571 0.289
1572 0.288
1573 0.302
1574 0.303
1575 0.303
1576 0.309
1577 0.306
1578 0.301
1579 0.298
1580 0.303
1581 0.312
1582 0.313
1583 0.304
1584 0.302
1585 0.307
1586 0.308
1587 0.309
1588 0.314
1589 0.314
1590 0.314
1591 0.318
1592 0.317
1593 0.31
1594 0.314
1595 0.317
1596 0.316
1597 0.318
1598 0.321
1599 0.327
1600 0.328
1601 0.326
1602 0.327
1603 0.327
1604 0.328
1605 0.325
1606 0.318
1607 0.318
1608 0.325
1609 0.325
1610 0.329
1611 0.332
1612 0.329
1613 0.329
1614 0.331
1615 0.336
1616 0.342
1617 0.339
1618 0.334
1619 0.334
1620 0.337
1621 0.338
1622 0.339
1623 0.344
1624 0.338
1625 0.33
1626 0.333
1627 0.339
1628 0.35
1629 0.348
1630 0.336
1631 0.334
1632 0.335
1633 0.341
1634 0.347
1635 0.344
1636 0.353
1637 0.352
1638 0.343
1639 0.347
1640 0.344
1641 0.348
1642 0.351
1643 0.35
1644 0.356
1645 0.356
1646 0.354
1647 0.35
1648 0.355
1649 0.365
1650 0.366
1651 0.362
1652 0.358
1653 0.354
1654 0.358
1655 0.364
1656 0.363
1657 0.361
1658 0.367
1659 0.369
1660 0.366
1661 0.373
1662 0.371
1663 0.369
1664 0.376
1665 0.373
1666 0.368
1667 0.37
1668 0.379
1669 0.385
1670 0.38
1671 0.377
1672 0.381
1673 0.385
1674 0.383
1675 0.386
1676 0.39
1677 0.389
1678 0.383
1679 0.384
1680 0.394
1681 0.394
1682 0.391
1683 0.394
1684 0.4
1685 0.403
1686 0.403
1687 0.403
1688 0.402
1689 0.404
1690 0.402
1691 0.402
1692 0.399
1693 0.403
1694 0.418
1695 0.426
1696 0.422
1697 0.418
1698 0.426
1699 0.427
1700 0.418
1701 0.424
1702 0.433
1703 0.444
1704 0.442
1705 0.436
1706 0.439
1707 0.445
1708 0.443
1709 0.432
1710 0.447
1711 0.454
1712 0.451
1713 0.46
1714 0.46
1715 0.46
1716 0.465
1717 0.467
1718 0.474
1719 0.474
1720 0.473
1721 0.481
1722 0.483
1723 0.484
1724 0.493
1725 0.5
1726 0.497
1727 0.495
1728 0.495
1729 0.502
1730 0.514
1731 0.515
1732 0.511
1733 0.51
1734 0.505
1735 0.508
1736 0.525
1737 0.529
1738 0.524
1739 0.523
1740 0.531
1741 0.538
1742 0.54
1743 0.542
1744 0.542
1745 0.553
1746 0.561
1747 0.558
1748 0.561
1749 0.571
1750 0.572
1751 0.573
1752 0.573
1753 0.574
1754 0.585
1755 0.594
1756 0.585
1757 0.585
1758 0.591
1759 0.587
1760 0.596
1761 0.606
1762 0.613
1763 0.618
1764 0.626
1765 0.625
1766 0.621
1767 0.625
1768 0.633
1769 0.64
1770 0.635
1771 0.638
1772 0.639
1773 0.635
1774 0.633
1775 0.636
1776 0.64
1777 0.642
1778 0.643
1779 0.641
1780 0.643
1781 0.647
1782 0.654
1783 0.655
1784 0.652
1785 0.652
1786 0.654
1787 0.657
1788 0.649
1789 0.655
1790 0.664
1791 0.655
1792 0.651
1793 0.652
1794 0.656
1795 0.65
1796 0.649
1797 0.653
1798 0.643
1799 0.64
1800 0.634
1801 0.631
1802 0.626
1803 0.621
1804 0.619
1805 0.616
1806 0.615
1807 0.608
1808 0.598
1809 0.592
1810 0.592
1811 0.587
1812 0.577
1813 0.571
1814 0.564
1815 0.549
1816 0.542
1817 0.544
1818 0.537
1819 0.525
1820 0.515
1821 0.51
1822 0.5
1823 0.488
1824 0.486
1825 0.484
1826 0.486
1827 0.476
1828 0.469
1829 0.463
1830 0.456
1831 0.455
1832 0.429
1833 0.42
1834 0.424
1835 0.423
1836 0.422
1837 0.419
1838 0.416
1839 0.407
1840 0.402
1841 0.397
1842 0.39
1843 0.387
1844 0.384
1845 0.382
1846 0.378
1847 0.37
1848 0.369
1849 0.362
1850 0.349
1851 0.347
1852 0.354
1853 0.36
1854 0.356
1855 0.346
1856 0.343
1857 0.343
1858 0.341
1859 0.344
1860 0.337
1861 0.335
1862 0.336
1863 0.327
1864 0.331
1865 0.336
1866 0.334
1867 0.332
1868 0.329
1869 0.32
1870 0.319
1871 0.332
1872 0.339
1873 0.335
1874 0.324
1875 0.322
1876 0.318
1877 0.312
1878 0.315
1879 0.313
1880 0.313
1881 0.314
1882 0.319
1883 0.323
1884 0.318
1885 0.317
1886 0.319
1887 0.32
1888 0.32
1889 0.319
1890 0.321
1891 0.322
1892 0.317
1893 0.312
1894 0.32
1895 0.318
1896 0.311
1897 0.315
1898 0.314
1899 0.309
1900 0.314
1901 0.315
1902 0.316
1903 0.32
1904 0.308
1905 0.307
1906 0.315
1907 0.318
1908 0.318
1909 0.313
1910 0.313
1911 0.31
1912 0.306
1913 0.306
1914 0.308
1915 0.311
1916 0.309
1917 0.308
1918 0.31
1919 0.316
1920 0.324
1921 0.322
1922 0.312
1923 0.311
1924 0.314
1925 0.308
1926 0.308
1927 0.315
1928 0.318
1929 0.31
1930 0.313
1931 0.319
1932 0.309
1933 0.301
1934 0.303
1935 0.305
1936 0.301
1937 0.305
1938 0.317
1939 0.314
1940 0.311
1941 0.315
1942 0.323
1943 0.324
1944 0.322
1945 0.328
1946 0.313
1947 0.313
1948 0.32
1949 0.307
1950 0.309
1951 0.31
1952 0.309
1953 0.32
1954 0.324
1955 0.322
1956 0.317
1957 0.315
1958 0.32
1959 0.319
1960 0.314
1961 0.314
1962 0.311
1963 0.317
1964 0.32
1965 0.312
1966 0.305
1967 0.303
1968 0.313
1969 0.313
1970 0.315
1971 0.31
1972 0.306
1973 0.324
1974 0.332
1975 0.327
1976 0.327
1977 0.327
1978 0.322
1979 0.316
1980 0.316
1981 0.325
1982 0.321
1983 0.312
1984 0.314
1985 0.313
1986 0.313
1987 0.315
1988 0.322
1989 0.323
1990 0.323
1991 0.316
1992 0.311
1993 0.313
1994 0.313
1995 0.323
1996 0.322
1997 0.319
1998 0.315
1999 0.31
2000 0.32
2001 0.326
2002 0.327
2003 0.331
2004 0.322
2005 0.317
2006 0.319
2007 0.322
2008 0.329
2009 0.325
2010 0.319
2011 0.321
2012 0.322
2013 0.318
2014 0.32
2015 0.32
2016 0.316
2017 0.319
2018 0.315
2019 0.319
2020 0.323
2021 0.316
2022 0.314
2023 0.317
2024 0.321
2025 0.324
2026 0.322
2027 0.311
2028 0.313
2029 0.307
2030 0.303
2031 0.311
2032 0.306
2033 0.311
2034 0.317
2035 0.314
2036 0.311
2037 0.316
2038 0.32
2039 0.317
2040 0.317
2041 0.317
2042 0.324
2043 0.324
2044 0.319
2045 0.315
2046 0.311
2047 0.318
2048 0.317
2049 0.309
2050 0.311
2051 0.314
2052 0.311
2053 0.304
2054 0.304
2055 0.307
2056 0.309
2057 0.311
2058 0.308
2059 0.304
2060 0.304
2061 0.31
2062 0.305
2063 0.305
2064 0.314
2065 0.311
2066 0.311
2067 0.317
2068 0.314
2069 0.307
2070 0.308
2071 0.308
2072 0.307
2073 0.31
2074 0.309
2075 0.307
2076 0.305
2077 0.302
2078 0.302
2079 0.309
2080 0.307
2081 0.297
2082 0.308
2083 0.306
2084 0.3
2085 0.309
2086 0.305
2087 0.305
2088 0.309
2089 0.31
2090 0.317
2091 0.311
2092 0.306
2093 0.308
2094 0.305
2095 0.304
2096 0.302
2097 0.304
2098 0.307
2099 0.309
2100 0.306
2101 0.307
2102 0.303
2103 0.302
2104 0.302
2105 0.301
2106 0.304
2107 0.306
2108 0.314
2109 0.312
2110 0.303
2111 0.3
2112 0.299
2113 0.299
2114 0.297
2115 0.299
2116 0.302
2117 0.301
2118 0.302
2119 0.301
2120 0.301
2121 0.314
2122 0.311
2123 0.303
2124 0.306
2125 0.307
2126 0.305
2127 0.295
2128 0.289
2129 0.293
2130 0.299
2131 0.298
2132 0.3
2133 0.304
2134 0.295
2135 0.296
2136 0.307
2137 0.3
2138 0.293
2139 0.295
2140 0.298
2141 0.302
2142 0.298
2143 0.298
2144 0.292
2145 0.284
2146 0.294
2147 0.301
2148 0.302
2149 0.31
2150 0.311
2151 0.307
2152 0.299
2153 0.294
2154 0.297
2155 0.299
2156 0.303
2157 0.301
2158 0.3
2159 0.302
2160 0.293
2161 0.297
2162 0.303
2163 0.306
2164 0.308
2165 0.304
2166 0.303
2167 0.304
2168 0.306
2169 0.303
2170 0.302
2171 0.303
2172 0.298
2173 0.301
2174 0.3
2175 0.291
2176 0.296
2177 0.301
2178 0.295
2179 0.297
2180 0.305
2181 0.304
2182 0.305
2183 0.306
2184 0.303
2185 0.302
2186 0.291
2187 0.288
2188 0.299
2189 0.306
2190 0.302
2191 0.3
2192 0.299
2193 0.293
2194 0.296
2195 0.298
2196 0.293
2197 0.295
2198 0.302
2199 0.308
2200 0.307
2201 0.304
2202 0.303
2203 0.3
2204 0.3
2205 0.301
2206 0.298
2207 0.295
2208 0.292
2209 0.286
2210 0.29
2211 0.303
2212 0.305
2213 0.298
2214 0.296
2215 0.298
2216 0.304
2217 0.309
2218 0.305
2219 0.3
2220 0.3
2221 0.292
2222 0.29
2223 0.304
2224 0.304
2225 0.285
2226 0.284
2227 0.307
2228 0.321
2229 0.31
2230 0.296
2231 0.292
2232 0.29
2233 0.296
2234 0.296
2235 0.294
2236 0.298
2237 0.306
2238 0.308
2239 0.306
2240 0.305
2241 0.307
2242 0.307
2243 0.307
2244 0.312
2245 0.317
2246 0.319
2247 0.318
2248 0.32
2249 0.321
2250 0.325
2251 0.323
2252 0.322
2253 0.327
2254 0.33
2255 0.332
2256 0.332
2257 0.332
2258 0.333
2259 0.335
2260 0.339
2261 0.34
2262 0.341
2263 0.338
2264 0.34
2265 0.335
2266 0.322
2267 0.328
2268 0.336
2269 0.341
2270 0.341
2271 0.339
2272 0.341
2273 0.343
2274 0.35
2275 0.348
2276 0.353
2277 0.362
2278 0.361
2279 0.364
2280 0.364
2281 0.364
2282 0.362
2283 0.367
2284 0.369
2285 0.364
2286 0.365
2287 0.361
2288 0.355
2289 0.354
2290 0.359
2291 0.362
2292 0.362
2293 0.363
2294 0.359
2295 0.359
2296 0.359
2297 0.35
2298 0.35
2299 0.349
2300 0.348
2301 0.354
2302 0.352
2303 0.355
2304 0.354
2305 0.352
2306 0.35
2307 0.347
2308 0.349
2309 0.355
2310 0.365
2311 0.361
2312 0.357
2313 0.355
2314 0.352
2315 0.348
2316 0.343
2317 0.344
2318 0.339
2319 0.335
2320 0.34
2321 0.338
2322 0.325
2323 0.31
2324 0.311
2325 0.309
2326 0.297
2327 0.294
2328 0.296
2329 0.291
2330 0.283
2331 0.284
2332 0.285
2333 0.285
2334 0.282
2335 0.281
2336 0.281
2337 0.279
2338 0.281
2339 0.28
2340 0.28
2341 0.281
2342 0.276
2343 0.276
2344 0.28
2345 0.279
2346 0.281
2347 0.278
2348 0.273
2349 0.278
2350 0.282
2351 0.277
2352 0.275
2353 0.28
2354 0.275
2355 0.273
2356 0.277
2357 0.277
2358 0.279
2359 0.277
2360 0.274
2361 0.273
2362 0.273
2363 0.271
2364 0.265
2365 0.266
2366 0.27
2367 0.276
2368 0.274
2369 0.271
2370 0.277
2371 0.272
2372 0.263
2373 0.266
2374 0.272
2375 0.273
2376 0.27
2377 0.269
2378 0.268
2379 0.266
2380 0.264
2381 0.265
2382 0.271
2383 0.27
2384 0.266
2385 0.266
2386 0.265
2387 0.269
2388 0.273
2389 0.27
2390 0.271
2391 0.269
2392 0.266
2393 0.263
2394 0.257
2395 0.254
2396 0.258
2397 0.261
2398 0.264
2399 0.261
2400 0.253
2401 0.248
2402 0.245
2403 0.248
2404 0.247
2405 0.245
2406 0.243
2407 0.239
2408 0.243
2409 0.241
2410 0.238
2411 0.236
2412 0.236
2413 0.243
2414 0.248
2415 0.261
2416 0.28
2417 0.295
2418 0.316
2419 0.338
2420 0.364
2421 0.406
2422 0.455
2423 0.495
2424 0.524
2425 0.549
2426 0.58
2427 0.617
2428 0.657
2429 0.691
2430 0.724
2431 0.752
2432 0.782
2433 0.805
2434 0.811
2435 0.834
2436 0.841
2437 0.844
2438 0.863
2439 0.874
2440 0.868
2441 0.853
2442 0.852
2443 0.85
2444 0.852
2445 0.847
2446 0.839
2447 0.821
2448 0.786
2449 0.745
2450 0.688
2451 0.628
2452 0.566
2453 0.503
2454 0.449
2455 0.391
2456 0.33
2457 0.281
2458 0.239
2459 0.198
2460 0.166
2461 0.144
2462 0.126
2463 0.107
2464 0.1
2465 0.107
2466 0.113
2467 0.112
2468 0.116
2469 0.117
2470 0.12
2471 0.13
2472 0.14
2473 0.153
2474 0.171
2475 0.182
2476 0.193
2477 0.205
2478 0.222
2479 0.233
2480 0.235
2481 0.248
2482 0.26
2483 0.267
2484 0.271
2485 0.268
2486 0.272
2487 0.283
2488 0.285
2489 0.277
2490 0.281
2491 0.287
2492 0.285
2493 0.287
2494 0.294
2495 0.297
2496 0.289
2497 0.287
2498 0.294
2499 0.302
