0
1
2506
-3 0.003965620934856304
-2 0.024649184480793406
-1 0.07277793659499147
0 0.4477533725725546
1 0.4917888358959355
2 0.5113444480946114
3 0.5272597655696384
4 0.5338438008389594
5 0.5307452769942178
6 0.525175180682442
7 0.5192707333392449
8 0.5159901180919908
9 0.5148817011088517
10 0.5181021008804569
11 0.525131143425783
12 0.5328174302588196
13 0.5323749576388953
14 0.5281682549038669
15 0.5290433031772016
16 0.5310865077236196
17 0.530521444898275
18 0.5268527674399738
19 0.5168643298269686
20 0.512080132644001
21 0.5201109055678246
22 0.5259492466341601
23 0.5300542312929615
24 0.5288636305977175
25 0.521988820417235
26 0.5232368273138359
27 0.5218885373248695
28 0.5208178913952185
29 0.5230665690884134
30 0.5219541824653321
31 0.5274516316788646
32 0.5357860015877075
33 0.5342028928557696
34 0.5287487816696448
35 0.5326787776674613
36 0.5261991324395533
37 0.5171351092376091
38 0.5213129640382007
39 0.5279204175771449
40 0.5294365319191999
41 0.5144003828042301
42 0.5148044859251615
43 0.5319119517663763
44 0.534854008249415
45 0.5333151748669881
46 0.531752690179687
47 0.5290401700756162
48 0.5284024601520281
49 0.5275818222875706
50 0.5233628101897475
51 0.5188634971167281
52 0.5165682109854348
53 0.5111676736698303
54 0.5158729575513841
55 0.522946873891726
56 0.5214021497080865
57 0.5200977596666733
58 0.517628621071973
59 0.5183487377512128
60 0.5181500069933113
61 0.5169658098103435
62 0.5160210094474983
63 0.5173098347647317
64 0.5223787787485424
65 0.5151652724947389
66 0.5151430661654306
67 0.5214503946975397
68 0.51872123523808
69 0.5177891045906817
70 0.5205877780467995
71 0.518775407554105
72 0.5123553643070358
73 0.5080325756626096
74 0.5074835537471492
75 0.5088382472483919
76 0.5109122208905175
77 0.5153459038723798
78 0.5216362176471422
79 0.5195007308546118
80 0.522908266299881
81 0.5238590947730444
82 0.5193967162151565
83 0.5197854776554548
84 0.5173287706833491
85 0.5169304575798838
86 0.5170008081148987
87 0.513009835845813
88 0.5004097596666074
89 0.4953832556054782
90 0.49672924903121624
91 0.4955221462896887
92 0.5024341290781549
93 0.5106885110543747
94 0.5151124193295232
95 0.5150682447637588
96 0.5080827783386923
97 0.5061032827221605
98 0.5075377260631742
99 0.5043571558154333
100 0.504514744325409
101 0.5087596942996302
102 0.5077837644884253
103 0.5038133254719344
104 0.5071549927331942
105 0.5124766167473848
106 0.5065166843641014
107 0.506652304637621
108 0.5121099243272891
109 0.5114429053328652
110 0.5100753040233232
111 0.5097356241108351
112 0.5018726755400998
113 0.49290687696014485
114 0.49996172007276374
115 0.5103448615019442
116 0.5162873179914818
117 0.5150423068873605
118 0.5131095204926739
119 0.5167734675154125
120 0.5137201928676445
121 0.5060906130067138
122 0.5018467376637017
123 0.5027408591647594
124 0.5067038200377652
125 0.5093081177695861
126 0.5149349210534675
127 0.5205469961515261
128 0.5163915707237894
129 0.5052316056432635
130 0.4999202174721857
131 0.5043320544773919
132 0.511415269338743
133 0.5116137620037923
134 0.5055284451901021
135 0.5018977768781413
136 0.4976916725886174
137 0.49540811885066727
138 0.5007234766616874
139 0.5019741555234746
140 0.49723315905880866
141 0.5001159373883018
142 0.5083271186462197
143 0.5107017792153261
144 0.5030402333676788
145 0.5005329483175325
146 0.5040984476747352
147 0.5092266698120913
148 0.5118729463301949
149 0.5088028950179322
150 0.5065040146486546
151 0.5102091039193191
152 0.5068329360152619
153 0.5035074469729921
154 0.5074521711566317
155 0.5055255501813689
156 0.5063372498774696
157 0.5058071638806265
158 0.5003055069342996
159 0.5021311455879457
160 0.5050242970696572
161 0.5005774832359492
162 0.4988629619632861
163 0.4982381598479971
164 0.49587593090148535
165 0.4967412044681062
166 0.49659580948787285
167 0.4960027503157536
168 0.49390619494236176
169 0.48505081451413834
170 0.48910619494236174
171 0.49491723889117395
172 0.49213680212442246
173 0.4977067611270927
174 0.5061264478496259
175 0.5065081065483967
176 0.4998633946670277
177 0.4990207885661141
178 0.49939412259133825
179 0.4968676635297223
180 0.4945652746569014
181 0.4956325493921148
182 0.49853210438610257
183 0.49660931574167655
184 0.48741014845191705
185 0.486427815128436
186 0.4942878686904381
187 0.5048535626585302
188 0.5084717993478964
189 0.5074454287677566
190 0.5032395625710849
191 0.4977925541264875
192 0.4958286232341355
193 0.49552563974392644
194 0.4965580384343846
195 0.4964477575917587
196 0.49589812218148804
197 0.4908835886065544
198 0.4904897213287357
199 0.4841932421345494
200 0.47997676469280715
201 0.4864123726640561
202 0.49660304953850587
203 0.5010139126962497
204 0.49620064453529833
205 0.4968074480540734
206 0.4964257893553025
207 0.4941833778652783
208 0.49506132114734613
209 0.49493837058927326
210 0.4946416533022347
211 0.492323699705234
212 0.49139821066296413
213 0.49492883397541176
214 0.4974014810736551
215 0.4962832893838021
216 0.49355833765713686
217 0.4916862278744981
218 0.4884145507956009
219 0.4903591703673775
220 0.49819677950721897
221 0.5055898575567601
222 0.5037514118785617
223 0.4955242047600649
224 0.5019006718868743
225 0.5074433702973804
226 0.5032586357988079
227 0.4996771963154675
228 0.49863539832025333
229 0.5051158800865181
230 0.5044490991849464
231 0.5014107908158536
232 0.5042217585854603
233 0.5019292817284589
234 0.5013416371718478
235 0.4983359082842818
236 0.4959839151808828
237 0.48988906175333113
238 0.48789292678141033
239 0.49603748905140316
240 0.5003318051633503
241 0.4998355205800534
242 0.4995421744874525
243 0.49613801023662096
244 0.49624515797766167
245 0.49988957063627837
246 0.5024849301997423
247 0.5013575772979856
248 0.5002971672114475
249 0.4928824963274082
250 0.4890929267814103
251 0.49331543233347097
252 0.49595230954681857
253 0.49629909220083424
254 0.4943634107974146
255 0.49656140962882217
256 0.49611243271287503
257 0.49961458349284354
258 0.5023152704198243
259 0.4941171342793111
260 0.488991807150688
261 0.4908776612799827
262 0.4945247308544803
263 0.49587605316128536
264 0.49521347999250803
265 0.4889261620102254
266 0.4832164757849878
267 0.48880947765532323
268 0.4940952883026551
269 0.4957277631723189
270 0.4960663219365344
271 0.48599210637344026
272 0.48494993297626826
273 0.4952326540039777
274 0.4977739785605223
275 0.4995923771635352
276 0.49968419827324834
277 0.4974797959295645
278 0.4981463387382839
279 0.49750573380596275
280 0.4935078968882019
281 0.4896523218490891
282 0.4896174458043339
283 0.49244992067399773
284 0.49832986512465793
285 0.497385678256623
286 0.49369106292192355
287 0.4902453810212083
288 0.4916382209778971
289 0.5002726643189107
290 0.49553807136652095
291 0.49273939791040317
292 0.5001044645638643
293 0.49995968307844096
294 0.4949475318011769
295 0.48789268868855806
296 0.4914494879702561
297 0.49334137020986923
298 0.48739410754203266
299 0.49094969488341605
300 0.4958480568145109
301 0.4982607265299578
302 0.4941487399133753
303 0.49156810853573435
304 0.4999840486618721
305 0.5073106450325938
306 0.5053363409880235
307 0.4983637823712563
308 0.49764412682841536
309 0.49785276960213626
310 0.5027063434726566
311 0.5037350106160249
312 0.5056013303811977
313 0.5110997169168336
314 0.5054998503978231
315 0.5084082062510621
316 0.5170769271913263
317 0.518158707068816
318 0.5260341880458923
319 0.5311377850309116
320 0.527410727523791
321 0.5265295138310323
322 0.5301459301428746
323 0.5333032194300981
324 0.5348310812148018
325 0.5426056806540082
326 0.5454375570781674
327 0.5499308420408683
328 0.5546648365477533
329 0.5506319005416905
330 0.5495426575700212
331 0.5514117350348213
332 0.5554624465938514
333 0.5685110235032995
334 0.5689973103363359
335 0.5607423299146114
336 0.5552036011440477
337 0.5536505522868613
338 0.5599287947916815
339 0.5573669985489111
340 0.5576950833771617
341 0.5618927256840334
342 0.5590091108161831
343 0.5583612658332289
344 0.5631805771538043
345 0.566136002581541
346 0.5667705794035437
347 0.5681600116404358
348 0.5668237929214117
349 0.5721134509488857
350 0.5780212694865202
351 0.5803381635016174
352 0.5916718587857501
353 0.5946333273731106
354 0.5960660976374105
355 0.6019465182737751
356 0.6012457129151106
357 0.5993565883751251
358 0.5990723177599865
359 0.6075607676752621
360 0.611160306538863
361 0.613234518273841
362 0.6147628411949437
363 0.6140493661208324
364 0.6164334259946946
365 0.6151600796672
366 0.6207779447827246
367 0.6230429229547095
368 0.6120853193954282
369 0.5975439797895782
370 0.584955113300948
371 0.5774183133478872
372 0.5704176425512932
373 0.570190063858955
374 0.5745252841259756
375 0.582372667972531
376 0.5875165556178136
377 0.5817084217270398
378 0.5835532343921556
379 0.5846745591835938
380 0.5823083605971399
381 0.5891831707776224
382 0.5915426420245067
383 0.5878409088989743
384 0.5813834700003746
385 0.5807813353507929
386 0.5744970496863488
387 0.5718000943064582
388 0.5755711890702375
389 0.5733196163683095
390 0.5717560420004939
391 0.5689205713383503
392 0.5685611039195823
393 0.5621889667853673
394 0.5517149780939361
395 0.5416801916117383
396 0.5297283207681394
397 0.5229082662998809
398 0.5137201928676445
399 0.4999811536531391
400 0.4854997914300855
401 0.4773184169047614
402 0.47643189580698897
403 0.4738775626583987
404 0.46711676486763215
405 0.46173249150545864
406 0.4604346422854273
407 0.4667823987869054
408 0.466634108797939
409 0.4606590728268747
410 0.45668970844159285
411 0.4574766822016099
412 0.46095022313999395
413 0.45973045068301965
414 0.4643726240801917
415 0.4663247217954536
416 0.46043500263807957
417 0.4563518489066285
418 0.45575878973450923
419 0.45759999311233507
420 0.45553761455444713
421 0.45555341737147925
422 0.45681966095744647
423 0.45726793864414234
424 0.4605712213571039
425 0.45853418223010955
426 0.4572203928839404
427 0.4577293471826841
428 0.45508307066458065
429 0.452401918101722
430 0.4518528961862615
431 0.45145192616691526
432 0.44919394995271117
433 0.450150806536193
434 0.4503530457976377
435 0.4516377491165177
436 0.45162545480302874
437 0.45290169613925646
438 0.44463418331119076
439 0.4415142896754977
440 0.4428949210531386
441 0.44143948332313143
442 0.4399832947892086
443 0.4359821017263157
444 0.44262643820572684
445 0.44439804185245346
446 0.4446659112050551
447 0.4433872359964933
448 0.44196653700213573
449 0.44091772199983537
450 0.4414671193172536
451 0.448149226850153
452 0.44611545813384956
453 0.4440255443655862
454 0.4377666989157825
455 0.4327417921886305
456 0.4441231554927654
457 0.4503886425476975
458 0.4471132188724049
459 0.4396512403210159
460 0.43628881676361475
461 0.436680848614604
462 0.4356888778935148
463 0.43691397923155617
464 0.43889431138644486
465 0.43630160873886165
466 0.43227553738147406
467 0.4303400790216011
468 0.42792427620456897
469 0.43002442581594513
470 0.4313411101708473
471 0.4305165026664476
472 0.4321874478188509
473 0.42909929712632766
474 0.4224142795353897
475 0.4187231576549279
476 0.41445697519886077
477 0.4142899723348236
478 0.4114740360368021
479 0.40183938303559363
480 0.3921704674844402
481 0.39030185115603905
482 0.38733678833069424
483 0.38682179087232665
484 0.3862062872780468
485 0.38403095591234654
486 0.37832813433578405
487 0.37185162220946144
488 0.37167206546302956
489 0.3756188631663509
490 0.38596930285420467
491 0.40538279189654025
492 0.4243126811203313
493 0.4468769487271195
494 0.47431266654114196
495 0.5139528344453964
496 0.5727676779680628
497 0.6325219172297706
498 0.6940432777871993
499 0.7634542390703183
500 0.8325751246715272
501 0.8925720096879954
502 0.9488551053582942
503 1.012153351926453
504 1.0764084550780941
505 1.1315293218018811
506 1.1911952269813655
507 1.2600063501781313
508 1.3243605610071818
509 1.3934656287420528
510 1.4504697998897484
511 1.4894647947762352
512 1.5294570126492035
513 1.5527375646043948
514 1.567372423437682
515 1.580162169946632
516 1.5731519775854819
517 1.560540169012933
518 1.5477771754426848
519 1.541063685319268
520 1.547625261117123
521 1.5541113313333608
522 1.552852435008521
523 1.5264725226702311
524 1.4807835113310188
525 1.4348043691702752
526 1.3634498844226421
527 1.2652094065706552
528 1.1510429781035298
529 1.034506219059893
530 0.9197517921102528
531 0.8121282781405765
532 0.7200232796880468
533 0.6117540950388446
534 0.5103721307166663
535 0.42719265879809026
536 0.35182599434053574
537 0.3000353320452754
538 0.2581258524114847
539 0.21471169473471782
540 0.175609692981253
541 0.15288687806633208
542 0.1567566800645532
543 0.1648564907993304
544 0.16580251309419486
545 0.17120811972196082
546 0.1789222956912771
547 0.19438838858478685
548 0.21226982315892975
549 0.23181847133838596
550 0.2523622233405167
551 0.26878458942130923
552 0.28661835597545005
553 0.3094385589740034
554 0.3350719255216452
555 0.36054457045772603
556 0.3828880232371045
557 0.3969541884817035
558 0.4121011347153196
559 0.4293715115208294
560 0.43772567892765674
561 0.442577594770769
562 0.4580042184930666
563 0.46535892704361487
564 0.461558385899894
565 0.4635130182712367
566 0.4716391208083165
567 0.4725482085880496
568 0.4703523690107649
569 0.47469784017020383
570 0.48356192067393194
571 0.4851935590052389
572 0.48892315116844015
573 0.4887435944220084
574 0.4823955998276779
575 0.4847451590587429
576 0.4908244477621147
577 0.4928826185872083
578 0.4933625019079685
579 0.494357605730643
580 0.4913982106629642
581 0.49294560681179006
582 0.49894560681179
583 0.4989578153908379
584 0.502683899050496
585 0.5022449349341149
586 0.5038772724946731
587 0.5067289213758066
588 0.5087873302937523
589 0.5118596781692434
590 0.5156114766617531
591 0.5148847183773848
592 0.5128983581121778
593 0.5159049235381007
594 0.5139122970697231
595 0.514884956470237
596 0.5140890595911685
597 0.5148023116217332
598 0.520862527097382
599 0.522813788274287
600 0.5222979542775625
601 0.523862127090883
602 0.5232068947564855
603 0.5076182152225119
604 0.5053340630390573
605 0.5283787937978481
606 0.5372295053568782
607 0.5303273072668303
608 0.5324848781288688
609 0.5357352004661202
610 0.534196504392799
611 0.5357528236606762
612 0.5390406789585634
613 0.5394456186178518
614 0.5313611345144021
615 0.5264118706779732
616 0.5373764761950353
617 0.5498942678783892
618 0.5492237554297277
619 0.5473573134047549
620 0.5465898890581653
621 0.5496404060063059
622 0.5580023968599653
623 0.5568681793095337
624 0.5580240047437692
625 0.5569820694394494
626 0.5553488953405343
627 0.561137494867186
628 0.5637366010270454
629 0.5617213928274016
630 0.5594161089458478
631 0.5603006938330439
632 0.5614344502470768
633 0.5607425680074637
634 0.5623340014129485
635 0.5652896649335373
636 0.5684409261104424
637 0.5715417465184124
638 0.5734834710814559
639 0.5752518043174916
640 0.5778349703512132
641 0.5772471027510555
642 0.5784157352098435
643 0.5801307176189056
644 0.5743865307508706
645 0.5736193294478277
646 0.571396229278379
647 0.573831105323134
648 0.577734088813343
649 0.5769815299616823
650 0.5842953193078514
651 0.5881355677156366
652 0.5843676060534424
653 0.5846515163159286
654 0.5875191053231998
655 0.5935948855230285
656 0.5932941985960476
657 0.5924571594690534
658 0.5951834239197802
659 0.5909484867451249
660 0.5887748534971485
661 0.5991451879017766
662 0.6108861559337853
663 0.6142517125927717
664 0.6089336978658708
665 0.6061677046750266
666 0.6052995360996726
667 0.6106863290686211
668 0.6166067165379558
669 0.6227015699655076
670 0.6211293105714927
671 0.6105656750737768
672 0.6074650927586589
673 0.6124145946879401
674 0.6120632288991722
675 0.6121761817069844
676 0.6207028788614527
677 0.6234180709307098
678 0.6260790756346363
679 0.6324837922503779
680 0.6354203825432437
681 0.6320151436612031
682 0.6363828061006449
683 0.6389349649458068
684 0.6311579466835721
685 0.623240911531253
686 0.6154810553271752
687 0.6342868642220632
688 0.6484307272628047
689 0.6437777195770154
690 0.6445513736014167
691 0.6392750138335052
692 0.644681579259428
693 0.6467624325995345
694 0.647487517807189
695 0.657630511612331
696 0.6634762085623517
697 0.664731941686995
698 0.6621919914208809
699 0.6742997526567316
700 0.6822291829062861
701 0.6791237944128693
702 0.6802291790781698
703 0.6801949165282248
704 0.6801978115369579
705 0.6801695770973312
706 0.6802360587761506
707 0.6798471600267466
708 0.683399391222998
709 0.6925757537379444
710 0.6974199433530144
711 0.7004828553983906
712 0.6966227122738311
713 0.7037182364979767
714 0.7181692907617219
715 0.7177419217295785
716 0.716396029087587
717 0.7191594661462974
718 0.7225760770690289
719 0.7293051319166257
720 0.7319416487773208
721 0.7355568531488486
722 0.739525857181478
723 0.7469243648958329
724 0.7543384373343675
725 0.7581873858176573
726 0.7621157087387601
727 0.7602589406367545
728 0.7592103637273062
729 0.7596366731775461
730 0.7637894416894019
731 0.7686804262607582
732 0.7724245235662357
733 0.7848946472295876
734 0.7954697555517412
735 0.8005336703137063
736 0.8078975400761582
737 0.8125837657792945
738 0.8136915843169291
739 0.8154377112236565
740 0.8179739449919861
741 0.8185643472482247
742 0.8179887890108614
743 0.8269153815534668
744 0.840806579613134
745 0.8512425591582248
746 0.8535595539570686
747 0.8564042008804212
748 0.862523795293362
749 0.8706332584750531
750 0.8750541344323628
751 0.8721197184429254
752 0.8759967640567363
753 0.887043192933251
754 0.8993206139490197
755 0.9011790952180547
756 0.9070425161463783
757 0.919304372437967
758 0.9264688122132663
759 0.93386404951693
760 0.9356573618312072
761 0.9387324824556311
762 0.9477126488687567
763 0.9579655996892315
764 0.967894298012292
765 0.9638583296883906
766 0.9543745163815349
767 0.9595661878798719
768 0.9717207956466734
769 0.9833789815210725
770 0.9887114799141961
771 0.9933769593128957
772 1.0086861994510399
773 1.025404168097346
774 1.0234192678570109
775 1.0221840314596031
776 1.0285987458256054
777 1.026877735306225
778 1.0263435423603342
779 1.0279819230805163
780 1.0382033690506733
781 1.053041887079961
782 1.0591986541008853
783 1.062317573889116
784 1.0667926372117564
785 1.070941897220069
786 1.069905290796816
787 1.0746108127712224
788 1.0768249898216198
789 1.071793917675044
790 1.0724661282414296
791 1.0793882611385675
792 1.0889246895177864
793 1.0931584298014325
794 1.0957883050569994
795 1.1008443562818166
796 1.1013115698871299
797 1.0993312377322413
798 1.1001936162901294
799 1.099994885532228
800 1.0985924081779306
801 1.096837358152152
802 1.0959125683391335
803 1.0886486213163948
804 1.093707329457093
805 1.1043876493097111
806 1.1050819654216582
807 1.1011344319637268
808 1.0933536671050965
809 1.0905786349621487
810 1.0887446565856502
811 1.0804552977809285
812 1.0737011265459848
813 1.0667802055891618
814 1.0590089622950876
815 1.0516577622480825
816 1.049631081224001
817 1.0444149068331272
818 1.0366436635390528
819 1.0275116986334176
820 1.0202967173054367
821 1.0128196566423204
822 1.0026303139679855
823 0.9897283138804746
824 0.973784634229433
825 0.9642967104085727
826 0.9579253947634091
827 0.9410817028100972
828 0.9296832846582999
829 0.9152120574946123
830 0.8992465469162204
831 0.8930488606909169
832 0.8823665038439762
833 0.8746621025813737
834 0.8647535370679394
835 0.851863507466624
836 0.8460003095818472
837 0.8356059699464402
838 0.8222114168227221
839 0.8034419039071453
840 0.789503895841886
841 0.784724389004165
842 0.7773104388254305
843 0.7655633268500514
844 0.755522274164683
845 0.7463782379891055
846 0.735058033909471
847 0.7234537822582445
848 0.7116130287956284
849 0.6987836758063606
850 0.6864244314311394
851 0.6779276417930115
852 0.6733367306538258
853 0.666439836403835
854 0.664801455683653
855 0.6617830420313346
856 0.6519246942432889
857 0.6443875188882703
858 0.6317884165565271
859 0.6265124878264037
860 0.6186376052948318
861 0.611178644011976
862 0.6070993591367202
863 0.6041160596220094
864 0.5970231923137446
865 0.5898995709590777
866 0.5898346250478664
867 0.5801110609949834
868 0.5761634267533055
869 0.5827614294128292
870 0.578971997175937
871 0.572444192693017
872 0.5677775164033082
873 0.5663445080461562
874 0.5629058281032218
875 0.5573165577799761
876 0.5538559096005857
877 0.5508562088233381
878 0.5503129769253436
879 0.5498394971168599
880 0.5488797304753393
881 0.5432213215573937
882 0.5374429578738547
883 0.5326930232408319
884 0.5354307819920496
885 0.5465376343384543
886 0.54341704147351
887 0.5356803138715384
888 0.5313648660614919
889 0.5229299900167368
890 0.5241706560789581
891 0.5334962824303334
892 0.536280973446943
893 0.5323589167290108
894 0.5260853430933841
895 0.5160715660494856
896 0.5137597778719087
897 0.5249015062630686
898 0.527904239358155
899 0.5237762118316882
900 0.5219354695902614
901 0.5191224433502785
902 0.519564540568245
903 0.5162454550382514
904 0.5179982085008016
905 0.5174996273542762
906 0.5135649009208973
907 0.5104323375697574
908 0.5074392783976381
909 0.5077491265365225
910 0.5037161905304597
911 0.5067723601869608
912 0.5145944046026224
913 0.5209482042637245
914 0.519093955768494
915 0.5126894922949102
916 0.5167257994954105
917 0.5182666913482135
918 0.5195802426015305
919 0.5202152805599323
920 0.5134980588894255
921 0.5139594674279672
922 0.5156526189096788
923 0.5122733179040365
924 0.5117587966313734
925 0.5103251898287167
926 0.5090431434257173
927 0.5107581258347794
928 0.5074139389667444
929 0.5072655116686724
930 0.5076947161276453
931 0.5106314437296167
932 0.5164387410820336
933 0.5135206255713861
934 0.5128672136145125
935 0.5090747490597816
936 0.5067378595441634
937 0.510953961583948
938 0.5104231763578537
939 0.5119261598480629
940 0.5135965065549615
941 0.5145402322865975
942 0.5203824056837695
943 0.5204423830665661
944 0.5163149539856039
945 0.5112348760539543
946 0.5040324421816202
947 0.49788690989228124
948 0.50046357162998
949 0.5099974653531185
950 0.5129148816345145
951 0.5084080904180099
952 0.5048278628749843
953 0.49991804316875726
954 0.4934890768026366
955 0.49342848592502997
956 0.49597331898511765
957 0.5100138666156552
958 0.5104522473358373
959 0.5057388868652934
960 0.5158507512220758
961 0.5272160886656319
962 0.5282162832765211
963 0.5242880611391649
964 0.5173854776554548
965 0.5117426334616889
966 0.5118348149240544
967 0.5114307118031227
968 0.5093052227608531
969 0.5106126085947459
970 0.5125512000562042
971 0.5169246675624176
972 0.5222834641845918
973 0.5223837472769574
974 0.525146708149963
975 0.5282734664343314
976 0.5244271899162277
977 0.5188061766498124
978 0.5140703617654034
979 0.511904429704459
980 0.5078741506142771
981 0.5138900907404148
982 0.5219081939487916
983 0.5168421449737137
984 0.51450884969608
985 0.5095523358173133
986 0.5020679128437637
987 0.5001789256128837
988 0.5098646178285318
989 0.5187284602394076
990 0.5155663647738851
991 0.5163212201887746
992 0.5144368160926467
993 0.5103222948199837
994 0.5066683455475055
995 0.5070250402173405
996 0.5149613351155703
997 0.5155734675154126
998 0.5116350095349437
999 0.514550230036858
1000 0.5135493361967174
1001 0.5135807037379293
1002 0.5137765394870979
1003 0.5143477677318666
1004 0.5181529020020442
1005 0.5206635582466282
1006 0.5195202652187338
1007 0.5160149813371799
1008 0.5157182640501414
1009 0.5167446346302813
1010 0.5176416511400721
1011 0.5160818233686517
1012 0.5114681225039586
1013 0.5115657336311379
1014 0.5155037304752078
1015 0.521462588227282
1016 0.5195831376102635
1017 0.5166908226669087
1018 0.5142221452086074
1019 0.5069336952933319
1020 0.5064471703674432
1021 0.5096405476397367
1022 0.5119143266709728
1023 0.5073942672935169
1024 0.5107128916871114
1025 0.5225965827341671
1026 0.5239441734938823
1027 0.5222288156828624
1028 0.5228295910913192
1029 0.520236888443736
1030 0.5176537224100144
1031 0.5190659594217196
1032 0.5155068635767931
1033 0.5131760021714933
1034 0.5161071627995454
1035 0.5160029100672378
1036 0.5127183251800413
1037 0.5134386799521335
1038 0.5133061927801992
1039 0.5123017904365154
1040 0.5134260102366867
1041 0.5136564839377581
1042 0.5148058050759707
1043 0.5145690651717287
1044 0.5127696024873334
1045 0.5088287106345304
1046 0.5046975500064783
1047 0.5106881507017225
1048 0.5187506665687159
1049 0.5156616793378358
1050 0.5094403668486681
1051 0.5067949268689214
1052 0.503900077269486
1053 0.49673830945937325
1054 0.4890649304346359
1055 0.4890458572069129
1056 0.4949380102366209
1057 0.5065081065483967
1058 0.5110518322800328
1059 0.5077830502098686
1060 0.5031733189851177
1061 0.49740159690670727
1062 0.49280948887651244
1063 0.4960711682051491
1064 0.5092966449451484
1065 0.512795064178027
1066 0.5089417857021427
1067 0.5076062662123698
1068 0.5077802710341878
1069 0.5115914334146838
1070 0.5135364283884183
1071 0.5169690651717288
1072 0.5145944046026224
1073 0.5106628112708287
1074 0.508683315654297
1075 0.5069751978939101
1076 0.5056233994014004
1077 0.505554022713848
1078 0.5074614696776409
1079 0.5050047627055353
1080 0.503176452086703
1081 0.49934284528404627
1082 0.4987304747913518
1083 0.4992140896592019
1084 0.4957972556929236
1085 0.49501052002575874
1086 0.49831334160232116
1087 0.5071584861874318
1088 0.5113899299078494
1089 0.508578824829137
1090 0.5063524542489971
1091 0.5082538731024717
1092 0.5089803932939878
1093 0.5060373994888457
1094 0.5005837494391199
1095 0.4961631115746623
1096 0.49593323631909547
1097 0.4917335355418478
1098 0.4878148500183532
1099 0.4869901052048478
1100 0.49055803843438456
1101 0.5034490268338571
1102 0.5033283728390128
1103 0.4971001957011698
1104 0.499532637873591
1105 0.4979193735407557
1106 0.4951215366229949
1107 0.49249732912509414
1108 0.4906907636991712
1109 0.49769203294126974
1110 0.5008148215856958
1111 0.5004859002190885
1112 0.5026458899041556
1113 0.5004547707707288
1114 0.5011240712790755
1115 0.49704396491476865
1116 0.5014432329882748
1117 0.5032300259572233
1118 0.5029674854856887
1119 0.5099565461487393
1120 0.5018725747563533
1121 0.49633009938939393
1122 0.4933370402172747
1123 0.4960061215101912
1124 0.4958574561192668
1125 0.4908705585384553
1126 0.49625178453348456
1127 0.4976826336365137
1128 0.4976128815470034
1129 0.49416117153596995
1130 0.4928160146485888
1131 0.4956460556459185
1132 0.4934416533022347
1133 0.49130662764610333
1134 0.49351102998978713
1135 0.494887691727486
1136 0.4958762912541376
1137 0.49424068328288856
1138 0.4884647534716837
1139 0.4891880032525088
1140 0.4913449971450962
1141 0.49212509120713255
1142 0.48896429341636594
1143 0.4813004510054901
1144 0.47825970876406326
1145 0.4786351012596636
1146 0.48501086915722175
1147 0.4921446255712546
1148 0.4874198073255787
1149 0.4865292951118107
1150 0.489554335319952
1151 0.4945305359212518
1152 0.5051851409410184
1153 0.5031769497484609
1154 0.4965991806823104
1155 0.4881327997872376
1156 0.4891404725416123
1157 0.49919248177539816
1158 0.49800758536317896
1159 0.49710706034984503
1160 0.4968832282539022
1161 0.49646332231593854
1162 0.4954753212347914
1163 0.4898580545647714
1164 0.48341893808997916
1165 0.48124651678231756
1166 0.48955493376545667
1167 0.4936312228482325
1168 0.49962374470474724
1169 0.5028318501628636
1170 0.5054602653935587
1171 0.4983770354829021
1172 0.4827234616123817
1173 0.4857848985835808
1174 0.4809948105994002
1175 0.48028964514953015
1176 0.48569598753190635
1177 0.4918628896121968
1178 0.49888178204885136
1179 0.5006755920248864
1180 0.5015257620037264
1181 0.4879281631788178
1182 0.47954756023383427
1183 0.47988915131588855
1184 0.4830278800864523
1185 0.4918628745628913
1186 0.49317306967107616
1187 0.4961603237764238
1188 0.48972509120713253
1189 0.483504853349174
1190 0.4768038956320983
1191 0.47372795351862296
1192 0.4851155830259285
1193 0.48780870607498267
1194 0.48991428535117254
1195 0.4915946448576373
1196 0.49159404641213267
1197 0.49628582403988286
1198 0.5049135400413268
1199 0.5080745608756402
1200 0.49733126784774584
1201 0.4906118353484516
1202 0.4839562641374552
1203 0.4796623083781603
1204 0.47305933719022175
1205 0.4699452486213003
1206 0.4776471001785166
1207 0.4871487898220861
1208 0.4927787262075529
1209 0.4906943794132089
1210 0.4853927659488449
1211 0.4811111195523446
1212 0.47890671720866074
1213 0.48383270008457224
1214 0.4897792635231575
1215 0.48959946868387344
1216 0.4816063295044324
1217 0.4782021652536009
1218 0.48598376665058796
1219 0.48919187210870435
1220 0.4900438775143738
1221 0.4906087022468663
1222 0.4920300147360341
1223 0.4959493994887799
1224 0.4892068383873796
1225 0.48618806438240886
1226 0.48727221656586345
1227 0.482563561489872
1228 0.48121489609894763
1229 0.483271008453665
1230 0.4842973790338048
1231 0.4829175841945208
1232 0.47948457200925243
1233 0.478552816763812
1234 0.484859907203069
1235 0.48368814164269563
1236 0.47710364523697546
1237 0.47905873874471716
1238 0.48020759874653085
1239 0.4879060791093095
1240 0.494667713438433
1241 0.48771048145299334
1242 0.47884313053857436
1243 0.47746127722891407
1244 0.47729391401222454
1245 0.4773686195808442
1246 0.4861350889573931
1247 0.4925991694611212
1248 0.4891403567085601
1249 0.48995542759909827
1250 0.4895993464240733
1251 0.48668398861305334
1252 0.4887423975309992
1253 0.4973790366514945
1254 0.5020466867886658
1255 0.497600572184209
1256 0.48376585805310035
1257 0.4772775127496879
1258 0.47810561370832527
1259 0.47512101651885835
1260 0.47981325528300756
1261 0.4817144510929355
1262 0.4844963478845586
1263 0.4843283862223645
1264 0.48652279081578786
1265 0.4947776339284067
1266 0.49430995918669435
1267 0.49266457650873147
1268 0.48811482266677714
1269 0.48226973921156646
1270 0.47767884312168635
1271 0.476621089951029
1272 0.4730272553704529
1273 0.475494335494777
1274 0.47294301318797183
1275 0.46715671022454874
1276 0.4748870343142439
1277 0.4864324046899362
1278 0.4911748611794737
1279 0.4885976009962703
1280 0.48663620475999914
1281 0.48901124073106345
1282 0.4940987817568927
1283 0.48887598081019606
1284 0.48150291331048156
1285 0.47156491646641174
1286 0.47135991950533956
1287 0.48253325353056364
1288 0.4819509529043252
1289 0.4830363270197992
1290 0.4896406109317992
1291 0.4876602787769106
1292 0.48251228418258013
1293 0.48694666639369366
1294 0.4902399513563945
1295 0.4930113742120527
1296 0.5014909010082769
1297 0.5030854675153468
1298 0.49607069201944454
1299 0.5001769894023076
1300 0.5037898972106066
1301 0.5001441868772342
1302 0.510331217939035
1303 0.5195681713315882
1304 0.5214589789399922
1305 0.5174867195459771
1306 0.5105717044396725
1307 0.5043601666572185
1308 0.5059862380146062
1309 0.5160944930840986
1310 0.5232151186462856
1311 0.5242880611391649
1312 0.5224499908629245
1313 0.5233094744120793
1314 0.5233097125049316
1315 0.5219417508427375
1316 0.5267731334332552
1317 0.5368743865449668
1318 0.545484864745517
1319 0.5573359763110461
1320 0.5585515560845314
1321 0.5553650585102189
1322 0.5529588930907948
1323 0.5532524772762482
1324 0.5588985768313994
1325 0.5596919541036927
1326 0.5552270043643652
1327 0.5429008406973852
1328 0.5461791593814109
1329 0.5594872809699141
1330 0.5560948491124258
1331 0.5535842936515886
1332 0.5503286574825758
1333 0.5516324490784843
1334 0.565337433737286
1335 0.5712705059713731
1336 0.5776042585572896
1337 0.5795140171336166
1338 0.5852899619941269
1339 0.592821418016815
1340 0.5890527571253696
1341 0.5958771265369173
1342 0.5989162864936725
1343 0.5914185953591713
1344 0.5877764792637832
1345 0.5985898997831457
1346 0.6105905132779558
1347 0.6049516637651421
1348 0.6045745981928282
1349 0.6208170285602742
1350 0.6262733355258809
1351 0.6179165362441829
1352 0.6164236512879812
1353 0.6108727655130337
1354 0.6085202962239302
1355 0.6061269227797531
1356 0.6004242385122962
1357 0.597339443964905
1358 0.5880903335679686
1359 0.5848952581779514
1360 0.5798527132069377
1361 0.5730856492130006
1362 0.5719143447890264
1363 0.568617465588341
1364 0.5730291652844416
1365 0.574822837951371
1366 0.5749544885849485
1367 0.5804901850376737
1368 0.5870680548875709
1369 0.5880967220309393
1370 0.5882640852476289
1371 0.588555235560748
1372 0.5822331788428158
1373 0.5778977204829427
1374 0.5771717987369314
1375 0.5761386857679164
1376 0.5791833976492853
1377 0.5795845907121783
1378 0.5702588635770561
1379 0.5695271367642734
1380 0.5654098427426771
1381 0.5555005779999919
1382 0.549407144506996
1383 0.5331613329534077
1384 0.5174548543430072
1385 0.5022883737452691
1386 0.49480298840860587
1387 0.48757314158569637
1388 0.4682901062859292
1389 0.4662499190080441
1390 0.4797799515312195
1391 0.47933133496792457
1392 0.46573915075852435
1393 0.4553223452249033
1394 0.4505393449329447
1395 0.446507605817891
1396 0.4421150650839546
1397 0.43697950211221864
1398 0.44435013573959903
1399 0.45518852028789747
1400 0.45341561896641497
1401 0.4522561627688362
1402 0.45939015727572124
1403 0.46162873643490904
1404 0.46516852095926015
1405 0.4626645063198047
1406 0.4574793391174907
1407 0.45514267264541935
1408 0.4517521519574971
1409 0.4502999330635163
1410 0.44055417773063055
1411 0.44542644942691606
1412 0.4554241855609303
1413 0.4604418887628082
1414 0.4578625550599231
1415 0.4406336894775491
1416 0.4315605907981423
1417 0.43612725861369683
1418 0.45153880022426707
1419 0.4483362617400701
1420 0.43293738984494673
1421 0.43477869400651914
1422 0.44352323167197094
1423 0.454156005764387
1424 0.4501384971733985
1425 0.439385069086138
1426 0.44533835986429293
1427 0.449592745668629
1428 0.44772329280187095
1429 0.4378169015918653
1430 0.43050335033854836
1431 0.43680090416394385
1432 0.4411963399066133
1433 0.44366150886137135
1434 0.4474666431315491
1435 0.4480326798043563
1436 0.4423614638618581
1437 0.4316653411922079
1438 0.43230364956130063
1439 0.44022414164249835
1440 0.4412747770223228
1441 0.44169154985870107
1442 0.4426391079211736
1443 0.43861547043612015
1444 0.44263573672673606
1445 0.4431130853914156
1446 0.4365856563104534
1447 0.43041875423016285
1448 0.42450827877664754
1449 0.42271133569902714
1450 0.4215010998559144
1451 0.4323423794129458
1452 0.4389231442715761
1453 0.4344316947357046
1454 0.4361278420098959
1455 0.43353864786585594
1456 0.4317136076577146
1457 0.4306025187093891
1458 0.4234811939179508
1459 0.4236047429215283
1460 0.4237853742991691
1461 0.4186250703420442
1462 0.4150192652752726
1463 0.41112627953532394
1464 0.4041285037474631
1465 0.40010592584431315
1466 0.3960142093464629
1467 0.38889310759857143
1468 0.38284592219102187
1469 0.3815684438734693
1470 0.3736931859399396
1471 0.3597226134424592
1472 0.35773755085200815
1473 0.3573841265928639
1474 0.3576895439554071
1475 0.3684071371997555
1476 0.37713790904249794
1477 0.3876748859585108
1478 0.40153324496774584
1479 0.41753548206702795
1480 0.4499308218203922
1481 0.47867069158297554
1482 0.5130654768092672
1483 0.5646432485076964
1484 0.6166576270658477
1485 0.6788170578995169
1486 0.7537767457034603
1487 0.8232223449384821
1488 0.880639197022814
1489 0.934630753158215
1490 0.9918655138400342
1491 1.0533476583684087
1492 1.1202008938324466
1493 1.1844408176535697
1494 1.256544288490933
1495 1.3343464489148003
1496 1.3911645740693468
1497 1.4295048077495394
1498 1.463849527608854
1499 1.5076426620275007
1500 1.5291447306379848
1501 1.5324697986341713
1502 1.5550435477152003
1503 1.5553979608711124
1504 1.5396551862814003
1505 1.528951062765497
1506 1.5213919707486867
1507 1.5239127470033316
1508 1.5200219419935586
1509 1.5080311096322103
1510 1.4969275948166758
1511 1.462553941288483
1512 1.4017871223103546
1513 1.3327474215327781
1514 1.243991248222657
1515 1.1337902145008718
1516 1.0208902526632606
1517 0.90750007087803
1518 0.8069814653879497
1519 0.7133165534295585
1520 0.6065634831224113
1521 0.4982240487219409
1522 0.41199457256628785
1523 0.34217176688488954
1524 0.27557929803192616
1525 0.22863896929510633
1526 0.19383766212485473
1527 0.15748525229969754
1528 0.13961806972567317
1529 0.1487303593931241
1530 0.15808398209127392
1531 0.15365153609073653
1532 0.157895151864843
1533 0.1709151490313177
1534 0.18556906604302228
1535 0.20194775521980826
1536 0.2204958333864173
1537 0.23247802723863012
1538 0.25450255640166175
1539 0.2787120908533607
1540 0.3034139402484144
1541 0.32966013842514985
1542 0.34699196768763313
1543 0.36769340898348635
1544 0.3835501137934294
1545 0.40568145182090276
1546 0.4307007497581262
1547 0.44084316016706926
1548 0.4373843259384549
1549 0.4358013330395692
1550 0.44684776191608383
1551 0.46462323059088967
1552 0.4671795214261095
1553 0.46771634981182764
1554 0.4668802480069368
1555 0.45804152198340803
1556 0.4616632156016528
1557 0.46634537088110045
1558 0.48273454042059927
1559 0.4916083956310411
1560 0.4812363881496992
1561 0.47674647438143586
1562 0.4782831119843809
1563 0.47135098133698256
1564 0.46857764731175855
1565 0.4782600691167157
1566 0.4855829339403474
1567 0.4895259850472732
1568 0.49082626813963864
1569 0.4953016918149313
1570 0.4957100026686572
1571 0.4849150569315131
1572 0.48451699697020545
1573 0.5007432491186616
1574 0.5042754697650863
1575 0.506010985426743
1576 0.5126212974490614
1577 0.5090532784850835
1578 0.5029678243622877
1579 0.4998539738862185
1580 0.506365123964444
1581 0.5172096739321662
1582 0.5186337441209614
1583 0.5086824791159401
1584 0.505922889437372
1585 0.5113142655410728
1586 0.513527129867409
1587 0.5159611693738073
1588 0.5222961339000386
1589 0.523400819336088
1590 0.5242085493922464
1591 0.5285041782282549
1592 0.5271430812147361
1593 0.5196581971047874
1594 0.5237829542205632
1595 0.5275411562253493
1596 0.527565659117886
1597 0.5309345869713099
1598 0.5357848046966982
1599 0.5436035787016691
1600 0.5457126664814022
1601 0.5440701938614779
1602 0.5451313031772673
1603 0.5450334539572359
1604 0.5453465725068112
1605 0.5409197692229297
1606 0.532585637406939
1607 0.5324502552262715
1608 0.5406515244683701
1609 0.5424251865854729
1610 0.5479542414330696
1611 0.5518229623733337
1612 0.5491478529700988
1613 0.5496498053110618
1614 0.5530220035751768
1615 0.5599594631036421
1616 0.567270119348226
1617 0.5642193793565387
1618 0.558427509419196
1619 0.5580743232529041
1620 0.5615893818411718
1621 0.5636000069060634
1622 0.5654280794320433
1623 0.5702669251167405
1624 0.5629565069650091
1625 0.5537731424922818
1626 0.5574329825659727
1627 0.5659082008456557
1628 0.5790040854224537
1629 0.576765045126867
1630 0.5626932307388641
1631 0.5590719617316594
1632 0.560429925643593
1633 0.5683435530761154
1634 0.5766320602931747
1635 0.5755823230180762
1636 0.5856915154096721
1637 0.5845957681419799
1638 0.5746699798769578
1639 0.577964425205309
1640 0.5751791722685538
1641 0.5801398938801147
1642 0.5844533840035316
1643 0.5848472512813504
1644 0.5919588013660749
1645 0.5923477151647843
1646 0.5901716480444739
1647 0.5865868524160014
1648 0.5933980909757031
1649 0.605720285002741
1650 0.6078133318725895
1651 0.6030607403236858
1652 0.5975571256907296
1653 0.5928896128626638
1654 0.5975917636426324
1655 0.6048837220614511
1656 0.6049395924952
1657 0.6038556784045975
1658 0.6109554103615376
1659 0.6141126996487611
1660 0.6121192366420266
1661 0.6199104754366219
1662 0.6185362475712571
1663 0.6170733316977646
1664 0.6243501865288025
1665 0.6211482615394156
1666 0.616104144275435
1667 0.6193469884692009
1668 0.6306460823267898
1669 0.6383859430303465
1670 0.6337872084443287
1671 0.6307836388108855
1672 0.6353886546493794
1673 0.640485371936418
1674 0.6396474962710668
1675 0.6437302746005601
1676 0.6483730614925421
1677 0.6472300065575
1678 0.640995425907381
1679 0.6427606260418314
1680 0.654344466700263
1681 0.6556922955528306
1682 0.6536669522938207
1683 0.6580564607099185
1684 0.6659858909594731
1685 0.6706621038630436
1686 0.6715207508738416
1687 0.6717479541642221
1688 0.6707628631411134
1689 0.672660773491045
1690 0.670355865011449
1691 0.6701572350372941
1692 0.6681638728143063
1693 0.675274125224275
1694 0.6946160632756296
1695 0.7059810403665333
1696 0.7033867654259831
1697 0.6998777499973392
1698 0.7083298788922936
1699 0.7095710211402194
1700 0.7010687046184878
1701 0.7091396459427748
1702 0.7217774074410275
1703 0.7359842436570453
1704 0.7353046707802268
1705 0.729474193251039
1706 0.7328092189071703
1707 0.7392024777477799
1708 0.7372340645044223
1709 0.7269062466381505
1710 0.7441463004350463
1711 0.7542447958471304
1712 0.7539741787866059
1713 0.7650271976935846
1714 0.7666659538157246
1715 0.7682187796293641
1716 0.7751058991726412
1717 0.7793495514721065
1718 0.7884252705420352
1719 0.7901045554172906
1720 0.7907763048472772
1721 0.8007999573816362
1722 0.8052108355886856
1723 0.8090554390300754
1724 0.8211027617467306
1725 0.8303900185991132
1726 0.8282610361026057
1727 0.8265904298268015
1728 0.828061447330294
1729 0.8381628377511112
1730 0.8534974022708437
1731 0.8562690632193541
1732 0.8520594654755924
1733 0.8500996200562349
1734 0.8453335222535278
1735 0.85087454758732
1736 0.8716696268054535
1737 0.8784964451386406
1738 0.874743312446016
1739 0.8749767969888725
1740 0.8853822455311081
1741 0.8953320755522681
1742 0.899780962905658
1743 0.9038854499027015
1744 0.9066095801403153
1745 0.9210442331415238
1746 0.9322325484947288
1747 0.9317379620291558
1748 0.9371690453969209
1749 0.9497566899535318
1750 0.9528317097942092
1751 0.9550924587573464
1752 0.9564374933849273
1753 0.9599002000346941
1754 0.9740636124888633
1755 0.9853152613699967
1756 0.9769956346962823
1757 0.9771161664313267
1758 0.9839381170198455
1759 0.9820956159672638
1760 0.9947482921695274
1761 1.009467007791633
1762 1.0212502026944812
1763 1.03023014606406
1764 1.040825026843188
1765 1.0410300388535654
1766 1.0379060533181301
1767 1.0437602979852445
1768 1.054491073656103
1769 1.063780850115261
1770 1.0599239774013922
1771 1.0631799524470038
1772 1.0638882509984593
1773 1.059318349297573
1774 1.0571582223034
1775 1.060960461564845
1776 1.06639166719241
1777 1.0696313782845908
1778 1.0713175278085214
1779 1.0699184366979675
1780 1.073195781534531
1781 1.0792964400288545
1782 1.088378324518207
1783 1.0905127517288338
1784 1.0877523255119088
1785 1.087849936639088
1786 1.0900740257053048
1787 1.0932193445063327
1788 1.0856262380241342
1789 1.0925581305786802
1790 1.1021498059051336
1791 1.0925362996513297
1792 1.0873599182589613
1793 1.0876676221930286
1794 1.0912995881797452
1795 1.0847175105970537
1796 1.0827853226478714
1797 1.0852621624296035
1798 1.0728391233900547
1799 1.066754252663458
1800 1.0576197681510475
1801 1.0516361543642785
1802 1.043792639373919
1803 1.0362236353412895
1804 1.0320619286610766
1805 1.02701287939404
1806 1.0233316544800921
1807 1.0126084942618243
1808 0.9984298774361275
1809 0.9887486525221797
1810 0.985557445988358
1811 0.977000202781729
1812 0.962568805141906
1813 0.9513254558933091
1814 0.9385127422594305
1815 0.9178666737355682
1816 0.9063001931378301
1817 0.9045305221367229
1818 0.8932040518539175
1819 0.8757601464122943
1820 0.8598775187752584
1821 0.8490797752481712
1822 0.8334776866791842
1823 0.816656301838927
1824 0.8113705984020896
1825 0.8072978543482159
1826 0.8070172851815562
1827 0.7935998415485842
1828 0.7823555184525247
1829 0.7719570568187646
1830 0.7600474393796594
1831 0.7527108909028027
1832 0.7196765371243466
1833 0.7052394352014987
1834 0.7066532445061708
1835 0.704754980230335
1836 0.7027743949332885
1837 0.6978805153531992
1838 0.6919507135298032
1839 0.6792818591085497
1840 0.6703776959387994
1841 0.6616504325996002
1842 0.6513435690320062
1843 0.6456189014787879
1844 0.6403520482261268
1845 0.6360391565482145
1846 0.6293005500374507
1847 0.6181281748103835
1848 0.613430952468514
1849 0.6022408167377852
1850 0.5856206973115103
1851 0.5821629441408529
1852 0.5898401920217858
1853 0.5965066340467587
1854 0.5913274949547629
1855 0.5787054505391013
1856 0.5732750814498929
1857 0.5718985419719942
1858 0.5691481500306885
1859 0.5711980819166763
1860 0.5627725043929306
1861 0.5590722213005651
1862 0.5584732197525687
1863 0.5485313905776621
1864 0.5525956941249369
1865 0.5581510622508898
1866 0.5560533314625421
1867 0.5526528987588005
1868 0.5473805943652723
1869 0.5367538483831745
1870 0.5363615784393331
1871 0.5518511968129604
1872 0.5607091484226234
1873 0.5559557052860574
1874 0.5421149630446307
1875 0.5368588218207869
1876 0.5302153068304271
1877 0.5224562721154007
1878 0.5245410800461435
1879 0.5222866123354827
1880 0.5226365280910836
1881 0.5247171433383379
1882 0.5311213837683749
1883 0.5359467231992686
1884 0.5308998482356605
1885 0.5296303342390023
1886 0.531737125455507
1887 0.5330760161397176
1888 0.5333409904835862
1889 0.5325448555116654
1890 0.5345629587200424
1891 0.5350027744240858
1892 0.5290084271324463
1893 0.5233429154729732
1894 0.5311284865099024
1895 0.5287409181324969
1896 0.5209873130822842
1897 0.5242507662713812
1898 0.5227509158827575
1899 0.5176248895248831
1900 0.5231074732434869
1901 0.5250046843641673
1902 0.5264384284759294
1903 0.5297015062630687
1904 0.5164124579022885
1905 0.5150700587145348
1906 0.5241718529699674
1907 0.5284599028787439
1908 0.5286297857022085
1909 0.5226804645639959
1910 0.5212159513565262
1911 0.5166912988526132
1912 0.5115343660899258
1913 0.5111996396565468
1914 0.5136155797826846
1915 0.5171239967658238
1916 0.5153743764048587
1917 0.5148972658330315
1918 0.5184808645704948
1919 0.5268770322396582
1920 0.5365405181259979
1921 0.5342256976305826
1922 0.5224902965724935
1923 0.5197788510996318
1924 0.5216969093084954
1925 0.5152697633198987
1926 0.5157078908979231
1927 0.5237205794907916
1928 0.5273646167474505
1929 0.5194272472180116
1930 0.5222414853983092
1931 0.5273620820913698
1932 0.5153078947260393
1933 0.5049876256883883
1934 0.5056587516318601
1935 0.5075097297163997
1936 0.504425934057481
1937 0.5103845687660086
1938 0.5245515754581621
1939 0.5229244445188709
1940 0.5208673583166912
1941 0.5264350358054385
1942 0.5365152945281565
1943 0.5390778365172415
1944 0.5373476647859574
1945 0.5421741645825012
1946 0.5252815069344312
1947 0.5235802538227197
1948 0.5291967596971194
1949 0.5148525293471214
1950 0.5159330357179274
1951 0.5172946089171507
1952 0.5181583467161637
1953 0.5317181744875841
1954 0.5375002847675184
1955 0.5355924624017675
1956 0.5296965778249696
1957 0.5270851773516212
1958 0.5319333215573278
1959 0.5304994766618188
1960 0.5245279491942978
1961 0.5237229768377668
1962 0.5208046232342671
1963 0.5273226379611679
1964 0.5299254756681171
1965 0.5200603640151429
1966 0.5110506139129701
1967 0.508648094306195
1968 0.5198427830730651
1969 0.521096033116292
1970 0.5233227425730308
1971 0.5184337949959973
1972 0.5162438977945898
1973 0.5378255753707825
1974 0.5491082679658347
1975 0.5454241730841639
1976 0.5450014729212137
1977 0.543600683692936
1978 0.5367232015472673
1979 0.529295247452971
1980 0.5290491082439731
1981 0.5381986713031542
1982 0.5334424704669609
1983 0.522863032152213
1984 0.5235904896658324
1985 0.5222741807128881
1986 0.5229237087642608
1987 0.5264319027038532
1988 0.5351946254840066
1989 0.5370829134856354
1990 0.536337918511901
1991 0.5274518697717168
1992 0.5208177691354184
1993 0.5226303626716597
1994 0.5239625260163008
1995 0.5356275614900695
1996 0.5352074325085591
1997 0.5312918800866497
1998 0.5260532397975619
1999 0.5211801315629196
2000 0.5331487640217077
2001 0.5418194426486013
2002 0.5445059240925271
2003 0.5482866562539147
2004 0.5376447209495949
2005 0.5311269292662408
2006 0.5330850550918211
2007 0.5372910585975985
2008 0.5452333816061465
2009 0.5409573021835655
2010 0.5339651941533707
2011 0.5351758053984415
2012 0.5357507651903001
2013 0.5314206357114941
2014 0.5330664795258561
2015 0.532652839791063
2016 0.5281844331228568
2017 0.5308878777494649
2018 0.5270820442500358
2019 0.5315410516134862
2020 0.5355555278866362
2021 0.5279286199908917
2022 0.5255284826817861
2023 0.5291982347712965
2024 0.5344333665568409
2025 0.5378128048715891
2026 0.53453470923111
2027 0.5211359784732086
2028 0.5206480943061951
2029 0.5128512885376804
2030 0.5080859264895833
2031 0.5163287991160065
2032 0.5123582743650743
2033 0.5187554977880251
2034 0.5258996424035819
2035 0.5234134890515347
2036 0.5208106513445855
2037 0.5266439016227061
2038 0.5315165487209496
2039 0.5289172195175434
2040 0.5292451670366884
2041 0.5301166210720388
2042 0.5380967151340752
2043 0.5380904489309045
2044 0.5317590936919631
2045 0.5261065755752301
2046 0.5212718368395804
2047 0.5280654371554205
2048 0.5265655867667968
2049 0.5176940281195833
2050 0.5190555862695012
2051 0.5214945692633041
2052 0.5173449338530335
2053 0.5089289937268958
2054 0.5083073247131921
2055 0.5118094754931607
2056 0.5146448453715574
2057 0.5168239082843475
2058 0.513161035892818
2059 0.5083888949304869
2060 0.5081936726761285
2061 0.5144312491187273
2062 0.5098669143917602
2063 0.5106844191546325
2064 0.5208411573064305
2065 0.518929502609843
2066 0.5197023566212463
2067 0.525902537412315
2068 0.5221760783506989
2069 0.5138514831485697
2070 0.5138176817350236
2071 0.5135020285293677
2072 0.5126520815940743
2073 0.5157975377042078
2074 0.5145154913012084
2075 0.5116387410820336
2076 0.5085257271443212
2077 0.5049095489253312
2078 0.5051113120010714
2079 0.5124547858200342
2080 0.5102560361847109
2081 0.49990347733304996
2082 0.5109199220775497
2083 0.509151127705115
2084 0.5033709901611156
2085 0.5126816137084568
2086 0.5091286983322598
2087 0.5098038039073783
2088 0.514995237312863
2089 0.5173853768717082
2090 0.5249710052104212
2091 0.5182917926862549
2092 0.5119379930251527
2093 0.5127000884906752
2094 0.5087403980283605
2095 0.507006565435122
2096 0.504811937798152
2097 0.5073568565926809
2098 0.5112444126678158
2099 0.5137671251330365
2100 0.5105776317662442
2101 0.5107990299898529
2102 0.5058129689473984
2103 0.5039941949424276
2104 0.5036565735003156
2105 0.5030375764517979
2106 0.5072842094944376
2107 0.5110730798111842
2108 0.5202249394335938
2109 0.5176293417772777
2110 0.5065449188037281
2111 0.5013415149120478
2112 0.4989487549626809
2113 0.4983424125803047
2114 0.4963336078929371
2115 0.49882205780821265
2116 0.5024978380080414
2117 0.5019575161680856
2118 0.5032369056552042
2119 0.5029865221880528
2120 0.5045963295920093
2121 0.519186735676364
2122 0.5165589339404788
2123 0.5078610047131258
2124 0.5100849414209314
2125 0.5101332229357437
2126 0.5060915718048706
2127 0.4932992691637865
2128 0.48543608250019904
2129 0.48950740305456014
2130 0.4968304909217386
2131 0.4972079418877151
2132 0.4999366402107758
2133 0.503869170864673
2134 0.494602447264885
2135 0.49584975493223477
2136 0.5071377148419849
2137 0.49947920131217616
2138 0.4912964925867373
2139 0.4929676758319928
2140 0.4966784693856822
2141 0.5012915567555652
2142 0.49683558170995346
2143 0.49518837865446663
2144 0.48728765903024335
2145 0.4787321289906437
2146 0.4903475752831397
2147 0.5003858552195752
2148 0.5044829005984924
2149 0.514616357789773
2150 0.5159967661238672
2151 0.5103633212348572
2152 0.4997627512220099
2153 0.4929201451210963
2154 0.49571507198081866
2155 0.49862019394872575
2156 0.5035146719743196
2157 0.5017677085292354
2158 0.5003125088920806
2159 0.5014247582060564
2160 0.49189680685879505
2161 0.4965766140003497
2162 0.5043704239763847
2163 0.5090812748318578
2164 0.5117211478376852
2165 0.5074421734063711
2166 0.5060430672465118
2167 0.506946725361431
2168 0.508866842040671
2169 0.5054780044211671
2170 0.5038205655225674
2171 0.5041050742305581
2172 0.4984393244782326
2173 0.5006318936448264
2174 0.4985797509300513
2175 0.4887891067528443
2176 0.49376997622333746
2177 0.49924026562845236
2178 0.49385758960025616
2179 0.49690796923929115
2180 0.5064074631033789
2181 0.5066844079334432
2182 0.5082282955787258
2183 0.5089484122579657
2184 0.5046352975365067
2185 0.5012891379325367
2186 0.48810167033887786
2187 0.4848104438465531
2188 0.49759755491567587
2189 0.5065971549091769
2190 0.5031190308360406
2191 0.5001891829320498
2192 0.4977994187751626
2193 0.49079477833862656
2194 0.49337854281785287
2195 0.49528019976417975
2196 0.4905614096288222
2197 0.4938260847499386
2198 0.5030535015286302
2199 0.5110394006574382
2200 0.5106882729615224
2201 0.5070663047250663
2202 0.5049605881397708
2203 0.5010227286048066
2204 0.5003723489657715
2205 0.5006601280844531
2206 0.4964379828850448
2207 0.49162928280954016
2208 0.48688066090057874
2209 0.4804851205460462
2210 0.48617503431430964
2211 0.5017786801269585
2212 0.5051886494445617
2213 0.49790900038853736
2214 0.49549353644810423
2215 0.49835448385024694
2216 0.5060878402577808
2217 0.5121731570714709
2218 0.507694600294593
2219 0.5009277743935081
2220 0.49876002195503993
2221 0.4893961483644717
2222 0.48762023620120404
2223 0.5023096026621582
2224 0.5015274501297456
2225 0.4811758058946502
2226 0.4815599992495018
2227 0.5090063311703862
2228 0.5263775959405137
2229 0.5143982149275496
2230 0.49644015718847323
2231 0.48901121925500995
2232 0.4858284897531462
2233 0.49219494408038955
2234 0.49299688411908194
2235 0.4921430683275931
2236 0.49805439536877083
2237 0.5083049123169114
2238 0.511831804082269
2239 0.5102996123049707
2240 0.5093334572004797
2241 0.5115349645354306
2242 0.512147335028125
2243 0.5133971773515555
2244 0.52031580174515
2245 0.5273577520987753
2246 0.5308529009209629
2247 0.5307831638807582
2248 0.5336186345429017
2249 0.5355607345079032
2250 0.540322963454415
2251 0.5388478540511801
2252 0.5386136488030189
2253 0.5449737146672916
2254 0.5495649861591296
2255 0.5527602845926934
2256 0.5534233339471752
2257 0.5539316898004144
2258 0.555744060293109
2259 0.5589964411007364
2260 0.5643549996300584
2261 0.566300232696645
2262 0.5675502980636222
2263 0.5640353767844601
2264 0.5644915937510404
2265 0.5571027234342938
2266 0.5423451922261018
2267 0.5487970641507821
2268 0.5591488380387507
2269 0.5665119935226457
2270 0.5677398676096201
2271 0.566303005445578
2272 0.5692047196936887
2273 0.5727953354382382
2274 0.5817477285481363
2275 0.5819453997241342
2276 0.5894890643258701
2277 0.6010627699249358
2278 0.6020249704387902
2279 0.6061044783575926
2280 0.6065472041196747
2281 0.6067804355203734
2282 0.6052610507676276
2283 0.6109425025532386
2284 0.613225580105484
2285 0.6076545464716047
2286 0.6072480094783391
2287 0.6013657684644504
2288 0.5937644230431464
2289 0.5923561556713834
2290 0.5982300720117252
2291 0.6024768423634704
2292 0.6031491902389614
2293 0.6039924955691265
2294 0.5992711707776881
2295 0.5981224480849802
2296 0.5964652322299271
2297 0.5855356400667259
2298 0.5839984797610128
2299 0.5824197160709751
2300 0.5817846781125731
2301 0.5886404150653325
2302 0.5874621602582418
2303 0.590825044952042
2304 0.5895527732557565
2305 0.5866886927520284
2306 0.5836954962708037
2307 0.5804744980536938
2308 0.5837925089524781
2309 0.5923091075729393
2310 0.6044226588262563
2311 0.6008031244621342
2312 0.5955640079873418
2313 0.59161455336814
2314 0.5864521909406387
2315 0.5802343719057087
2316 0.5731643244215623
2317 0.5723127801522916
2318 0.5657726813558829
2319 0.5606783828918728
2320 0.5643804613207521
2321 0.559433606315647
2322 0.5415252600176435
2323 0.5213152756507347
2324 0.5181660479031956
2325 0.512732667972202
2326 0.49750453691495355
2327 0.4918052087926287
2328 0.49163011934789697
2329 0.48443010429859146
2330 0.4743720519051818
2331 0.4741453097512003
2332 0.4746953055141232
2333 0.4742845607880632
2334 0.4705834411573409
2335 0.46882488262801897
2336 0.46828188882287697
2337 0.46602077950708753
2338 0.46795669900335946
2339 0.4669364938426436
2340 0.4667124236538484
2341 0.4671487308543487
2342 0.4615430592685664
2343 0.4614137051982174
2344 0.46583494150817956
2345 0.4652376746032659
2346 0.4670160055895621
2347 0.46331825715327735
2348 0.45794908737888473
2349 0.46326444518990473
2350 0.4676260795190281
2351 0.46247120522671703
2352 0.46004297078709033
2353 0.46459776890019594
2354 0.4591309879986242
2355 0.45690751242721733
2356 0.46123740381317097
2357 0.4617992327531838
2358 0.46391808019032515
2359 0.4613478219649026
2360 0.45739088920221516
2361 0.4554111554928311
2362 0.45433821299995175
2363 0.4510227217079424
2364 0.4439963511278026
2365 0.4451265990382922
2366 0.45041615628201953
2367 0.45779305611257054
2368 0.456468893614183
2369 0.4534905626278868
2370 0.45883836261132793
2371 0.45242496096938717
2372 0.44208515756761413
2373 0.44499411186635784
2374 0.4519419445470417
2375 0.4536118150682358
2376 0.45035570271351844
2377 0.44852136398436787
2378 0.44655140498169754
2379 0.44372533362430994
2380 0.44147651862200954
2381 0.44303321329184464
2382 0.44981041234514796
2383 0.44894803378726
2384 0.4443879067930873
2385 0.4439398671992436
2386 0.44330796234242703
2387 0.44833530294191315
2388 0.45326465701226226
2389 0.4505199328286227
2390 0.4510253786238232
2391 0.4478931906746412
2392 0.44311248694591093
2393 0.437852376082125
2394 0.429803128376083
2395 0.4258937413735976
2396 0.43041899232301506
2397 0.43452700929965526
2398 0.43776067723221207
2399 0.43326739226951105
2400 0.42250586255225053
2401 0.4148295734694747
2402 0.41026064561605063
2403 0.41265146935484137
2404 0.4111609174872269
2405 0.4082432631129784
2406 0.4051265025788707
2407 0.4003202363757
2408 0.40381017857662077
2409 0.40114207113116684
2410 0.3972262806164052
2411 0.39480744548153446
2412 0.39585276702959726
2413 0.4059576294285988
2414 0.41647483388763745
2415 0.43751090083312294
2416 0.46673207385102256
2417 0.4936311005884325
2418 0.5282325558525098
2419 0.5665405754614289
2420 0.6129748449082381
2421 0.6797174456037455
2422 0.7554411865598406
2423 0.8206677736970396
2424 0.871823245675487
2425 0.9173332165442877
2426 0.9696325799961341
2427 1.0297097125141308
2428 1.0936040355229422
2429 1.1507753468437805
2430 1.2053635778653384
2431 1.2530679597543102
2432 1.300263001950876
2433 1.3373171794978114
2434 1.3544768544146117
2435 1.3864310192228073
2436 1.4009399102294884
2437 1.410814223184682
2438 1.4359475335116214
2439 1.4504396442888514
2440 1.4438259245467366
2441 1.4256053263361257
2442 1.4215865807638122
2443 1.4178390265294558
2444 1.4181418791373073
2445 1.4094327366544221
2446 1.3935439500247102
2447 1.3615480901672095
2448 1.3052918090019814
2449 1.2358061271009373
2450 1.144330208685418
2451 1.045904744422185
2452 0.9438701038977432
2453 0.8410138881867402
2454 0.7479670144787093
2455 0.6518403298010078
2456 0.5544110905087222
2457 0.4720299493415488
2458 0.4005333034990142
2459 0.33418178228308726
2460 0.28119993589638376
2461 0.24246982961932478
2462 0.21151312589046303
2463 0.18352272196827085
2464 0.17218007346647562
2465 0.17892313222963396
2466 0.18662450760114574
2467 0.18745071243952263
2468 0.1930622898758232
2469 0.19614405210537572
2470 0.20252512740794754
2471 0.21774228686747302
2472 0.23484338928672727
2473 0.2563432986430886
2474 0.2833257917180538
2475 0.30301007522033513
2476 0.3223906244284917
2477 0.3428327956635011
2478 0.3679559859803799
2479 0.38604265560844725
2480 0.3943170882248092
2481 0.4135412458139992
2482 0.4315339350782306
2483 0.44314748525046616
2484 0.4499302298016354
2485 0.44893753837524153
2486 0.45535987818553925
2487 0.468860717470931
2488 0.4722927558087369
2489 0.46477239720852864
2490 0.469427716506852
2491 0.47665366943255577
2492 0.47615654831090193
2493 0.4798755292290327
2494 0.48843723973736164
2495 0.4919458948133531
2496 0.4835546956726044
2497 0.47799111556018714
2498 0.4668217740641608
2499 0.4305533463020599
2500 0.06982925998287788
2501 0.02373045930345215
2502 0.003826254064941226
