0
1
2506
-3 -0.5791619635415917
-2 -0.5584783999956545
-1 -0.5103496478814565
0 -0.13537421190389337
1 -0.09133874858051244
2 -0.07178313638183653
3 -0.055867818906809585
4 -0.04928378363748853
5 -0.05238230748223016
6 -0.05795240379400601
7 -0.06385685113720307
8 -0.06713746638445717
9 -0.0682458833675963
10 -0.06502548359599103
11 -0.057996441050664926
12 -0.05031015421762841
13 -0.05075262683755266
14 -0.054959329572581095
15 -0.05408428129924636
16 -0.05204107675282832
17 -0.05260613957817295
18 -0.05627481703647419
19 -0.06626325464947935
20 -0.07104745183244698
21 -0.06301667890862339
22 -0.057178337842287874
23 -0.053073353183486494
24 -0.05426395387873051
25 -0.061138764059212924
26 -0.05989075716261205
27 -0.06123904715157846
28 -0.06230969308122947
29 -0.060061015388034544
30 -0.061173402011115874
31 -0.05567595279758342
32 -0.04734158288874046
33 -0.04892469162067836
34 -0.054378802806803184
35 -0.05044880680898667
36 -0.05692845203689467
37 -0.06599247523883889
38 -0.06181462043824726
39 -0.05520716689930305
40 -0.05369105255724804
41 -0.06872720167221791
42 -0.06832309855128649
43 -0.05121563271007168
44 -0.04827357622703299
45 -0.04981240960945987
46 -0.05137489429676101
47 -0.05408741440083176
48 -0.054725124324419894
49 -0.05554576218887741
50 -0.05976477428670046
51 -0.06426408735971989
52 -0.06655937349101315
53 -0.07195991080661768
54 -0.0672546269250639
55 -0.060180710584721964
56 -0.061725434768361453
57 -0.0630298248097747
58 -0.06549896340447492
59 -0.06477884672523515
60 -0.0649775774831367
61 -0.06616177466610451
62 -0.06710657502894968
63 -0.06581774971171628
64 -0.06074880572790553
65 -0.0679623119817091
66 -0.06798451831101737
67 -0.06167718977890824
68 -0.06440634923836797
69 -0.06533847988576624
70 -0.06253980642964851
71 -0.06435217692234296
72 -0.0707722201694122
73 -0.07509500881383835
74 -0.07564403072929882
75 -0.07428933722805608
76 -0.0722153635859305
77 -0.0677816806040682
78 -0.06149136682930578
79 -0.06362685362183618
80 -0.060219318176567005
81 -0.05926848970340359
82 -0.06373086826129148
83 -0.06334210682099317
84 -0.06579881379309882
85 -0.0661971268965642
86 -0.06612677636154929
87 -0.07011774863063502
88 -0.08271782480984058
89 -0.08774432887096978
90 -0.08639833544523173
91 -0.08760543818675925
92 -0.08069345539829309
93 -0.07243907342207323
94 -0.06801516514692474
95 -0.06805933971268918
96 -0.07504480613775566
97 -0.07702430175428743
98 -0.07558985841327381
99 -0.07877042866101469
100 -0.07861284015103898
101 -0.07436789017681777
102 -0.07534381998802264
103 -0.07931425900451361
104 -0.07597259174325377
105 -0.07065096772906321
106 -0.07661090011234661
107 -0.07647527983882696
108 -0.07101766014915889
109 -0.07168467914358279
110 -0.07305228045312473
111 -0.07339196036561291
112 -0.08125490893634812
113 -0.09022070751630312
114 -0.08316586440368423
115 -0.07278272297450372
116 -0.06684026648496622
117 -0.06808527758908745
118 -0.07001806398377408
119 -0.06635411696103544
120 -0.06940739160880349
121 -0.0770369714697342
122 -0.08128084681274628
123 -0.08038672531168856
124 -0.07642376443868282
125 -0.0738194667068619
126 -0.06819266342298047
127 -0.06258058832492186
128 -0.06673601375265859
129 -0.07789597883318444
130 -0.08320736700426229
131 -0.07879552999905604
132 -0.07171231513770493
133 -0.0715138224726557
134 -0.07759913928634588
135 -0.08122980759830667
136 -0.08543591188783056
137 -0.0877194656257807
138 -0.0824041078147606
139 -0.0811534289529734
140 -0.08589442541763931
141 -0.08301164708814612
142 -0.07480046583022826
143 -0.07242580526112186
144 -0.08008735110876919
145 -0.08259463615891549
146 -0.07902913680171275
147 -0.07390091466435667
148 -0.0712546381462531
149 -0.07432468945851578
150 -0.07662356982779339
151 -0.0729184805571289
152 -0.07629464846118605
153 -0.07962013750345587
154 -0.07567541331981631
155 -0.07760203429507906
156 -0.07679033459897833
157 -0.07732042059582145
158 -0.08282207754214832
159 -0.08099643888850228
160 -0.07810328740679073
161 -0.08255010124049877
162 -0.08426462251316186
163 -0.0848894246284509
164 -0.08725165357496262
165 -0.08638638000834176
166 -0.08653177498857512
167 -0.08712483416069439
168 -0.0892213895340862
169 -0.09807676996230963
170 -0.09402138953408623
171 -0.08821034558527402
172 -0.09099078235202551
173 -0.08542082334935525
174 -0.07700113662682206
175 -0.07661947792805124
176 -0.08326418980942024
177 -0.08410679591033388
178 -0.08373346188510972
179 -0.08625992094672569
180 -0.08856230981954655
181 -0.08749503508433315
182 -0.0845954800903454
183 -0.08651826873477142
184 -0.09571743602453092
185 -0.09669976934801194
186 -0.08883971578600985
187 -0.07827402181791776
188 -0.07465578512855153
189 -0.07568215570869141
190 -0.07988802190536304
191 -0.08533503034996048
192 -0.08729896124231246
193 -0.08760194473252153
194 -0.08656954604206335
195 -0.08667982688468928
196 -0.08722946229495993
197 -0.09224399586989357
198 -0.09263786314771227
199 -0.09893434234189857
200 -0.10315081978364082
201 -0.09671521181239184
202 -0.0865245349379421
203 -0.08211367178019824
204 -0.08692693994114964
205 -0.08632013642237457
206 -0.08670179512114545
207 -0.0889442066111697
208 -0.08806626332910183
209 -0.08818921388717471
210 -0.08848593117421327
211 -0.09080388477121398
212 -0.09172937381348384
213 -0.0881987505010362
214 -0.08572610340279285
215 -0.08684429509264585
216 -0.08956924681931111
217 -0.09144135660194985
218 -0.09471303368084705
219 -0.0927684141090705
220 -0.084930804969229
221 -0.07753772691968785
222 -0.07937617259788632
223 -0.08760337971638305
224 -0.08122691258957371
225 -0.07568421417906757
226 -0.07986894867764005
227 -0.0834503881609805
228 -0.08449218615619464
229 -0.07801170438992988
230 -0.07867848529150157
231 -0.08171679366059437
232 -0.07890582589098771
233 -0.08119830274798912
234 -0.0817859473046002
235 -0.08479167619216615
236 -0.08714366929556516
237 -0.09323852272311683
238 -0.09523465769503764
239 -0.08709009542504481
240 -0.08279577931309767
241 -0.08329206389639454
242 -0.0835854099889955
243 -0.086989574239827
244 -0.0868824264987863
245 -0.0832380138401696
246 -0.0806426542767057
247 -0.08177000717846239
248 -0.08283041726500051
249 -0.09024508814903975
250 -0.09403465769503766
251 -0.089812152142977
252 -0.0871752749296294
253 -0.08682849227561373
254 -0.08876417367903339
255 -0.0865661748476258
256 -0.08701515176357294
257 -0.08351300098360442
258 -0.0808123140566237
259 -0.08901045019713688
260 -0.09413577732575995
261 -0.09224992319646524
262 -0.08860285362196768
263 -0.08725153131516261
264 -0.08791410448393994
265 -0.0942014224662226
266 -0.0999111086914602
267 -0.09431810682112474
268 -0.08903229617379288
269 -0.08739982130412904
270 -0.08706126253991359
271 -0.09713547810300771
272 -0.09817765150017971
273 -0.08789493047247027
274 -0.08535360591592567
275 -0.08353520731291275
276 -0.08344338620319963
277 -0.08564778854688349
278 -0.08498124573816407
279 -0.08562185067048522
280 -0.08961968758824607
281 -0.09347526262735889
282 -0.09351013867211405
283 -0.09067766380245024
284 -0.08479771935179004
285 -0.08574190621982497
286 -0.08943652155452442
287 -0.09288220345523968
288 -0.09148936349855086
289 -0.08285492015753726
290 -0.08758951310992702
291 -0.0903881865660448
292 -0.08302311991258371
293 -0.083167901398007
294 -0.08818005267527107
295 -0.0952348957878899
296 -0.09167809650619185
297 -0.08978621426657873
298 -0.0957334769344153
299 -0.09217788959303191
300 -0.08727952766193708
301 -0.08486685794649018
302 -0.08897884456307265
303 -0.09155947594071362
304 -0.08314353581457584
305 -0.07581693944385415
306 -0.07779124348842448
307 -0.08476380210519169
308 -0.08548345764803261
309 -0.08527481487431171
310 -0.08042124100379133
311 -0.07939257386042309
312 -0.07752625409525027
313 -0.07202786755961432
314 -0.07762773407862489
315 -0.07471937822538588
316 -0.06605065728512172
317 -0.06496887740763202
318 -0.057093396430555665
319 -0.05198979944553639
320 -0.055716856952656935
321 -0.056598070645415666
322 -0.05298165433357338
323 -0.049824365046349905
324 -0.04829650326164614
325 -0.04052190382243981
326 -0.037690027398280534
327 -0.033196742435579685
328 -0.02846274792869463
329 -0.032495683934757436
330 -0.03358492690642678
331 -0.03171584944162664
332 -0.027665137882596613
333 -0.014616560973148451
334 -0.014130274140112031
335 -0.0223852545618366
336 -0.027923983332400315
337 -0.02947703218958664
338 -0.02319878968476652
339 -0.025760585927536828
340 -0.025432501099286298
341 -0.0212348587924146
342 -0.024118473660264872
343 -0.0247663186432191
344 -0.01994700732264365
345 -0.016991581894907015
346 -0.016357005072904274
347 -0.014967572836012133
348 -0.01630379155503625
349 -0.011014133527562309
350 -0.005106314989927752
351 -0.002789420974830592
352 0.008544274309302158
353 0.011505742896662619
354 0.012938513160962506
355 0.01881893379732713
356 0.018118128438662673
357 0.016229003898677097
358 0.015944733283538515
359 0.024433183198814157
360 0.028032722062415028
361 0.030106933797393043
362 0.03163525671849576
363 0.030921781644384416
364 0.03330584151824667
365 0.03203249519075202
366 0.037650360306276665
367 0.039915338478261564
368 0.028957734918980238
369 0.014416395313130215
370 0.001827528824499991
371 -0.005709271128560789
372 -0.012709941925154733
373 -0.012937520617492981
374 -0.00860230035047238
375 -0.0007549165039170136
376 0.004388971141365605
377 -0.0014191627494081205
378 0.00042564991570759325
379 0.0015469747071458206
380 -0.0008192238793081064
381 0.00605558630117442
382 0.008415057548058713
383 0.004713324422526366
384 -0.0017441144760733662
385 -0.0023462491256550644
386 -0.00863053479009912
387 -0.011327490169989796
388 -0.007556395406210448
389 -0.009807968108138443
390 -0.011371542475954066
391 -0.01420701313809769
392 -0.014566480556865713
393 -0.02093861769108063
394 -0.031412606382511865
395 -0.041447392864709665
396 -0.05339926370830861
397 -0.060219318176567116
398 -0.06940739160880349
399 -0.08314643082330886
400 -0.09762779304636249
401 -0.10580916757168657
402 -0.106695688669459
403 -0.10925002181804927
404 -0.11601081960881582
405 -0.12139509297098933
406 -0.12269294219102067
407 -0.11634518568954255
408 -0.11649347567850898
409 -0.12246851164957329
410 -0.12643787603485512
411 -0.12565090227483805
412 -0.12217736133645402
413 -0.12339713379342832
414 -0.11875496039625627
415 -0.11680286268099438
416 -0.1226925818383684
417 -0.12677573556981947
418 -0.12736879474193874
419 -0.1255275913641129
420 -0.12758996992200083
421 -0.12757416710496872
422 -0.1263079235190015
423 -0.12585964583230563
424 -0.12255636311934409
425 -0.12459340224633841
426 -0.12590719159250757
427 -0.12539823729376387
428 -0.12804451381186732
429 -0.130725666374726
430 -0.13127468829018646
431 -0.1316756583095327
432 -0.1339336345237368
433 -0.13297677794025498
434 -0.13277453867881028
435 -0.13148983535993025
436 -0.13150212967341923
437 -0.1302258883371915
438 -0.1384934011652572
439 -0.14161329480095025
440 -0.14023266342330937
441 -0.14168810115331654
442 -0.14314428968723936
443 -0.14714548275013228
444 -0.14050114627072113
445 -0.1387295426239945
446 -0.13846167327139286
447 -0.13974034847995465
448 -0.14116104747431224
449 -0.1422098624766126
450 -0.1416604651591944
451 -0.13497835762629495
452 -0.1370121263425984
453 -0.13910204011086175
454 -0.14536088556066545
455 -0.15038579228781745
456 -0.1390044289836826
457 -0.13273894192875046
458 -0.13601436560404306
459 -0.1434763441554321
460 -0.14683876771283322
461 -0.14644673586184398
462 -0.14743870658293318
463 -0.1462136052448918
464 -0.1442332730900031
465 -0.14682597573758632
466 -0.1508520470949739
467 -0.15278750545484687
468 -0.155203308271879
469 -0.15310315866050284
470 -0.15178647430560066
471 -0.15261108181000038
472 -0.1509401366575971
473 -0.1540282873501203
474 -0.1607133049410583
475 -0.16440442682152007
476 -0.1686706092775872
477 -0.16883761214162435
478 -0.17165354843964586
479 -0.18128820144085434
480 -0.1909571169920078
481 -0.19282573332040892
482 -0.19579079614575373
483 -0.19630579360412131
484 -0.19692129719840118
485 -0.19909662856410143
486 -0.20479945014066392
487 -0.21127596226698653
488 -0.2114555190134184
489 -0.20750872131009707
490 -0.1971582816222433
491 -0.17774479257990772
492 -0.15881490335611664
493 -0.13625063574932844
494 -0.10881491793530601
495 -0.06917475003105156
496 -0.010359906508385142
497 0.04939433275332261
498 0.11091569331075135
499 0.18032665459387032
500 0.2494475401950792
501 0.30944442521154747
502 0.36572752088184624
503 0.429025767450005
504 0.49328087060164616
505 0.5484017373254332
506 0.6080676425049175
507 0.6768787657016834
508 0.7412329765307338
509 0.8103380442656049
510 0.8673422154133005
511 0.9063372102997872
512 0.9463294281727556
513 0.9696099801279469
514 0.984244838961234
515 0.997034585470184
516 0.9900243931090339
517 0.977412584536485
518 0.9646495909662368
519 0.9579361008428201
520 0.9644976766406751
521 0.9709837468569128
522 0.9697248505320731
523 0.9433449381937832
524 0.8976559268545709
525 0.8516767846938272
526 0.7803222999461942
527 0.6820818220942072
528 0.5679153936270819
529 0.45137863458344507
530 0.33662420763380485
531 0.22900069366412856
532 0.13689569521159883
533 0.028626510562396623
534 -0.07275545375978165
535 -0.1559349256783577
536 -0.23130159013591223
537 -0.2830922524311726
538 -0.32500173206496324
539 -0.3684158897417301
540 -0.40751789149519496
541 -0.4302407064101159
542 -0.42637090441189474
543 -0.41827109367711757
544 -0.4173250713822531
545 -0.41191946475448715
546 -0.40420528878517087
547 -0.3887391958916611
548 -0.37085776131751824
549 -0.351309113138062
550 -0.33076536113593125
551 -0.31434299505513874
552 -0.2965092285009979
553 -0.27368902550244456
554 -0.24805565895480275
555 -0.22258301401872194
556 -0.20023956123934344
557 -0.18617339599474447
558 -0.17102644976112835
559 -0.15375607295561855
560 -0.14540190554879123
561 -0.14054998970567895
562 -0.12512336598338136
563 -0.1177686574328331
564 -0.12156919857655396
565 -0.11961456620521127
566 -0.11148846366813148
567 -0.11057937588839839
568 -0.11277521546568309
569 -0.10842974430624414
570 -0.09956566380251602
571 -0.09793402547120905
572 -0.09420443330800782
573 -0.09438399005443959
574 -0.10073198464877009
575 -0.09838242541770509
576 -0.09230313671433327
577 -0.09024496588923969
578 -0.08976508256847948
579 -0.08876997874580494
580 -0.09172937381348378
581 -0.09018197766465791
582 -0.08418197766465796
583 -0.08416976908561008
584 -0.08044368542595193
585 -0.08088264954233304
586 -0.0792503119817749
587 -0.07639866310064136
588 -0.07434025418269563
589 -0.07126790630720459
590 -0.06751610781469486
591 -0.06824286609906316
592 -0.0702292263642702
593 -0.06722266093834728
594 -0.06921528740672489
595 -0.06824262800621095
596 -0.0690385248852795
597 -0.06832527285471479
598 -0.06226505737906596
599 -0.06031379620216093
600 -0.06082963019888543
601 -0.05926545738556499
602 -0.05992068971996245
603 -0.07550936925393603
604 -0.07779352143739071
605 -0.054748790678599835
606 -0.04589807911956978
607 -0.05280027720961766
608 -0.05064270634757917
609 -0.04739238401032775
610 -0.04893108008364899
611 -0.047374760815771744
612 -0.04408690551788452
613 -0.04368196585859618
614 -0.051766449962045824
615 -0.05671571379847473
616 -0.04575110828141271
617 -0.033233316598058726
618 -0.03390382904672029
619 -0.03577027107169306
620 -0.03653769541828267
621 -0.03348717847014204
622 -0.025125187616482636
623 -0.026259405166914274
624 -0.025103579732678738
625 -0.02614551503699858
626 -0.027778689135913637
627 -0.021990089609261965
628 -0.0193909834494026
629 -0.021406191649046336
630 -0.023711475530600157
631 -0.02282689064340404
632 -0.021693134229371136
633 -0.022385016468984276
634 -0.020793583063499432
635 -0.017837919542910696
636 -0.014686658366005578
637 -0.011585837958035583
638 -0.009644113394992049
639 -0.007875780158956402
640 -0.00529261412523474
641 -0.005880481725392461
642 -0.004711849266604506
643 -0.002996866857542413
644 -0.008741053725577319
645 -0.009508255028620294
646 -0.011731355198069005
647 -0.009296479153313997
648 -0.005393495663104986
649 -0.006146054514765686
650 0.001167734831403422
651 0.005007983239188607
652 0.0012400215769944323
653 0.00152393183948063
654 0.004391520846751873
655 0.010467301046580557
656 0.010166614119599626
657 0.00932957499260545
658 0.012055839443332217
659 0.007820902268676933
660 0.005647269020700563
661 0.016017603425328653
662 0.02775857145733729
663 0.0311241281163237
664 0.025806113389422847
665 0.023040120198578595
666 0.022171951623224606
667 0.027558744592173112
668 0.03347913206150788
669 0.03957398548905966
670 0.03800172609504471
671 0.027438090597328824
672 0.02433750828221093
673 0.02928701021149216
674 0.028935644422724227
675 0.029048597230536433
676 0.03757529438500473
677 0.04029048645426181
678 0.042951491158188304
679 0.049356207773929905
680 0.052292798066795765
681 0.04888755918475518
682 0.053255221624196936
683 0.05580738046935885
684 0.04803036220712409
685 0.04011332705480508
686 0.03235347085072726
687 0.05115927974561518
688 0.06530314278635674
689 0.06065013510056738
690 0.06142378912496871
691 0.05614742935705719
692 0.06155399478298007
693 0.06363484812308651
694 0.06435993333074108
695 0.07450292713588302
696 0.08034862408590371
697 0.08160435721054704
698 0.07906440694443295
699 0.09117216818028362
700 0.09910159842983812
701 0.09599620993642133
702 0.09710159460172185
703 0.09706733205177687
704 0.09707022706050994
705 0.0970419926208832
706 0.0971084742997026
707 0.09671957555029864
708 0.10027180674655001
709 0.10944816926149648
710 0.11429235887656641
711 0.11735527092194264
712 0.11349512779738313
713 0.12059065202152874
714 0.1350417062852739
715 0.13461433725313054
716 0.13326844461113907
717 0.13603188166984947
718 0.13944849259258096
719 0.14617754744017775
720 0.14881406430087285
721 0.1524292686724006
722 0.15639827270503004
723 0.16379678041938495
724 0.17121085285791948
725 0.17505980134120935
726 0.17898812426231214
727 0.1771313561603065
728 0.17608277925085825
729 0.17650908870109816
730 0.1806618572129539
731 0.1855528417843102
732 0.18929693908978773
733 0.2017670627531396
734 0.21234217107529318
735 0.2174060858372583
736 0.22476995559971025
737 0.2294561813028465
738 0.23056399984048115
739 0.23231012674720852
740 0.2348463605155381
741 0.23543676277177672
742 0.2348612045344134
743 0.2437877970770188
744 0.257678995136686
745 0.2681149746817768
746 0.27043196948062065
747 0.27327661640397327
748 0.279396210816914
749 0.28750567399860516
750 0.2919265499559148
751 0.2889921339664774
752 0.29286917958028835
753 0.303915608456803
754 0.3161930294725718
755 0.31805151074160676
756 0.32391493166993035
757 0.33617678796151906
758 0.3433412277368183
759 0.35073646504048206
760 0.3525297773547592
761 0.35560489797918315
762 0.36458506439230876
763 0.3748380152127835
764 0.384766713535844
765 0.3807307452119426
766 0.37124693190508695
767 0.37643860340342394
768 0.3885932111702254
769 0.40025139704462454
770 0.4055838954377481
771 0.41024937483644774
772 0.4255586149745919
773 0.44227658362089806
774 0.4402916833805629
775 0.43905644698315516
776 0.44547116134915743
777 0.4437501508297771
778 0.44321595788388624
779 0.4448543386040683
780 0.4550757845742254
781 0.46991430260351297
782 0.47607106962443735
783 0.479189989412668
784 0.48366505273530846
785 0.4878143127436211
786 0.4867777063203681
787 0.4914832282947744
788 0.4936974053451718
789 0.488666333198596
790 0.48933854376498165
791 0.4962606766621195
792 0.5057971050413385
793 0.5100308453249845
794 0.5126607205805515
795 0.5177167718053687
796 0.5181839854106819
797 0.5162036532557933
798 0.5170660318136814
799 0.5168673010557799
800 0.5154648237014826
801 0.513709773675704
802 0.5127849838626856
803 0.5055210368399469
804 0.510579744980645
805 0.5212600648332631
806 0.5219543809452102
807 0.5180068474872789
808 0.5102260826286485
809 0.5074510504857007
810 0.5056170721092023
811 0.49732771330448056
812 0.49057354206953685
813 0.4836526211127138
814 0.4758813778186396
815 0.4685301777716345
816 0.4665034967475531
817 0.46128732235667924
818 0.4535160790626048
819 0.44438411415696966
820 0.4371691328289887
821 0.42969207216587246
822 0.41950272949153755
823 0.4066007294040266
824 0.390657049752985
825 0.3811691259321247
826 0.37479781028696113
827 0.3579541183336492
828 0.3465557001818519
829 0.33208447301816435
830 0.31611896243977244
831 0.30992127621446897
832 0.2992389193675282
833 0.2915345181049257
834 0.2816259525914915
835 0.268735922990176
836 0.2628727251053993
837 0.25247838546999224
838 0.23908383234627417
839 0.22031431943069735
840 0.206376311365438
841 0.201596804527717
842 0.19418285434898253
843 0.18243574237360338
844 0.17239468968823501
845 0.16325065351265755
846 0.15193044943302303
847 0.14032619778179656
848 0.1284854443191804
849 0.11565609132991261
850 0.10329684695469143
851 0.09480005731656349
852 0.09020914617737785
853 0.083312251927387
854 0.08167387120720504
855 0.07865545755488668
856 0.06879710976684095
857 0.061259934411822314
858 0.0486608320800791
859 0.043384903349955706
860 0.035510020818383836
861 0.028051059535528
862 0.023971774660272227
863 0.020988475145561458
864 0.013895607837296597
865 0.006771986482629777
866 0.0067070405714184655
867 -0.003016523481464528
868 -0.006964157723142517
869 -0.00036615506361881156
870 -0.004155587300511021
871 -0.010683391783430918
872 -0.015350068073139767
873 -0.016783076430291755
874 -0.020221756373226207
875 -0.02581102669647184
876 -0.02927167487586224
877 -0.03227137565310989
878 -0.032814607551104324
879 -0.0332880873595881
880 -0.034247854001108635
881 -0.0399062629190543
882 -0.045684626602593315
883 -0.05043456123561607
884 -0.04769680248439834
885 -0.03658995013799371
886 -0.03971054300293797
887 -0.04744727060490961
888 -0.051762718414956055
889 -0.06019759445971118
890 -0.058956928397489894
891 -0.049631302046114545
892 -0.046846611029504936
893 -0.05076866774743716
894 -0.05704224138306391
895 -0.0670560184269624
896 -0.06936780660453923
897 -0.05822607821337933
898 -0.055223345118292966
899 -0.05935137264475976
900 -0.06119211488618659
901 -0.0640051411261695
902 -0.063563043908203
903 -0.0668821294381966
904 -0.06512937597564639
905 -0.06562795712217173
906 -0.06956268355555062
907 -0.0726952469066906
908 -0.07568830607880983
909 -0.07537845793992548
910 -0.07941139394598828
911 -0.07635522428948716
912 -0.06853317987382557
913 -0.06217938021272351
914 -0.06403362870795393
915 -0.07043809218153774
916 -0.06640178498103744
917 -0.06486089312823451
918 -0.0635473418749175
919 -0.0629123039165157
920 -0.06962952558702251
921 -0.0691681170484808
922 -0.06747496556676913
923 -0.07085426657241145
924 -0.07136878784507461
925 -0.0728023946477313
926 -0.07408444105073064
927 -0.07236945864166855
928 -0.07571364550970361
929 -0.07586207280777557
930 -0.0754328683488027
931 -0.0724961407468313
932 -0.06668884339441439
933 -0.06960695890506186
934 -0.07026037086193548
935 -0.07405283541666641
936 -0.07638972493228458
937 -0.07217362289249996
938 -0.07270440811859424
939 -0.07120142462838508
940 -0.0695310779214865
941 -0.06858735218985046
942 -0.06274517879267849
943 -0.06268520140988187
944 -0.06681263049084407
945 -0.07189270842249362
946 -0.07909514229482772
947 -0.08524067458416673
948 -0.08266401284646796
949 -0.07313011912332945
950 -0.07021270284193348
951 -0.07471949405843803
952 -0.0782997216014637
953 -0.0832095413076907
954 -0.08963850767381137
955 -0.089699098551418
956 -0.08715426549133032
957 -0.07311371786079279
958 -0.0726753371406107
959 -0.07738869761115452
960 -0.06727683325437217
961 -0.055911495810816114
962 -0.05491130119992682
963 -0.05883952333728304
964 -0.06574210682099313
965 -0.07138495101475906
966 -0.07129276955239361
967 -0.07169687267332525
968 -0.07382236171559486
969 -0.07251497588170208
970 -0.07057638442024372
971 -0.06620291691403035
972 -0.06084412029185615
973 -0.06074383719949061
974 -0.057980876326484965
975 -0.054854118042116595
976 -0.05870039456022025
977 -0.06432140782663553
978 -0.06905722271104453
979 -0.07122315477198893
980 -0.07525343386217087
981 -0.06923749373603316
982 -0.06121939052765635
983 -0.06628543950273424
984 -0.06861873478036795
985 -0.07357524865913467
986 -0.08105967163268424
987 -0.08294865886356428
988 -0.0732629666479162
989 -0.06439912423704042
990 -0.0675612197025629
991 -0.06680636428767339
992 -0.06869076838380128
993 -0.07280528965646427
994 -0.07645923892894246
995 -0.07610254425910745
996 -0.06816624936087767
997 -0.06755411696103542
998 -0.0714925749415043
999 -0.06857735443959001
1000 -0.06957824827973058
1001 -0.06954688073851867
1002 -0.06935104498935007
1003 -0.06877981674458133
1004 -0.06497468247440374
1005 -0.062464026229819725
1006 -0.06360731925771412
1007 -0.06711260313926803
1008 -0.06740932042630654
1009 -0.06638294984616666
1010 -0.06548593333637587
1011 -0.06704576110779625
1012 -0.0716594619724894
1013 -0.07156185084531008
1014 -0.06762385400124016
1015 -0.06166499624916599
1016 -0.06354444686618443
1017 -0.06643676180953928
1018 -0.06890543926784054
1019 -0.07619388918311609
1020 -0.07668041410900472
1021 -0.07348703683671132
1022 -0.07121325780547516
1023 -0.07573331718293108
1024 -0.07241469278933654
1025 -0.06053100174228088
1026 -0.05918341098256563
1027 -0.06089876879358558
1028 -0.060297993385128756
1029 -0.06289069603271202
1030 -0.06547386206643357
1031 -0.06406162505472834
1032 -0.06762072089965487
1033 -0.06995158230495468
1034 -0.06702042167690259
1035 -0.06712467440921022
1036 -0.07040925929640662
1037 -0.06968890452431442
1038 -0.06982139169624879
1039 -0.07082579403993261
1040 -0.06970157423976131
1041 -0.06947110053868988
1042 -0.06832177940047723
1043 -0.06855851930471923
1044 -0.07035798198911458
1045 -0.07429887384191758
1046 -0.07843003446996966
1047 -0.0724394337747255
1048 -0.06437691790773203
1049 -0.06746590513861217
1050 -0.07368721762777986
1051 -0.07633265760752661
1052 -0.07922750720696192
1053 -0.08638927501707472
1054 -0.09406265404181208
1055 -0.09408172726953506
1056 -0.0881895742398271
1057 -0.07661947792805124
1058 -0.07207575219641515
1059 -0.07534453426657939
1060 -0.07995426549133022
1061 -0.0857259875697407
1062 -0.09031809559993553
1063 -0.08705641627129884
1064 -0.0738309395312996
1065 -0.07033252029842096
1066 -0.07418579877430531
1067 -0.07552131826407815
1068 -0.0753473134422602
1069 -0.07153615106176414
1070 -0.06959115608802968
1071 -0.06615851930471917
1072 -0.06853317987382557
1073 -0.07246477320561928
1074 -0.07444426882215094
1075 -0.07615238658253787
1076 -0.07750418507504753
1077 -0.0775735617626
1078 -0.07566611479880703
1079 -0.07812282177091268
1080 -0.07995113238974494
1081 -0.0837847391924017
1082 -0.08439710968509617
1083 -0.08391349481724608
1084 -0.08733032878352437
1085 -0.08811706445068923
1086 -0.08481424287412681
1087 -0.07596909828901621
1088 -0.0717376545685986
1089 -0.074548759647311
1090 -0.07677513022745086
1091 -0.07487371137397625
1092 -0.07414719118246016
1093 -0.07709018498760223
1094 -0.0825438350373281
1095 -0.08696447290178566
1096 -0.0871943481573525
1097 -0.09139404893460018
1098 -0.0953127344580948
1099 -0.09613747927160016
1100 -0.09256954604206341
1101 -0.07967855764259091
1102 -0.0797992116374352
1103 -0.08602738877527816
1104 -0.08359494660285699
1105 -0.08520821093569225
1106 -0.08800604785345306
1107 -0.09063025535135383
1108 -0.09243682077727677
1109 -0.08543555153517823
1110 -0.08231276289075218
1111 -0.08264168425735952
1112 -0.08048169457229237
1113 -0.08267281370571922
1114 -0.08200351319737242
1115 -0.08608361956167931
1116 -0.08168435148817321
1117 -0.07989755851922464
1118 -0.08016009899075927
1119 -0.07317103832770866
1120 -0.0812550097200947
1121 -0.08679748508705404
1122 -0.08979054425917327
1123 -0.08712146296625678
1124 -0.08727012835718118
1125 -0.09225702593799268
1126 -0.0868757999429634
1127 -0.08544495083993425
1128 -0.08551470292944457
1129 -0.08896641294047802
1130 -0.09031156982785915
1131 -0.08748152883052945
1132 -0.08968593117421325
1133 -0.09182095683034464
1134 -0.08961655448666084
1135 -0.08823989274896199
1136 -0.08725129322231034
1137 -0.08888690119355941
1138 -0.09466283100476425
1139 -0.0939395812239392
1140 -0.09178258733135175
1141 -0.09100249326931542
1142 -0.09416329106008203
1143 -0.10182713347095784
1144 -0.1048678757123847
1145 -0.1044924832167844
1146 -0.09811671531922622
1147 -0.09098295890519337
1148 -0.09570777715086926
1149 -0.09659828936463727
1150 -0.09357324915649595
1151 -0.08859704855519618
1152 -0.07794244353542956
1153 -0.07995063472798702
1154 -0.08652840379413756
1155 -0.09499478468921035
1156 -0.09398711193483567
1157 -0.08393510270104981
1158 -0.08511999911326901
1159 -0.08602052412660294
1160 -0.08624435622254578
1161 -0.08666426216050943
1162 -0.08765226324165659
1163 -0.09326952991167659
1164 -0.09970864638646881
1165 -0.10188106769413041
1166 -0.0935726507109913
1167 -0.08949636162821545
1168 -0.08350383977170073
1169 -0.08029573431358439
1170 -0.07766731908288926
1171 -0.0847505489935459
1172 -0.10040412286406625
1173 -0.09734268589286715
1174 -0.10213277387704778
1175 -0.10283793932691782
1176 -0.09743159694454162
1177 -0.09126469486425115
1178 -0.0842458024275966
1179 -0.08245199245156154
1180 -0.08160182247272152
1181 -0.09519942129763015
1182 -0.1035800242426137
1183 -0.10323843316055942
1184 -0.10009970438999566
1185 -0.09126470991355667
1186 -0.08995451480537181
1187 -0.0869672607000242
1188 -0.09340249326931543
1189 -0.09962273112727399
1190 -0.10632368884434967
1191 -0.10939963095782501
1192 -0.09801200145051947
1193 -0.0953188784014653
1194 -0.09321329912527543
1195 -0.09153293961881065
1196 -0.0915335380643153
1197 -0.08684176043656511
1198 -0.07821404443512114
1199 -0.07505302360080779
1200 -0.08579631662870213
1201 -0.09251574912799637
1202 -0.09917132033899279
1203 -0.10346527609828765
1204 -0.11006824728622622
1205 -0.11318233585514764
1206 -0.10548048429793139
1207 -0.09597879465436188
1208 -0.09034885826889505
1209 -0.09243320506323904
1210 -0.09773481852760307
1211 -0.10201646492410338
1212 -0.10422086726778723
1213 -0.09929488439187573
1214 -0.09334832095329049
1215 -0.09352811579257453
1216 -0.10152125497201558
1217 -0.1049254192228471
1218 -0.09714381782586001
1219 -0.09393571236774362
1220 -0.09308370696207419
1221 -0.09251888222958166
1222 -0.09109756974041389
1223 -0.08717818498766805
1224 -0.09392074608906836
1225 -0.09693952009403911
1226 -0.09585536791058452
1227 -0.10056402298657596
1228 -0.10191268837750034
1229 -0.09985657602278297
1230 -0.09883020544264315
1231 -0.10021000028192717
1232 -0.10364301246719554
1233 -0.10457476771263596
1234 -0.09826767727337898
1235 -0.09943944283375233
1236 -0.10602393923947251
1237 -0.10406884573173081
1238 -0.10291998572991712
1239 -0.09522150536713847
1240 -0.08845987103801495
1241 -0.09541710302345463
1242 -0.10428445393787361
1243 -0.1056663072475339
1244 -0.10583367046422343
1245 -0.10575896489560377
1246 -0.09699249551905487
1247 -0.09052841501532677
1248 -0.09398722776788787
1249 -0.0931721568773497
1250 -0.09352823805237465
1251 -0.09644359586339463
1252 -0.09438518694544878
1253 -0.08574854782495345
1254 -0.08108089768778215
1255 -0.08552701229223897
1256 -0.09936172642334762
1257 -0.10585007172676009
1258 -0.1050219707681227
1259 -0.10800656795758962
1260 -0.10331432919344041
1261 -0.10141313338351249
1262 -0.09863123659188938
1263 -0.09879919825408345
1264 -0.0966047936606601
1265 -0.08834995054804129
1266 -0.08881762528975362
1267 -0.0904630079677165
1268 -0.09501276180967083
1269 -0.10085784526488151
1270 -0.10544874135476162
1271 -0.106506494525419
1272 -0.11010032910599504
1273 -0.10763324898167098
1274 -0.11018457128847614
1275 -0.11597087425189923
1276 -0.10824055016220407
1277 -0.09669517978651176
1278 -0.09195272329697429
1279 -0.09452998348017766
1280 -0.09649137971644883
1281 -0.09411634374538452
1282 -0.08902880271955527
1283 -0.0942516036662519
1284 -0.10162467116596641
1285 -0.11156266801003623
1286 -0.1117676649711084
1287 -0.10059433094588432
1288 -0.10117663157212275
1289 -0.10009125745664876
1290 -0.09348697354464874
1291 -0.09546730569953737
1292 -0.10061530029386784
1293 -0.09618091808275431
1294 -0.09288763312005349
1295 -0.09011621026439526
1296 -0.0816366834681711
1297 -0.0800421169611012
1298 -0.08705689245700343
1299 -0.08295059507414038
1300 -0.07933768726584134
1301 -0.0829833975992138
1302 -0.07279636653741295
1303 -0.0635594131448598
1304 -0.06166860553645581
1305 -0.06564086493047083
1306 -0.07255588003677549
1307 -0.07876741781922947
1308 -0.07714134646184179
1309 -0.06703309139234936
1310 -0.05991246583016241
1311 -0.05883952333728304
1312 -0.06067759361352343
1313 -0.05981811006436866
1314 -0.059817871971516334
1315 -0.06118583363371044
1316 -0.05635445104319281
1317 -0.046253197931481194
1318 -0.03764271973093092
1319 -0.025791608165401825
1320 -0.024576028391916527
1321 -0.02776252596622908
1322 -0.030168691385653146
1323 -0.029875107200199813
1324 -0.02422900764504854
1325 -0.02343563037275531
1326 -0.02790058011208274
1327 -0.04022674377906277
1328 -0.03694842509503704
1329 -0.0236403035065339
1330 -0.027032735364022176
1331 -0.029543290824859403
1332 -0.03279892699387221
1333 -0.03149513539796367
1334 -0.017790150739162014
1335 -0.011857078505074892
1336 -0.005523325919158384
1337 -0.0036135673428313586
1338 0.002162377517678893
1339 0.009693833540367014
1340 0.005925172648921673
1341 0.012749542060469299
1342 0.015788702017224487
1343 0.008291010882723326
1344 0.0046488947873352116
1345 0.015462315306697727
1346 0.027462928801507802
1347 0.02182407928869412
1348 0.021447013716380248
1349 0.03768944408382624
1350 0.04314575104943297
1351 0.03478895176773489
1352 0.03329606681153319
1353 0.027745181036585742
1354 0.025392711747482255
1355 0.02299933830330514
1356 0.017296654035848236
1357 0.014211859488457046
1358 0.004962749091520613
1359 0.001767673701503436
1360 -0.0032748712695103155
1361 -0.010041935263447321
1362 -0.011213239687421606
1363 -0.014510118888106938
1364 -0.01009841919200638
1365 -0.008304746525076956
1366 -0.008173095891499504
1367 -0.0026373994387742794
1368 0.003940470411122887
1369 0.004969137554491354
1370 0.005136500771180885
1371 0.005427651084299989
1372 -0.0008944056336321893
1373 -0.005229863993505224
1374 -0.005955785739516606
1375 -0.006988898708531588
1376 -0.003944186827162688
1377 -0.0035429937642696974
1378 -0.012868720899391839
1379 -0.013600447712174613
1380 -0.01771774173377083
1381 -0.027627006476456106
1382 -0.033720439969451954
1383 -0.04996625152304024
1384 -0.06567273013344077
1385 -0.08083921073117883
1386 -0.0883245960678421
1387 -0.0955544428907516
1388 -0.11483747819051876
1389 -0.11687766546840389
1390 -0.10334763294522847
1391 -0.1037962495085234
1392 -0.11738843371792362
1393 -0.1278052392515447
1394 -0.1325882395435033
1395 -0.13661997865855696
1396 -0.14101251939249337
1397 -0.14614808236422933
1398 -0.13877744873684894
1399 -0.1279390641885505
1400 -0.129711965510033
1401 -0.1308714217076118
1402 -0.12373742720072672
1403 -0.12149884804153893
1404 -0.11795906351718782
1405 -0.12046307815664326
1406 -0.12564824535895724
1407 -0.1279849118310286
1408 -0.1313754325189509
1409 -0.13282765141293168
1410 -0.14257340674581742
1411 -0.1377011350495319
1412 -0.12770339891551769
1413 -0.12268569571363974
1414 -0.12526502941652484
1415 -0.14249389499889886
1416 -0.15156699367830567
1417 -0.14700032586275114
1418 -0.1315887842521809
1419 -0.1347913227363779
1420 -0.15019019463150124
1421 -0.14834889046992883
1422 -0.13960435280447703
1423 -0.12897157871206094
1424 -0.13298908730304948
1425 -0.14374251539030997
1426 -0.13778922461215504
1427 -0.13353483880781897
1428 -0.13540429167457702
1429 -0.14531068288458265
1430 -0.1526242341378996
1431 -0.14632668031250412
1432 -0.1419312445698347
1433 -0.13946607561507662
1434 -0.13566094134489887
1435 -0.13509490467209168
1436 -0.14076612061458987
1437 -0.15146224328424007
1438 -0.15082393491514734
1439 -0.14290344283394962
1440 -0.14185280745412515
1441 -0.1414360346177469
1442 -0.14048847655527436
1443 -0.14451211404032782
1444 -0.1404918477497119
1445 -0.14001449908503238
1446 -0.1465419281659946
1447 -0.15270883024628512
1448 -0.15861930569980043
1449 -0.16041624877742083
1450 -0.16162648462053358
1451 -0.15078520506350218
1452 -0.1442044402048719
1453 -0.14869588974074338
1454 -0.14699974246655206
1455 -0.14958893661059203
1456 -0.15141397681873336
1457 -0.15252506576705888
1458 -0.15964639055849716
1459 -0.1595228415549197
1460 -0.15934221017727884
1461 -0.16450251413440375
1462 -0.16810831920117536
1463 -0.17200130494112403
1464 -0.17899908072898485
1465 -0.18302165863213482
1466 -0.18711337512998505
1467 -0.19423447687787654
1468 -0.2002816622854261
1469 -0.2015591406029787
1470 -0.20943439853650836
1471 -0.22340497103398876
1472 -0.22539003362443982
1473 -0.22574345788358408
1474 -0.22543804052104088
1475 -0.21472044727669248
1476 -0.20598967543395003
1477 -0.19545269851793717
1478 -0.18159433950870213
1479 -0.16559210240942002
1480 -0.1331967626560558
1481 -0.10445689289347243
1482 -0.0700621076671808
1483 -0.018484335968751542
1484 0.03353004258939973
1485 0.09568947342306888
1486 0.17064916122701235
1487 0.24009476046203415
1488 0.29751161254636604
1489 0.351503168681767
1490 0.4087379293635862
1491 0.47022007389196074
1492 0.5370733093559986
1493 0.6013132331771217
1494 0.6734167040144851
1495 0.7512188644383523
1496 0.8080369895928988
1497 0.8463772232730914
1498 0.8807219431324059
1499 0.9245150775510528
1500 0.9460171461615369
1501 0.9493422141577234
1502 0.9719159632387523
1503 0.9722703763946644
1504 0.9565276018049523
1505 0.945823478289049
1506 0.9382643862722387
1507 0.9407851625268836
1508 0.9368943575171106
1509 0.9249035251557624
1510 0.9138000103402278
1511 0.879426356812035
1512 0.8186595378339067
1513 0.7496198370563302
1514 0.660863663746209
1515 0.5506626300244238
1516 0.43776266818681264
1517 0.324372486401582
1518 0.2238538809115017
1519 0.1301889689531105
1520 0.023435898645963293
1521 -0.08490353575450704
1522 -0.17113301191016012
1523 -0.24095581759155843
1524 -0.3075482864445218
1525 -0.35448861518134167
1526 -0.3892899223515932
1527 -0.4256423321767504
1528 -0.4435095147507748
1529 -0.4343972250833239
1530 -0.425043602385174
1531 -0.4294760483857114
1532 -0.425232432611605
1533 -0.4122124354451303
1534 -0.3975585184334257
1535 -0.38117982925663974
1536 -0.36263175109003065
1537 -0.3506495572378179
1538 -0.3286250280747862
1539 -0.3044154936230873
1540 -0.2797136442280336
1541 -0.2534674460512981
1542 -0.23613561678881484
1543 -0.21543417549296162
1544 -0.19957747068301857
1545 -0.1774461326555452
1546 -0.15242683471832175
1547 -0.1422844243093787
1548 -0.14574325853799308
1549 -0.14732625143687877
1550 -0.13627982256036414
1551 -0.1185043538855583
1552 -0.11594806305033845
1553 -0.11541123466462033
1554 -0.11624733646951119
1555 -0.12508606249303994
1556 -0.12146436887479517
1557 -0.11678221359534752
1558 -0.1003930440558487
1559 -0.09151918884540688
1560 -0.10189119632674876
1561 -0.10638111009501211
1562 -0.10484447249206708
1563 -0.11177660313946541
1564 -0.11454993716468942
1565 -0.10486751535973227
1566 -0.09754465053610056
1567 -0.09360159942917479
1568 -0.09230131633680932
1569 -0.08782589266151669
1570 -0.08741758180779075
1571 -0.09821252754493487
1572 -0.09861058750624252
1573 -0.08238433535778633
1574 -0.07885211471136166
1575 -0.07711659904970491
1576 -0.0705062870273866
1577 -0.07407430599136444
1578 -0.08015976011416026
1579 -0.08327361059022947
1580 -0.07676246051200397
1581 -0.06591791054428175
1582 -0.06449384035548655
1583 -0.07444510536050786
1584 -0.07720469503907601
1585 -0.07181331893537513
1586 -0.06960045460903896
1587 -0.06716641510264065
1588 -0.060831450576409374
1589 -0.059726765140360016
1590 -0.0589190350842016
1591 -0.05462340624819306
1592 -0.05598450326171189
1593 -0.06346938737166052
1594 -0.05934463025588477
1595 -0.05558642825109872
1596 -0.05556192535856197
1597 -0.05219299750513806
1598 -0.047342779779749766
1599 -0.03952400577477888
1600 -0.037414917995045816
1601 -0.039057390614970044
1602 -0.037996281299180645
1603 -0.038094130519212066
1604 -0.03778101196963679
1605 -0.042207815253518244
1606 -0.050541947069508986
1607 -0.05067732925017643
1608 -0.04247606000807791
1609 -0.04070239789097507
1610 -0.03517334304337838
1611 -0.031304622103114244
1612 -0.03397973150634914
1613 -0.03347777916538619
1614 -0.030105580901271134
1615 -0.023168121372805883
1616 -0.015857465128221948
1617 -0.018908205119909316
1618 -0.024700075057251913
1619 -0.0250532612235439
1620 -0.02153820263527617
1621 -0.01952757757038459
1622 -0.01769950504440465
1623 -0.012860659359707483
1624 -0.020171077511438873
1625 -0.029354441984166146
1626 -0.025694601910475234
1627 -0.01721938363079223
1628 -0.0041234990539942284
1629 -0.006362539349580976
1630 -0.020434353737583844
1631 -0.024055622744788563
1632 -0.022697658832855017
1633 -0.014784031400332576
1634 -0.00649552418327326
1635 -0.007545261458371755
1636 0.0025639309332241567
1637 0.0014681836655319191
1638 -0.008457604599490187
1639 -0.005163159271138973
1640 -0.007948412207894218
1641 -0.0029876905963333034
1642 0.0013257995270836709
1643 0.001719666804902431
1644 0.008831216889626958
1645 0.009220130688336381
1646 0.007044063568025893
1647 0.003459267939553423
1648 0.010270506499255094
1649 0.02259270052629303
1650 0.02468574739614149
1651 0.01993315584723787
1652 0.014429541214281638
1653 0.00976202838621587
1654 0.014464179166184477
1655 0.021756137585003166
1656 0.02181200801875205
1657 0.02072809392814956
1658 0.027827825885089585
1659 0.03098511517231317
1660 0.02899165216557864
1661 0.03678289096017395
1662 0.03540866309480917
1663 0.0339457472213166
1664 0.04122260205235451
1665 0.038020677062967634
1666 0.03297655979898706
1667 0.03621940399275292
1668 0.04751849785034179
1669 0.05525835855389849
1670 0.05065962396788071
1671 0.047656054334437536
1672 0.05226107017293147
1673 0.05735778745997
1674 0.05651991179461879
1675 0.060602690124112124
1676 0.06524547701609418
1677 0.06410242208105199
1678 0.05786784143093304
1679 0.059633041565383405
1680 0.07121688222381506
1681 0.07256471107638263
1682 0.07053936781737269
1683 0.07492887623347055
1684 0.08285830648302517
1685 0.08753451938659562
1686 0.08839316639739359
1687 0.08862036968777409
1688 0.08763527866466547
1689 0.08953318901459706
1690 0.08722828053500098
1691 0.0870296505608461
1692 0.08503628833785837
1693 0.09214654074782702
1694 0.11148847879918167
1695 0.12285345589008534
1696 0.12025918094953514
1697 0.11675016552089124
1698 0.12520229441584563
1699 0.12644343666377145
1700 0.11794112014203983
1701 0.12601206146632682
1702 0.1386498229645795
1703 0.15285665918059732
1704 0.1521770863037788
1705 0.14634660877459105
1706 0.14968163443072235
1707 0.15607489327133195
1708 0.15410648002797434
1709 0.14377866216170254
1710 0.1610187159585983
1711 0.17111721137068248
1712 0.17084659431015792
1713 0.18189961321713666
1714 0.18353836933927659
1715 0.18509119515291617
1716 0.1919783146961932
1717 0.19622196699565853
1718 0.20529768606558718
1719 0.20697697094084266
1720 0.20764872037082927
1721 0.21767237290518826
1722 0.2220832511122376
1723 0.2259278545536274
1724 0.2379751772702826
1725 0.24726243412266524
1726 0.24513345162615774
1727 0.24346284535035356
1728 0.244933862853846
1729 0.25503525327466325
1730 0.27036981779439573
1731 0.2731414787429062
1732 0.26893188099914445
1733 0.2669720355797869
1734 0.2622059377770798
1735 0.267746963110872
1736 0.2885420423290055
1737 0.2953688606621926
1738 0.29161572796956803
1739 0.29184921251242457
1740 0.30225466105466015
1741 0.31220449107582016
1742 0.31665337842921004
1743 0.3207578654262535
1744 0.32348199566386737
1745 0.33791664866507587
1746 0.34910496401828084
1747 0.34861037755270785
1748 0.35404146092047295
1749 0.3666291054770838
1750 0.3697041253177612
1751 0.3719648742808984
1752 0.37330990890847937
1753 0.37677261555824615
1754 0.39093602801241534
1755 0.40218767689354873
1756 0.3938680502198343
1757 0.39398858195487874
1758 0.4008105325433975
1759 0.39896803149081583
1760 0.41162070769307946
1761 0.42633942331518504
1762 0.4381226182180332
1763 0.44710256158761197
1764 0.45769744236674004
1765 0.4579024543771174
1766 0.45477846884168216
1767 0.46063271350879653
1768 0.4713634891796551
1769 0.48065326563881305
1770 0.47679639292494425
1771 0.48005236797055584
1772 0.4807606665220113
1773 0.4761907648211251
1774 0.474030637826952
1775 0.47783287708839695
1776 0.4832640827159621
1777 0.4865037938081428
1778 0.48818994333207344
1779 0.4867908522215195
1780 0.490068197058083
1781 0.49616885555240653
1782 0.5052507400417591
1783 0.5073851672523858
1784 0.5046247410354608
1785 0.5047223521626399
1786 0.5069464412288568
1787 0.5100917600298848
1788 0.5024986535476862
1789 0.5094305461022323
1790 0.5190222214286856
1791 0.5094087151748817
1792 0.5042323337825133
1793 0.5045400377165806
1794 0.5081720037032972
1795 0.5015899261206057
1796 0.49965773817142345
1797 0.5021345779531555
1798 0.48971153891360675
1799 0.48362666818700994
1800 0.47449218367459955
1801 0.4685085698878305
1802 0.460665054897471
1803 0.4530960508648415
1804 0.44893434418462863
1805 0.4438852949175921
1806 0.44020407000364414
1807 0.42948090978537634
1808 0.4153022929596796
1809 0.4056210680457317
1810 0.40242986151191007
1811 0.3938726183052811
1812 0.37944122066545805
1813 0.3681978714168611
1814 0.3553851577829825
1815 0.3347390892591202
1816 0.3231726086613821
1817 0.32140293766027495
1818 0.3100764673774695
1819 0.2926325619358463
1820 0.27674993429881045
1821 0.2659521907717233
1822 0.25035010220273624
1823 0.23352871736247904
1824 0.2282430139256416
1825 0.2241702698717679
1826 0.22388970070510827
1827 0.21047225707213624
1828 0.19922793397607674
1829 0.18882947234231662
1830 0.17691985490321138
1831 0.16958330642635477
1832 0.13654895264789868
1833 0.12211185072505071
1834 0.12352566002972287
1835 0.12162739575388704
1836 0.11964681045684056
1837 0.1147529308767512
1838 0.10882312905335523
1839 0.09615427463210169
1840 0.0872501114623514
1841 0.07852284812315224
1842 0.06821598455555822
1843 0.0624913170023399
1844 0.05722446374967882
1845 0.052911572071766555
1846 0.0461729655610027
1847 0.035000590333935544
1848 0.03030336799206601
1849 0.01911323226133721
1850 0.002493112835062372
1851 -0.0009646403355950683
1852 0.0067126075453378675
1853 0.013379049570310775
1854 0.00819991047831492
1855 -0.004422133937346695
1856 -0.009852503026555048
1857 -0.011229042504453779
1858 -0.013979434445759442
1859 -0.011929502559771654
1860 -0.020355080083517385
1861 -0.02405536317588286
1862 -0.024654364723879274
1863 -0.034596193898785876
1864 -0.03053189035151105
1865 -0.02497652222555813
1866 -0.02707425301390587
1867 -0.030474685717647443
1868 -0.03574699011117566
1869 -0.04637373609327344
1870 -0.04676600603711489
1871 -0.031276387663487615
1872 -0.022418436053824542
1873 -0.027171879190390547
1874 -0.041012621431817275
1875 -0.046268762655661044
1876 -0.05291227764602091
1877 -0.06067131236104728
1878 -0.05858650443030444
1879 -0.06084097214096529
1880 -0.06049105638536434
1881 -0.058410441138110114
1882 -0.05200620070807305
1883 -0.04718086127717935
1884 -0.05222773624078747
1885 -0.05349725023744567
1886 -0.05139045902094097
1887 -0.05005156833673041
1888 -0.04978659399286178
1889 -0.05058272896478255
1890 -0.04856462575640552
1891 -0.04812481005236213
1892 -0.054119157344001634
1893 -0.05978466900347479
1894 -0.05199909796654556
1895 -0.05438666634395106
1896 -0.06214027139416378
1897 -0.05887681820506674
1898 -0.06037666859369051
1899 -0.06550269495156491
1900 -0.060020111232961026
1901 -0.05812290011228072
1902 -0.056689156000518603
1903 -0.0534260782133793
1904 -0.06671512657415946
1905 -0.06805752576191315
1906 -0.05895573150648059
1907 -0.054667681597704076
1908 -0.054497798774239437
1909 -0.06044711991245211
1910 -0.06191163311992176
1911 -0.06643628562383475
1912 -0.07159321838652222
1913 -0.07192794481990117
1914 -0.0695120046937634
1915 -0.0660035877106242
1916 -0.06775320807158924
1917 -0.06823031864341644
1918 -0.06464671990595316
1919 -0.056250552236789764
1920 -0.04658706635045007
1921 -0.04890188684586538
1922 -0.060637287903954507
1923 -0.06334873337681612
1924 -0.06143067516795253
1925 -0.06785782115654926
1926 -0.06741969357852484
1927 -0.05940700498565632
1928 -0.05576296772899747
1929 -0.06370033725843638
1930 -0.0608860990781388
1931 -0.05576550238507816
1932 -0.06781968975040864
1933 -0.07813995878805968
1934 -0.07746883284458783
1935 -0.07561785476004823
1936 -0.07870165041896693
1937 -0.0727430157104394
1938 -0.05857600901828586
1939 -0.06020313995757709
1940 -0.06226022615975679
1941 -0.05669254867100948
1942 -0.046612289948291474
1943 -0.044049747959206464
1944 -0.045779919690490556
1945 -0.04095341989394674
1946 -0.05784607754201676
1947 -0.0595473306537283
1948 -0.053930824779328534
1949 -0.06827505512932652
1950 -0.0671945487585206
1951 -0.06583297555929724
1952 -0.06496923776028429
1953 -0.0514094099888639
1954 -0.045627299708929536
1955 -0.04753512207468047
1956 -0.053431006651478374
1957 -0.056042407124826776
1958 -0.051194262919120215
1959 -0.05262810781462912
1960 -0.058599635282150175
1961 -0.05940460763868116
1962 -0.06232296124218084
1963 -0.05580494651528012
1964 -0.05320210880833087
1965 -0.06306722046130508
1966 -0.07207697056347784
1967 -0.07447949017025302
1968 -0.06328480140338288
1969 -0.06203155136015592
1970 -0.05980484190341717
1971 -0.06469378948045068
1972 -0.06688368668185818
1973 -0.04530200910566551
1974 -0.034019316510613296
1975 -0.03770341139228406
1976 -0.038126111555234266
1977 -0.03952690078351195
1978 -0.0464043829291807
1979 -0.053832337023477006
1980 -0.05407847623247486
1981 -0.04492891317329373
1982 -0.04968511400948705
1983 -0.060264552324235
1984 -0.05953709481061553
1985 -0.060853403763559855
1986 -0.060203875712187216
1987 -0.056695681772594764
1988 -0.04793295899244132
1989 -0.04604467099081255
1990 -0.04678966596454692
1991 -0.055675714704731205
1992 -0.06230981534102953
1993 -0.060497221804788226
1994 -0.05916505846014719
1995 -0.047500022986378454
1996 -0.0479201519678889
1997 -0.05183570438979823
1998 -0.05707434467888606
1999 -0.06194745291352832
2000 -0.049978820454740225
2001 -0.0413081418278467
2002 -0.0386216603839209
2003 -0.03484092822253326
2004 -0.045482863526853046
2005 -0.052000655210207136
2006 -0.05004252938462683
2007 -0.045836525878849455
2008 -0.03789420287030143
2009 -0.042170282292882444
2010 -0.04916239032307723
2011 -0.04795177907800652
2012 -0.0473768192861479
2013 -0.05170694876495385
2014 -0.050061104950591906
2015 -0.05047474468538493
2016 -0.05494315135359118
2017 -0.05223970672698308
2018 -0.05604554022641217
2019 -0.051586532862961776
2020 -0.047572056589811784
2021 -0.05519896448555628
2022 -0.05759910179466188
2023 -0.05392934970515151
2024 -0.04869421791960704
2025 -0.04531477960485886
2026 -0.04859287524533795
2027 -0.061991606003239386
2028 -0.062479490170252894
2029 -0.07027629593876761
2030 -0.07504165798686468
2031 -0.06679878536044148
2032 -0.07076931011137366
2033 -0.06437208668842287
2034 -0.05722794207286608
2035 -0.05971409542491324
2036 -0.062316933131862484
2037 -0.056483682853741835
2038 -0.05161103575549841
2039 -0.05421036495890452
2040 -0.05388241743975952
2041 -0.05301096340440914
2042 -0.04503086934237277
2043 -0.04503713554554345
2044 -0.05136849078448491
2045 -0.05702100890121786
2046 -0.06185574763686752
2047 -0.05506214732102743
2048 -0.0565619977096512
2049 -0.06543355635686465
2050 -0.06407199820694676
2051 -0.061633015213143905
2052 -0.06578265062341448
2053 -0.07419859074955215
2054 -0.0748202597632559
2055 -0.07131810898328728
2056 -0.06848273910489056
2057 -0.06630367619210042
2058 -0.06996654858362994
2059 -0.07473868954596108
2060 -0.0749339118003195
2061 -0.06869633535772068
2062 -0.07326067008468773
2063 -0.0724431653218155
2064 -0.06228642717001742
2065 -0.06419808186660492
2066 -0.06342522785520166
2067 -0.057225047064133006
2068 -0.060951506125749066
2069 -0.06927610132787831
2070 -0.06930990274142435
2071 -0.06962555594708031
2072 -0.0704755028823737
2073 -0.06733004677224019
2074 -0.06861209317523953
2075 -0.07148884339441441
2076 -0.07460185733212676
2077 -0.07821803555111673
2078 -0.07801627247537657
2079 -0.07067279865641374
2080 -0.07287154829173703
2081 -0.08322410714339801
2082 -0.07220766239889831
2083 -0.07397645677133302
2084 -0.07975659431533233
2085 -0.0704459707679912
2086 -0.07399888614418815
2087 -0.07332378056906963
2088 -0.06813234716358496
2089 -0.06574220760473981
2090 -0.0581565792660268
2091 -0.06483579179019305
2092 -0.07118959145129522
2093 -0.0704274959857728
2094 -0.0743871864480875
2095 -0.07612101904132595
2096 -0.07831564667829594
2097 -0.07577072788376704
2098 -0.07188317180863213
2099 -0.0693604593434115
2100 -0.07254995271020381
2101 -0.07232855448659503
2102 -0.07731461552904961
2103 -0.07913338953402038
2104 -0.0794710109761324
2105 -0.08009000802465005
2106 -0.07584337498201033
2107 -0.07205450466526375
2108 -0.06290264504285414
2109 -0.06549824269917026
2110 -0.07658266567271987
2111 -0.08178606956440015
2112 -0.0841788295137671
2113 -0.08478517189614326
2114 -0.08679397658351085
2115 -0.08430552666823532
2116 -0.0806297464684066
2117 -0.08117006830836238
2118 -0.07989067882124379
2119 -0.08014106228839513
2120 -0.07853125488443868
2121 -0.063940848800084
2122 -0.06656865053596916
2123 -0.07526657976332218
2124 -0.07304264305551655
2125 -0.07299436154070427
2126 -0.07703601267157734
2127 -0.08982831531266144
2128 -0.09769150197624893
2129 -0.09362018142188783
2130 -0.08629709355470938
2131 -0.08591964258873286
2132 -0.0831909442656722
2133 -0.07925841361177499
2134 -0.08852513721156297
2135 -0.0872778295442132
2136 -0.07598986963446308
2137 -0.08364838316427181
2138 -0.09183109188971067
2139 -0.09015990864445517
2140 -0.08644911509076575
2141 -0.08183602772088272
2142 -0.08629200276649451
2143 -0.08793920582198134
2144 -0.09583992544620462
2145 -0.10439545548580426
2146 -0.09278000919330825
2147 -0.08274172925687273
2148 -0.07864468387795553
2149 -0.06851122668667498
2150 -0.06713081835258072
2151 -0.0727642632415908
2152 -0.08336483325443805
2153 -0.09020743935535169
2154 -0.08741251249562931
2155 -0.08450739052772221
2156 -0.07961291250212832
2157 -0.08135987594721261
2158 -0.0828150755843674
2159 -0.0817028262703916
2160 -0.09123077761765291
2161 -0.08655097047609828
2162 -0.07875716050006332
2163 -0.07404630964459014
2164 -0.07140643663876278
2165 -0.07568541107007687
2166 -0.07708451722993614
2167 -0.07618085911501693
2168 -0.07426074243577696
2169 -0.07764958005528089
2170 -0.07930701895388059
2171 -0.07902251024588991
2172 -0.08468825999821539
2173 -0.08249569083162156
2174 -0.08454783354639667
2175 -0.09433847772360365
2176 -0.08935760825311051
2177 -0.0838873188479956
2178 -0.0892699948761918
2179 -0.08621961523715682
2180 -0.07672012137306905
2181 -0.07644317654300481
2182 -0.07489928889772213
2183 -0.07417917221848225
2184 -0.07849228693994126
2185 -0.08183844654391126
2186 -0.09502591413757011
2187 -0.09831714062989488
2188 -0.0855300295607721
2189 -0.07653042956727107
2190 -0.08000855364040738
2191 -0.08293840154439813
2192 -0.08532816570128537
2193 -0.09233280613782141
2194 -0.0897490416585951
2195 -0.08784738471226822
2196 -0.09256617484762575
2197 -0.08930149972650936
2198 -0.08007408294781782
2199 -0.07208818381900972
2200 -0.07243931151492555
2201 -0.07606127975138166
2202 -0.07816699633667712
2203 -0.0821048558716414
2204 -0.08275523551067643
2205 -0.08246745639199482
2206 -0.08668960159140315
2207 -0.09149830166690781
2208 -0.09624692357586923
2209 -0.10264246393040177
2210 -0.09695255016213833
2211 -0.08134890434948949
2212 -0.07793893503188631
2213 -0.08521858408791061
2214 -0.08763404802834374
2215 -0.08477310062620103
2216 -0.07703974421866722
2217 -0.07095442740497704
2218 -0.07543298418185496
2219 -0.08219981008293986
2220 -0.08436756252140803
2221 -0.09373143611197626
2222 -0.09550734827524393
2223 -0.08081798181428979
2224 -0.08160013434670232
2225 -0.10195177858179777
2226 -0.10156758522694614
2227 -0.07412125330606179
2228 -0.05674998853593427
2229 -0.06872936954889841
2230 -0.08668742728797474
2231 -0.09411636522143801
2232 -0.09729909472330178
2233 -0.09093264039605842
2234 -0.09013070035736603
2235 -0.09098451614885489
2236 -0.08507318910767714
2237 -0.07482267215953653
2238 -0.07129578039417894
2239 -0.0728279721714773
2240 -0.07379412727596824
2241 -0.0715926199410174
2242 -0.07098024944832293
2243 -0.06973040712489242
2244 -0.06281178273129795
2245 -0.055769832377672635
2246 -0.052274683555485035
2247 -0.05234442059568978
2248 -0.049508949933546265
2249 -0.04756684996854477
2250 -0.042804621022032974
2251 -0.044279730425267894
2252 -0.044513935673429095
2253 -0.03815386980915636
2254 -0.03356259831731834
2255 -0.03036729988375453
2256 -0.029704250529272724
2257 -0.029195894676033562
2258 -0.027383524183339003
2259 -0.02413114337571154
2260 -0.01877258484638955
2261 -0.01682735177980299
2262 -0.015577286412825742
2263 -0.019092207691987828
2264 -0.01863599072540756
2265 -0.02602486104215418
2266 -0.04078239225034619
2267 -0.03433052032566586
2268 -0.023978746437697263
2269 -0.016615590953802273
2270 -0.015387716866827827
2271 -0.01682457903086998
2272 -0.013922864782759281
2273 -0.010332249038209729
2274 -0.0013798559283116907
2275 -0.0011821847523137974
2276 0.006361479849422147
2277 0.017935185448487823
2278 0.01889738596234225
2279 0.022976893881144655
2280 0.023419619643226697
2281 0.02365285104392545
2282 0.022133466291179626
2283 0.027814918076790596
2284 0.030097995629036034
2285 0.024526961995156693
2286 0.024120425001891155
2287 0.018238183988002477
2288 0.010636838566698392
2289 0.009228571194935475
2290 0.01510248753527721
2291 0.019349257887022464
2292 0.02002160576251344
2293 0.020864911092678518
2294 0.01614358630124013
2295 0.014994863608532194
2296 0.01333764775347912
2297 0.002408055590277902
2298 0.0008708952845648543
2299 -0.0007078684054728779
2300 -0.0013429063638749072
2301 0.005512830588884521
2302 0.004334575781793859
2303 0.0076974604755940534
2304 0.006425188779308533
2305 0.003561108275580427
2306 0.0005679117943557799
2307 -0.0026530864227541917
2308 0.0006649244760301709
2309 0.00918152309649134
2310 0.021295074349808374
2311 0.017675539985686273
2312 0.012436423510893801
2313 0.008486968891691982
2314 0.003324606464190749
2315 -0.0028932125707392675
2316 -0.009963260054885681
2317 -0.01081480432415638
2318 -0.01735490312056509
2319 -0.022449201584575196
2320 -0.018747123155695822
2321 -0.023693978160800988
2322 -0.04160232445880452
2323 -0.061812308825713314
2324 -0.06496153657325232
2325 -0.07039491650424601
2326 -0.08562304756149441
2327 -0.09132237568381929
2328 -0.091497465128551
2329 -0.09869748017785651
2330 -0.10875553257126619
2331 -0.10898227472524769
2332 -0.10843227896232477
2333 -0.10884302368838478
2334 -0.11254414331910706
2335 -0.114302701848429
2336 -0.114845695653571
2337 -0.11710680496936043
2338 -0.11517088547308851
2339 -0.1161910906338044
2340 -0.11641516082259956
2341 -0.11597885362209925
2342 -0.12158452520788154
2343 -0.12171387927823057
2344 -0.11729264296826841
2345 -0.11788990987318204
2346 -0.11611157888688589
2347 -0.11980932732317062
2348 -0.12517849709756323
2349 -0.11986313928654324
2350 -0.11550150495741984
2351 -0.12065637924973094
2352 -0.12308461368935764
2353 -0.11852981557625203
2354 -0.1239965964778238
2355 -0.12622007204923064
2356 -0.121890180663277
2357 -0.12132835172326417
2358 -0.11920950428612281
2359 -0.12177976251154538
2360 -0.1257366952742328
2361 -0.12771642898361685
2362 -0.12878937147649622
2363 -0.13210486276850558
2364 -0.13913123334864536
2365 -0.13800098543815575
2366 -0.13271142819442844
2367 -0.12533452836387743
2368 -0.12665869086226494
2369 -0.12963702184856118
2370 -0.12428922186512004
2371 -0.1307026235070608
2372 -0.14104242690883384
2373 -0.13813347261009012
2374 -0.1311856399294063
2375 -0.1295157694082122
2376 -0.13277188176292953
2377 -0.1346062204920801
2378 -0.13657617949475043
2379 -0.13940225085213803
2380 -0.14165106585443843
2381 -0.14009437118460333
2382 -0.1333171721313
2383 -0.13417955068918797
2384 -0.13873967768336065
2385 -0.13918771727720436
2386 -0.13981962213402094
2387 -0.13479228153453482
2388 -0.1298629274641857
2389 -0.1326076516478253
2390 -0.13210220585262478
2391 -0.1352343938018068
2392 -0.14001509753053704
2393 -0.14527520839432295
2394 -0.153324456100365
2395 -0.15723384310285038
2396 -0.1527085921534329
2397 -0.1486005751767927
2398 -0.1453669072442359
2399 -0.14986019220693692
2400 -0.16062172192419744
2401 -0.16829801100697328
2402 -0.17286693886039733
2403 -0.1704761151216066
2404 -0.17196666698922108
2405 -0.17488432136346954
2406 -0.1780010818975773
2407 -0.18280734810074795
2408 -0.1793174058998272
2409 -0.18198551334528112
2410 -0.18590130386004278
2411 -0.1883201389949135
2412 -0.1872748174468507
2413 -0.17716995504784916
2414 -0.16665275058881052
2415 -0.14561668364332503
2416 -0.11639551062542541
2417 -0.08949648388801545
2418 -0.054895028623938136
2419 -0.016587009015019083
2420 0.02984726043179009
2421 0.0965898611272975
2422 0.17231360208339264
2423 0.2375401892205916
2424 0.288695661199039
2425 0.3342056320678397
2426 0.3865049955196861
2427 0.4465821280376828
2428 0.5104764510464942
2429 0.5676477623673325
2430 0.6222359933888905
2431 0.6699403752778622
2432 0.7171354174744281
2433 0.7541895950213634
2434 0.7713492699381638
2435 0.8033034347463593
2436 0.8178123257530404
2437 0.8276866387082341
2438 0.8528199490351734
2439 0.8673120598124034
2440 0.8606983400702887
2441 0.8424777418596777
2442 0.8384589962873642
2443 0.8347114420530078
2444 0.8350142946608593
2445 0.8263051521779742
2446 0.8104163655482622
2447 0.7784205056907615
2448 0.7221642245255334
2449 0.6526785426244893
2450 0.5612026242089699
2451 0.462777159945737
2452 0.3607425194212952
2453 0.2578863037102922
2454 0.1648394300022613
2455 0.06871274532455984
2456 -0.028716493967725798
2457 -0.11109763513489918
2458 -0.18259428097743374
2459 -0.2489458021933607
2460 -0.3019276485800642
2461 -0.3406577548571232
2462 -0.37161445858598496
2463 -0.3996048625081771
2464 -0.41094751100997234
2465 -0.404204452246814
2466 -0.39650307687530223
2467 -0.39567687203692536
2468 -0.3900652946006248
2469 -0.38698353237107225
2470 -0.38060245706850043
2471 -0.365385297608975
2472 -0.3482841951897207
2473 -0.3267842858333594
2474 -0.2998017927583942
2475 -0.28011750925611284
2476 -0.26073696004795627
2477 -0.24029478881294686
2478 -0.2151715984960681
2479 -0.19708492886800072
2480 -0.18881049625163876
2481 -0.16958633866244877
2482 -0.15159364939821734
2483 -0.1399800992259818
2484 -0.13319735467481258
2485 -0.13419004610120644
2486 -0.12776770629090872
2487 -0.11426686700551697
2488 -0.11083482866771105
2489 -0.11835518726791933
2490 -0.11369986796959597
2491 -0.1064739150438922
2492 -0.10697103616554604
2493 -0.10325205524741526
2494 -0.09469034473908633
2495 -0.09118168966309487
2496 -0.09957288880384357
2497 -0.10513646891626083
2498 -0.11630581041228716
2499 -0.1525742381743881
2500 -0.51329832449357
2501 -0.5593971251729958
2502 -0.5793013304115068
