0
1
2506
-3 -0.9998231761789972
-2 -0.9735805925551022
-1 -0.912516511442317
0 -0.4367607639526351
1 -0.3808901048123837
2 -0.35607862649529176
3 -0.33588582708663905
4 -0.32753223290282774
5 -0.3314635318265201
6 -0.33853067564486083
7 -0.3460220323838773
8 -0.35018436252455565
9 -0.3515906833118596
10 -0.3475047524653192
11 -0.3385865485793226
12 -0.32883445607721484
13 -0.32939584989621784
14 -0.33473316752331195
15 -0.3336229368110398
16 -0.33103059018513015
17 -0.33174752217868764
18 -0.33640221211036914
19 -0.34907519318295777
20 -0.35514521561252566
21 -0.3449560511801061
22 -0.3375485677782324
23 -0.3323403064965559
24 -0.3338508991097783
25 -0.34257341835357424
26 -0.34098999075539915
27 -0.3427006540415455
28 -0.34405905223429645
29 -0.34120600845024085
30 -0.34261736577817326
31 -0.33564239406288676
32 -0.325068036370629
33 -0.3270766294832872
34 -0.3339966154217845
35 -0.3290103736465112
36 -0.3372315213887217
37 -0.3487316377162424
38 -0.343430921341643
39 -0.33504761487457124
40 -0.33312402190586443
41 -0.3522013631799922
42 -0.3516886512423144
43 -0.3299832955895554
44 -0.32625051699408314
45 -0.3282029350883777
46 -0.33018536113292696
47 -0.33362691198099415
48 -0.3344360160776061
49 -0.33547721276187814
50 -0.340830148078921
51 -0.3465387194915095
52 -0.34945089843530963
53 -0.3563029117164812
54 -0.35033301172987585
55 -0.34135787353874325
56 -0.34331776567604244
57 -0.3449727302407287
58 -0.34810548712309564
59 -0.34719182821069683
60 -0.3474439708611299
61 -0.3489464389214423
62 -0.35014516865071665
63 -0.348509952064901
64 -0.34207865283135463
65 -0.35123089783335826
66 -0.35125907244904087
67 -0.34325655411705036
68 -0.3467192163985644
69 -0.34790187123502025
70 -0.3443510120204063
71 -0.34665048445446645
72 -0.3547960112833446
73 -0.36028061466118266
74 -0.36097719450806565
75 -0.3592584066690091
76 -0.3566270212882281
77 -0.35100171904497823
78 -0.34302078844333794
79 -0.3457302195627018
80 -0.3414068575039705
81 -0.3402004795186899
82 -0.34586218970739924
83 -0.34536894275872343
84 -0.34848592683217394
85 -0.34899129259774764
86 -0.3489020342939735
87 -0.3539656406343181
88 -0.36995217758023036
89 -0.3763296305209226
90 -0.37462188103405614
91 -0.376153410867724
92 -0.36738372831614674
93 -0.35691085652142784
94 -0.3512979560849443
95 -0.3513540032324075
96 -0.36021691925771326
97 -0.3627284342166611
98 -0.3609084625639677
99 -0.3649438591005769
100 -0.3647439162985535
101 -0.35935807190910196
102 -0.36059629759611744
103 -0.3656338520621275
104 -0.361394061256637
105 -0.35464217041842816
106 -0.36220392464002105
107 -0.36203185436977814
108 -0.35510741696442283
109 -0.3559537073872999
110 -0.3576888722030771
111 -0.3581198462220865
112 -0.368096080971946
113 -0.37947157332687353
114 -0.37052063458146933
115 -0.3573468670810658
116 -0.349807285663594
117 -0.35138691230481633
118 -0.3538391642331188
119 -0.34919047611299914
120 -0.35306436443465194
121 -0.3627445091094794
122 -0.36812899004435473
123 -0.3669945598863543
124 -0.36196649342783027
125 -0.3586622513489911
126 -0.35152315970337034
127 -0.34440275466594583
128 -0.3496750134349944
129 -0.3638343876750767
130 -0.37057329163274866
131 -0.3649757068023116
132 -0.35598877097221693
133 -0.3557369304056862
134 -0.36345776801698493
135 -0.3680642332702111
136 -0.3734007916105333
137 -0.37629808490309
138 -0.3695541444047895
139 -0.36796732671043064
140 -0.37398253757621125
141 -0.37032496903330236
142 -0.3599069088023711
143 -0.3568940223418374
144 -0.36661472434508025
145 -0.36979588011890385
146 -0.3652720989612456
147 -0.35876558967513605
148 -0.3554080863772132
149 -0.35930326034531446
150 -0.36221999953283934
151 -0.35751911156431004
152 -0.361802675581398
153 -0.3660219400272122
154 -0.36101701164374245
155 -0.36346144110303713
156 -0.36243158485485705
157 -0.3631041394690132
158 -0.37008444980883015
159 -0.36776814319517925
160 -0.36409741355873204
161 -0.36973937576857085
162 -0.3719147005269414
163 -0.37270742764683273
164 -0.3757045412984499
165 -0.3746067123929442
166 -0.3747911844699532
167 -0.3755436372512978
168 -0.3782036735446651
169 -0.3894390712019853
170 -0.38429374603700595
171 -0.3769208962652466
172 -0.3804486174048063
173 -0.37338164779946703
174 -0.3626990431113364
175 -0.36221480787324334
176 -0.37064538642496325
177 -0.3717144556410159
178 -0.37124078245820913
179 -0.3744462655486618
180 -0.3773674562030447
181 -0.37601333526415026
182 -0.37233448107479306
183 -0.37477404820646065
184 -0.38644563063642023
185 -0.3876919808763455
186 -0.3777194192125384
187 -0.3643140354213781
188 -0.3597233429770681
189 -0.3610255661514552
190 -0.3663618224078752
191 -0.37327279663579005
192 -0.3757645636158673
193 -0.3761489784948998
194 -0.3748391070645064
195 -0.3749790275491124
196 -0.37567638577680107
197 -0.38203865098234746
198 -0.3825383760394885
199 -0.39052712911013654
200 -0.39587684854399696
201 -0.3877115737362484
202 -0.3747819985463692
203 -0.3691856492996076
204 -0.3752925559715389
205 -0.37452266484279984
206 -0.375006900080893
207 -0.37785199352503995
208 -0.37673808972671563
209 -0.37689408510414013
210 -0.37727054964326423
211 -0.38021148827651763
212 -0.3813857164761615
213 -0.37690618482700433
214 -0.3737689764777796
215 -0.37518769907185
216 -0.3786450227288335
217 -0.38102029028922735
218 -0.3851712799938136
219 -0.3827040145433669
220 -0.3727599295791444
221 -0.36337985014930285
222 -0.3657124058687736
223 -0.37615079915234606
224 -0.3680605601841591
225 -0.36102817786683317
226 -0.3663376229621469
227 -0.37088162839557914
228 -0.3722034253358353
229 -0.3639812162229509
230 -0.36482720456192586
231 -0.3686821041914803
232 -0.3651156463809514
233 -0.3680242610155665
234 -0.3687698439217104
235 -0.3725834078420437
236 -0.3755675346131241
237 -0.3833004719472869
238 -0.3858330983396816
239 -0.37549956195579814
240 -0.3700510835335512
241 -0.37068075209378226
242 -0.37105293937904993
243 -0.3753720241839248
244 -0.375236078869273
245 -0.3706121752686521
246 -0.3673192736259051
247 -0.3687496196459362
248 -0.3700950309581501
249 -0.37950250662286844
250 -0.3843105802165965
251 -0.37895321252672953
252 -0.3756076347386694
253 -0.3751676490090774
254 -0.37762357402343194
255 -0.3748348298106501
256 -0.37540447605346383
257 -0.3709610693598979
258 -0.367534532033975
259 -0.3779360410751843
260 -0.38443887727524173
261 -0.3820461713674532
262 -0.3774188967646822
263 -0.3757043861794821
264 -0.37654503589392674
265 -0.38452216553861407
266 -0.3917664161678259
267 -0.38467021057612993
268 -0.377963758487997
269 -0.3758925313425434
270 -0.3754629797973372
271 -0.3882447929395688
272 -0.38956706617672854
273 -0.3765207085772977
274 -0.3732963646656472
275 -0.37098924397558053
276 -0.37087274455589714
277 -0.373669613321589
278 -0.3728239270665161
279 -0.37363670424918005
280 -0.378709020216205
281 -0.3836008392761753
282 -0.3836450887846763
283 -0.38005134351613745
284 -0.3725910751920838
285 -0.37378902654055235
286 -0.3784766255446427
287 -0.3828483864948308
288 -0.3810811997643174
289 -0.3701261193731128
290 -0.3761332056859835
291 -0.3796840649005976
292 -0.37033952535257675
293 -0.37052321904878016
294 -0.3768824616781795
295 -0.3858334004235837
296 -0.3813206576181156
297 -0.3789203034543206
298 -0.38646598278309496
299 -0.3819547776452046
300 -0.3757399069672691
301 -0.3726787958282801
302 -0.37789594094963896
303 -0.3811701559841896
304 -0.37049230484681894
305 -0.36119657505102387
306 -0.36370150312463945
307 -0.37254804217322446
308 -0.37346111601185283
309 -0.3731963973416521
310 -0.36703835219198544
311 -0.36573321521831836
312 -0.3633652938300286
313 -0.3563891328731673
314 -0.36349404809154373
315 -0.3598040276790959
316 -0.3488054570661623
317 -0.3474329325089398
318 -0.33744079707926344
319 -0.3309655313270844
320 -0.3356942918273942
321 -0.3368123450086743
322 -0.33222396219584016
323 -0.3282181037294898
324 -0.32627960601550576
325 -0.31641546556057265
326 -0.3128224795788057
327 -0.30712155642222383
328 -0.30111522939612523
329 -0.30623207786151985
330 -0.30761407133219465
331 -0.30524265107085435
332 -0.300103249604176
333 -0.28354767058325425
334 -0.28293068681965794
335 -0.29340431790114896
336 -0.30043166367784624
337 -0.30240211787043203
338 -0.29443650287483825
339 -0.2976868205475628
340 -0.29727055796679547
341 -0.291944735894761
342 -0.29560336580834434
343 -0.2964253289145924
344 -0.2903107548926208
345 -0.2865610142466576
346 -0.28575588532000007
347 -0.2839930221854442
348 -0.28568836986554413
349 -0.27897703635575055
350 -0.27148140236287777
351 -0.2685418080901668
352 -0.25416201103048564
353 -0.2504046030344824
354 -0.24858675412313724
355 -0.24112588163127935
356 -0.24201503901404764
357 -0.24441189430479182
358 -0.24477256694096605
359 -0.23400271791354244
360 -0.2294357486180576
361 -0.22680406115337415
362 -0.2248649783656197
363 -0.2257702106412064
364 -0.2227453986708101
365 -0.22436097605462235
366 -0.21723322484509355
367 -0.2143594995823941
368 -0.22826212458621808
369 -0.2467116688227543
370 -0.26268398330445397
371 -0.27224641206995637
372 -0.2811286188712627
373 -0.28141736277419027
374 -0.2759169865874359
375 -0.265960499816447
376 -0.2594341146805662
377 -0.2668032722722399
378 -0.26446263834196004
379 -0.26303994057793556
380 -0.26604209077018115
381 -0.25731957152638507
382 -0.25432595674781855
383 -0.2590225865565251
384 -0.267215559683053
385 -0.26797952711349105
386 -0.2759528094591249
387 -0.2793746123283214
388 -0.27458997889354986
389 -0.27744669576365766
390 -0.2794305043568166
391 -0.2830280505823084
392 -0.2834841302987525
393 -0.29156887552344124
394 -0.3048579068598526
395 -0.3175896937602165
396 -0.3327538103970108
397 -0.3414068575039706
398 -0.35306436443465194
399 -0.37049597793287103
400 -0.38886942495917165
401 -0.3992496674479663
402 -0.4003744544795128
403 -0.4036153032387845
404 -0.41219316754124835
405 -0.41902454568587677
406 -0.4206712114846515
407 -0.4126173995559578
408 -0.4128055447190191
409 -0.42038646184571193
410 -0.42542265285714576
411 -0.424424168013797
412 -0.4200170604888236
413 -0.4215646652153099
414 -0.41567483760889445
415 -0.4131980841509616
416 -0.4206707542817817
417 -0.4258513172446794
418 -0.426603770026024
419 -0.4242677154335027
420 -0.4268843893760417
421 -0.42686433931326895
422 -0.42525777364003936
423 -0.4246890145548984
424 -0.42049792472476666
425 -0.4230824488816688
426 -0.4247493389562178
427 -0.42410359550316834
428 -0.42746109880109107
429 -0.43086285160751503
430 -0.4315594314543979
431 -0.4320681682221217
432 -0.43493300964513926
433 -0.4337189834038522
434 -0.43346238928656144
435 -0.43183240254840927
436 -0.4318480011443242
437 -0.43022875067445987
438 -0.4407182824357677
439 -0.44467669460446846
440 -0.4429249976930032
441 -0.4447716062938014
442 -0.4466191674884068
443 -0.4516957416152545
444 -0.44326563936043817
445 -0.44101789047788387
446 -0.4406780271912546
447 -0.4423003656734005
448 -0.44410289897869915
449 -0.44543359885267075
450 -0.4447365427088844
451 -0.43625851785951475
452 -0.4388388926334612
453 -0.4414905022900164
454 -0.4494315069791127
455 -0.45580693327819743
456 -0.44136665669822883
457 -0.4334172253723205
458 -0.4375729686276667
459 -0.44704046660980246
460 -0.45130659227949566
461 -0.4508091959478643
462 -0.4520677737815544
463 -0.45051340795673445
464 -0.44800083162711246
465 -0.45129036226770947
466 -0.45639850110642355
467 -0.45885414313090966
468 -0.46191922943985275
469 -0.4592546329027607
470 -0.4575840697421596
471 -0.4586303029670601
472 -0.4565102660693806
473 -0.46042840389953454
474 -0.46891012092899
475 -0.4735932875602562
476 -0.47900607098171477
477 -0.4792179583876346
478 -0.4827907200936272
479 -0.4950148315969416
480 -0.5072824142279513
481 -0.509653249415521
482 -0.5134152176552491
483 -0.5140686284583387
484 -0.514849557939268
485 -0.5176095424625966
486 -0.524845083465128
487 -0.5330622560373841
488 -0.5332900713711881
489 -0.5282825121783066
490 -0.5151502355060917
491 -0.4905190780900317
492 -0.4665014952473505
493 -0.4378727399427842
494 -0.4030632586163667
495 -0.35276919691939324
496 -0.27814697594465954
497 -0.20233288243872627
498 -0.12427672710077209
499 -0.03621052168884331
500 0.05148764582077359
501 0.1276095997926341
502 0.19901962744377455
503 0.2793302337433896
504 0.3608548662842923
505 0.430790298406901
506 0.5064923167119415
507 0.5937974684927125
508 0.6754478453961092
509 0.7631259437489195
510 0.8354508468021009
511 0.8849263354890102
512 0.935667065900649
513 0.9652046177899871
514 0.9837728159587149
515 1.0
516 0.991105712569863
517 0.9751042899727069
518 0.9589110491264379
519 0.9503932071413916
520 0.9587183055315847
521 0.9669476050747721
522 0.9653503613500607
523 0.9318804491663559
524 0.8739118260081922
525 0.8155750949884892
526 0.7250430148287572
527 0.6003989248702559
528 0.4555485445459977
529 0.3076907715047048
530 0.1620943592254671
531 0.025545400484678238
532 -0.09131420732424833
533 -0.22868237049097295
534 -0.3573122688530519
535 -0.4628474800736265
536 -0.5584700738345505
537 -0.624180258793817
538 -0.6773535440200811
539 -0.7324359122378783
540 -0.7820471675033449
541 -0.8108770820995765
542 -0.805967212370374
543 -0.7956904551726587
544 -0.7944901750986806
545 -0.7876317300511445
546 -0.7778442527861842
547 -0.7582214138497775
548 -0.7355340736781983
549 -0.7107314310656658
550 -0.684666235449489
551 -0.6638301104645337
552 -0.6412032498132418
553 -0.612249772615091
554 -0.579727051678032
555 -0.5474082487129504
556 -0.5190596555555318
557 -0.5012129959661873
558 -0.48199507917445583
559 -0.46008302777537324
560 -0.4494835517085546
561 -0.44332761020620226
562 -0.42375484837685706
563 -0.41442345082834076
564 -0.41924544480237913
565 -0.41676547546126386
566 -0.4064553601423033
567 -0.4053019412922042
568 -0.40808794591870734
569 -0.40257456375738243
570 -0.39132812774787207
571 -0.3892579619730926
572 -0.3845259855896006
573 -0.3847538009234044
574 -0.3928079149360003
575 -0.38982687617720146
576 -0.38211368682190916
577 -0.37950235150390066
578 -0.37889349229321423
579 -0.3776309392895697
580 -0.3813857164761615
581 -0.3794224342426784
582 -0.37180984362725245
583 -0.37179435380820447
584 -0.36706682889157016
585 -0.36762377124371537
586 -0.36555271831126335
587 -0.36193464572609546
588 -0.35932300832418496
589 -0.35542492055680375
590 -0.3506647695576288
591 -0.35158685510683974
592 -0.35410707969246813
593 -0.3502924544014606
594 -0.3528206293269974
595 -0.35158655302293773
596 -0.3525963592083451
597 -0.3516914099226266
598 -0.3440024200130626
599 -0.34152672792580385
600 -0.34218120009956765
601 -0.34019663221963636
602 -0.341027968139596
603 -0.36080634072746454
604 -0.36370439330679327
605 -0.33446604312189465
606 -0.32323656916287546
607 -0.33199383723056053
608 -0.329256386614482
609 -0.3251324910608704
610 -0.3270847349421634
611 -0.3251101313666219
612 -0.32093861530235934
613 -0.32042484199400734
614 -0.3306821532967543
615 -0.33696160653583196
616 -0.3230500976923262
617 -0.307167960443233
618 -0.3080186832389342
619 -0.3103867597461917
620 -0.3113604409760079
621 -0.3074900515274056
622 -0.2968806493442646
623 -0.2983197049909758
624 -0.2968532340153538
625 -0.2981752051686115
626 -0.3002473194717379
627 -0.29290294639956316
628 -0.28960529120605627
629 -0.29216211704417916
630 -0.29508698078461404
631 -0.29396465034947794
632 -0.29252617977653694
633 -0.29340401581724673
634 -0.2913848606493018
635 -0.2876348179194367
636 -0.2836366077090926
637 -0.27970239498612026
638 -0.27723880262172573
639 -0.2749952031221272
640 -0.2717177722043944
641 -0.27246363810040675
642 -0.27098091801896473
643 -0.2688050081868236
644 -0.276093032027633
645 -0.27706643026758093
646 -0.27988702218209716
647 -0.2767977364274259
648 -0.2718457671791379
649 -0.27280058758775594
650 -0.26352110689778085
651 -0.2586487337327792
652 -0.26342939199759663
653 -0.2630691765642923
654 -0.2594308797033503
655 -0.2517221418149158
656 -0.25210364289466847
657 -0.25316564892848525
658 -0.2497066597330232
659 -0.25507980023180643
660 -0.25783763024262696
661 -0.24468011184804328
662 -0.22978358133862897
663 -0.22551348049898146
664 -0.23226079199943195
665 -0.2357701876339242
666 -0.2368716896254821
667 -0.2300371146917054
668 -0.22252553367691474
669 -0.21479259634275172
670 -0.21678742419406738
671 -0.2301901962698496
672 -0.23412410690892005
673 -0.22784435158594007
674 -0.22829015223696625
675 -0.2281468416561767
676 -0.21732846586639576
677 -0.2138835249221448
678 -0.2105073350160256
679 -0.20238125408211594
680 -0.198655410797979
681 -0.20297585905742999
682 -0.19743432137445605
683 -0.1941962312954968
684 -0.20406344066867765
685 -0.21410829858576796
686 -0.22395373333847102
687 -0.20009357928701776
688 -0.182148339445381
689 -0.1880519132191052
690 -0.18707032799148116
691 -0.19376478913361694
692 -0.18690512759643907
693 -0.18426501349494373
694 -0.18334505068708107
695 -0.17047597411152304
696 -0.163059157821131
697 -0.1614659274544411
698 -0.1646885277143526
699 -0.14932662278804332
700 -0.13926603840413765
701 -0.14320604695451034
702 -0.14180357346625994
703 -0.14184704459395525
704 -0.14184337150790305
705 -0.14187919437959218
706 -0.1417948447455457
707 -0.142288265907223
708 -0.13778131892915524
709 -0.1261386704016504
710 -0.11999253166781276
711 -0.116106415752395
712 -0.1210040306397655
713 -0.1120014771197223
714 -0.09366648377452247
715 -0.09420871468842551
716 -0.09591633630439134
717 -0.09241018380114818
718 -0.08807530709332345
719 -0.07953771712940638
720 -0.0761925965442164
721 -0.07160575139895986
722 -0.06657001759039594
723 -0.05718304919132011
724 -0.0477763328133739
725 -0.04289292129618205
726 -0.037908802262257124
727 -0.0402646048336488
728 -0.04159500262371851
729 -0.041054116070357916
730 -0.03578522830345954
731 -0.029579717762109548
732 -0.024829337760289505
733 -0.009007680031483667
734 0.00440964836357316
735 0.010834566695948622
736 0.020177587670425545
737 0.026123307305336185
738 0.027528868805868134
739 0.02974429368978404
740 0.0329621785870029
741 0.03371126036619754
742 0.032981012160133716
743 0.0443067612630621
744 0.06193142859406997
745 0.0751722352520261
746 0.0781119573956377
747 0.08172114614112336
748 0.0894854739741513
749 0.09977447785966542
750 0.10538353099709519
751 0.10166044639327043
752 0.10657950656914994
753 0.12059483003570426
754 0.13617199337008357
755 0.1385299695480171
756 0.1459692734035587
757 0.16152668875906717
758 0.1706166799254385
759 0.1799994989415583
760 0.1822747910239242
761 0.1861763967583896
762 0.1975701185186436
763 0.21057870471803875
764 0.22317589066429333
765 0.21805519489984526
766 0.2060224635368082
767 0.21260947515791062
768 0.2280308173278669
769 0.24282231672459087
770 0.24958800459530206
771 0.25550740204313604
772 0.2749312316772927
773 0.2961424068816023
774 0.2936240347245802
775 0.2920568098901237
776 0.30019557562066845
777 0.29801201753252093
778 0.2973342521647351
779 0.2994129724472272
780 0.31238158639197766
781 0.3312081802414084
782 0.33901967138221734
783 0.3429768479672426
784 0.3486546521428042
785 0.3539190884428449
786 0.3526038783879206
787 0.3585740804584283
788 0.36138335103088615
789 0.35500010226279377
790 0.35585297957100326
791 0.36463554022625067
792 0.37673502775697143
793 0.38210664968221075
794 0.3854433436305891
795 0.3918582849814485
796 0.39245106929931617
797 0.3899384929696943
798 0.39103264878914823
799 0.3907805061387155
800 0.3890010918144369
801 0.3867743455884627
802 0.3856010045464917
803 0.37638476205711613
804 0.38280307441012584
805 0.39635389152342415
806 0.3972348155764154
807 0.3922263228837606
808 0.3823543599598196
809 0.3788334960183346
810 0.3765066082553634
811 0.36598935908124286
812 0.3574199023215574
813 0.34863887933388793
814 0.33877899703877756
815 0.32945205095711905
816 0.32688066879972166
817 0.32026256876365644
818 0.31040268646854585
819 0.29881636807837264
820 0.28966225155372904
821 0.2801756179145607
822 0.26724773551122705
823 0.2508781280468251
824 0.2306493436990118
825 0.21861139705925225
826 0.21052769411120398
827 0.18915700556238568
828 0.17469509038687314
829 0.15633450237020874
830 0.13607801970361688
831 0.12821461170426685
832 0.11466121012365793
833 0.1048861346654637
834 0.09231449252547974
835 0.07596007279622352
836 0.06852105193055058
837 0.05533307653687536
838 0.03833853496896844
839 0.014524431989428654
840 -0.0031596262431256017
841 -0.009223697726325475
842 -0.018630258985303905
843 -0.033534584715658955
844 -0.046274321955931286
845 -0.05787595595215089
846 -0.07223863584237311
847 -0.08696170537890124
848 -0.10198484016041554
849 -0.1182622755217635
850 -0.13394325347919123
851 -0.1447236836559349
852 -0.15054847149833817
853 -0.15929901023884918
854 -0.1613777305213412
855 -0.16520738842852667
856 -0.1777153160710072
857 -0.18727822113341308
858 -0.20326352249564994
859 -0.20995743675208234
860 -0.2199488128949867
861 -0.22941248267210246
862 -0.2345881369652728
863 -0.23837324328005483
864 -0.24737242579794805
865 -0.2564106279766789
866 -0.2564930290823785
867 -0.26882994782529035
868 -0.2738385683888458
869 -0.2654672528677714
870 -0.27027515224849785
871 -0.27855740277283314
872 -0.28447831879421137
873 -0.28629646978945844
874 -0.29065934689996453
875 -0.2977508180349343
876 -0.3021415676772208
877 -0.30594748334154775
878 -0.30663671701632644
879 -0.30723745167410277
880 -0.30845517009547574
881 -0.31563436186664184
882 -0.3229657480582798
883 -0.3289922993601525
884 -0.32551872659734904
885 -0.31142673994082193
886 -0.3153860392671952
887 -0.3252021292566748
888 -0.3306774188400282
889 -0.34137929521012567
890 -0.3398051814064351
891 -0.32797315213219347
892 -0.32444003334887617
893 -0.3294162020428928
894 -0.3373758933401856
895 -0.3500810241984107
896 -0.3530141403626563
897 -0.3388779041976281
898 -0.33506814123424744
899 -0.340305638502281
900 -0.34264110802103176
901 -0.3462101775469386
902 -0.345649260024839
903 -0.3498603999177432
904 -0.347636567491049
905 -0.34826914985056023
906 -0.35326139343739504
907 -0.3572358804989144
908 -0.3610333695264293
909 -0.36064024502071623
910 -0.36575709348611085
911 -0.36187953207840584
912 -0.35195519509305395
913 -0.34389371581432016
914 -0.3462463215965633
915 -0.35437208135253717
916 -0.34925095563328623
917 -0.3472959258236139
918 -0.3456293378329669
919 -0.34482362383253873
920 -0.3533462002743115
921 -0.3527607812225816
922 -0.3506125697092194
923 -0.35490010889626145
924 -0.3555529155315469
925 -0.3573718258135661
926 -0.3589984415495684
927 -0.3568225317174273
928 -0.3610655193120663
929 -0.361253838688129
930 -0.3607092790487163
931 -0.356983261551578
932 -0.34961516533057835
933 -0.353317568455759
934 -0.3541465947442429
935 -0.35895834142402305
936 -0.3619233052900035
937 -0.3565740621530463
938 -0.3572475039248749
939 -0.35534057092275717
940 -0.3532212933118498
941 -0.3520239270371518
942 -0.34461158130765124
943 -0.3445354840974154
944 -0.349772222078677
945 -0.35621764767669495
946 -0.3653558444274879
947 -0.3731530813329246
948 -0.3698839028390024
949 -0.3577876311914634
950 -0.3540861152239557
951 -0.35980417464403025
952 -0.3643466424098848
953 -0.37057605031306107
954 -0.3787328984839977
955 -0.37880977407503913
956 -0.37558097869653095
957 -0.35776682184191877
958 -0.3572106196825118
959 -0.3631907669633755
960 -0.35036118634555846
961 -0.3359412428182309
962 -0.33467223080015496
963 -0.33965622196317946
964 -0.3484139790048938
965 -0.3555734227971895
966 -0.3554564661746362
967 -0.3559691781123143
968 -0.3586659244350431
969 -0.3570071589134042
970 -0.35454754171896374
971 -0.34899863876985193
972 -0.3421995846238619
973 -0.34207234893589056
974 -0.33856680060045186
975 -0.3345996788050706
976 -0.33947970022607876
977 -0.3466114456995951
978 -0.3526200823571697
979 -0.35536814137063566
980 -0.3604816188338801
981 -0.3528488039426799
982 -0.34267571440307876
983 -0.34910334055057324
984 -0.3520637441728286
985 -0.3583523960126167
986 -0.3678483706943372
987 -0.37024505177208
988 -0.3579561834946221
989 -0.34671004956901397
990 -0.3507220059466669
991 -0.34976427173876834
992 -0.35215513789507724
993 -0.35737549889961817
994 -0.3620115022231032
995 -0.3615589404737435
996 -0.35148964646315717
997 -0.35071299423608426
998 -0.3557099722796455
999 -0.35201124224051705
1000 -0.35328114141626576
1001 -0.35324134337462265
1002 -0.3529928738102417
1003 -0.3522681193476762
1004 -0.3474402977750778
1005 -0.34425486474739764
1006 -0.34570543504320284
1007 -0.35015281690672306
1008 -0.35052928144584705
1009 -0.34922705827146006
1010 -0.34808895502740744
1011 -0.3500680100698067
1012 -0.3559217127206311
1013 -0.3557978671288433
1014 -0.3508014741590526
1015 -0.3432410833920362
1016 -0.3456256647469148
1017 -0.349295333012688
1018 -0.3524275048212844
1019 -0.36167483572562265
1020 -0.3622921215731211
1021 -0.35824047593069175
1022 -0.3553555844449017
1023 -0.3610904780445665
1024 -0.35687992322543294
1025 -0.3418023107351932
1026 -0.3400925346067193
1027 -0.342268920735764
1028 -0.3415066778630311
1029 -0.34479620850362824
1030 -0.34807363942136094
1031 -0.3462818423843501
1032 -0.3507974989890984
1033 -0.35375481459907243
1034 -0.3500358602841698
1035 -0.35016813251276946
1036 -0.35433549919407636
1037 -0.35342153819777533
1038 -0.3535896332980639
1039 -0.35486398394067054
1040 -0.35343761309059374
1041 -0.353145196101614
1042 -0.3516869775498026
1043 -0.3519873448786909
1044 -0.3542704403360304
1045 -0.3592705063918733
1046 -0.3645119788298611
1047 -0.35691131372429763
1048 -0.34668187495333125
1049 -0.3506010741541594
1050 -0.3584944583326046
1051 -0.36185090025985345
1052 -0.3655237844088086
1053 -0.37461038547899617
1054 -0.38434610100438327
1055 -0.38437030045011156
1056 -0.37689454230701014
1057 -0.36221480787324334
1058 -0.3564498872292895
1059 -0.3605972038478238
1060 -0.36644586995801953
1061 -0.3737688295128454
1062 -0.3795951359287927
1063 -0.37545683102084115
1064 -0.3586768076682655
1065 -0.3542381354314259
1066 -0.359127040692116
1067 -0.36082150121454315
1068 -0.36060072996894144
1069 -0.3557652601403366
1070 -0.3532975183929863
1071 -0.3489423086325203
1072 -0.35195519509305395
1073 -0.35694346350993467
1074 -0.3594549784688823
1075 -0.361622178674343
1076 -0.36333729342734733
1077 -0.3634253161474459
1078 -0.36100521400478036
1079 -0.3641221980782309
1080 -0.3664418947880653
1081 -0.371305841316255
1082 -0.37208279562723
1083 -0.37146920195981725
1084 -0.3758043616575105
1085 -0.37680254441695715
1086 -0.3726120396605962
1087 -0.361389628883813
1088 -0.35602092075785385
1089 -0.3595875527813843
1090 -0.36241229407885656
1091 -0.35999984019219733
1092 -0.35907805672688853
1093 -0.36281202456393546
1094 -0.3697314254286622
1095 -0.3753401764821901
1096 -0.37563183418439783
1097 -0.38096026797181004
1098 -0.38593215941197023
1099 -0.3869785668498723
1100 -0.3824516976799326
1101 -0.36609606146103413
1102 -0.3662491430391783
1103 -0.37415123684430407
1104 -0.37106503910191413
1105 -0.373111892588638
1106 -0.3766616904325778
1107 -0.3799911933278194
1108 -0.3822833004957418
1109 -0.3734003344076634
1110 -0.36943824915291057
1111 -0.3698555731043519
1112 -0.3671150535700254
1113 -0.369895069062093
1114 -0.36904588393396953
1115 -0.37422258050378
1116 -0.3686409426952607
1117 -0.3663739221307395
1118 -0.3667070243190351
1119 -0.35783954805000473
1120 -0.36809620884284655
1121 -0.37512830817030396
1122 -0.37892579719781894
1123 -0.37553935999744137
1124 -0.3757279814574064
1125 -0.38205518307803576
1126 -0.3752276713264947
1127 -0.37341225991752625
1128 -0.3735007589345284
1129 -0.37788016814072256
1130 -0.3795868562569148
1131 -0.3759961990006576
1132 -0.37879306776634936
1133 -0.38150191381194265
1134 -0.3787050450462509
1135 -0.37695838467541387
1136 -0.37570408409558
1137 -0.3777792864109878
1138 -0.3851075845903441
1139 -0.3841899505079911
1140 -0.3814532319306173
1141 -0.3804634758079828
1142 -0.38447378574119107
1143 -0.39419740154371397
1144 -0.39805538918554983
1145 -0.3975791042873652
1146 -0.3894897524768508
1147 -0.38043869128848384
1148 -0.38643337579458814
1149 -0.3875632266148302
1150 -0.38372516116486644
1151 -0.37741153149854434
1152 -0.36389334046778665
1153 -0.36644126337219396
1154 -0.37478690721609687
1155 -0.3855287558408391
1156 -0.38425025581527694
1157 -0.37149661728872785
1158 -0.37299997250671324
1159 -0.37414252721762353
1160 -0.3744265175697912
1161 -0.3749592795702418
1162 -0.37621282086330377
1163 -0.38333981278606044
1164 -0.3915095390606669
1165 -0.3942658314039096
1166 -0.3837244018780943
1167 -0.37855254854187714
1168 -0.3709494459339372
1169 -0.3668791136833116
1170 -0.3635442721635396
1171 -0.37253122708766784
1172 -0.3923919353451014
1173 -0.3885076909523234
1174 -0.39458518742489646
1175 -0.39547987673923035
1176 -0.3886204981919208
1177 -0.38079614804147566
1178 -0.3718908222591488
1179 -0.3696148987609118
1180 -0.36853623276050607
1181 -0.3857883916283107
1182 -0.39642140818340965
1183 -0.3959880093391497
1184 -0.39200569980862277
1185 -0.38079616713550934
1186 -0.3791338373046852
1187 -0.3753437135433081
1188 -0.38350851205415326
1189 -0.3914005327780221
1190 -0.39990247408325164
1191 -0.4038051220943576
1192 -0.38935689517448047
1193 -0.38593995463291086
1194 -0.3832684691265845
1195 -0.3811364876250085
1196 -0.38113724691178064
1197 -0.3751844831886678
1198 -0.36423793821114214
1199 -0.36022734528806555
1200 -0.3738580605685523
1201 -0.38238344203273833
1202 -0.3908277985229268
1203 -0.39627581974230397
1204 -0.4046534391588422
1205 -0.4086044860614051
1206 -0.39883264558042686
1207 -0.38677723334520553
1208 -0.37963416652963045
1209 -0.3822787130039499
1210 -0.38900521515485553
1211 -0.39443761868428406
1212 -0.3972344874499758
1213 -0.3909845722811569
1214 -0.3834397801100553
1215 -0.3836678975277613
1216 -0.39380931357862914
1217 -0.398128398383504
1218 -0.388255374088889
1219 -0.3841850418382633
1220 -0.383104047112348
1221 -0.38238741720269254
1222 -0.38058410551658817
1223 -0.3756113269187553
1224 -0.3841660531461648
1225 -0.3879961682562202
1226 -0.3866206337999768
1227 -0.3925948110404386
1228 -0.3943059506234887
1229 -0.3916972270208583
1230 -0.3903950038464713
1231 -0.39214563938726243
1232 -0.396501325444632
1233 -0.3976835039841843
1234 -0.3896812877360958
1235 -0.391167982987492
1236 -0.399522162245074
1237 -0.39704160783018816
1238 -0.3955839743521473
1239 -0.3858164111250256
1240 -0.3772374854518875
1241 -0.38606457860550425
1242 -0.3973151639979702
1243 -0.3990684112541394
1244 -0.3992807558629291
1245 -0.3991859720444967
1246 -0.388063381626774
1247 -0.37986198186343423
1248 -0.3842504027802113
1249 -0.383216269278175
1250 -0.3836680526467291
1251 -0.387366956898859
1252 -0.3847553194969484
1253 -0.37379745317736435
1254 -0.36787530157231063
1255 -0.3735163766244768
1256 -0.3910693791180735
1257 -0.39930156521247373
1258 -0.3982508996147489
1259 -0.40203765237397615
1260 -0.3960843035770927
1261 -0.3936721326803019
1262 -0.39014255911213624
1263 -0.39035566300769786
1264 -0.38757147903864086
1265 -0.3770980221701514
1266 -0.37769139156179
1267 -0.3797789956839641
1268 -0.38555156458392414
1269 -0.3929676024935106
1270 -0.39879237124188016
1271 -0.40013441155194407
1272 -0.4046941434521919
1273 -0.40156399828520295
1274 -0.4048010269934883
1275 -0.4121424862663827
1276 -0.4023345208298136
1277 -0.387686157800878
1278 -0.38166909450649145
1279 -0.3849390322871856
1280 -0.3874275833840807
1281 -0.38441422062664343
1282 -0.3779593261151729
1283 -0.38458583369401644
1284 -0.3939405244365547
1285 -0.40654950802177126
1286 -0.40680960101211283
1287 -0.39263326472153925
1288 -0.3933720674353157
1289 -0.3919949826343685
1290 -0.3836156976793518
1291 -0.38612827400897365
1292 -0.39265986989848434
1293 -0.3870336804975618
1294 -0.38285527546406517
1295 -0.3793389908603383
1296 -0.3685804631749734
1297 -0.3665573328370745
1298 -0.3754574351886455
1299 -0.3702475083684902
1300 -0.36566357702251406
1301 -0.37028912706757955
1302 -0.3573641775575598
1303 -0.3456446534390134
1304 -0.34324566272979473
1305 -0.34828552682728076
1306 -0.3570590566779115
1307 -0.3649400390495905
1308 -0.36287693645704666
1309 -0.3500519351769882
1310 -0.3410175339552103
1311 -0.33965622196317946
1312 -0.3419883013857463
1313 -0.3408978186523448
1314 -0.3408975165684426
1315 -0.34263313858708955
1316 -0.3365032489590717
1317 -0.3236871315186951
1318 -0.3127624572613885
1319 -0.2977261804803695
1320 -0.29618389528438016
1321 -0.30022681220609515
1322 -0.3032796709212735
1323 -0.3029071815521036
1324 -0.295743607470886
1325 -0.2947369980746274
1326 -0.3004019704886195
1327 -0.31604097679786247
1328 -0.3118815604564641
1329 -0.29499668020419945
1330 -0.2993008793578308
1331 -0.30248618451461007
1332 -0.3066168220725215
1333 -0.30496261679460734
1334 -0.28757421052824883
1335 -0.2800465355266061
1336 -0.2720104912772763
1337 -0.2695874562412969
1338 -0.2622591389679071
1339 -0.25270349039477213
1340 -0.2574850358172621
1341 -0.24882651406083744
1342 -0.2449705339665752
1343 -0.2544833428278863
1344 -0.25910433262922694
1345 -0.24538464203483457
1346 -0.23015868242317683
1347 -0.2373130579036843
1348 -0.23779146554321717
1349 -0.2171836367120621
1350 -0.21026086484518514
1351 -0.22086368014299407
1352 -0.2227578004775761
1353 -0.22980057063718728
1354 -0.2327853015760718
1355 -0.23582193027946385
1356 -0.24305729706899393
1357 -0.24697117673932523
1358 -0.25870612524078485
1359 -0.2627599253957221
1360 -0.26915773048308933
1361 -0.2777435451254614
1362 -0.27922965530308697
1363 -0.2834126205803087
1364 -0.27781520996287323
1365 -0.2755394606776377
1366 -0.2753724269480232
1367 -0.2683489284703794
1368 -0.26000315675557584
1369 -0.25869801978190854
1370 -0.2584856751731188
1371 -0.2581162738162307
1372 -0.2661374787564176
1373 -0.2716381570270743
1374 -0.27255918120561096
1375 -0.2738699588877107
1376 -0.2700069347052465
1377 -0.2694979149476543
1378 -0.2813300720927968
1379 -0.28225846153747103
1380 -0.2874823405090966
1381 -0.300054869806753
1382 -0.30778600557750346
1383 -0.3283981243396412
1384 -0.34832595628479546
1385 -0.36756865759602575
1386 -0.3770658532904809
1387 -0.38623883063632236
1388 -0.41070447289631185
1389 -0.41329299131720176
1390 -0.3961265582151461
1391 -0.39669574725509005
1392 -0.41394103624769374
1393 -0.4271575155890207
1394 -0.4332260194450448
1395 -0.4383413493368954
1396 -0.4439144517317355
1397 -0.45043027481233
1398 -0.4410786720820734
1399 -0.42732730799894747
1400 -0.42957670332594644
1401 -0.43104778088739415
1402 -0.4219964176151251
1403 -0.41915618649860487
1404 -0.4146650314234872
1405 -0.41784203781435525
1406 -0.4244207970116469
1407 -0.4273854778877588
1408 -0.4316872522161397
1409 -0.43352977687011673
1410 -0.44589485113467753
1411 -0.43971308283618604
1412 -0.42702830412463555
1413 -0.420662017407034
1414 -0.42393458599713985
1415 -0.44579396940494276
1416 -0.4573056003815573
1417 -0.4515115716221475
1418 -0.431957945449835
1419 -0.43602121451822473
1420 -0.4555587657977188
1421 -0.4532225833342969
1422 -0.44212781910625387
1423 -0.4286373263942752
1424 -0.4337346010938007
1425 -0.44737817538392377
1426 -0.439824847799143
1427 -0.4344270315577279
1428 -0.43679892811597176
1429 -0.4493678115756432
1430 -0.4586469901817162
1431 -0.4506568736564919
1432 -0.44508009817559957
1433 -0.4419523778338611
1434 -0.43712455626126256
1435 -0.43640638868402937
1436 -0.44360182956101546
1437 -0.45717269673708627
1438 -0.4563628333537024
1439 -0.4463135894058887
1440 -0.44498057990044093
1441 -0.44445179306994476
1442 -0.44324956446761976
1443 -0.4483546152940522
1444 -0.4432538417214761
1445 -0.44264819839397185
1446 -0.4509299726214039
1447 -0.458754322771849
1448 -0.4662533277668718
1449 -0.4685332264350631
1450 -0.4700687314386852
1451 -0.4563136942695073
1452 -0.44796424946865154
1453 -0.453662843899724
1454 -0.4515108314294092
1455 -0.4547959106031483
1456 -0.45711145793002694
1457 -0.4585211688135147
1458 -0.46755645719296535
1459 -0.46739970252876883
1460 -0.4671705237403888
1461 -0.4737177373198479
1462 -0.4782926569552415
1463 -0.48323194140689496
1464 -0.4921104751221491
1465 -0.4972141815880391
1466 -0.5024056086901255
1467 -0.5114406140797076
1468 -0.5191130718935832
1469 -0.5207338918021851
1470 -0.5307257442419929
1471 -0.5484511190897344
1472 -0.5509696972309179
1473 -0.5514181095973222
1474 -0.551030606706008
1475 -0.537432498414028
1476 -0.5263551997814468
1477 -0.5129862511838135
1478 -0.49540324889399545
1479 -0.47510016889935913
1480 -0.43399809233435926
1481 -0.39753394852715773
1482 -0.353895045321614
1483 -0.28845496852227226
1484 -0.22246094017577211
1485 -0.14359522353833631
1486 -0.04848898755307507
1487 0.03962116528345261
1488 0.1124696635075344
1489 0.18097226576563497
1490 0.25358973277273034
1491 0.33159613218155926
1492 0.416417184332293
1493 0.49792255786835415
1494 0.5894049254410474
1495 0.6881175914914814
1496 0.760206445881082
1497 0.808851196398928
1498 0.8524265784140039
1499 0.9079897790965843
1500 0.9352708533826541
1501 0.9394895836198913
1502 0.9681303686880951
1503 0.9685800357322085
1504 0.9486061527151401
1505 0.9350251343445524
1506 0.9254344221865003
1507 0.9286326951297834
1508 0.923696177512475
1509 0.9084826278616172
1510 0.8943948757477869
1511 0.8507827837033488
1512 0.7736839643896498
1513 0.6860888013511162
1514 0.5734780660174899
1515 0.433658840164038
1516 0.290415308502878
1517 0.1465498028795944
1518 0.019015304074677886
1519 -0.0998234675535149
1520 -0.23526803775153282
1521 -0.37272533135113073
1522 -0.48213028151040227
1523 -0.5707190207225573
1524 -0.6552092212972442
1525 -0.7147654723017324
1526 -0.7589201563632018
1527 -0.8050428253437207
1528 -0.8277120830749077
1529 -0.8161507279403276
1530 -0.8042831778782991
1531 -0.8099069106828113
1532 -0.8045227590799051
1533 -0.7880034410395087
1534 -0.7694110625190862
1535 -0.7486303532657227
1536 -0.7250971989681698
1537 -0.7098946095562413
1538 -0.6819506555536292
1539 -0.6512344430918231
1540 -0.6198935986104142
1541 -0.5865933382886093
1542 -0.5646033181566514
1543 -0.5383380518675506
1544 -0.5182196181629249
1545 -0.49014014880046397
1546 -0.45839653668688807
1547 -0.44552820030406814
1548 -0.4499166484689122
1549 -0.4519250946166361
1550 -0.43790977115008156
1551 -0.41535687681364375
1552 -0.41211354420989477
1553 -0.41143243508802607
1554 -0.4124932518802682
1555 -0.4237075190101077
1556 -0.4191124405350747
1557 -0.4131718853116928
1558 -0.392377878939857
1559 -0.3811190411235804
1560 -0.39427868225951246
1561 -0.39997532816223813
1562 -0.3980256959963231
1563 -0.406820941448205
1564 -0.41033965087718205
1565 -0.3980549319826798
1566 -0.3887639366436111
1567 -0.3837611310014897
1568 -0.3821113771904333
1569 -0.3764331158120019
1570 -0.37591506524979346
1571 -0.38961131568522955
1572 -0.39011636027286756
1573 -0.36952905780138845
1574 -0.365047499510624
1575 -0.3628455378041485
1576 -0.3544586045931254
1577 -0.35898558253993207
1578 -0.36670659436423225
1579 -0.370657339182893
1580 -0.36239621918603804
1581 -0.34863703263390444
1582 -0.34683022207474945
1583 -0.35945603983955654
1584 -0.36295731092113903
1585 -0.35611692106592807
1586 -0.3533093160319484
1587 -0.3502210916479511
1588 -0.3421835097310435
1589 -0.34078192340046565
1590 -0.3397571036929141
1591 -0.3343069597321888
1592 -0.33603387212415514
1593 -0.34553043187964616
1594 -0.3402970839945685
1595 -0.33552880844248356
1596 -0.3354977200275209
1597 -0.33122334193401715
1598 -0.3250695549441731
1599 -0.3151493673417767
1600 -0.31247343036859243
1601 -0.31455734231068067
1602 -0.313211043840794
1603 -0.3133351915164837
1604 -0.312937917627815
1605 -0.3185544911503505
1606 -0.3291285467587063
1607 -0.3293003149450471
1608 -0.31889483073388347
1609 -0.3166444701359512
1610 -0.3096293982951195
1611 -0.3047209001745266
1612 -0.30811498563091066
1613 -0.307478126017543
1614 -0.30319959854108325
1615 -0.2943975919908678
1616 -0.2851220864708469
1617 -0.28899275890931764
1618 -0.29634128136444804
1619 -0.2967893916469502
1620 -0.2923296079766635
1621 -0.28977859705997455
1622 -0.2874592024340423
1623 -0.28131984389257225
1624 -0.2905950473286907
1625 -0.30224657969587754
1626 -0.2976031023293876
1627 -0.2868500411394539
1628 -0.2702344398011146
1629 -0.27307525599140536
1630 -0.29092908301676
1631 -0.29552362276012334
1632 -0.29380068553811123
1633 -0.2837601512169782
1634 -0.2732439825075653
1635 -0.27457585252907835
1636 -0.2617496620074451
1637 -0.26313990790193054
1638 -0.27573340166809934
1639 -0.2715535244031593
1640 -0.27508735613114776
1641 -0.26879336566682943
1642 -0.2633205599279532
1643 -0.2628208348708122
1644 -0.25379794829812785
1645 -0.253304508042417
1646 -0.2560654260655191
1647 -0.2606136896587741
1648 -0.25197182786893857
1649 -0.23633785810032393
1650 -0.23368227327381463
1651 -0.23971219557783752
1652 -0.24669498976213156
1653 -0.2526169671541839
1654 -0.24665104233753266
1655 -0.2373992599663366
1656 -0.23732837350973057
1657 -0.23870360588207196
1658 -0.2296957137374983
1659 -0.2256898552711477
1660 -0.22821909156735876
1661 -0.2183338396789788
1662 -0.22007741203753428
1663 -0.22193350864581884
1664 -0.21270088917972274
1665 -0.21676337986730676
1666 -0.22316317982512135
1667 -0.21904877227899622
1668 -0.204712876301813
1669 -0.19489281114237955
1670 -0.20072752510110525
1671 -0.20453834943515992
1672 -0.198695666042492
1673 -0.19222912901102718
1674 -0.1932921964155182
1675 -0.18811210974952397
1676 -0.18222150376230295
1677 -0.18367177197420614
1678 -0.19158199033224144
1679 -0.18934236600259724
1680 -0.1746451932214359
1681 -0.1729351150090599
1682 -0.1755047998568191
1683 -0.16993554476103245
1684 -0.15987496037712656
1685 -0.15394194463288413
1686 -0.15285252327015675
1687 -0.15256425566413268
1688 -0.15381410477710888
1689 -0.15140610235730734
1690 -0.15433048980083885
1691 -0.15458250458037115
1692 -0.15711161300568133
1693 -0.14809037287744165
1694 -0.12354999686179258
1695 -0.10913051053733502
1696 -0.11242203604837964
1697 -0.1168741523686262
1698 -0.10615038618427608
1699 -0.10457566821278119
1700 -0.11536311070656724
1701 -0.10512298200941361
1702 -0.08908863124581512
1703 -0.0710634932369898
1704 -0.07192571158775085
1705 -0.07932321800810871
1706 -0.0750918538394304
1707 -0.06698031013076133
1708 -0.06947776416137208
1709 -0.08258133905580711
1710 -0.06070776043185888
1711 -0.04789514186453303
1712 -0.04823849134708702
1713 -0.03421480667985477
1714 -0.03213561010045907
1715 -0.030165438897741703
1716 -0.021427301963997003
1717 -0.01604310401899023
1718 -0.004528148382326513
1719 -0.0023975303353270805
1720 -0.0015452381008880245
1721 0.011172422435004048
1722 0.01676879077579918
1723 0.021646689455459
1724 0.036931912097762254
1725 0.048715259490678786
1726 0.04601408079512548
1727 0.043894473852249094
1728 0.045760849525951386
1729 0.05857714117932944
1730 0.07803310150508946
1731 0.08154968819271846
1732 0.07620869747957193
1733 0.07372211400505746
1734 0.06767505543754226
1735 0.07470531501351974
1736 0.10108938583068716
1737 0.10975101469342685
1738 0.10498917090770643
1739 0.1052854079476726
1740 0.11848747793465941
1741 0.1311114750420206
1742 0.13675606806127116
1743 0.14196369792707642
1744 0.14541997930741934
1745 0.16373416330307466
1746 0.17792950737978064
1747 0.17730199333205765
1748 0.1841927623782318
1749 0.20016352651522773
1750 0.2040650043787926
1751 0.2069333637688946
1752 0.20863989676611894
1753 0.2130332581237837
1754 0.2310033015789532
1755 0.2452790010257173
1756 0.23472334903568948
1757 0.23487627549486634
1758 0.24353172833304249
1759 0.24119402729607664
1760 0.25724730131563933
1761 0.2759218940516337
1762 0.29087200054116
1763 0.3022654393115456
1764 0.3157078543100036
1765 0.3159679663943784
1766 0.31200436256608155
1767 0.3194320239016286
1768 0.3330468575963319
1769 0.34483340177839716
1770 0.3399399362739821
1771 0.3440710037866963
1772 0.34496966827098463
1773 0.3391715364707202
1774 0.33643084272339174
1775 0.3412549912099385
1776 0.34814591537508033
1777 0.3522563477512515
1778 0.35439567542493133
1779 0.35262055744854326
1780 0.3567787382062664
1781 0.3645190408065675
1782 0.37604181891223876
1783 0.37874990567106015
1784 0.37524757321880364
1785 0.375371418810591
1786 0.3781932654028166
1787 0.3821839361340216
1788 0.3725500676093021
1789 0.381345010977282
1790 0.39351459390667753
1791 0.381317312658503
1792 0.374749700590268
1793 0.37514010460373637
1794 0.3797482163014072
1795 0.3713971059620733
1796 0.36894561332054265
1797 0.3720881412002639
1798 0.35632622279900716
1799 0.3486059511674453
1800 0.3370164359881236
1801 0.32942463562820823
1802 0.31947305752694755
1803 0.3098697693491279
1804 0.30458954114613723
1805 0.2981834836349595
1806 0.29351287392942726
1807 0.27990770245521146
1808 0.26191836822404113
1809 0.24963516790308327
1810 0.24558627641787356
1811 0.23472914486308993
1812 0.21641909115635682
1813 0.20215392199371918
1814 0.18589759806581818
1815 0.15970258681745197
1816 0.14502743987547717
1817 0.14278214306624037
1818 0.1284115128361094
1819 0.10627929435922923
1820 0.08612797067622835
1821 0.07242817050254802
1822 0.05263278499899515
1823 0.03129039893675989
1824 0.024584082873560842
1825 0.019416727346302398
1826 0.019060750978787233
1827 0.002037166731558626
1828 -0.01222923801475484
1829 -0.02542244325609322
1830 -0.040532950247801014
1831 -0.04984130692855715
1832 -0.09175414218864708
1833 -0.11007143329061742
1834 -0.1082776413831592
1835 -0.11068609285179687
1836 -0.11319899035935466
1837 -0.11940817398675696
1838 -0.1269316996054437
1839 -0.1430054999846826
1840 -0.15430279148205983
1841 -0.16537563864778315
1842 -0.1784526274593069
1843 -0.18571588587465093
1844 -0.1923982854819899
1845 -0.19787033193409387
1846 -0.20642004071490894
1847 -0.2205951605158406
1848 -0.2265548323022215
1849 -0.2407524860104031
1850 -0.2618395135390231
1851 -0.2662265900952576
1852 -0.2564859659001426
1853 -0.2480278169005442
1854 -0.2545989278418298
1855 -0.27061333731952264
1856 -0.27750320011399043
1857 -0.2792497053658597
1858 -0.28273930667938085
1859 -0.280138424639792
1860 -0.29082850337092725
1861 -0.2955232934281541
1862 -0.29628328568863793
1863 -0.3088971316014818
1864 -0.30374048509444396
1865 -0.2966920278842995
1866 -0.2993535555031439
1867 -0.30366790585129244
1868 -0.3103572216759328
1869 -0.3238400661319052
1870 -0.3243377645474387
1871 -0.30468507730283767
1872 -0.2934464174202345
1873 -0.29947742018896517
1874 -0.31703807093856784
1875 -0.3237068794975657
1876 -0.3321359394757416
1877 -0.3419803319518041
1878 -0.33933520040371434
1879 -0.3421955903598739
1880 -0.34175162946032767
1881 -0.33911181744273444
1882 -0.330986340676629
1883 -0.32486411839865126
1884 -0.3312674172295166
1885 -0.33287813228570196
1886 -0.3302051091117977
1887 -0.32850637133551386
1888 -0.3281701811349367
1889 -0.32918028940424615
1890 -0.3266197904800707
1891 -0.3260617676632178
1892 -0.33366718631954106
1893 -0.3408553898012897
1894 -0.33097732896604637
1895 -0.33400659240330055
1896 -0.34384409591012877
1897 -0.33970354038992834
1898 -0.34160649822209177
1899 -0.34811022157982197
1900 -0.3411541106857334
1901 -0.33874699542360454
1902 -0.3369279109285841
1903 -0.33278783170528714
1904 -0.3496485125118235
1905 -0.3513517017549651
1906 -0.339803662832891
1907 -0.33436313475055246
1908 -0.33414759335261435
1909 -0.34169588439676657
1910 -0.34355400764665844
1911 -0.3492947288448838
1912 -0.35583766517048676
1913 -0.35626235438806597
1914 -0.3531970938661214
1915 -0.348745736832647
1916 -0.3509655940893871
1917 -0.3515709353329891
1918 -0.34702419031327814
1919 -0.3363714257793087
1920 -0.3241107321175334
1921 -0.32704769558083246
1922 -0.3419371629080109
1923 -0.34537735030150185
1924 -0.3429437849813959
1925 -0.3510983235208567
1926 -0.35054244253938527
1927 -0.3403762228749849
1928 -0.3357527955712676
1929 -0.34582345303643014
1930 -0.3422528458429456
1931 -0.3357560114544498
1932 -0.35104994372343346
1933 -0.3641439409275492
1934 -0.3632924397510421
1935 -0.3609439833517545
1936 -0.3648565956672505
1937 -0.3572964878901024
1938 -0.339321884191208
1939 -0.3413863311442943
1940 -0.3439962903306003
1941 -0.33693221543050744
1942 -0.32414273493823587
1943 -0.32089147108861193
1944 -0.32308665260272007
1945 -0.3169629580932991
1946 -0.3383957726068496
1947 -0.34055426318562965
1948 -0.33342823653380615
1949 -0.3516276954251235
1950 -0.35025678664873927
1951 -0.3485292700889687
1952 -0.3474333897118096
1953 -0.3302291534385582
1954 -0.3228930136961604
1955 -0.32531359213572963
1956 -0.3327940847355575
1957 -0.3361073385249793
1958 -0.32995618234454693
1959 -0.33177539471046824
1960 -0.3393518603703032
1961 -0.3403731812048041
1962 -0.34407588641388687
1963 -0.33580605679035125
1964 -0.33250366714011814
1965 -0.34502017653837846
1966 -0.35645143305090077
1967 -0.35949966608621975
1968 -0.34529623564467127
1969 -0.34370615572502927
1970 -0.3408809844727543
1971 -0.34708391054679355
1972 -0.34986237569415723
1973 -0.32248029633054465
1974 -0.30816520970290606
1975 -0.31283946072333046
1976 -0.31337576793893274
1977 -0.3151530404278289
1978 -0.3238789497678085
1979 -0.3333032787061512
1980 -0.33361557154490207
1981 -0.3220069252316402
1982 -0.3280414268734213
1983 -0.34146424901197614
1984 -0.3405412763050927
1985 -0.3422113631687903
1986 -0.34138726464406777
1987 -0.33693619060046176
1988 -0.325818353733499
1989 -0.3234225598134288
1990 -0.3243677834376938
1991 -0.33564209197898476
1992 -0.34405920735326423
1993 -0.34175945192933543
1994 -0.34006924956673057
1995 -0.32526905963735997
1996 -0.3258021046276791
1997 -0.3307700208978851
1998 -0.3374166248816022
1999 -0.3435994545507678
2000 -0.32841407136155876
2001 -0.3174130169041479
2002 -0.3140045029993903
2003 -0.3092076419708538
2004 -0.3227097581087931
2005 -0.3309793047424604
2006 -0.328494903028521
2007 -0.32315847255909935
2008 -0.31308153029250685
2009 -0.3185068706396996
2010 -0.32737821330181727
2011 -0.3258422320012915
2012 -0.3251127430819998
2013 -0.33060666025432284
2014 -0.32851847105837806
2015 -0.32904328271892014
2016 -0.33471264116363586
2017 -0.33128260496466233
2018 -0.33611131369493363
2019 -0.33045388076008064
2020 -0.3253604533596086
2021 -0.33503720793825253
2022 -0.33808241839742437
2023 -0.3334263650111666
2024 -0.32678421249430756
2025 -0.3224964990942636
2026 -0.32665563244579365
2027 -0.34365547445016387
2028 -0.3442744848553675
2029 -0.3541667999259833
2030 -0.36021292499372515
2031 -0.34975465586038157
2032 -0.3547923191032588
2033 -0.346675745270869
2034 -0.3376115038949299
2035 -0.34076584850764724
2036 -0.34406823815788046
2037 -0.3366672137704383
2038 -0.3304849691750432
2039 -0.33378290735841853
2040 -0.3333668189906527
2041 -0.3322611485221054
2042 -0.3221362836609595
2043 -0.3221442340008681
2044 -0.3301772365800172
2045 -0.33734895430817835
2046 -0.34348310209601884
2047 -0.3348636190944656
2048 -0.33676657692662904
2049 -0.3480225009436255
2050 -0.34629500347788855
2051 -0.34320050696958726
2052 -0.34846541956653154
2053 -0.35914327070390206
2054 -0.35993202265383917
2055 -0.35548861596027315
2056 -0.3518911976056823
2057 -0.3491264786256275
2058 -0.3537738032911709
2059 -0.3598285292087263
2060 -0.3600762203923016
2061 -0.3521622010773131
2062 -0.3579532696953419
2063 -0.35691604818102407
2064 -0.34402953325807106
2065 -0.34645497402526726
2066 -0.34547440382621675
2067 -0.3376078308088778
2068 -0.3423358320224157
2069 -0.3528977879079074
2070 -0.35294067396183215
2071 -0.3533411637336831
2072 -0.3544195467442205
2073 -0.3504287018000144
2074 -0.3520553175360166
2075 -0.3557052378229193
2076 -0.3596549212709058
2077 -0.3642430019998377
2078 -0.3639870120503512
2079 -0.3546698687372073
2080 -0.3574595655437962
2081 -0.37059453093709627
2082 -0.3566172502908732
2083 -0.3588614348642424
2084 -0.36619507166812926
2085 -0.3543820774280869
2086 -0.3588898924697935
2087 -0.35803334207553206
2088 -0.35144663253833175
2089 -0.34841410687579455
2090 -0.33878972635856175
2091 -0.3472640781218791
2092 -0.355325557400613
2093 -0.35435863726913064
2094 -0.3593825543446988
2095 -0.3615823806326999
2096 -0.3643668475916253
2097 -0.36113794343624994
2098 -0.35620554795383086
2099 -0.353004818414138
2100 -0.35705153629280584
2101 -0.35677063395291975
2102 -0.363096774202875
2103 -0.36540437118984526
2104 -0.36583273349347667
2105 -0.36661809534723033
2106 -0.36123011553930406
2107 -0.3564229291032488
2108 -0.34481136899070686
2109 -0.34810457271735584
2110 -0.3621681017683319
2111 -0.3687699990406781
2112 -0.37180584936326444
2113 -0.37257515541823305
2114 -0.37512385670344617
2115 -0.37196659829144874
2116 -0.3673028966491846
2117 -0.3679884381438775
2118 -0.36636519341002516
2119 -0.36668287121540755
2120 -0.3646404037594071
2121 -0.34612860568723813
2122 -0.3494626688262048
2123 -0.3604982978945027
2124 -0.35767664460931226
2125 -0.35761538670821924
2126 -0.3627432926198376
2127 -0.37897371979237204
2128 -0.3889502566261337
2129 -0.38378470718538027
2130 -0.3744934288564431
2131 -0.3740145322428803
2132 -0.3705524550351369
2133 -0.3655629973766814
2134 -0.3773202928952636
2135 -0.37573775245476093
2136 -0.36141598284204934
2137 -0.3711328375462386
2138 -0.38151477282157875
2139 -0.37939443383999716
2140 -0.37468630847623063
2141 -0.3688333842062119
2142 -0.37448696984201146
2143 -0.37657688359566144
2144 -0.38660104094007397
2145 -0.39745599888831595
2146 -0.38271872598160916
2147 -0.36998250670842103
2148 -0.3647843185080011
2149 -0.35192734165530704
2150 -0.3501759277337101
2151 -0.3573234460161431
2152 -0.3707730793158044
2153 -0.3794547391472831
2154 -0.37590863348342896
2155 -0.372222716111836
2156 -0.3660127731976619
2157 -0.36822925945225204
2158 -0.37007556596914803
2159 -0.368664382854217
2160 -0.38075311502261655
2161 -0.3748155390346495
2162 -0.3649270249209865
2163 -0.3589500617521454
2164 -0.3556006830071323
2165 -0.3610296964403773
2166 -0.36280483351079884
2167 -0.36165830362993423
2168 -0.3592221265944501
2169 -0.36352176550435644
2170 -0.3656246661385435
2171 -0.3652636914184674
2172 -0.37245219698411824
2173 -0.3696703417405708
2174 -0.37227402880257277
2175 -0.3846960564663031
2176 -0.37837650310168003
2177 -0.3714359908035063
2178 -0.3782653423065272
2179 -0.3743951270709265
2180 -0.3623425007640845
2181 -0.36199112282836143
2182 -0.36003229206173626
2183 -0.35911863314933745
2184 -0.36459096259130985
2185 -0.3688364531244599
2186 -0.38556825179858034
2187 -0.38974404511669913
2188 -0.37352020482949666
2189 -0.36210182642064426
2190 -0.3665147488670518
2191 -0.3702320376434761
2192 -0.3732640870091096
2193 -0.3821513303510443
2194 -0.3788731401465394
2195 -0.37646038417597816
2196 -0.38244742042607605
2197 -0.3783053145611718
2198 -0.3665978901654898
2199 -0.3564656600382059
2200 -0.35691115860533007
2201 -0.36150658550636616
2202 -0.3641782452256941
2203 -0.3691744639824832
2204 -0.3699996429719137
2205 -0.36963451886888177
2206 -0.3749914293558788
2207 -0.3810925402004096
2208 -0.38711742596380405
2209 -0.3952318643777195
2210 -0.3880127003519086
2211 -0.3682153390719415
2212 -0.36388888900092864
2213 -0.3731250536821763
2214 -0.3761897100363165
2215 -0.37255983981218666
2216 -0.36274802707656384
2217 -0.3550271894652651
2218 -0.36070942601365075
2219 -0.3692949385721209
2220 -0.3720453072170625
2221 -0.38392586325366185
2222 -0.38617907863164724
2223 -0.3675417230871115
2224 -0.3685340909251241
2225 -0.39435554691055374
2226 -0.3938680957892783
2227 -0.3590451476544795
2228 -0.3370050931266204
2229 -0.35220411370627114
2230 -0.3749886706755664
2231 -0.38441424787471057
2232 -0.3884523839975985
2233 -0.38037484892008
2234 -0.37935737538463266
2235 -0.38044066706489776
2236 -0.3729405816051671
2237 -0.3599350834180536
2238 -0.35546028622562287
2239 -0.35740427768310523
2240 -0.3586301015633542
2241 -0.3558369058837144
2242 -0.3550599515727395
2243 -0.35347419524905455
2244 -0.3446960860606654
2245 -0.335761505197948
2246 -0.3313269823440642
2247 -0.33141546226703256
2248 -0.327817916041541
2249 -0.32535384738024276
2250 -0.319311697482455
2251 -0.3211832648157539
2252 -0.32148041626145973
2253 -0.3134109866428174
2254 -0.30758574159754415
2255 -0.30353165845273866
2256 -0.3026904045704899
2257 -0.30204542040421234
2258 -0.29974594797015197
2259 -0.29561944070116253
2260 -0.2888206886390746
2261 -0.2863526448078224
2262 -0.284766605494269
2263 -0.2892262149515541
2264 -0.28864738278515634
2265 -0.2980221235904672
2266 -0.31674596418752377
2267 -0.30856005424323174
2268 -0.2954260847844714
2269 -0.28608397006170105
2270 -0.2845260862697967
2271 -0.286349126840738
2272 -0.28266753306510206
2273 -0.2781118851116756
2274 -0.26675340114933976
2275 -0.2665026028594495
2276 -0.25693146446726667
2277 -0.24224715069574143
2278 -0.24102634426208702
2279 -0.23585040697904847
2280 -0.23528869198210967
2281 -0.2349927761200793
2282 -0.23692051847174167
2283 -0.22971209071421872
2284 -0.22681540158946645
2285 -0.23388373464938195
2286 -0.23439953459934137
2287 -0.24186271672267523
2288 -0.2515070385258138
2289 -0.25329379902219595
2290 -0.2458411789541488
2291 -0.24045302493322118
2292 -0.23959997341201045
2293 -0.2385300170382849
2294 -0.24452026917156533
2295 -0.24597772843660448
2296 -0.24808034608092322
2297 -0.2619474312029265
2298 -0.2638977265558726
2299 -0.2659008068309987
2300 -0.2667065208314272
2301 -0.25800820103335953
2302 -0.2595031296145327
2303 -0.25523641887106885
2304 -0.25685063280030473
2305 -0.2604844781943889
2306 -0.26428214143490514
2307 -0.26836883156821767
2308 -0.2641590551298898
2309 -0.25335349200764423
2310 -0.23798424090923032
2311 -0.24257657979798497
2312 -0.2492237879495065
2313 -0.2542347181445377
2314 -0.26078454343937496
2315 -0.26867349524499595
2316 -0.27764372476640087
2317 -0.2787241344185458
2318 -0.28702198353879593
2319 -0.293485451652013
2320 -0.2887883837344699
2321 -0.29506478073242615
2322 -0.3177862655600897
2323 -0.3434279884483292
2324 -0.34742361871445504
2325 -0.3543173015599096
2326 -0.3736382228227241
2327 -0.3808693314524314
2328 -0.3810914788297356
2329 -0.3902266066622805
2330 -0.40298791253886956
2331 -0.403275595071123
2332 -0.4025777796405645
2333 -0.4030989182150545
2334 -0.40779476964295547
2335 -0.4100259673357878
2336 -0.41071489892666413
2337 -0.413583715519636
2338 -0.41112748842137936
2339 -0.4124218891267585
2340 -0.41270618156282834
2341 -0.4121526102128331
2342 -0.4192648906973475
2343 -0.4194290106276819
2344 -0.4138195002873821
2345 -0.4145772916932571
2346 -0.4123210073970238
2347 -0.41701258157106846
2348 -0.4238247968105968
2349 -0.4170808563122964
2350 -0.411546966885329
2351 -0.4180872914955537
2352 -0.4211681506134132
2353 -0.41538918171824846
2354 -0.4223252425495644
2355 -0.4251463107609845
2356 -0.4196526956725637
2357 -0.41893986671986105
2358 -0.41625154703394407
2359 -0.41951260097495624
2360 -0.424533019177474
2361 -0.42704483622032385
2362 -0.4284061482123548
2363 -0.4326127278615344
2364 -0.44152754165134733
2365 -0.44009352254526435
2366 -0.4333823169063714
2367 -0.4240227638362063
2368 -0.42570281500429363
2369 -0.4294816174236121
2370 -0.42269651542909215
2371 -0.4308336156211583
2372 -0.4439523973447729
2373 -0.44026161764555294
2374 -0.43144645000179893
2375 -0.4293277765586958
2376 -0.43345901828441147
2377 -0.4357863632502521
2378 -0.4382857784863359
2379 -0.4418713992019647
2380 -0.44472461719902157
2381 -0.4427495373265765
2382 -0.434150863674568
2383 -0.4352450194940217
2384 -0.4410307494875201
2385 -0.44159920648875906
2386 -0.44240094531923313
2387 -0.43602243100786664
2388 -0.4297682385851913
2389 -0.43325064884557596
2390 -0.4326093568593843
2391 -0.43658336762399996
2392 -0.44264895768074397
2393 -0.4493228027803702
2394 -0.45953540737174603
2395 -0.46449550117294425
2396 -0.458754020687947
2397 -0.4535419121072166
2398 -0.44943914708108557
2399 -0.4551400702376678
2400 -0.4687939235932087
2401 -0.4785333312986816
2402 -0.48433022751527066
2403 -0.4812968337890946
2404 -0.48318799398229595
2405 -0.48688981203370607
2406 -0.4908442490324525
2407 -0.49694227186470197
2408 -0.4925143549901838
2409 -0.49589955660688567
2410 -0.5008677749609938
2411 -0.5039367085689904
2412 -0.5026104410678429
2413 -0.4897897442897077
2414 -0.47644588229547524
2415 -0.4497560546596957
2416 -0.41268125007839507
2417 -0.3785527036608448
2418 -0.33465158472361156
2419 -0.28604770629520915
2420 -0.22713352565771838
2421 -0.14245284304042694
2422 -0.04637720307920634
2423 0.03638001444027883
2424 0.101284292092082
2425 0.1590257549494396
2426 0.2253813621838201
2427 0.3016051313851882
2428 0.38267201867116807
2429 0.45520898334327065
2430 0.5244686258745075
2431 0.5849942808549555
2432 0.6448737034083245
2433 0.6918867507843462
2434 0.7136583474902456
2435 0.7542006766806868
2436 0.7726090512669701
2437 0.7851372349563848
2438 0.8170255020112929
2439 0.8354125864280357
2440 0.8270213296210556
2441 0.8039036704634646
2442 0.7988048263252014
2443 0.7940500602926579
2444 0.7944343091127224
2445 0.783384453057119
2446 0.7632253150591437
2447 0.7226300846451941
2448 0.65125407830233
2449 0.5630930699779353
2450 0.44703161696669147
2451 0.32215282270515133
2452 0.19269483155436196
2453 0.062194454477725314
2454 -0.05586017178635627
2455 -0.1778223547312714
2456 -0.3014371735153636
2457 -0.4059594905382492
2458 -0.4966719397341357
2459 -0.5808564343554038
2460 -0.6480779521206311
2461 -0.69721735938383
2462 -0.7364941447656397
2463 -0.7720073924689838
2464 -0.7863985490587909
2465 -0.77784319141551
2466 -0.7680719551023361
2467 -0.7670236952358281
2468 -0.759903921614275
2469 -0.7559938892429974
2470 -0.7478978035822165
2471 -0.7285908026997123
2472 -0.7068935207346698
2473 -0.6796151860348786
2474 -0.6453807404409988
2475 -0.62040600846419
2476 -0.5958166439602207
2477 -0.5698803304764598
2478 -0.5380049033371541
2479 -0.5150571680913313
2480 -0.5045588567441159
2481 -0.480167916468626
2482 -0.45733942022876506
2483 -0.4426045530532752
2484 -0.43399884346709794
2485 -0.43525833570652794
2486 -0.4271098950783696
2487 -0.40998050133764485
2488 -0.40562605086395087
2489 -0.4151676194147149
2490 -0.40926111274767685
2491 -0.400093075842723
2492 -0.4007238057736284
2493 -0.39600529256757655
2494 -0.38514249305629333
2495 -0.3806908339389167
2496 -0.3913372945774225
2497 -0.3983961708694156
2498 -0.4125674415782721
2499 -0.4585835570479434
2500 -0.9162576894265341
2501 -0.9747462389989662
2502 -1.0
