0
1
2506
-3 0.14245195015747217
-2 0.1421623038565691
-1 0.14146898342640665
0 0.1404332311405867
1 0.13907877599124727
2 0.1374363702009901
3 0.13554380528793755
4 0.1334976533891083
5 0.1312534482690523
6 0.12882879449618495
7 0.12625320793534314
8 0.12355138484904248
9 0.12074244903300586
10 0.11785532613065931
11 0.11492737410209439
12 0.11198762735586071
13 0.1090581293517047
14 0.10616668907366662
15 0.1033440225009169
16 0.10061531791058612
17 0.09799895705820168
18 0.09551118042965238
19 0.09316821707464135
20 0.09097992295339934
21 0.08895449654184918
22 0.08710330243736271
23 0.08543363503924901
24 0.08394889809670593
25 0.08264857966947306
26 0.08152986910156136
27 0.08059024623071576
28 0.07982043748950383
29 0.07920723941944126
30 0.07873928047547593
31 0.07840515521469833
32 0.07819632974267421
33 0.07809881326510815
34 0.07809910555473744
35 0.0781829000937032
36 0.07833007984316863
37 0.078520130573442
38 0.07873232432022198
39 0.07895519144701023
40 0.07917385140925758
41 0.07937443057975982
42 0.07955129528753509
43 0.0796999515585059
44 0.07981594856761944
45 0.07989040848135452
46 0.07992455405919059
47 0.07992537818449394
48 0.07989518815549558
49 0.07983898543700203
50 0.07976056188752922
51 0.07966979944581264
52 0.07957073585417995
53 0.07946422932305866
54 0.07935102144621972
55 0.07922714324526396
56 0.0790933458809789
57 0.07894096854163354
58 0.0787728320577358
59 0.0785957597094893
60 0.07841024477364401
61 0.07821596322679418
62 0.07801661395218995
63 0.07782481557008941
64 0.07763580094679214
65 0.07744994892857013
66 0.07727064739221992
67 0.07710131678518696
68 0.0769435778043554
69 0.0767946527414777
70 0.07666155950755252
71 0.07653979014425574
72 0.07642134745302837
73 0.07630383682046661
74 0.07618721024575675
75 0.07607367795875601
76 0.07596441281311676
77 0.07585919592295738
78 0.07575412612922867
79 0.07564806326142456
80 0.07553841235329915
81 0.07542033713298432
82 0.07529392107591511
83 0.07515746458798665
84 0.07501289177370626
85 0.07486189315743605
86 0.07470527049993937
87 0.07454489369281786
88 0.07437857427488347
89 0.07420966327069022
90 0.07404172837833156
91 0.0738738805349679
92 0.07370873572913529
93 0.07355072887368908
94 0.0734039282378823
95 0.07326745846674546
96 0.07314198468810887
97 0.07303150836063034
98 0.07293412122181786
99 0.07284966862394487
100 0.07277720274644069
101 0.07271737435593165
102 0.07267237326965358
103 0.07263961067770673
104 0.07262022742289415
105 0.07261329644274529
106 0.07261508541253842
107 0.0726254721671263
108 0.07264755762184975
109 0.07268289743423544
110 0.07273139657389802
111 0.07279175771775971
112 0.07286162723461684
113 0.07293809012327479
114 0.07301668636564339
115 0.07309882739623169
116 0.0731823807096404
117 0.07326524593651754
118 0.0733511763362913
119 0.07344060935159523
120 0.07353201791355733
121 0.07362151894383698
122 0.07370654340092858
123 0.07378704305556306
124 0.07386150505836454
125 0.07392682638825773
126 0.07398013191897777
127 0.07402374483055636
128 0.07405862620012979
129 0.07408034291723602
130 0.07408885329214995
131 0.07408875554890064
132 0.07408007454452581
133 0.07405799537090131
134 0.07402052313246704
135 0.0739710750597985
136 0.07391146934735343
137 0.07384022613864279
138 0.07375600246588315
139 0.0736599012185101
140 0.07355552071715515
141 0.07344573828664902
142 0.07333458951008999
143 0.07321940631542222
144 0.07309853906191338
145 0.07297567537885948
146 0.0728504054141435
147 0.07272467731729164
148 0.07259789421885428
149 0.07246909118980578
150 0.07234135793191764
151 0.07221281533272929
152 0.0720814995270742
153 0.07194725101057028
154 0.07180897722088253
155 0.07166834303624446
156 0.07152512359714226
157 0.07137735401878964
158 0.07122474379948497
159 0.07106780466211228
160 0.07090624839428393
161 0.07074014317312625
162 0.07057201193536863
163 0.07040227502328641
164 0.07023153452099715
165 0.07005938359867525
166 0.06988717892266468
167 0.06971765449570048
168 0.06954506894663884
169 0.06937189139475573
170 0.06920205632017125
171 0.06903175635512233
172 0.06886045030946343
173 0.06869280866462428
174 0.06853331953707167
175 0.06837444130999275
176 0.06821488821199176
177 0.06806440609407284
178 0.06792976035469989
179 0.0678047774305818
180 0.06768491573972715
181 0.06757653393018684
182 0.06747779548914505
183 0.067382295827424
184 0.06728727064925728
185 0.06719346768595735
186 0.06710095724891804
187 0.06700841620705596
188 0.06692072265806763
189 0.06683965497116522
190 0.0667650543156183
191 0.06669534427333344
192 0.06662725063286105
193 0.06655990039153274
194 0.06649297166961846
195 0.06643083615558998
196 0.06637258057772032
197 0.06632082896475316
198 0.06627598927778121
199 0.06623792080541198
200 0.06620344909769617
201 0.06616872765137626
202 0.06613912671057044
203 0.066112017351907
204 0.06609201358711915
205 0.06608343058662153
206 0.06608462419890075
207 0.06609582874354901
208 0.06611273623635731
209 0.06613562518663389
210 0.06616480678599533
211 0.06619922235190631
212 0.06624127492019959
213 0.06628886827785792
214 0.066341198424845
215 0.0663985495692485
216 0.06646341764218848
217 0.06653661104796588
218 0.06661372995767292
219 0.06669674759330443
220 0.06678641469881731
221 0.06688468699688509
222 0.06698849673078776
223 0.067095772653717
224 0.06721049480023353
225 0.06733260733286901
226 0.0674608725085613
227 0.06758750632947401
228 0.06771691539782619
229 0.0678519183839617
230 0.06798702569851893
231 0.06812317661392346
232 0.0682562533137803
233 0.06839060410939088
234 0.06852594364970738
235 0.0686602070803553
236 0.06879473746207425
237 0.06893060016701927
238 0.06907595901245496
239 0.06922785089693385
240 0.06938333554263122
241 0.06954185225838964
242 0.06970336730916418
243 0.06986922461007607
244 0.07003538338364708
245 0.07020226380459325
246 0.07036850339336992
247 0.07053239546959182
248 0.07069521816776071
249 0.07085803915963088
250 0.07102164068098636
251 0.07118341805393004
252 0.07134540067892636
253 0.07150648685136764
254 0.07166751479456249
255 0.07182858225875335
256 0.07198899633179805
257 0.07215105510443419
258 0.0723115653177753
259 0.0724691670890288
260 0.07262417821693723
261 0.07278159766926762
262 0.07293963983050833
263 0.07309480519936715
264 0.07324965633609494
265 0.07340379342988378
266 0.07355472658143147
267 0.07369958727157071
268 0.07383521915116001
269 0.07396428832974546
270 0.07409136095981972
271 0.07421795499072092
272 0.0743420632030668
273 0.07446055390463961
274 0.07457776485604715
275 0.0746928134210682
276 0.07479758140046662
277 0.07488743940790923
278 0.07496656294378881
279 0.07503905977158949
280 0.07509922779698561
281 0.07514399142721984
282 0.0751780332523963
283 0.07520242902907362
284 0.07521346482987151
285 0.07521178078756886
286 0.075198743233445
287 0.07517221422058364
288 0.07513243452616267
289 0.07507593934213595
290 0.07499977609333094
291 0.074907550489897
292 0.07479824198035454
293 0.0746687796600838
294 0.07451819338094597
295 0.07435027319851573
296 0.07416903338867198
297 0.07397039518780194
298 0.07375303562118404
299 0.07352095649253475
300 0.07327985688141049
301 0.07302890058672519
302 0.0727627842333974
303 0.07248635477679705
304 0.07220181268489763
305 0.0719053677419538
306 0.07159639926306849
307 0.07127717700042875
308 0.07095259328758641
309 0.07062485373359392
310 0.07029076364994173
311 0.06994934094174657
312 0.06960269991800318
313 0.06925188552950394
314 0.06889720362003461
315 0.06853825929567776
316 0.06817529538381455
317 0.06781553992390393
318 0.06746357832986263
319 0.06711622144716932
320 0.066773696207958
321 0.06643748990111453
322 0.06610830926744357
323 0.0657817642582859
324 0.0654560999483539
325 0.06513395777536198
326 0.06481846536258987
327 0.06451057580872012
328 0.0642096432516183
329 0.06391923435731264
330 0.06363617910987122
331 0.06335816287315756
332 0.06308984375113853
333 0.06283085348529478
334 0.06258393615952176
335 0.062349668733293666
336 0.06212707027680968
337 0.061918398918116666
338 0.0617171073893107
339 0.06152353857762248
340 0.06133630156210079
341 0.06115499649377989
342 0.06098238216967881
343 0.06081680602338676
344 0.06066179578284057
345 0.06051523561859629
346 0.06037615531480655
347 0.06024317601621392
348 0.060116752268994926
349 0.06000111130215435
350 0.059893053542004956
351 0.059795975457280146
352 0.05971128966340404
353 0.05963480172096675
354 0.059565316154357596
355 0.059501831877131636
356 0.05944669931078465
357 0.05939534388742727
358 0.059347036818437185
359 0.05930601862794613
360 0.05927019577746829
361 0.05924208448263239
362 0.05922476937390509
363 0.059215538146013096
364 0.059211699342071634
365 0.0592180558125154
366 0.05923884492109206
367 0.059272811873682635
368 0.05931873526857835
369 0.05937412509529014
370 0.05943609977134045
371 0.059498912836595544
372 0.05956035544100492
373 0.059618461905900096
374 0.059672429870144
375 0.059724993422796656
376 0.05977996956630928
377 0.05984374425732996
378 0.059913552628136926
379 0.05998723935485559
380 0.06006478660070889
381 0.06014545863241069
382 0.060230241773683094
383 0.06031526835668128
384 0.060402081529375234
385 0.060490496899995416
386 0.06057742092196074
387 0.0606628685763658
388 0.06074480424153158
389 0.06082657577441373
390 0.060908719662285206
391 0.0609924027546061
392 0.061081061536262936
393 0.06117363717905013
394 0.06127262628572386
395 0.061374004997818865
396 0.06147570176661947
397 0.061579927213225645
398 0.0616855096163776
399 0.0617929337654716
400 0.06189890790943523
401 0.06200597308503526
402 0.062114991746631945
403 0.06222171607251972
404 0.06232402820251296
405 0.06242041725473592
406 0.06251266179875484
407 0.06260446916206025
408 0.06269964378979269
409 0.06279574268076667
410 0.06289327537742263
411 0.06299357785895279
412 0.06309475485936179
413 0.0631976374135469
414 0.06329837887364358
415 0.06339845177052411
416 0.06349881915074791
417 0.06359393945531532
418 0.06368716781745448
419 0.06377733102571174
420 0.06386378593018092
421 0.06394638275769045
422 0.06402452299492795
423 0.06410337327642587
424 0.06417994776908188
425 0.06425211802497091
426 0.06432147282830321
427 0.06438866837522235
428 0.06445298122374306
429 0.06451347893406091
430 0.06457336532687216
431 0.06463234956761324
432 0.06468542452245005
433 0.06473218245343548
434 0.06477920084683653
435 0.06482573611018849
436 0.0648714208820409
437 0.06491431798612995
438 0.06495026955746415
439 0.06498057611502209
440 0.065001724493169
441 0.0650151291094687
442 0.06501881022020588
443 0.06501370187136818
444 0.06500298737684353
445 0.06498653216566494
446 0.06496270660154219
447 0.06492945127940318
448 0.06488975959600488
449 0.0648401092192766
450 0.06478542175790111
451 0.06473132081074486
452 0.06467598264936673
453 0.0646175625201686
454 0.06455425163748392
455 0.06449231984552016
456 0.06443038149760172
457 0.06436579198624533
458 0.06430062019121856
459 0.06423451010090653
460 0.06417260960016054
461 0.0641125904439341
462 0.06404817178045058
463 0.06397927525861707
464 0.06390928824992526
465 0.06384076326624188
466 0.06377154697718611
467 0.06370459527812126
468 0.06363997622042453
469 0.0635747688554899
470 0.0635080225370725
471 0.06344055035130886
472 0.0633758574382437
473 0.06331306332254864
474 0.06325786058834432
475 0.06320961675781606
476 0.06316576901978961
477 0.06312987247028615
478 0.06310105938088163
479 0.0630737320468526
480 0.06304562594410876
481 0.06302233329561377
482 0.06300218741981314
483 0.06298250529318941
484 0.06296385122620209
485 0.06294649673761284
486 0.0629303109753804
487 0.06291363495314274
488 0.0628922993221363
489 0.06286271680813359
490 0.06282576199644999
491 0.0627811821071923
492 0.06272805760206138
493 0.06266267307593495
494 0.0625827615431263
495 0.06249065457494641
496 0.0623838917296307
497 0.062263971808079896
498 0.06213365405249298
499 0.06199737555319762
500 0.06186099316128933
501 0.061719794011463935
502 0.061572897699277714
503 0.06142704254477152
504 0.06128063165432135
505 0.06113169126303385
506 0.06097742971072482
507 0.060817058050666326
508 0.060656899650721297
509 0.06049993920596379
510 0.060351122257501714
511 0.06021618960737861
512 0.060096978104804
513 0.05999372816918365
514 0.059907815861471196
515 0.059833402494577
516 0.05976877432086098
517 0.0597117031373316
518 0.05965279128368928
519 0.059588510677582855
520 0.059516634399578904
521 0.05944386222528479
522 0.05937327041711827
523 0.05930398403188153
524 0.05925135346204599
525 0.05922705203862581
526 0.05922785009454018
527 0.05924551434911285
528 0.0592740390206329
529 0.05930895508922918
530 0.05933816465811496
531 0.059353593763757054
532 0.05935250607947557
533 0.05933035402108128
534 0.059287442226330485
535 0.05922133576861296
536 0.0591304933942411
537 0.059018760437249705
538 0.058889846233196215
539 0.05874738124445323
540 0.05859178375988572
541 0.05842960160241648
542 0.05826972518252807
543 0.05811819228522635
544 0.05798393030433533
545 0.05787343695387087
546 0.05779330778142325
547 0.05775214526961323
548 0.057752783714263546
549 0.057796211626341056
550 0.05788915783023296
551 0.05803252608834937
552 0.05822915730564274
553 0.058486072772818455
554 0.058802221552186854
555 0.05918343778450135
556 0.05963037391023515
557 0.06014274966448138
558 0.06072125017355155
559 0.061358957538066146
560 0.06205179883742248
561 0.06279187875322075
562 0.06357366019652802
563 0.06439263054452159
564 0.0652392920183113
565 0.06610265317626184
566 0.06697282679798058
567 0.06784401092055378
568 0.0687066471063925
569 0.06955089014984929
570 0.07037180638082512
571 0.07116386977926285
572 0.07191555272351749
573 0.07261162778763708
574 0.07324533727768606
575 0.07380656494288414
576 0.07428237666536938
577 0.07466521344370759
578 0.07495287628982883
579 0.07514368282790587
580 0.07523231696627287
581 0.07521656615180738
582 0.07509584785089331
583 0.07487427883456063
584 0.07455355170976379
585 0.07414055990037889
586 0.07364360665050251
587 0.07306974459533275
588 0.07242928332594833
589 0.0717287110481634
590 0.07098231562827265
591 0.07020241411799748
592 0.06939936918926083
593 0.06857897554487348
594 0.06774761572788748
595 0.06691802544082201
596 0.0660964621226773
597 0.06529276632037956
598 0.06451422441786624
599 0.0637671626719255
600 0.06306136592874148
601 0.06240421172633563
602 0.061796776435899176
603 0.061236863185666277
604 0.0607292210067276
605 0.0602788977963459
606 0.059886637714831506
607 0.0595512193593589
608 0.059278839563617056
609 0.05907315008306211
610 0.05892856674474231
611 0.05884349572355267
612 0.05882104182630098
613 0.05885732477711595
614 0.05894153810456642
615 0.05907041575513184
616 0.059242581758409865
617 0.059451474113593514
618 0.05968977854926148
619 0.059951844831170706
620 0.06023564734419589
621 0.060535733955556136
622 0.060844579505519296
623 0.06115850321743365
624 0.06147273582186794
625 0.06178642788525946
626 0.06210027499912893
627 0.06241238512606035
628 0.06271828653283314
629 0.0630150313492629
630 0.06330325533293993
631 0.06358037451226421
632 0.0638421944437321
633 0.06408849461477062
634 0.06432160996373183
635 0.06454056996732334
636 0.0647452000221086
637 0.06493521321192143
638 0.06511121518932039
639 0.0652750516976505
640 0.06542913325767677
641 0.06557811062491943
642 0.06571978420641711
643 0.06585187689468297
644 0.06597947455270903
645 0.06610446523902862
646 0.06622790450101852
647 0.06634806079402158
648 0.06646121960261475
649 0.06657280002113965
650 0.06668353559586593
651 0.0667876769339204
652 0.06688491795195095
653 0.0669787584811452
654 0.06707656835216899
655 0.06717719372154086
656 0.06727711961940712
657 0.0673784905218148
658 0.067478316353288
659 0.06757536755968249
660 0.06767280889356375
661 0.06777286963261873
662 0.06787885362916925
663 0.06798805066408492
664 0.06809850709210381
665 0.06820864352263886
666 0.06831323676981978
667 0.06841376403106576
668 0.06850898528165032
669 0.06860199582404039
670 0.0686921238097741
671 0.06878220235034979
672 0.06888085447737687
673 0.06898189218139335
674 0.06907840951175392
675 0.06916539255189279
676 0.06924735772330175
677 0.0693287108221458
678 0.06940399154121746
679 0.06947359426297581
680 0.06954036051144925
681 0.06960886249999237
682 0.06967829821211437
683 0.0697458993983663
684 0.06981421961074201
685 0.06987648088030299
686 0.06993226243160859
687 0.06998542611827203
688 0.07003653898455924
689 0.07008691375138622
690 0.07013058474461543
691 0.07017363731391177
692 0.07021711558066876
693 0.07025391710972546
694 0.07028561276495648
695 0.07030911094789648
696 0.07032710302497253
697 0.0703381028229095
698 0.07034223816747796
699 0.0703438908247376
700 0.07033662966787588
701 0.07032289812780465
702 0.07030263815287496
703 0.07027942853032937
704 0.07025635242931164
705 0.07022802993158096
706 0.07019402336774824
707 0.07014887006673581
708 0.07009821757519236
709 0.07004330079112299
710 0.06998012829115986
711 0.06991012550119201
712 0.06983207313730679
713 0.0697518123184003
714 0.0696677977015327
715 0.06957873778534945
716 0.06948651237327098
717 0.06939132490475486
718 0.06929659456979653
719 0.06919961667590943
720 0.06910143158876259
721 0.06900054339792372
722 0.06889464967339966
723 0.0687857383661967
724 0.0686756472748488
725 0.06856838013126723
726 0.06846220645146137
727 0.0683570393626793
728 0.06825294130412096
729 0.0681534049506678
730 0.06806019598275109
731 0.06796935667984848
732 0.06787741203351524
733 0.06778446788995621
734 0.06769347501938963
735 0.06760230907374278
736 0.06751228268213469
737 0.06742717576874335
738 0.06734670275190502
739 0.06726494945966327
740 0.06718275861022405
741 0.06709790899052843
742 0.06700602831485356
743 0.06691111516617768
744 0.06681715999485294
745 0.06672530326485134
746 0.06663308264519636
747 0.06654346194942887
748 0.06645875588531149
749 0.06637663725012646
750 0.06629411162399365
751 0.06621310290690643
752 0.06613513691308004
753 0.06606307698583061
754 0.06599567212012523
755 0.06592903184674231
756 0.06586581755787504
757 0.06580990563728696
758 0.06576187821874531
759 0.06571557826760388
760 0.06567213271641546
761 0.06563566444174307
762 0.06560720825834375
763 0.06558541146198661
764 0.06556655638828766
765 0.06554998840648946
766 0.06553671416550791
767 0.06552525504518804
768 0.06551537631242271
769 0.06550488454900603
770 0.06549066965079554
771 0.0654743020985934
772 0.06546174669642926
773 0.06545620694246038
774 0.06545240412247907
775 0.06545008770395348
776 0.06545476781251626
777 0.06546788659973159
778 0.06548056296172335
779 0.06549005416759325
780 0.06550076390441807
781 0.06551364390113143
782 0.06553124921813838
783 0.06555166630091347
784 0.06557836209074401
785 0.06561253580441687
786 0.06565023759095799
787 0.06569616525124225
788 0.06574976808081762
789 0.06580461853782546
790 0.06585944630027803
791 0.06591337836488943
792 0.06596590231823521
793 0.06601287908556928
794 0.0660574406032212
795 0.06611107570624876
796 0.06617403201519807
797 0.06624065191763351
798 0.06630514230017351
799 0.06637172674918726
800 0.0664407734995916
801 0.066507148378538
802 0.066567435387907
803 0.06662501070349154
804 0.0666883918039463
805 0.06675430058441661
806 0.06681944588461804
807 0.06688428041038394
808 0.06695040411079875
809 0.06701662725310839
810 0.06708008584047918
811 0.06714356047434994
812 0.06720671960513337
813 0.0672708442065162
814 0.0673365600295004
815 0.06740214680445752
816 0.06746914254313993
817 0.06753959528268359
818 0.0676131403452355
819 0.06768591960013898
820 0.06775870301761684
821 0.06783424345269039
822 0.06791452093295981
823 0.06799695725997965
824 0.06807882173199624
825 0.06816453173509425
826 0.06825506198232487
827 0.06834902338750776
828 0.06844429230035241
829 0.06854221666381462
830 0.06864321457436455
831 0.06874188500419877
832 0.06884139362561172
833 0.06894567383091597
834 0.06905421065140624
835 0.06916370448763204
836 0.06927402552379731
837 0.0693910936042996
838 0.06951422888582615
839 0.06964018111891877
840 0.06976633797490182
841 0.06989216158400506
842 0.07001643384699262
843 0.0701374718108647
844 0.07025609744826923
845 0.07036892932242901
846 0.07047510126288044
847 0.0705762195228344
848 0.07067280419182029
849 0.07076414619398194
850 0.07085004215662367
851 0.07093076915196318
852 0.07100299661704013
853 0.07106512129781754
854 0.0711192760660636
855 0.0711640750696003
856 0.07120406033689082
857 0.07124114079254427
858 0.07127678652836461
859 0.07131273222239748
860 0.07134085760799122
861 0.0713617794055629
862 0.07137721779860319
863 0.07138720110555212
864 0.07139368335501671
865 0.0713971725275171
866 0.0713977375260284
867 0.0713887324727958
868 0.07136662619121222
869 0.07133796941510627
870 0.07130591723140968
871 0.07126651542384103
872 0.07122050101012684
873 0.07117089867652819
874 0.07111595521825802
875 0.07104976861163081
876 0.07096811298081478
877 0.07087230882692373
878 0.07076247603526124
879 0.07064203479214823
880 0.07051135799939091
881 0.07036933057114395
882 0.07021695220070281
883 0.07005159101453791
884 0.06987602119543294
885 0.06969217604159912
886 0.0695002282984626
887 0.06930237360555627
888 0.0690988832703667
889 0.06889204732053521
890 0.06868413509835897
891 0.06847741369147128
892 0.06827582453042058
893 0.06808258180217953
894 0.06790207561198497
895 0.06773930030697012
896 0.06760060739047642
897 0.06749218193212453
898 0.06742063305857518
899 0.0673900154006533
900 0.067403739786629
901 0.06747134916912725
902 0.06759432627398042
903 0.06777529030918314
904 0.06801729930137043
905 0.0683185039611757
906 0.06868139698773545
907 0.06910505449974318
908 0.06959157871555345
909 0.07013735682588847
910 0.070737497249283
911 0.07139186997756157
912 0.07209835794164801
913 0.07285578300212786
914 0.07365649605926616
915 0.07449360792760516
916 0.07536317217060426
917 0.0762596654716665
918 0.07717406165611954
919 0.07809397512518067
920 0.07901233730120777
921 0.0799219422953672
922 0.08081219136387303
923 0.08166982710563864
924 0.08248383553229631
925 0.08324811815747206
926 0.08394932968185295
927 0.08457198932110367
928 0.08510542782505992
929 0.0855418847305292
930 0.08587410490092473
931 0.08609534197136601
932 0.08620378748530978
933 0.0862012919695233
934 0.0860805405621602
935 0.08583992842016604
936 0.0854876365023608
937 0.08502594876142114
938 0.08445994658195767
939 0.08380286061920691
940 0.08307310715239183
941 0.08228472230897489
942 0.08144666042946487
943 0.08056988088961843
944 0.07967242049358135
945 0.07876742148394694
946 0.07786556455907119
947 0.07698163932201217
948 0.0761300947375867
949 0.07532755483434243
950 0.07458432564355759
951 0.07391397416319846
952 0.07333381016637634
953 0.07285190213588988
954 0.07247546685081689
955 0.07221232893815266
956 0.07207161969087733
957 0.07205660374418713
958 0.07216305007460805
959 0.0723947211323705
960 0.07275434093691859
961 0.07323894343432619
962 0.07384316240790548
963 0.07455896036590363
964 0.0753824303088256
965 0.07630416815960087
966 0.07731000486742351
967 0.0783857451827447
968 0.07951816423213759
969 0.0806925378735227
970 0.08189050346640746
971 0.08309532763307612
972 0.08429319386000614
973 0.08546850384347136
974 0.08659854408695296
975 0.08766900303821182
976 0.08866929636097624
977 0.08958236588306377
978 0.09039519541086538
979 0.09109694119661955
980 0.0916778410368427
981 0.09213107690028058
982 0.0924523741756979
983 0.09264220722250469
984 0.09270049659864
985 0.09262827791865674
986 0.09243084714966024
987 0.09212111636805134
988 0.09171373338529422
989 0.0912147636734838
990 0.09063033839560626
991 0.08996737303045864
992 0.08923473955469223
993 0.08843565257102053
994 0.08756917842956914
995 0.08665082123757473
996 0.0856949487367943
997 0.0847074386932799
998 0.08370880159648798
999 0.08271823699111522
1000 0.08174652430486673
1001 0.08079757937461139
1002 0.07987773505795716
1003 0.07900635242682356
1004 0.07818736447446192
1005 0.07742135004429888
1006 0.0767136287653801
1007 0.07606348524327634
1008 0.07546959213425536
1009 0.07493094640691027
1010 0.07445246256386077
1011 0.07403845562433843
1012 0.07368748310078466
1013 0.07339638615194623
1014 0.07316568080430479
1015 0.0729948220889571
1016 0.07287465262121372
1017 0.07279612133435667
1018 0.07275155811248973
1019 0.07273535456185976
1020 0.07274597747091663
1021 0.07278073278867854
1022 0.072834924005619
1023 0.07290064616383611
1024 0.07297377505824967
1025 0.07305724511408143
1026 0.07314702845234944
1027 0.07323596486920797
1028 0.07332342811736695
1029 0.07340635287140153
1030 0.07348125054235446
1031 0.07354712395217018
1032 0.07360514115905346
1033 0.07365702185343292
1034 0.07369902041966543
1035 0.07372902459304112
1036 0.07374892263681374
1037 0.07376054203825963
1038 0.07376406203297806
1039 0.07375742994312519
1040 0.0737381531803606
1041 0.07370895757356931
1042 0.07367292064006431
1043 0.07363290449402887
1044 0.07358978922568735
1045 0.07354041135040065
1046 0.07348955617378364
1047 0.07343998276841865
1048 0.07338999208319523
1049 0.07333906298877076
1050 0.07328485489752778
1051 0.07323125177655335
1052 0.07317793847921245
1053 0.07312211188220401
1054 0.07306441164976804
1055 0.0730015079148913
1056 0.07293705252276973
1057 0.0728730884253071
1058 0.07281042533619585
1059 0.07275167308293638
1060 0.07269412973608175
1061 0.072634991421187
1062 0.07257119619073647
1063 0.07250329039778447
1064 0.07243106494739758
1065 0.07235237504250573
1066 0.07227085821497567
1067 0.07219182957779538
1068 0.07211266298980944
1069 0.0720266880278517
1070 0.07193353587088619
1071 0.07183530744425583
1072 0.07173207368130899
1073 0.07161957116527624
1074 0.07150182940683845
1075 0.07138593515196776
1076 0.07126998709455978
1077 0.07115158679830606
1078 0.07102830367797215
1079 0.07090812806397391
1080 0.07079476144698603
1081 0.0706831589788589
1082 0.07056988683175003
1083 0.07045313647894452
1084 0.07034004484102627
1085 0.07022762192335845
1086 0.07011311181514669
1087 0.06999917720617323
1088 0.06988555630250297
1089 0.06977754597773282
1090 0.06967406111307382
1091 0.06957492426333543
1092 0.06947795969926225
1093 0.06938419959746502
1094 0.06929775458005447
1095 0.06921711332513558
1096 0.06914200020046642
1097 0.06906848345799561
1098 0.06899531236210783
1099 0.06892241691896818
1100 0.06885241553445319
1101 0.06878253879425068
1102 0.0687087118511678
1103 0.06863651308219543
1104 0.06856670138112717
1105 0.06849594642872045
1106 0.06842216840606896
1107 0.06834839819086792
1108 0.06827957876505829
1109 0.06821049310012742
1110 0.06813802961211197
1111 0.0680674922465505
1112 0.06799728103024627
1113 0.0679259413276202
1114 0.06784874506264231
1115 0.06776825280351768
1116 0.06768931913943099
1117 0.06760584542991453
1118 0.06752405640928653
1119 0.06744510148744833
1120 0.06736746874152659
1121 0.06729073301041237
1122 0.06721432600027996
1123 0.06714008947345808
1124 0.06705964599854466
1125 0.06697247353298894
1126 0.0668825669413736
1127 0.0667926339082521
1128 0.06670110191641801
1129 0.06660708677553155
1130 0.06651644707924602
1131 0.06643036004490101
1132 0.06634498929292679
1133 0.06625781419375709
1134 0.06617163381750658
1135 0.06608579967529679
1136 0.0659997051999278
1137 0.06591385234987841
1138 0.0658308256049326
1139 0.06574862388758096
1140 0.06566379310893179
1141 0.06557926011228027
1142 0.06549305462776406
1143 0.0654073845668453
1144 0.06532054087425157
1145 0.06523046509274655
1146 0.06513955819829718
1147 0.06504553564763381
1148 0.06495443507609744
1149 0.06486876626738176
1150 0.06478748149634453
1151 0.06471330568118804
1152 0.06464703474951941
1153 0.06459232756072676
1154 0.06454390599310274
1155 0.06449563704901667
1156 0.0644532564839585
1157 0.06441749873165553
1158 0.0643843360074286
1159 0.0643569077845188
1160 0.0643397527752532
1161 0.06433457086098147
1162 0.06433913236982065
1163 0.06435353871422818
1164 0.0643785350080171
1165 0.06440908494607318
1166 0.06444269189016212
1167 0.06447733472289899
1168 0.06451205291458645
1169 0.06455563864512756
1170 0.06460969814122346
1171 0.06466959067452514
1172 0.06473880987525364
1173 0.06481490724982523
1174 0.06489742962636902
1175 0.06497938265406082
1176 0.0650605081441831
1177 0.06514915271615523
1178 0.06524254002469733
1179 0.0653467886133714
1180 0.06546207204390903
1181 0.06558701698878211
1182 0.06571897053332827
1183 0.06585275655762174
1184 0.065989026304808
1185 0.066124017304972
1186 0.06626130279160085
1187 0.06640433455893183
1188 0.06655698297149293
1189 0.06671874300983524
1190 0.06688103467354509
1191 0.06704518459283654
1192 0.06720981975813325
1193 0.06737582699818072
1194 0.06754490509876968
1195 0.06771680079482743
1196 0.0678947936230621
1197 0.06807805329430563
1198 0.0682712399252955
1199 0.06847245179271327
1200 0.06867721654582024
1201 0.06888532737107757
1202 0.06909931762556527
1203 0.06931908674563303
1204 0.06953668577451784
1205 0.06975072950494673
1206 0.06996121359582122
1207 0.07016821025125852
1208 0.0703725595577647
1209 0.07057574318109221
1210 0.07077939510451746
1211 0.07098314183094818
1212 0.07118412948760496
1213 0.07138040434029572
1214 0.0715702188974407
1215 0.07175142449589422
1216 0.07192460540173291
1217 0.07208762007055376
1218 0.0722404775175911
1219 0.07238587969709241
1220 0.07252577795080623
1221 0.07266180616467233
1222 0.07279376529172817
1223 0.07291619691934696
1224 0.07303018385643996
1225 0.07313868354903952
1226 0.07323860539709785
1227 0.07332933496572046
1228 0.07340897789726757
1229 0.07348170546649266
1230 0.07354947597055184
1231 0.07361175991084531
1232 0.07366931774324996
1233 0.07372466333023873
1234 0.07377817495271685
1235 0.07382810761654451
1236 0.07387386069044952
1237 0.07391106409411682
1238 0.07394181141866982
1239 0.07396707799949523
1240 0.07399089879109091
1241 0.07401205107815317
1242 0.07402541134735253
1243 0.07403541531359716
1244 0.07404333482696163
1245 0.07404948394704929
1246 0.07405397501584199
1247 0.07405901431119218
1248 0.07406635125120409
1249 0.0740717263926625
1250 0.07407319214820007
1251 0.07407172639266235
1252 0.07406635125120414
1253 0.07405901431119183
1254 0.07405397501584186
1255 0.0740494839470492
1256 0.07404333482696142
1257 0.07403541531359704
1258 0.07402541134735253
1259 0.07401205107815338
1260 0.07399089879109112
1261 0.0739670779994955
1262 0.07394181141866983
1263 0.07391106409411666
1264 0.07387386069044956
1265 0.07382810761654453
1266 0.073778174952717
1267 0.07372466333023855
1268 0.07366931774324992
1269 0.0736117599108453
1270 0.07354947597055202
1271 0.07348170546649276
1272 0.0734089778972674
1273 0.07332933496572065
1274 0.07323860539709771
1275 0.07313868354903959
1276 0.07303018385644001
1277 0.07291619691934732
1278 0.07279376529172832
1279 0.0726618061646726
1280 0.07252577795080634
1281 0.07238587969709254
1282 0.07224047751759109
1283 0.07208762007055369
1284 0.07192460540173273
1285 0.07175142449589442
1286 0.07157021889744068
1287 0.07138040434029547
1288 0.07118412948760505
1289 0.07098314183094812
1290 0.07077939510451745
1291 0.0705757431810921
1292 0.07037255955776463
1293 0.07016821025125847
1294 0.06996121359582111
1295 0.0697507295049466
1296 0.06953668577451771
1297 0.06931908674563297
1298 0.06909931762556513
1299 0.06888532737107766
1300 0.0686772165458202
1301 0.06847245179271343
1302 0.06827123992529538
1303 0.06807805329430536
1304 0.06789479362306203
1305 0.06771680079482756
1306 0.06754490509876973
1307 0.06737582699818045
1308 0.06720981975813317
1309 0.0670451845928368
1310 0.06688103467354493
1311 0.06671874300983537
1312 0.06655698297149311
1313 0.06640433455893173
1314 0.06626130279160063
1315 0.06612401730497208
1316 0.06598902630480792
1317 0.06585275655762168
1318 0.06571897053332813
1319 0.06558701698878198
1320 0.0654620720439089
1321 0.06534678861337152
1322 0.06524254002469726
1323 0.06514915271615548
1324 0.06506050814418303
1325 0.06497938265406089
1326 0.06489742962636882
1327 0.06481490724982546
1328 0.06473880987525392
1329 0.06466959067452512
1330 0.06460969814122336
1331 0.06455563864512753
1332 0.06451205291458666
1333 0.06447733472289914
1334 0.06444269189016208
1335 0.06440908494607289
1336 0.06437853500801709
1337 0.06435353871422803
1338 0.06433913236982085
1339 0.06433457086098143
1340 0.06433975277525308
1341 0.06435690778451887
1342 0.06438433600742832
1343 0.06441749873165539
1344 0.06445325648395833
1345 0.06449563704901677
1346 0.06454390599310257
1347 0.06459232756072691
1348 0.06464703474951931
1349 0.06471330568118804
1350 0.06478748149634456
1351 0.06486876626738176
1352 0.06495443507609726
1353 0.06504553564763409
1354 0.0651395581982971
1355 0.06523046509274646
1356 0.06532054087425157
1357 0.06540738456684536
1358 0.06549305462776428
1359 0.06557926011228031
1360 0.06566379310893179
1361 0.06574862388758086
1362 0.06583082560493256
1363 0.06591385234987834
1364 0.06599970519992782
1365 0.0660857996752968
1366 0.06617163381750676
1367 0.0662578141937571
1368 0.06634498929292655
1369 0.06643036004490097
1370 0.06651644707924621
1371 0.0666070867755316
1372 0.06670110191641818
1373 0.06679263390825188
1374 0.06688256694137379
1375 0.06697247353298892
1376 0.06705964599854486
1377 0.06714008947345806
1378 0.06721432600027993
1379 0.06729073301041227
1380 0.06736746874152655
1381 0.06744510148744821
1382 0.06752405640928641
1383 0.0676058454299148
1384 0.06768931913943063
1385 0.06776825280351766
1386 0.06784874506264221
1387 0.06792594132762014
1388 0.06799728103024637
1389 0.06806749224655059
1390 0.06813802961211178
1391 0.06821049310012754
1392 0.06827957876505845
1393 0.06834839819086806
1394 0.06842216840606889
1395 0.0684959464287208
1396 0.06856670138112729
1397 0.06863651308219539
1398 0.06870871185116793
1399 0.06878253879425053
1400 0.06885241553445344
1401 0.068922416918968
1402 0.06899531236210792
1403 0.06906848345799561
1404 0.0691420002004667
1405 0.06921711332513564
1406 0.06929775458005441
1407 0.0693841995974648
1408 0.06947795969926185
1409 0.06957492426333535
1410 0.06967406111307381
1411 0.0697775459777328
1412 0.06988555630250315
1413 0.06999917720617316
1414 0.07011311181514693
1415 0.07022762192335855
1416 0.07034004484102617
1417 0.07045313647894448
1418 0.07056988683175007
1419 0.07068315897885886
1420 0.07079476144698593
1421 0.07090812806397383
1422 0.07102830367797218
1423 0.07115158679830631
1424 0.07126998709455959
1425 0.07138593515196791
1426 0.0715018294068382
1427 0.07161957116527624
1428 0.07173207368130917
1429 0.07183530744425592
1430 0.07193353587088627
1431 0.07202668802785177
1432 0.07211266298980953
1433 0.07219182957779519
1434 0.07227085821497542
1435 0.07235237504250551
1436 0.07243106494739744
1437 0.07250329039778441
1438 0.07257119619073632
1439 0.07263499142118696
1440 0.0726941297360817
1441 0.07275167308293626
1442 0.07281042533619585
1443 0.07287308842530707
1444 0.0729370525227697
1445 0.07300150791489138
1446 0.07306441164976799
1447 0.07312211188220401
1448 0.07317793847921236
1449 0.07323125177655314
1450 0.07328485489752759
1451 0.07333906298877056
1452 0.073389992083195
1453 0.07343998276841877
1454 0.07348955617378351
1455 0.07354041135040085
1456 0.07358978922568725
1457 0.07363290449402878
1458 0.07367292064006412
1459 0.07370895757356942
1460 0.07373815318036069
1461 0.07375742994312505
1462 0.07376406203297803
1463 0.07376054203825935
1464 0.0737489226368137
1465 0.07372902459304106
1466 0.0736990204196654
1467 0.0736570218534329
1468 0.0736051411590534
1469 0.07354712395217027
1470 0.07348125054235434
1471 0.07340635287140158
1472 0.07332342811736707
1473 0.07323596486920814
1474 0.07314702845234938
1475 0.0730572451140814
1476 0.0729737750582498
1477 0.07290064616383612
1478 0.07283492400561907
1479 0.07278073278867855
1480 0.07274597747091674
1481 0.07273535456185952
1482 0.07275155811249011
1483 0.0727961213343568
1484 0.07287465262121375
1485 0.07299482208895725
1486 0.07316568080430466
1487 0.07339638615194587
1488 0.0736874831007847
1489 0.07403845562433853
1490 0.07445246256386065
1491 0.0749309464069103
1492 0.07546959213425507
1493 0.07606348524327629
1494 0.07671362876538006
1495 0.07742135004429891
1496 0.07818736447446208
1497 0.07900635242682356
1498 0.07987773505795723
1499 0.08079757937461138
1500 0.08174652430486666
1501 0.08271823699111526
1502 0.08370880159648784
1503 0.08470743869327989
1504 0.08569494873679422
1505 0.08665082123757457
1506 0.08756917842956909
1507 0.08843565257102025
1508 0.08923473955469224
1509 0.08996737303045867
1510 0.09063033839560625
1511 0.09121476367348395
1512 0.09171373338529416
1513 0.09212111636805106
1514 0.09243084714966028
1515 0.09262827791865662
1516 0.09270049659864008
1517 0.09264220722250471
1518 0.09245237417569799
1519 0.09213107690028041
1520 0.09167784103684246
1521 0.09109694119661929
1522 0.09039519541086545
1523 0.08958236588306366
1524 0.08866929636097635
1525 0.08766900303821187
1526 0.08659854408695286
1527 0.08546850384347135
1528 0.08429319386000625
1529 0.08309532763307621
1530 0.08189050346640737
1531 0.0806925378735225
1532 0.07951816423213769
1533 0.07838574518274467
1534 0.07731000486742351
1535 0.0763041681596011
1536 0.07538243030882565
1537 0.07455896036590348
1538 0.07384316240790552
1539 0.07323894343432599
1540 0.07275434093691871
1541 0.07239472113237062
1542 0.07216305007460816
1543 0.07205660374418721
1544 0.0720716196908775
1545 0.07221232893815263
1546 0.07247546685081689
1547 0.07285190213588963
1548 0.0733338101663761
1549 0.07391397416319842
1550 0.07458432564355758
1551 0.07532755483434246
1552 0.07613009473758671
1553 0.07698163932201212
1554 0.07786556455907101
1555 0.07876742148394701
1556 0.07967242049358132
1557 0.08056988088961856
1558 0.08144666042946493
1559 0.08228472230897485
1560 0.08307310715239177
1561 0.08380286061920704
1562 0.08445994658195789
1563 0.08502594876142111
1564 0.08548763650236098
1565 0.08583992842016606
1566 0.08608054056216
1567 0.08620129196952318
1568 0.08620378748530985
1569 0.08609534197136606
1570 0.08587410490092484
1571 0.08554188473052923
1572 0.08510542782505993
1573 0.0845719893211036
1574 0.0839493296818531
1575 0.08324811815747199
1576 0.08248383553229624
1577 0.0816698271056386
1578 0.08081219136387313
1579 0.0799219422953672
1580 0.07901233730120782
1581 0.07809397512518051
1582 0.07717406165611936
1583 0.07625966547166664
1584 0.07536317217060427
1585 0.07449360792760493
1586 0.07365649605926634
1587 0.0728557830021279
1588 0.07209835794164818
1589 0.07139186997756167
1590 0.07073749724928312
1591 0.07013735682588838
1592 0.06959157871555356
1593 0.06910505449974325
1594 0.06868139698773541
1595 0.06831850396117574
1596 0.06801729930137045
1597 0.0677752903091831
1598 0.06759432627398075
1599 0.06747134916912716
1600 0.06740373978662906
1601 0.0673900154006531
1602 0.06742063305857524
1603 0.06749218193212451
1604 0.06760060739047659
1605 0.06773930030697012
1606 0.06790207561198498
1607 0.06808258180217953
1608 0.06827582453042058
1609 0.06847741369147115
1610 0.06868413509835922
1611 0.06889204732053526
1612 0.06909888327036658
1613 0.06930237360555618
1614 0.06950022829846263
1615 0.0696921760415992
1616 0.06987602119543311
1617 0.07005159101453758
1618 0.07021695220070275
1619 0.0703693305711441
1620 0.07051135799939105
1621 0.0706420347921483
1622 0.07076247603526123
1623 0.0708723088269237
1624 0.07096811298081467
1625 0.07104976861163051
1626 0.07111595521825811
1627 0.07117089867652815
1628 0.07122050101012666
1629 0.07126651542384098
1630 0.07130591723140951
1631 0.07133796941510633
1632 0.07136662619121208
1633 0.07138873247279579
1634 0.07139773752602843
1635 0.07139717252751725
1636 0.0713936833550168
1637 0.0713872011055521
1638 0.0713772177986031
1639 0.07136177940556304
1640 0.07134085760799129
1641 0.0713127322223972
1642 0.07127678652836485
1643 0.07124114079254404
1644 0.07120406033689107
1645 0.07116407506960037
1646 0.0711192760660637
1647 0.07106512129781771
1648 0.0710029966170404
1649 0.07093076915196306
1650 0.07085004215662365
1651 0.07076414619398189
1652 0.07067280419182043
1653 0.07057621952283445
1654 0.07047510126288045
1655 0.07036892932242905
1656 0.07025609744826936
1657 0.07013747181086469
1658 0.07001643384699252
1659 0.06989216158400514
1660 0.06976633797490178
1661 0.06964018111891886
1662 0.06951422888582617
1663 0.06939109360429957
1664 0.06927402552379731
1665 0.06916370448763201
1666 0.06905421065140642
1667 0.06894567383091608
1668 0.0688413936256116
1669 0.06874188500419863
1670 0.0686432145743644
1671 0.06854221666381455
1672 0.06844429230035237
1673 0.0683490233875078
1674 0.06825506198232487
1675 0.0681645317350943
1676 0.06807882173199648
1677 0.06799695725997969
1678 0.0679145209329598
1679 0.06783424345269032
1680 0.06775870301761674
1681 0.06768591960013895
1682 0.06761314034523568
1683 0.06753959528268355
1684 0.06746914254313992
1685 0.06740214680445752
1686 0.06733656002950042
1687 0.06727084420651608
1688 0.0672067196051336
1689 0.06714356047434997
1690 0.06708008584047935
1691 0.06701662725310834
1692 0.06695040411079893
1693 0.06688428041038383
1694 0.06681944588461805
1695 0.0667543005844164
1696 0.06668839180394638
1697 0.06662501070349157
1698 0.06656743538790716
1699 0.06650714837853816
1700 0.06644077349959146
1701 0.06637172674918733
1702 0.06630514230017344
1703 0.06624065191763367
1704 0.06617403201519795
1705 0.06611107570624891
1706 0.0660574406032214
1707 0.06601287908556923
1708 0.06596590231823515
1709 0.06591337836488936
1710 0.06585944630027799
1711 0.06580461853782564
1712 0.0657497680808175
1713 0.06569616525124222
1714 0.06565023759095788
1715 0.06561253580441699
1716 0.06557836209074414
1717 0.06555166630091344
1718 0.06553124921813855
1719 0.06551364390113137
1720 0.06550076390441821
1721 0.06549005416759324
1722 0.06548056296172322
1723 0.06546788659973156
1724 0.06545476781251612
1725 0.06545008770395352
1726 0.06545240412247938
1727 0.06545620694246072
1728 0.06546174669642948
1729 0.06547430209859335
1730 0.06549066965079543
1731 0.06550488454900583
1732 0.06551537631242249
1733 0.06552525504518789
1734 0.06553671416550802
1735 0.06554998840648953
1736 0.06556655638828776
1737 0.06558541146198646
1738 0.06560720825834368
1739 0.0656356644417432
1740 0.06567213271641557
1741 0.06571557826760373
1742 0.06576187821874542
1743 0.0658099056372871
1744 0.065865817557875
1745 0.06592903184674233
1746 0.065995672120125
1747 0.06606307698583053
1748 0.06613513691307982
1749 0.06621310290690653
1750 0.06629411162399351
1751 0.06637663725012645
1752 0.06645875588531151
1753 0.06654346194942892
1754 0.06663308264519628
1755 0.06672530326485132
1756 0.0668171599948527
1757 0.06691111516617747
1758 0.06700602831485354
1759 0.06709790899052831
1760 0.06718275861022407
1761 0.0672649494596632
1762 0.06734670275190503
1763 0.06742717576874309
1764 0.06751228268213448
1765 0.06760230907374268
1766 0.06769347501938965
1767 0.0677844678899563
1768 0.06787741203351508
1769 0.06796935667984845
1770 0.06806019598275102
1771 0.06815340495066757
1772 0.06825294130412085
1773 0.06835703936267915
1774 0.06846220645146145
1775 0.06856838013126695
1776 0.06867564727484883
1777 0.06878573836619693
1778 0.06889464967339981
1779 0.06900054339792389
1780 0.06910143158876246
1781 0.06919961667590965
1782 0.06929659456979671
1783 0.06939132490475494
1784 0.06948651237327103
1785 0.06957873778534927
1786 0.0696677977015327
1787 0.06975181231840033
1788 0.06983207313730698
1789 0.06991012550119194
1790 0.06998012829115964
1791 0.07004330079112264
1792 0.07009821757519236
1793 0.07014887006673602
1794 0.07019402336774817
1795 0.07022802993158109
1796 0.07025635242931155
1797 0.0702794285303296
1798 0.07030263815287492
1799 0.07032289812780436
1800 0.07033662966787595
1801 0.07034389082473735
1802 0.07034223816747773
1803 0.07033810282290952
1804 0.07032710302497254
1805 0.07030911094789631
1806 0.07028561276495648
1807 0.07025391710972571
1808 0.07021711558066868
1809 0.07017363731391205
1810 0.07013058474461568
1811 0.07008691375138587
1812 0.07003653898455905
1813 0.06998542611827181
1814 0.06993226243160852
1815 0.06987648088030302
1816 0.06981421961074202
1817 0.06974589939836658
1818 0.06967829821211441
1819 0.06960886249999235
1820 0.06954036051144957
1821 0.06947359426297595
1822 0.0694039915412174
1823 0.06932871082214574
1824 0.06924735772330158
1825 0.06916539255189288
1826 0.06907840951175381
1827 0.0689818921813934
1828 0.06888085447737706
1829 0.06878220235034975
1830 0.06869212380977387
1831 0.0686019958240403
1832 0.06850898528165023
1833 0.06841376403106576
1834 0.06831323676981978
1835 0.06820864352263906
1836 0.0680985070921037
1837 0.06798805066408507
1838 0.06787885362916934
1839 0.06777286963261865
1840 0.06767280889356382
1841 0.06757536755968233
1842 0.0674783163532881
1843 0.06737849052181495
1844 0.06727711961940724
1845 0.06717719372154102
1846 0.0670765683521691
1847 0.0669787584811452
1848 0.06688491795195109
1849 0.06678767693392011
1850 0.06668353559586566
1851 0.06657280002113963
1852 0.06646121960261485
1853 0.0663480607940214
1854 0.0662279045010186
1855 0.06610446523902856
1856 0.06597947455270914
1857 0.06585187689468301
1858 0.065719784206417
1859 0.06557811062491962
1860 0.06542913325767687
1861 0.06527505169765045
1862 0.06511121518932017
1863 0.06493521321192143
1864 0.06474520002210869
1865 0.06454056996732326
1866 0.06432160996373178
1867 0.06408849461477074
1868 0.06384219444373208
1869 0.06358037451226438
1870 0.06330325533293983
1871 0.06301503134926269
1872 0.06271828653283351
1873 0.06241238512606031
1874 0.06210027499912896
1875 0.06178642788525962
1876 0.061472735821867894
1877 0.06115850321743355
1878 0.060844579505519296
1879 0.06053573395555624
1880 0.060235647344196036
1881 0.0599518448311704
1882 0.059689778549261746
1883 0.05945147411359319
1884 0.059242581758409615
1885 0.05907041575513186
1886 0.058941538104566316
1887 0.05885732477711593
1888 0.05882104182630102
1889 0.05884349572355265
1890 0.0589285667447422
1891 0.059073150083062194
1892 0.05927883956361711
1893 0.05955121935935889
1894 0.059886637714831575
1895 0.06027889779634608
1896 0.06072922100672754
1897 0.0612368631856666
1898 0.06179677643589921
1899 0.062404211726335417
1900 0.06306136592874137
1901 0.06376716267192564
1902 0.06451422441786604
1903 0.06529276632037954
1904 0.06609646212267743
1905 0.06691802544082208
1906 0.06774761572788746
1907 0.06857897554487336
1908 0.06939936918926089
1909 0.07020241411799732
1910 0.07098231562827279
1911 0.07172871104816336
1912 0.07242928332594839
1913 0.0730697445953325
1914 0.07364360665050242
1915 0.07414055990037857
1916 0.07455355170976377
1917 0.07487427883456033
1918 0.07509584785089331
1919 0.07521656615180727
1920 0.07523231696627297
1921 0.07514368282790589
1922 0.07495287628982872
1923 0.07466521344370781
1924 0.07428237666536919
1925 0.07380656494288407
1926 0.07324533727768588
1927 0.07261162778763704
1928 0.07191555272351763
1929 0.07116386977926265
1930 0.07037180638082499
1931 0.06955089014984925
1932 0.06870664710639247
1933 0.0678440109205538
1934 0.06697282679798039
1935 0.06610265317626174
1936 0.0652392920183114
1937 0.0643926305445214
1938 0.06357366019652774
1939 0.06279187875322087
1940 0.06205179883742265
1941 0.06135895753806598
1942 0.06072125017355145
1943 0.06014274966448127
1944 0.05963037391023508
1945 0.05918343778450151
1946 0.05880222155218691
1947 0.05848607277281849
1948 0.058229157305643105
1949 0.0580325260883493
1950 0.05788915783023298
1951 0.05779621162634112
1952 0.05775278371426372
1953 0.0577521452696133
1954 0.05779330778142322
1955 0.05787343695387094
1956 0.057983930304335254
1957 0.05811819228522629
1958 0.058269725182528175
1959 0.05842960160241668
1960 0.058591783759885795
1961 0.05874738124445353
1962 0.05888984623319626
1963 0.05901876043724969
1964 0.05913049339424119
1965 0.05922133576861301
1966 0.059287442226330526
1967 0.05933035402108133
1968 0.05935250607947563
1969 0.05935359376375702
1970 0.059338164658114805
1971 0.05930895508922915
1972 0.059274039020632885
1973 0.05924551434911287
1974 0.059227850094540256
1975 0.05922705203862574
1976 0.0592513534620459
1977 0.059303984031881675
1978 0.059373270417118436
1979 0.059443862225284735
1980 0.05951663439957876
1981 0.059588510677582675
1982 0.05965279128368931
1983 0.05971170313733166
1984 0.05976877432086106
1985 0.059833402494576984
1986 0.059907815861471196
1987 0.05999372816918351
1988 0.06009697810480411
1989 0.06021618960737852
1990 0.06035112225750183
1991 0.0604999392059638
1992 0.06065689965072127
1993 0.060817058050666194
1994 0.060977429710724985
1995 0.06113169126303387
1996 0.06128063165432143
1997 0.06142704254477164
1998 0.06157289769927785
1999 0.06171979401146379
2000 0.061860993161289166
2001 0.06199737555319762
2002 0.06213365405249311
2003 0.06226397180807996
2004 0.062383891729630665
2005 0.062490654574946486
2006 0.06258276154312638
2007 0.0626626730759348
2008 0.06272805760206135
2009 0.06278118210719211
2010 0.06282576199644999
2011 0.06286271680813368
2012 0.06289229932213633
2013 0.06291363495314296
2014 0.06293031097538043
2015 0.06294649673761282
2016 0.06296385122620221
2017 0.06298250529318947
2018 0.06300218741981323
2019 0.06302233329561388
2020 0.06304562594410852
2021 0.06307373204685268
2022 0.06310105938088158
2023 0.06312987247028629
2024 0.0631657690197896
2025 0.0632096167578161
2026 0.06325786058834412
2027 0.06331306332254856
2028 0.06337585743824402
2029 0.06344055035130888
2030 0.06350802253707254
2031 0.06357476885548982
2032 0.06363997622042447
2033 0.06370459527812125
2034 0.06377154697718627
2035 0.06384076326624184
2036 0.0639092882499252
2037 0.06397927525861719
2038 0.06404817178045032
2039 0.06411259044393416
2040 0.06417260960016065
2041 0.0642345101009066
2042 0.06430062019121846
2043 0.06436579198624538
2044 0.06443038149760165
2045 0.06449231984552008
2046 0.06455425163748409
2047 0.06461756252016868
2048 0.0646759826493668
2049 0.06473132081074495
2050 0.06478542175790097
2051 0.06484010921927681
2052 0.06488975959600488
2053 0.06492945127940317
2054 0.06496270660154226
2055 0.0649865321656651
2056 0.06500298737684349
2057 0.06501370187136815
2058 0.06501881022020593
2059 0.06501512910946865
2060 0.06500172449316904
2061 0.06498057611502184
2062 0.06495026955746427
2063 0.06491431798613004
2064 0.06487142088204095
2065 0.06482573611018846
2066 0.06477920084683657
2067 0.06473218245343554
2068 0.06468542452244985
2069 0.06463234956761364
2070 0.06457336532687238
2071 0.06451347893406087
2072 0.06445298122374299
2073 0.06438866837522243
2074 0.06432147282830332
2075 0.06425211802497052
2076 0.06417994776908181
2077 0.06410337327642585
2078 0.06402452299492792
2079 0.06394638275769052
2080 0.06386378593018104
2081 0.06377733102571165
2082 0.06368716781745466
2083 0.06359393945531519
2084 0.06349881915074788
2085 0.06339845177052421
2086 0.06329837887364347
2087 0.06319763741354724
2088 0.06309475485936167
2089 0.06299357785895278
2090 0.06289327537742265
2091 0.0627957426807666
2092 0.0626996437897928
2093 0.0626044691620602
2094 0.0625126617987549
2095 0.062420417254735794
2096 0.06232402820251312
2097 0.06222171607251981
2098 0.062114991746631834
2099 0.06200597308503523
2100 0.06189890790943533
2101 0.061792933765471715
2102 0.061685509616377546
2103 0.06157992721322577
2104 0.0614757017666194
2105 0.061374004997818976
2106 0.06127262628572382
2107 0.06117363717905011
2108 0.06108106153626313
2109 0.0609924027546059
2110 0.06090871966228521
2111 0.060826575774413603
2112 0.06074480424153164
2113 0.06066286857636575
2114 0.06057742092196064
2115 0.06049049689999529
2116 0.060402081529375144
2117 0.06031526835668116
2118 0.060230241773682934
2119 0.06014545863241053
2120 0.06006478660070871
2121 0.059987239354855386
2122 0.05991355262813677
2123 0.05984374425732991
2124 0.05977996956630921
2125 0.059724993422796614
2126 0.059672429870144116
2127 0.05961846190590035
2128 0.05956035544100516
2129 0.05949891283659585
2130 0.05943609977134059
2131 0.05937412509529009
2132 0.059318735268578296
2133 0.059272811873682586
2134 0.05923884492109201
2135 0.05921805581251538
2136 0.059211699342071565
2137 0.059215538146012964
2138 0.05922476937390514
2139 0.05924208448263241
2140 0.05927019577746845
2141 0.05930601862794616
2142 0.059347036818437095
2143 0.05939534388742732
2144 0.0594466993107847
2145 0.05950183187713157
2146 0.05956531615435787
2147 0.05963480172096674
2148 0.05971128966340412
2149 0.05979597545728017
2150 0.05989305354200505
2151 0.06000111130215448
2152 0.06011675226899495
2153 0.060243176016213866
2154 0.060376155314806584
2155 0.06051523561859624
2156 0.06066179578284068
2157 0.060816806023386724
2158 0.06098238216967879
2159 0.061154996493780034
2160 0.06133630156210094
2161 0.06152353857762246
2162 0.061717107389310806
2163 0.06191839891811676
2164 0.06212707027680972
2165 0.062349668733293714
2166 0.06258393615952165
2167 0.06283085348529484
2168 0.06308984375113864
2169 0.06335816287315749
2170 0.06363617910987128
2171 0.06391923435731252
2172 0.06420964325161828
2173 0.06451057580872017
2174 0.06481846536258994
2175 0.065133957775362
2176 0.0654560999483537
2177 0.06578176425828594
2178 0.06610830926744357
2179 0.06643748990111467
2180 0.06677369620795784
2181 0.06711622144716936
2182 0.06746357832986259
2183 0.06781553992390381
2184 0.06817529538381457
2185 0.0685382592956777
2186 0.0688972036200346
2187 0.06925188552950402
2188 0.06960269991800318
2189 0.0699493409417465
2190 0.07029076364994197
2191 0.07062485373359383
2192 0.0709525932875864
2193 0.07127717700042864
2194 0.0715963992630684
2195 0.07190536774195413
2196 0.07220181268489746
2197 0.07248635477679678
2198 0.07276278423339738
2199 0.07302890058672512
2200 0.0732798568814105
2201 0.07352095649253466
2202 0.07375303562118399
2203 0.07397039518780202
2204 0.07416903338867221
2205 0.0743502731985159
2206 0.07451819338094585
2207 0.07466877966008366
2208 0.07479824198035433
2209 0.07490755048989696
2210 0.0749997760933309
2211 0.07507593934213609
2212 0.07513243452616279
2213 0.0751722142205838
2214 0.07519874323344487
2215 0.07521178078756897
2216 0.07521346482987165
2217 0.07520242902907369
2218 0.07517803325239636
2219 0.07514399142721981
2220 0.07509922779698563
2221 0.07503905977158946
2222 0.07496656294378874
2223 0.07488743940790948
2224 0.07479758140046659
2225 0.07469281342106833
2226 0.07457776485604709
2227 0.07446055390463951
2228 0.07434206320306692
2229 0.07421795499072087
2230 0.07409136095981958
2231 0.07396428832974539
2232 0.0738352191511601
2233 0.07369958727157061
2234 0.07355472658143146
2235 0.07340379342988362
2236 0.07324965633609472
2237 0.07309480519936713
2238 0.07293963983050822
2239 0.07278159766926766
2240 0.0726241782169373
2241 0.07246916708902881
2242 0.07231156531777524
2243 0.07215105510443434
2244 0.0719889963317981
2245 0.07182858225875344
2246 0.07166751479456263
2247 0.07150648685136794
2248 0.07134540067892661
2249 0.07118341805393029
2250 0.0710216406809863
2251 0.07085803915963078
2252 0.07069521816776067
2253 0.07053239546959149
2254 0.07036850339336997
2255 0.07020226380459309
2256 0.07003538338364695
2257 0.06986922461007633
2258 0.06970336730916411
2259 0.06954185225838973
2260 0.0693833355426312
2261 0.069227850896934
2262 0.06907595901245496
2263 0.06893060016701923
2264 0.06879473746207417
2265 0.06866020708035536
2266 0.06852594364970732
2267 0.06839060410939096
2268 0.06825625331378041
2269 0.06812317661392348
2270 0.0679870256985189
2271 0.06785191838396168
2272 0.06771691539782643
2273 0.06758750632947402
2274 0.06746087250856132
2275 0.06733260733286912
2276 0.06721049480023346
2277 0.06709577265371694
2278 0.06698849673078777
2279 0.06688468699688511
2280 0.0667864146988174
2281 0.06669674759330438
2282 0.06661372995767287
2283 0.06653661104796585
2284 0.0664634176421887
2285 0.06639854956924855
2286 0.06634119842484502
2287 0.06628886827785775
2288 0.06624127492019952
2289 0.06619922235190613
2290 0.06616480678599525
2291 0.06613562518663374
2292 0.06611273623635747
2293 0.06609582874354908
2294 0.0660846241989006
2295 0.06608343058662144
2296 0.06609201358711907
2297 0.06611201735190689
2298 0.06613912671057047
2299 0.06616872765137634
2300 0.066203449097696
2301 0.06623792080541205
2302 0.06627598927778115
2303 0.06632082896475318
2304 0.06637258057772029
2305 0.06643083615558983
2306 0.06649297166961844
2307 0.06655990039153273
2308 0.06662725063286103
2309 0.06669534427333365
2310 0.06676505431561826
2311 0.06683965497116527
2312 0.0669207226580676
2313 0.06700841620705596
2314 0.06710095724891804
2315 0.06719346768595734
2316 0.06728727064925726
2317 0.06738229582742417
2318 0.0674777954891453
2319 0.06757653393018694
2320 0.06768491573972713
2321 0.06780477743058169
2322 0.0679297603546998
2323 0.06806440609407287
2324 0.06821488821199183
2325 0.06837444130999273
2326 0.06853331953707188
2327 0.06869280866462421
2328 0.06886045030946332
2329 0.06903175635512233
2330 0.06920205632017136
2331 0.06937189139475586
2332 0.06954506894663888
2333 0.0697176544957005
2334 0.0698871789226647
2335 0.07005938359867542
2336 0.07023153452099716
2337 0.07040227502328657
2338 0.07057201193536865
2339 0.07074014317312619
2340 0.07090624839428399
2341 0.07106780466211243
2342 0.07122474379948492
2343 0.07137735401878949
2344 0.0715251235971422
2345 0.07166834303624418
2346 0.0718089772208825
2347 0.07194725101057015
2348 0.0720814995270742
2349 0.0722128153327293
2350 0.07234135793191764
2351 0.07246909118980571
2352 0.07259789421885399
2353 0.07272467731729174
2354 0.07285040541414343
2355 0.07297567537885953
2356 0.07309853906191338
2357 0.07321940631542234
2358 0.07333458951008995
2359 0.07344573828664924
2360 0.07355552071715521
2361 0.07365990121851015
2362 0.07375600246588312
2363 0.07384022613864276
2364 0.0739114693473535
2365 0.07397107505979829
2366 0.07402052313246706
2367 0.07405799537090124
2368 0.07408007454452564
2369 0.07408875554890072
2370 0.07408885329214987
2371 0.07408034291723607
2372 0.07405862620012987
2373 0.07402374483055636
2374 0.07398013191897782
2375 0.07392682638825791
2376 0.0738615050583646
2377 0.07378704305556294
2378 0.07370654340092861
2379 0.07362151894383688
2380 0.07353201791355732
2381 0.07344060935159517
2382 0.07335117633629122
2383 0.07326524593651762
2384 0.07318238070964023
2385 0.07309882739623169
2386 0.07301668636564339
2387 0.07293809012327462
2388 0.0728616272346169
2389 0.0727917577177598
2390 0.07273139657389811
2391 0.07268289743423552
2392 0.07264755762184984
2393 0.07262547216712636
2394 0.07261508541253836
2395 0.07261329644274535
2396 0.07262022742289412
2397 0.07263961067770673
2398 0.07267237326965355
2399 0.07271737435593142
2400 0.07277720274644076
2401 0.07284966862394489
2402 0.07293412122181786
2403 0.07303150836063034
2404 0.0731419846881089
2405 0.07326745846674546
2406 0.07340392823788229
2407 0.07355072887368912
2408 0.07370873572913529
2409 0.07387388053496802
2410 0.0740417283783317
2411 0.0742096632706902
2412 0.07437857427488334
2413 0.07454489369281775
2414 0.07470527049993936
2415 0.07486189315743612
2416 0.07501289177370624
2417 0.07515746458798665
2418 0.07529392107591511
2419 0.07542033713298432
2420 0.07553841235329917
2421 0.07564806326142454
2422 0.0757541261292287
2423 0.07585919592295745
2424 0.0759644128131168
2425 0.07607367795875598
2426 0.07618721024575685
2427 0.0763038368204666
2428 0.07642134745302832
2429 0.07653979014425577
2430 0.07666155950755252
2431 0.07679465274147759
2432 0.0769435778043554
2433 0.07710131678518697
2434 0.07727064739221996
2435 0.07744994892857016
2436 0.07763580094679216
2437 0.0778248155700895
2438 0.07801661395219005
2439 0.07821596322679418
2440 0.07841024477364401
2441 0.07859575970948933
2442 0.07877283205773582
2443 0.07894096854163357
2444 0.07909334588097887
2445 0.07922714324526396
2446 0.07935102144621965
2447 0.07946422932305866
2448 0.07957073585418002
2449 0.07966979944581257
2450 0.07976056188752915
2451 0.07983898543700209
2452 0.07989518815549557
2453 0.07992537818449386
2454 0.07992455405919062
2455 0.0798904084813545
2456 0.07981594856761938
2457 0.07969995155850575
2458 0.07955129528753518
2459 0.07937443057975992
2460 0.07917385140925755
2461 0.07895519144701028
2462 0.07873232432022213
2463 0.07852013057344198
2464 0.07833007984316866
2465 0.07818290009370317
2466 0.0780991055547375
2467 0.07809881326510812
2468 0.07819632974267418
2469 0.07840515521469828
2470 0.07873928047547593
2471 0.07920723941944131
2472 0.07982043748950389
2473 0.08059024623071577
2474 0.0815298691015614
2475 0.08264857966947303
2476 0.08394889809670596
2477 0.08543363503924897
2478 0.0871033024373627
2479 0.08895449654184921
2480 0.09097992295339934
2481 0.09316821707464126
2482 0.09551118042965234
2483 0.09799895705820168
2484 0.10061531791058603
2485 0.10334402250091697
2486 0.10616668907366664
2487 0.10905812935170466
2488 0.11198762735586067
2489 0.11492737410209444
2490 0.11785532613065931
2491 0.12074244903300588
2492 0.12355138484904235
2493 0.12625320793534317
2494 0.12882879449618495
2495 0.1312534482690523
2496 0.1334976533891083
2497 0.1355438052879375
2498 0.13743637020099012
2499 0.13907877599124727
2500 0.14043323114058676
2501 0.14146898342640665
2502 0.1421623038565691
