0
1
200
0 0.14245195015747217
1 0.1421623038565691
2 0.14146898342640665
3 0.1404332311405867
4 0.13907877599124727
5 0.1374363702009901
6 0.13554380528793755
7 0.1334976533891083
8 0.1312534482690523
9 0.12882879449618495
10 0.12625320793534314
11 0.12355138484904248
12 0.12074244903300586
13 0.11785532613065931
14 0.11492737410209439
15 0.11198762735586071
16 0.1090581293517047
17 0.10616668907366662
18 0.1033440225009169
19 0.10061531791058612
20 0.09799895705820168
21 0.09551118042965238
22 0.09316821707464135
23 0.09097992295339934
24 0.08895449654184918
25 0.08710330243736271
26 0.08543363503924901
27 0.08394889809670593
28 0.08264857966947306
29 0.08152986910156136
30 0.08059024623071576
31 0.07982043748950383
32 0.07920723941944126
33 0.07873928047547593
34 0.07840515521469833
35 0.07819632974267421
36 0.07809881326510815
37 0.07809910555473744
38 0.0781829000937032
39 0.07833007984316863
40 0.078520130573442
41 0.07873232432022198
42 0.07895519144701023
43 0.07917385140925758
44 0.07937443057975982
45 0.07955129528753509
46 0.0796999515585059
47 0.07981594856761944
48 0.07989040848135452
49 0.07992455405919059
50 0.07992537818449394
51 0.07989518815549558
52 0.07983898543700203
53 0.07976056188752922
54 0.07966979944581264
55 0.07957073585417995
56 0.07946422932305866
57 0.07935102144621972
58 0.07922714324526396
59 0.0790933458809789
60 0.07894096854163354
61 0.0787728320577358
62 0.0785957597094893
63 0.07841024477364401
64 0.07821596322679418
65 0.07801661395218995
66 0.07782481557008941
67 0.07763580094679214
68 0.07744994892857013
69 0.07727064739221992
70 0.07710131678518696
71 0.0769435778043554
72 0.0767946527414777
73 0.07666155950755252
74 0.07653979014425574
75 0.07642134745302837
76 0.07630383682046661
77 0.07618721024575675
78 0.07607367795875601
79 0.07596441281311676
80 0.07585919592295738
81 0.07575412612922867
82 0.07564806326142456
83 0.07553841235329915
84 0.07542033713298432
85 0.07529392107591511
86 0.07515746458798665
87 0.07501289177370626
88 0.07486189315743605
89 0.07470527049993937
90 0.07454489369281786
91 0.07437857427488347
92 0.07420966327069022
93 0.07404172837833156
94 0.0738738805349679
95 0.07370873572913529
96 0.07355072887368908
97 0.0734039282378823
98 0.07326745846674546
99 0.07314198468810887
100 0.07303150836063034
101 0.07293412122181786
102 0.07284966862394487
103 0.07277720274644069
104 0.07271737435593165
105 0.07267237326965358
106 0.07263961067770673
107 0.07262022742289415
108 0.07261329644274529
109 0.07261508541253842
110 0.0726254721671263
111 0.07264755762184975
112 0.07268289743423544
113 0.07273139657389802
114 0.07279175771775971
115 0.07286162723461684
116 0.07293809012327479
117 0.07301668636564339
118 0.07309882739623169
119 0.0731823807096404
120 0.07326524593651754
121 0.0733511763362913
122 0.07344060935159523
123 0.07353201791355733
124 0.07362151894383698
125 0.07370654340092858
126 0.07378704305556306
127 0.07386150505836454
128 0.07392682638825773
129 0.07398013191897777
130 0.07402374483055636
131 0.07405862620012979
132 0.07408034291723602
133 0.07408885329214995
134 0.07408875554890064
135 0.07408007454452581
136 0.07405799537090131
137 0.07402052313246704
138 0.0739710750597985
139 0.07391146934735343
140 0.07384022613864279
141 0.07375600246588315
142 0.0736599012185101
143 0.07355552071715515
144 0.07344573828664902
145 0.07333458951008999
146 0.07321940631542222
147 0.07309853906191338
148 0.07297567537885948
149 0.0728504054141435
150 0.07272467731729164
151 0.07259789421885428
152 0.07246909118980578
153 0.07234135793191764
154 0.07221281533272929
155 0.0720814995270742
156 0.07194725101057028
157 0.07180897722088253
158 0.07166834303624446
159 0.07152512359714226
160 0.07137735401878964
161 0.07122474379948497
162 0.07106780466211228
163 0.07090624839428393
164 0.07074014317312625
165 0.07057201193536863
166 0.07040227502328641
167 0.07023153452099715
168 0.07005938359867525
169 0.06988717892266468
170 0.06971765449570048
171 0.06954506894663884
172 0.06937189139475573
173 0.06920205632017125
174 0.06903175635512233
175 0.06886045030946343
176 0.06869280866462428
177 0.06853331953707167
178 0.06837444130999275
179 0.06821488821199176
180 0.06806440609407284
181 0.06792976035469989
182 0.0678047774305818
183 0.06768491573972715
184 0.06757653393018684
185 0.06747779548914505
186 0.067382295827424
187 0.06728727064925728
188 0.06719346768595735
189 0.06710095724891804
190 0.06700841620705596
191 0.06692072265806763
192 0.06683965497116522
193 0.0667650543156183
194 0.06669534427333344
195 0.06662725063286105
196 0.06655990039153274
197 0.06649297166961846
198 0.06643083615558998
199 0.06637258057772032
