0
1
68
0 1.0820562195384482
1 1.0820562195384482
2 -0.17329055826628934
3 0.27710143731816494
4 -0.03511793552756095
5 0.16687742191061822
6 0.1264890688053457
7 0.08986642478544467
8 -0.011945755908057826
9 0.06222692548350002
10 -0.01831497700783743
11 0.04917092352925545
12 -0.01565385963541941
13 0.04344251154258978
14 -0.01177290994651214
15 0.039573598943749524
16 0.037001010400464114
17 0.03420063628683146
18 0.03197972040323374
19 0.030337733564413345
20 0.02898000856328821
21 0.02760893538086869
22 0.02644553967528673
23 0.025455821379187112
24 0.02454588864246704
25 0.02366846293914221
26 0.022909805910302262
27 0.022189841695288176
28 0.021501484980750673
29 0.020866269031755858
30 0.020285151454720686
31 0.01975251914462313
32 0.01920831341287278
33 0.018718656463620937
34 0.018238985750373214
35 0.017773334749160704
36 0.01733802271527088
37 0.016907259232833448
38 0.01649666591833182
39 0.01609273089786138
40 0.015700305521818416
41 0.015323763819609149
42 0.014954836561336863
43 0.0145865771785931
44 0.014235335567132822
45 0.013884078655967514
46 0.01353465093430737
47 0.013195606286344488
48 0.012861918612108345
49 0.012530775318026283
50 0.012203543546490878
51 0.010006882752028863
52 0.011883618158846088
53 0.01003961512622796
54 0.011564992051351265
55 0.010067267639825603
56 0.011246541829139903
57 0.010083240818803614
58 0.010936398228739222
59 0.010094096659300065
60 0.01062248956216695
61 0.010096229068511198
62 0.010311879736236788
63 0.010090561925820666
64 0.010008076849957658
65 0.01008296988542054
66 0.010063754693624553
67 0.010030671669886328
