0
1
2500
0 0.534
1 0.535
2 0.535
3 0.537
4 0.54
5 0.542
6 0.543
7 0.544
8 0.545
9 0.547
10 0.551
11 0.554
12 0.552
13 0.553
14 0.555
15 0.556
16 0.556
17 0.555
18 0.555
19 0.556
20 0.557
21 0.558
22 0.56
23 0.56
24 0.558
25 0.559
26 0.563
27 0.565
28 0.564
29 0.563
30 0.56
31 0.561
32 0.565
33 0.565
34 0.563
35 0.561
36 0.561
37 0.559
38 0.558
39 0.56
40 0.558
41 0.554
42 0.552
43 0.551
44 0.548
45 0.546
46 0.543
47 0.541
48 0.538
49 0.536
50 0.533
51 0.531
52 0.529
53 0.521
54 0.516
55 0.515
56 0.51
57 0.507
58 0.502
59 0.497
60 0.494
61 0.489
62 0.482
63 0.477
64 0.474
65 0.471
66 0.469
67 0.462
68 0.458
69 0.456
70 0.453
71 0.449
72 0.442
73 0.437
74 0.432
75 0.427
76 0.423
77 0.421
78 0.416
79 0.413
80 0.412
81 0.409
82 0.408
83 0.403
84 0.399
85 0.397
86 0.392
87 0.387
88 0.384
89 0.381
90 0.38
91 0.378
92 0.376
93 0.374
94 0.373
95 0.367
96 0.364
97 0.365
98 0.364
99 0.364
100 0.364
101 0.366
102 0.366
103 0.364
104 0.362
105 0.361
106 0.36
107 0.358
108 0.359
109 0.358
110 0.356
111 0.356
112 0.355
113 0.355
114 0.354
115 0.355
116 0.355
117 0.354
118 0.353
119 0.352
120 0.352
121 0.352
122 0.354
123 0.353
124 0.354
125 0.355
126 0.355
127 0.355
128 0.355
129 0.356
130 0.355
131 0.354
132 0.355
133 0.356
134 0.356
135 0.354
136 0.354
137 0.355
138 0.353
139 0.353
140 0.354
141 0.356
142 0.359
143 0.36
144 0.36
145 0.358
146 0.359
147 0.358
148 0.357
149 0.36
150 0.359
151 0.358
152 0.359
153 0.361
154 0.362
155 0.363
156 0.361
157 0.36
158 0.36
159 0.361
160 0.362
161 0.36
162 0.359
163 0.36
164 0.357
165 0.356
166 0.357
167 0.356
168 0.359
169 0.359
170 0.359
171 0.359
172 0.359
173 0.363
174 0.363
175 0.363
176 0.362
177 0.361
178 0.36
179 0.359
180 0.358
181 0.356
182 0.356
183 0.355
184 0.357
185 0.356
186 0.353
187 0.353
188 0.355
189 0.355
190 0.352
191 0.349
192 0.348
193 0.35
194 0.352
195 0.352
196 0.35
197 0.348
198 0.348
199 0.349
200 0.35
201 0.347
202 0.346
203 0.348
204 0.346
205 0.344
206 0.345
207 0.345
208 0.345
209 0.343
210 0.342
211 0.342
212 0.342
213 0.344
214 0.343
215 0.342
216 0.342
217 0.343
218 0.343
219 0.341
220 0.339
221 0.339
222 0.34
223 0.34
224 0.341
225 0.34
226 0.342
227 0.344
228 0.345
229 0.346
230 0.345
231 0.344
232 0.344
233 0.346
234 0.347
235 0.343
236 0.341
237 0.34
238 0.339
239 0.341
240 0.343
241 0.342
242 0.343
243 0.344
244 0.342
245 0.341
246 0.341
247 0.339
248 0.336
249 0.337
250 0.339
251 0.339
252 0.341
253 0.343
254 0.343
255 0.341
256 0.339
257 0.34
258 0.339
259 0.338
260 0.34
261 0.339
262 0.339
263 0.339
264 0.337
265 0.335
266 0.335
267 0.334
268 0.332
269 0.333
270 0.332
271 0.331
272 0.33
273 0.33
274 0.329
275 0.329
276 0.328
277 0.328
278 0.33
279 0.331
280 0.331
281 0.333
282 0.333
283 0.334
284 0.333
285 0.332
286 0.333
287 0.333
288 0.334
289 0.334
290 0.335
291 0.335
292 0.334
293 0.334
294 0.334
295 0.336
296 0.336
297 0.336
298 0.335
299 0.333
300 0.333
301 0.334
302 0.332
303 0.332
304 0.334
305 0.332
306 0.33
307 0.33
308 0.333
309 0.334
310 0.333
311 0.33
312 0.329
313 0.331
314 0.332
315 0.332
316 0.332
317 0.331
318 0.331
319 0.332
320 0.333
321 0.335
322 0.336
323 0.336
324 0.336
325 0.336
326 0.336
327 0.337
328 0.337
329 0.337
330 0.337
331 0.337
332 0.338
333 0.337
334 0.335
335 0.335
336 0.334
337 0.333
338 0.334
339 0.336
340 0.337
341 0.336
342 0.335
343 0.336
344 0.335
345 0.337
346 0.338
347 0.338
348 0.339
349 0.339
350 0.339
351 0.336
352 0.335
353 0.337
354 0.336
355 0.337
356 0.337
357 0.337
358 0.337
359 0.334
360 0.333
361 0.331
362 0.33
363 0.332
364 0.333
365 0.333
366 0.334
367 0.333
368 0.335
369 0.337
370 0.335
371 0.335
372 0.334
373 0.333
374 0.333
375 0.334
376 0.333
377 0.331
378 0.331
379 0.333
380 0.336
381 0.337
382 0.336
383 0.337
384 0.337
385 0.339
386 0.338
387 0.339
388 0.343
389 0.343
390 0.344
391 0.345
392 0.348
393 0.35
394 0.351
395 0.354
396 0.36
397 0.367
398 0.372
399 0.379
400 0.384
401 0.386
402 0.386
403 0.386
404 0.387
405 0.387
406 0.383
407 0.383
408 0.388
409 0.389
410 0.387
411 0.388
412 0.388
413 0.391
414 0.391
415 0.386
416 0.386
417 0.392
418 0.395
419 0.398
420 0.403
421 0.406
422 0.409
423 0.411
424 0.415
425 0.419
426 0.417
427 0.418
428 0.425
429 0.434
430 0.441
431 0.444
432 0.444
433 0.439
434 0.436
435 0.434
436 0.428
437 0.424
438 0.42
439 0.414
440 0.414
441 0.413
442 0.411
443 0.409
444 0.409
445 0.41
446 0.408
447 0.406
448 0.4
449 0.397
450 0.392
451 0.387
452 0.382
453 0.379
454 0.372
455 0.364
456 0.361
457 0.362
458 0.36
459 0.356
460 0.357
461 0.355
462 0.35
463 0.348
464 0.346
465 0.344
466 0.341
467 0.339
468 0.333
469 0.326
470 0.32
471 0.315
472 0.311
473 0.308
474 0.306
475 0.306
476 0.307
477 0.308
478 0.31
479 0.307
480 0.307
481 0.309
482 0.308
483 0.311
484 0.313
485 0.313
486 0.313
487 0.31
488 0.311
489 0.313
490 0.314
491 0.314
492 0.314
493 0.315
494 0.314
495 0.313
496 0.313
497 0.314
498 0.315
499 0.317
500 0.318
501 0.317
502 0.317
503 0.315
504 0.315
505 0.315
506 0.312
507 0.313
508 0.312
509 0.313
510 0.313
511 0.312
512 0.313
513 0.312
514 0.312
515 0.313
516 0.311
517 0.31
518 0.309
519 0.308
520 0.306
521 0.304
522 0.306
523 0.309
524 0.309
525 0.309
526 0.308
527 0.305
528 0.305
529 0.304
530 0.304
531 0.302
532 0.301
533 0.302
534 0.299
535 0.298
536 0.302
537 0.305
538 0.306
539 0.304
540 0.302
541 0.304
542 0.306
543 0.309
544 0.313
545 0.311
546 0.311
547 0.311
548 0.31
549 0.307
550 0.306
551 0.305
552 0.303
553 0.302
554 0.299
555 0.299
556 0.297
557 0.294
558 0.296
559 0.298
560 0.297
561 0.297
562 0.299
563 0.304
564 0.314
565 0.325
566 0.339
567 0.349
568 0.369
569 0.399
570 0.425
571 0.454
572 0.484
573 0.517
574 0.553
575 0.589
576 0.624
577 0.665
578 0.707
579 0.735
580 0.768
581 0.81
582 0.843
583 0.875
584 0.901
585 0.923
586 0.939
587 0.948
588 0.942
589 0.91
590 0.864
591 0.8
592 0.724
593 0.646
594 0.577
595 0.503
596 0.426
597 0.361
598 0.31
599 0.262
600 0.215
601 0.181
602 0.162
603 0.145
604 0.135
605 0.117
606 0.068
607 0.033
608 0.022
609 0.011
610 0.001
611 -0.015
612 -0.021
613 -0.013
614 0.004
615 0.014
616 0.025
617 0.043
618 0.058
619 0.073
620 0.09
621 0.104
622 0.119
623 0.14
624 0.161
625 0.181
626 0.2
627 0.214
628 0.227
629 0.236
630 0.247
631 0.259
632 0.268
633 0.277
634 0.285
635 0.293
636 0.3
637 0.307
638 0.31
639 0.313
640 0.316
641 0.319
642 0.321
643 0.32
644 0.32
645 0.32
646 0.323
647 0.326
648 0.327
649 0.327
650 0.328
651 0.328
652 0.33
653 0.331
654 0.334
655 0.334
656 0.333
657 0.334
658 0.335
659 0.336
660 0.336
661 0.336
662 0.336
663 0.337
664 0.338
665 0.339
666 0.34
667 0.338
668 0.336
669 0.338
670 0.34
671 0.341
672 0.343
673 0.345
674 0.344
675 0.344
676 0.344
677 0.345
678 0.344
679 0.347
680 0.35
681 0.351
682 0.349
683 0.348
684 0.351
685 0.349
686 0.348
687 0.35
688 0.349
689 0.35
690 0.35
691 0.349
692 0.352
693 0.357
694 0.357
695 0.358
696 0.36
697 0.362
698 0.364
699 0.363
700 0.363
701 0.363
702 0.363
703 0.363
704 0.365
705 0.366
706 0.364
707 0.362
708 0.366
709 0.368
710 0.366
711 0.367
712 0.368
713 0.37
714 0.372
715 0.373
716 0.375
717 0.376
718 0.375
719 0.377
720 0.379
721 0.379
722 0.379
723 0.381
724 0.381
725 0.38
726 0.384
727 0.386
728 0.388
729 0.393
730 0.393
731 0.393
732 0.393
733 0.396
734 0.397
735 0.397
736 0.396
737 0.397
738 0.4
739 0.401
740 0.401
741 0.399
742 0.398
743 0.401
744 0.402
745 0.404
746 0.406
747 0.407
748 0.41
749 0.414
750 0.417
751 0.419
752 0.422
753 0.423
754 0.426
755 0.427
756 0.429
757 0.433
758 0.436
759 0.44
760 0.439
761 0.439
762 0.443
763 0.446
764 0.45
765 0.45
766 0.454
767 0.455
768 0.456
769 0.461
770 0.46
771 0.46
772 0.462
773 0.465
774 0.468
775 0.47
776 0.474
777 0.476
778 0.474
779 0.474
780 0.476
781 0.478
782 0.479
783 0.48
784 0.483
785 0.486
786 0.49
787 0.493
788 0.495
789 0.496
790 0.498
791 0.503
792 0.505
793 0.507
794 0.508
795 0.509
796 0.511
797 0.511
798 0.513
799 0.515
800 0.515
801 0.516
802 0.519
803 0.524
804 0.524
805 0.523
806 0.524
807 0.528
808 0.532
809 0.534
810 0.535
811 0.537
812 0.536
813 0.538
814 0.544
815 0.547
816 0.547
817 0.547
818 0.546
819 0.545
820 0.548
821 0.549
822 0.55
823 0.552
824 0.553
825 0.551
826 0.547
827 0.547
828 0.549
829 0.55
830 0.551
831 0.551
832 0.552
833 0.55
834 0.55
835 0.549
836 0.548
837 0.548
838 0.549
839 0.548
840 0.548
841 0.547
842 0.546
843 0.545
844 0.544
845 0.54
846 0.537
847 0.536
848 0.534
849 0.532
850 0.53
851 0.527
852 0.524
853 0.522
854 0.519
855 0.514
856 0.507
857 0.503
858 0.501
859 0.495
860 0.491
861 0.488
862 0.486
863 0.482
864 0.478
865 0.473
866 0.468
867 0.465
868 0.46
869 0.453
870 0.448
871 0.443
872 0.438
873 0.435
874 0.432
875 0.427
876 0.425
877 0.423
878 0.419
879 0.417
880 0.414
881 0.408
882 0.404
883 0.402
884 0.398
885 0.395
886 0.394
887 0.389
888 0.385
889 0.383
890 0.38
891 0.379
892 0.376
893 0.371
894 0.368
895 0.365
896 0.362
897 0.359
898 0.357
899 0.354
900 0.351
901 0.352
902 0.351
903 0.349
904 0.347
905 0.349
906 0.348
907 0.346
908 0.345
909 0.345
910 0.345
911 0.346
912 0.347
913 0.343
914 0.343
915 0.344
916 0.341
917 0.343
918 0.343
919 0.342
920 0.342
921 0.344
922 0.343
923 0.344
924 0.343
925 0.34
926 0.341
927 0.341
928 0.342
929 0.34
930 0.341
931 0.344
932 0.344
933 0.347
934 0.347
935 0.346
936 0.347
937 0.346
938 0.345
939 0.345
940 0.344
941 0.345
942 0.345
943 0.345
944 0.343
945 0.343
946 0.345
947 0.344
948 0.341
949 0.341
950 0.343
951 0.344
952 0.344
953 0.344
954 0.342
955 0.34
956 0.34
957 0.342
958 0.344
959 0.344
960 0.344
961 0.344
962 0.344
963 0.345
964 0.344
965 0.342
966 0.343
967 0.344
968 0.344
969 0.345
970 0.342
971 0.342
972 0.344
973 0.344
974 0.345
975 0.345
976 0.343
977 0.341
978 0.342
979 0.341
980 0.341
981 0.342
982 0.342
983 0.342
984 0.343
985 0.341
986 0.339
987 0.339
988 0.341
989 0.341
990 0.342
991 0.341
992 0.339
993 0.337
994 0.337
995 0.336
996 0.334
997 0.334
998 0.334
999 0.335
1000 0.335
1001 0.335
1002 0.335
1003 0.335
1004 0.335
1005 0.337
1006 0.338
1007 0.337
1008 0.337
1009 0.336
1010 0.338
1011 0.337
1012 0.339
1013 0.34
1014 0.337
1015 0.337
1016 0.335
1017 0.335
1018 0.335
1019 0.335
1020 0.336
1021 0.336
1022 0.334
1023 0.332
1024 0.332
1025 0.333
1026 0.333
1027 0.333
1028 0.332
1029 0.333
1030 0.333
1031 0.331
1032 0.332
1033 0.332
1034 0.332
1035 0.332
1036 0.331
1037 0.331
1038 0.332
1039 0.334
1040 0.333
1041 0.333
1042 0.333
1043 0.333
1044 0.336
1045 0.337
1046 0.339
1047 0.339
1048 0.338
1049 0.339
1050 0.339
1051 0.338
1052 0.336
1053 0.338
1054 0.339
1055 0.34
1056 0.342
1057 0.339
1058 0.335
1059 0.334
1060 0.334
1061 0.337
1062 0.338
1063 0.336
1064 0.338
1065 0.34
1066 0.34
1067 0.34
1068 0.342
1069 0.343
1070 0.344
1071 0.346
1072 0.343
1073 0.339
1074 0.34
1075 0.342
1076 0.341
1077 0.34
1078 0.34
1079 0.34
1080 0.341
1081 0.342
1082 0.343
1083 0.343
1084 0.343
1085 0.342
1086 0.341
1087 0.339
1088 0.337
1089 0.333
1090 0.334
1091 0.335
1092 0.332
1093 0.332
1094 0.332
1095 0.331
1096 0.331
1097 0.33
1098 0.331
1099 0.33
1100 0.33
1101 0.327
1102 0.324
1103 0.326
1104 0.326
1105 0.328
1106 0.328
1107 0.327
1108 0.328
1109 0.325
1110 0.325
1111 0.325
1112 0.324
1113 0.325
1114 0.324
1115 0.322
1116 0.322
1117 0.323
1118 0.325
1119 0.325
1120 0.325
1121 0.326
1122 0.327
1123 0.325
1124 0.322
1125 0.323
1126 0.325
1127 0.329
1128 0.33
1129 0.328
1130 0.327
1131 0.327
1132 0.329
1133 0.329
1134 0.328
1135 0.327
1136 0.327
1137 0.328
1138 0.327
1139 0.326
1140 0.324
1141 0.325
1142 0.325
1143 0.323
1144 0.323
1145 0.325
1146 0.326
1147 0.324
1148 0.323
1149 0.325
1150 0.324
1151 0.324
1152 0.329
1153 0.333
1154 0.331
1155 0.329
1156 0.329
1157 0.33
1158 0.329
1159 0.328
1160 0.328
1161 0.327
1162 0.326
1163 0.326
1164 0.326
1165 0.326
1166 0.325
1167 0.327
1168 0.327
1169 0.327
1170 0.329
1171 0.329
1172 0.329
1173 0.328
1174 0.328
1175 0.329
1176 0.33
1177 0.333
1178 0.334
1179 0.333
1180 0.334
1181 0.338
1182 0.342
1183 0.344
1184 0.35
1185 0.354
1186 0.358
1187 0.363
1188 0.366
1189 0.371
1190 0.376
1191 0.38
1192 0.381
1193 0.38
1194 0.38
1195 0.376
1196 0.373
1197 0.377
1198 0.381
1199 0.382
1200 0.379
1201 0.377
1202 0.377
1203 0.376
1204 0.38
1205 0.384
1206 0.384
1207 0.385
1208 0.385
1209 0.39
1210 0.395
1211 0.396
1212 0.399
1213 0.402
1214 0.406
1215 0.41
1216 0.413
1217 0.416
1218 0.421
1219 0.427
1220 0.434
1221 0.443
1222 0.448
1223 0.448
1224 0.445
1225 0.44
1226 0.433
1227 0.427
1228 0.422
1229 0.418
1230 0.415
1231 0.414
1232 0.411
1233 0.406
1234 0.404
1235 0.401
1236 0.402
1237 0.401
1238 0.396
1239 0.392
1240 0.387
1241 0.381
1242 0.376
1243 0.372
1244 0.368
1245 0.362
1246 0.358
1247 0.354
1248 0.35
1249 0.344
1250 0.341
1251 0.341
1252 0.341
1253 0.341
1254 0.338
1255 0.335
1256 0.333
1257 0.333
1258 0.327
1259 0.321
1260 0.317
1261 0.311
1262 0.308
1263 0.304
1264 0.3
1265 0.3
1266 0.301
1267 0.302
1268 0.302
1269 0.304
1270 0.307
1271 0.307
1272 0.307
1273 0.306
1274 0.307
1275 0.308
1276 0.308
1277 0.309
1278 0.308
1279 0.309
1280 0.309
1281 0.31
1282 0.31
1283 0.308
1284 0.308
1285 0.306
1286 0.309
1287 0.311
1288 0.308
1289 0.306
1290 0.301
1291 0.302
1292 0.304
1293 0.302
1294 0.305
1295 0.307
1296 0.306
1297 0.307
1298 0.307
1299 0.306
1300 0.306
1301 0.306
1302 0.302
1303 0.3
1304 0.3
1305 0.3
1306 0.302
1307 0.303
1308 0.303
1309 0.304
1310 0.306
1311 0.306
1312 0.306
1313 0.304
1314 0.3
1315 0.3
1316 0.302
1317 0.305
1318 0.305
1319 0.303
1320 0.302
1321 0.304
1322 0.304
1323 0.304
1324 0.305
1325 0.303
1326 0.304
1327 0.305
1328 0.306
1329 0.305
1330 0.305
1331 0.307
1332 0.307
1333 0.308
1334 0.309
1335 0.308
1336 0.308
1337 0.309
1338 0.308
1339 0.307
1340 0.308
1341 0.307
1342 0.308
1343 0.307
1344 0.303
1345 0.301
1346 0.298
1347 0.297
1348 0.296
1349 0.3
1350 0.305
1351 0.306
1352 0.305
1353 0.306
1354 0.312
1355 0.322
1356 0.336
1357 0.351
1358 0.372
1359 0.397
1360 0.419
1361 0.447
1362 0.475
1363 0.506
1364 0.534
1365 0.567
1366 0.607
1367 0.641
1368 0.683
1369 0.727
1370 0.758
1371 0.796
1372 0.839
1373 0.876
1374 0.903
1375 0.925
1376 0.947
1377 0.959
1378 0.966
1379 0.95
1380 0.91
1381 0.859
1382 0.788
1383 0.705
1384 0.63
1385 0.553
1386 0.473
1387 0.393
1388 0.331
1389 0.284
1390 0.236
1391 0.196
1392 0.161
1393 0.146
1394 0.134
1395 0.125
1396 0.096
1397 0.046
1398 0.025
1399 0.018
1400 0.007
1401 -0.004
1402 -0.018
1403 -0.024
1404 -0.015
1405 -0.003
1406 0.011
1407 0.025
1408 0.04
1409 0.057
1410 0.075
1411 0.089
1412 0.102
1413 0.12
1414 0.142
1415 0.164
1416 0.182
1417 0.198
1418 0.216
1419 0.23
1420 0.24
1421 0.252
1422 0.263
1423 0.274
1424 0.283
1425 0.291
1426 0.297
1427 0.303
1428 0.308
1429 0.315
1430 0.321
1431 0.321
1432 0.325
1433 0.328
1434 0.328
1435 0.329
1436 0.33
1437 0.331
1438 0.333
1439 0.332
1440 0.331
1441 0.331
1442 0.335
1443 0.338
1444 0.339
1445 0.338
1446 0.338
1447 0.339
1448 0.341
1449 0.342
1450 0.344
1451 0.346
1452 0.346
1453 0.351
1454 0.354
1455 0.354
1456 0.356
1457 0.353
1458 0.353
1459 0.355
1460 0.355
1461 0.356
1462 0.355
1463 0.355
1464 0.356
1465 0.36
1466 0.364
1467 0.366
1468 0.369
1469 0.369
1470 0.368
1471 0.37
1472 0.368
1473 0.364
1474 0.363
1475 0.366
1476 0.367
1477 0.366
1478 0.368
1479 0.371
1480 0.375
1481 0.376
1482 0.37
1483 0.366
1484 0.368
1485 0.371
1486 0.372
1487 0.373
1488 0.374
1489 0.373
1490 0.371
1491 0.374
1492 0.376
1493 0.376
1494 0.376
1495 0.377
1496 0.381
1497 0.381
1498 0.382
1499 0.382
1500 0.378
1501 0.379
1502 0.378
1503 0.379
1504 0.382
1505 0.385
1506 0.386
1507 0.388
1508 0.388
1509 0.388
1510 0.387
1511 0.386
1512 0.389
1513 0.39
1514 0.39
1515 0.39
1516 0.391
1517 0.397
1518 0.399
1519 0.403
1520 0.402
1521 0.399
1522 0.402
1523 0.401
1524 0.402
1525 0.401
1526 0.399
1527 0.403
1528 0.403
1529 0.407
1530 0.41
1531 0.406
1532 0.408
1533 0.408
1534 0.409
1535 0.411
1536 0.411
1537 0.413
1538 0.415
1539 0.418
1540 0.422
1541 0.425
1542 0.427
1543 0.428
1544 0.428
1545 0.43
1546 0.43
1547 0.431
1548 0.435
1549 0.435
1550 0.435
1551 0.44
1552 0.441
1553 0.443
1554 0.449
1555 0.452
1556 0.454
1557 0.452
1558 0.453
1559 0.458
1560 0.457
1561 0.458
1562 0.458
1563 0.461
1564 0.468
1565 0.468
1566 0.469
1567 0.472
1568 0.471
1569 0.473
1570 0.477
1571 0.48
1572 0.481
1573 0.48
1574 0.486
1575 0.492
1576 0.496
1577 0.499
1578 0.499
1579 0.501
1580 0.5
1581 0.507
1582 0.51
1583 0.51
1584 0.515
1585 0.515
1586 0.518
1587 0.523
1588 0.522
1589 0.522
1590 0.524
1591 0.526
1592 0.525
1593 0.526
1594 0.531
1595 0.533
1596 0.534
1597 0.536
1598 0.537
1599 0.538
1600 0.537
1601 0.537
1602 0.538
1603 0.54
1604 0.54
1605 0.539
1606 0.541
1607 0.541
1608 0.539
1609 0.539
1610 0.542
1611 0.543
1612 0.542
1613 0.545
1614 0.544
1615 0.543
1616 0.543
1617 0.543
1618 0.541
1619 0.54
1620 0.544
1621 0.545
1622 0.542
1623 0.543
1624 0.543
1625 0.543
1626 0.543
1627 0.542
1628 0.544
1629 0.546
1630 0.545
1631 0.542
1632 0.537
1633 0.532
1634 0.531
1635 0.529
1636 0.529
1637 0.53
1638 0.527
1639 0.525
1640 0.523
1641 0.519
1642 0.518
1643 0.513
1644 0.506
1645 0.503
1646 0.496
1647 0.495
1648 0.499
1649 0.492
1650 0.485
1651 0.483
1652 0.48
1653 0.477
1654 0.469
1655 0.467
1656 0.467
1657 0.461
1658 0.456
1659 0.45
1660 0.445
1661 0.441
1662 0.436
1663 0.432
1664 0.427
1665 0.421
1666 0.414
1667 0.413
1668 0.411
1669 0.403
1670 0.4
1671 0.401
1672 0.395
1673 0.394
1674 0.391
1675 0.389
1676 0.388
1677 0.381
1678 0.378
1679 0.374
1680 0.371
1681 0.37
1682 0.369
1683 0.37
1684 0.365
1685 0.36
1686 0.36
1687 0.36
1688 0.354
1689 0.353
1690 0.353
1691 0.353
1692 0.349
1693 0.346
1694 0.348
1695 0.346
1696 0.344
1697 0.342
1698 0.339
1699 0.339
1700 0.337
1701 0.337
1702 0.34
1703 0.341
1704 0.34
1705 0.339
1706 0.338
1707 0.335
1708 0.335
1709 0.337
1710 0.338
1711 0.337
1712 0.339
1713 0.34
1714 0.34
1715 0.338
1716 0.338
1717 0.342
1718 0.343
1719 0.336
1720 0.332
1721 0.331
1722 0.334
1723 0.336
1724 0.335
1725 0.335
1726 0.335
1727 0.335
1728 0.335
1729 0.332
1730 0.329
1731 0.332
1732 0.332
1733 0.331
1734 0.334
1735 0.335
1736 0.336
1737 0.336
1738 0.337
1739 0.336
1740 0.334
1741 0.329
1742 0.329
1743 0.331
1744 0.334
1745 0.335
1746 0.331
1747 0.333
1748 0.331
1749 0.331
1750 0.331
1751 0.329
1752 0.331
1753 0.33
1754 0.336
1755 0.338
1756 0.333
1757 0.334
1758 0.332
1759 0.329
1760 0.329
1761 0.331
1762 0.333
1763 0.335
1764 0.334
1765 0.329
1766 0.33
1767 0.327
1768 0.325
1769 0.327
1770 0.327
1771 0.327
1772 0.324
1773 0.322
1774 0.318
1775 0.32
1776 0.32
1777 0.319
1778 0.318
1779 0.315
1780 0.316
1781 0.315
1782 0.313
1783 0.315
1784 0.314
1785 0.312
1786 0.313
1787 0.314
1788 0.315
1789 0.315
1790 0.315
1791 0.315
1792 0.317
1793 0.315
1794 0.314
1795 0.316
1796 0.316
1797 0.314
1798 0.31
1799 0.309
1800 0.311
1801 0.313
1802 0.313
1803 0.31
1804 0.308
1805 0.313
1806 0.313
1807 0.308
1808 0.307
1809 0.306
1810 0.307
1811 0.304
1812 0.302
1813 0.303
1814 0.307
1815 0.309
1816 0.304
1817 0.302
1818 0.304
1819 0.304
1820 0.304
1821 0.304
1822 0.3
1823 0.299
1824 0.3
1825 0.304
1826 0.304
1827 0.301
1828 0.303
1829 0.302
1830 0.305
1831 0.307
1832 0.303
1833 0.303
1834 0.303
1835 0.305
1836 0.304
1837 0.306
1838 0.306
1839 0.304
1840 0.305
1841 0.304
1842 0.306
1843 0.302
1844 0.298
1845 0.301
1846 0.301
1847 0.3
1848 0.301
1849 0.298
1850 0.298
1851 0.301
1852 0.302
1853 0.305
1854 0.308
1855 0.307
1856 0.307
1857 0.306
1858 0.301
1859 0.3
1860 0.297
1861 0.297
1862 0.299
1863 0.296
1864 0.294
1865 0.291
1866 0.295
1867 0.295
1868 0.297
1869 0.297
1870 0.29
1871 0.293
1872 0.296
1873 0.294
1874 0.296
1875 0.298
1876 0.299
1877 0.298
1878 0.296
1879 0.301
1880 0.303
1881 0.297
1882 0.296
1883 0.298
1884 0.298
1885 0.299
1886 0.301
1887 0.301
1888 0.3
1889 0.3
1890 0.295
1891 0.293
1892 0.298
1893 0.295
1894 0.294
1895 0.294
1896 0.292
1897 0.292
1898 0.291
1899 0.291
1900 0.294
1901 0.298
1902 0.299
1903 0.296
1904 0.292
1905 0.295
1906 0.299
1907 0.298
1908 0.299
1909 0.299
1910 0.299
1911 0.3
1912 0.3
1913 0.294
1914 0.296
1915 0.297
1916 0.293
1917 0.295
1918 0.296
1919 0.297
1920 0.294
1921 0.292
1922 0.292
1923 0.292
1924 0.294
1925 0.295
1926 0.297
1927 0.292
1928 0.291
1929 0.291
1930 0.29
1931 0.292
1932 0.295
1933 0.296
1934 0.293
1935 0.293
1936 0.295
1937 0.294
1938 0.293
1939 0.295
1940 0.297
1941 0.297
1942 0.3
1943 0.299
1944 0.297
1945 0.296
1946 0.298
1947 0.301
1948 0.301
1949 0.302
1950 0.299
1951 0.301
1952 0.302
1953 0.306
1954 0.304
1955 0.296
1956 0.294
1957 0.295
1958 0.295
1959 0.295
1960 0.293
1961 0.294
1962 0.298
1963 0.3
1964 0.299
1965 0.303
1966 0.306
1967 0.307
1968 0.309
1969 0.311
1970 0.318
1971 0.321
1972 0.319
1973 0.317
1974 0.32
1975 0.323
1976 0.33
1977 0.343
1978 0.344
1979 0.342
1980 0.343
1981 0.342
1982 0.343
1983 0.341
1984 0.34
1985 0.336
1986 0.338
1987 0.34
1988 0.337
1989 0.34
1990 0.342
1991 0.338
1992 0.337
1993 0.336
1994 0.335
1995 0.344
1996 0.351
1997 0.354
1998 0.354
1999 0.359
2000 0.362
2001 0.364
2002 0.366
2003 0.365
2004 0.369
2005 0.372
2006 0.376
2007 0.387
2008 0.397
2009 0.405
2010 0.407
2011 0.405
2012 0.403
2013 0.403
2014 0.4
2015 0.391
2016 0.383
2017 0.381
2018 0.381
2019 0.381
2020 0.382
2021 0.381
2022 0.379
2023 0.378
2024 0.374
2025 0.374
2026 0.376
2027 0.367
2028 0.362
2029 0.357
2030 0.346
2031 0.344
2032 0.339
2033 0.33
2034 0.324
2035 0.324
2036 0.321
2037 0.318
2038 0.319
2039 0.318
2040 0.315
2041 0.308
2042 0.306
2043 0.306
2044 0.305
2045 0.303
2046 0.293
2047 0.29
2048 0.286
2049 0.279
2050 0.275
2051 0.268
2052 0.268
2053 0.27
2054 0.269
2055 0.275
2056 0.278
2057 0.278
2058 0.277
2059 0.274
2060 0.277
2061 0.279
2062 0.281
2063 0.283
2064 0.281
2065 0.277
2066 0.277
2067 0.28
2068 0.281
2069 0.28
2070 0.28
2071 0.279
2072 0.279
2073 0.281
2074 0.281
2075 0.282
2076 0.282
2077 0.28
2078 0.277
2079 0.278
2080 0.279
2081 0.275
2082 0.276
2083 0.273
2084 0.271
2085 0.272
2086 0.275
2087 0.272
2088 0.267
2089 0.273
2090 0.274
2091 0.276
2092 0.28
2093 0.272
2094 0.273
2095 0.275
2096 0.267
2097 0.267
2098 0.272
2099 0.269
2100 0.267
2101 0.268
2102 0.266
2103 0.266
2104 0.266
2105 0.265
2106 0.266
2107 0.266
2108 0.265
2109 0.265
2110 0.265
2111 0.268
2112 0.273
2113 0.273
2114 0.272
2115 0.274
2116 0.272
2117 0.269
2118 0.27
2119 0.275
2120 0.277
2121 0.277
2122 0.278
2123 0.277
2124 0.275
2125 0.274
2126 0.274
2127 0.277
2128 0.278
2129 0.277
2130 0.278
2131 0.275
2132 0.271
2133 0.275
2134 0.274
2135 0.268
2136 0.267
2137 0.272
2138 0.275
2139 0.276
2140 0.278
2141 0.278
2142 0.282
2143 0.292
2144 0.307
2145 0.319
2146 0.33
2147 0.354
2148 0.378
2149 0.4
2150 0.428
2151 0.46
2152 0.489
2153 0.52
2154 0.56
2155 0.59
2156 0.625
2157 0.671
2158 0.704
2159 0.738
2160 0.774
2161 0.814
2162 0.84
2163 0.856
2164 0.876
2165 0.889
2166 0.895
2167 0.882
2168 0.84
2169 0.785
2170 0.725
2171 0.651
2172 0.577
2173 0.507
2174 0.433
2175 0.361
2176 0.302
2177 0.253
2178 0.208
2179 0.17
2180 0.131
2181 0.109
2182 0.1
2183 0.09
2184 0.052
2185 0.004
2186 -0.011
2187 -0.022
2188 -0.029
2189 -0.032
2190 -0.043
2191 -0.053
2192 -0.045
2193 -0.032
2194 -0.011
2195 0.007
2196 0.021
2197 0.038
2198 0.053
2199 0.067
2200 0.081
2201 0.1
2202 0.123
2203 0.143
2204 0.16
2205 0.174
2206 0.187
2207 0.2
2208 0.214
2209 0.228
2210 0.238
2211 0.247
2212 0.261
2213 0.271
2214 0.274
2215 0.278
2216 0.279
2217 0.289
2218 0.299
2219 0.3
2220 0.3
2221 0.3
2222 0.305
2223 0.306
2224 0.306
2225 0.307
2226 0.308
2227 0.311
2228 0.309
2229 0.303
2230 0.307
2231 0.308
2232 0.31
2233 0.315
2234 0.313
2235 0.311
2236 0.31
2237 0.314
2238 0.315
2239 0.315
2240 0.311
2241 0.309
2242 0.314
2243 0.316
2244 0.32
2245 0.32
2246 0.321
2247 0.324
2248 0.327
2249 0.33
2250 0.333
2251 0.333
2252 0.327
2253 0.329
2254 0.33
2255 0.331
2256 0.333
2257 0.337
2258 0.334
2259 0.33
2260 0.338
2261 0.337
2262 0.336
2263 0.334
2264 0.336
2265 0.339
2266 0.34
2267 0.341
2268 0.338
2269 0.339
2270 0.336
2271 0.337
2272 0.342
2273 0.342
2274 0.348
2275 0.347
2276 0.342
2277 0.343
2278 0.343
2279 0.343
2280 0.348
2281 0.351
2282 0.348
2283 0.346
2284 0.345
2285 0.347
2286 0.351
2287 0.357
2288 0.352
2289 0.35
2290 0.353
2291 0.353
2292 0.359
2293 0.362
2294 0.361
2295 0.362
2296 0.364
2297 0.365
2298 0.367
2299 0.371
2300 0.37
2301 0.365
2302 0.364
2303 0.368
2304 0.366
2305 0.367
2306 0.372
2307 0.372
2308 0.373
2309 0.373
2310 0.376
2311 0.376
2312 0.378
2313 0.381
2314 0.385
2315 0.385
2316 0.383
2317 0.389
2318 0.388
2319 0.385
2320 0.386
2321 0.386
2322 0.388
2323 0.389
2324 0.393
2325 0.397
2326 0.395
2327 0.393
2328 0.396
2329 0.398
2330 0.402
2331 0.403
2332 0.404
2333 0.41
2334 0.409
2335 0.409
2336 0.409
2337 0.41
2338 0.418
2339 0.425
2340 0.427
2341 0.425
2342 0.425
2343 0.429
2344 0.43
2345 0.431
2346 0.439
2347 0.44
2348 0.439
2349 0.442
2350 0.443
2351 0.446
2352 0.449
2353 0.449
2354 0.45
2355 0.449
2356 0.451
2357 0.455
2358 0.457
2359 0.457
2360 0.46
2361 0.463
2362 0.462
2363 0.462
2364 0.466
2365 0.47
2366 0.471
2367 0.469
2368 0.468
2369 0.475
2370 0.481
2371 0.484
2372 0.492
2373 0.495
2374 0.492
2375 0.496
2376 0.501
2377 0.497
2378 0.496
2379 0.5
2380 0.502
2381 0.507
2382 0.514
2383 0.508
2384 0.506
2385 0.517
2386 0.519
2387 0.517
2388 0.512
2389 0.51
2390 0.512
2391 0.515
2392 0.514
2393 0.515
2394 0.515
2395 0.513
2396 0.517
2397 0.522
2398 0.524
2399 0.522
2400 0.523
2401 0.526
2402 0.527
2403 0.524
2404 0.524
2405 0.527
2406 0.524
2407 0.526
2408 0.53
2409 0.523
2410 0.52
2411 0.523
2412 0.523
2413 0.521
2414 0.523
2415 0.528
2416 0.528
2417 0.527
2418 0.527
2419 0.521
2420 0.521
2421 0.527
2422 0.521
2423 0.515
2424 0.517
2425 0.516
2426 0.515
2427 0.515
2428 0.509
2429 0.503
2430 0.501
2431 0.491
2432 0.488
2433 0.49
2434 0.489
2435 0.487
2436 0.48
2437 0.475
2438 0.47
2439 0.466
2440 0.459
2441 0.457
2442 0.455
2443 0.45
2444 0.448
2445 0.442
2446 0.443
2447 0.443
2448 0.432
2449 0.423
2450 0.417
2451 0.415
2452 0.408
2453 0.403
2454 0.402
2455 0.397
2456 0.394
2457 0.388
2458 0.386
2459 0.381
2460 0.377
2461 0.378
2462 0.373
2463 0.371
2464 0.368
2465 0.364
2466 0.361
2467 0.359
2468 0.355
2469 0.35
2470 0.346
2471 0.346
2472 0.345
2473 0.344
2474 0.345
2475 0.344
2476 0.339
2477 0.334
2478 0.336
2479 0.336
2480 0.327
2481 0.326
2482 0.327
2483 0.325
2484 0.326
2485 0.323
2486 0.319
2487 0.32
2488 0.322
2489 0.322
2490 0.322
2491 0.321
2492 0.317
2493 0.319
2494 0.323
2495 0.324
2496 0.324
2497 0.324
2498 0.321
2499 0.32
