0
1
2506
-3 0.006765628048604685
-2 0.042152372670520626
-1 0.12482494592008159
0 0.7658049788522179
1 0.8497818048340865
2 0.8858440304330789
3 0.8956851394587599
4 0.8999954964805915
5 0.9032256709589105
6 0.9052054046682947
7 0.9070684540227765
8 0.9091271010335744
9 0.9125528731682098
10 0.9180854365193497
11 0.9222315634260771
12 0.9208858080931912
13 0.9224014612988474
14 0.925003700560292
15 0.9264877481318836
16 0.9266455747347117
17 0.9256160710529866
18 0.9257076540698473
19 0.9270876870019837
20 0.9287168914609565
21 0.9304218761197581
22 0.9329356654659272
23 0.9331315012150957
24 0.9313216653784819
25 0.9329762092683485
26 0.9380288892987281
27 0.940829621225222
28 0.9398758977433255
29 0.9383572122198308
30 0.9349812824086261
31 0.9362317231775611
32 0.9408171896026275
33 0.9410223238728052
34 0.9385652414987415
35 0.9357613764706624
36 0.9349692111386838
37 0.9323638387756539
38 0.9309553333110386
39 0.932468451860614
40 0.9295223249538866
41 0.9241191156730957
42 0.9206144302370464
43 0.9181801526377958
44 0.9137088359115509
45 0.9101185955689592
46 0.905464350901845
47 0.9017951972578391
48 0.8971282828752782
49 0.8934717989467192
50 0.8887951098574444
51 0.8848578487679846
52 0.88034295592148
53 0.869360012931305
54 0.8614407177411165
55 0.857876415274923
56 0.8504304991094719
57 0.8447847448576673
58 0.8369412298673076
59 0.8290216965842667
60 0.8229784808166593
61 0.8146677522209862
62 0.8042219979691816
63 0.7960817656917832
64 0.7904959888227754
65 0.7851882314150408
66 0.780688903292716
67 0.7709535060627432
68 0.7643413586135953
69 0.7600157972202364
70 0.7546069201817794
71 0.7476822526285609
72 0.7372713744215116
73 0.728730172124767
74 0.7203785393740203
75 0.7123705561757041
76 0.705723908083759
77 0.7013256995921565
78 0.6941196564325326
79 0.6891969289180064
80 0.6865826183866195
81 0.6820292552573756
82 0.679197140740364
83 0.6720164370116338
84 0.6656347632635574
85 0.6611294070309143
86 0.6534814896968706
87 0.6458493751798591
88 0.6405636867923273
89 0.6357925196774586
90 0.6333991462332815
91 0.6301531689379304
92 0.6268878803220039
93 0.6234431722687511
94 0.620661736613527
95 0.6127387098762487
96 0.6082074157672072
97 0.6083785105309867
98 0.6070837944125405
99 0.6070898225228587
100 0.6073202962239302
101 0.6095497999056555
102 0.6094046430182741
103 0.6067488298863092
104 0.6038185057966139
105 0.601902120664464
106 0.6001337874284283
107 0.5975506213947066
108 0.5980751404176302
109 0.5965626203135597
110 0.5939825873814233
111 0.593452263291728
112 0.5920535325338265
113 0.5917850496864148
114 0.5906608298862432
115 0.5916145533681398
116 0.5914693964807588
117 0.5901020332640693
118 0.5886053159770307
119 0.5872097183207143
120 0.5870959289745452
121 0.5872728288050962
122 0.5895843788898208
123 0.5889147029795161
124 0.5902471901514503
125 0.5915609794976195
126 0.5917819165848294
127 0.5919144037567637
128 0.5920028536720393
129 0.5929945863002761
130 0.5918734996016902
131 0.5908059867736245
132 0.5919270734722106
133 0.5930703665001049
134 0.5929819165848293
135 0.5907017340413169
136 0.5904272230835866
137 0.5911980186246139
138 0.5890189557118237
139 0.5891010021148231
140 0.5907019721341692
141 0.5937616502942135
142 0.597866634953015
143 0.5995560548876367
144 0.5996790054457095
145 0.5974590383778459
146 0.598179393149938
147 0.5970329670204583
148 0.596104344876603
149 0.5992878101330771
150 0.5984098668510093
151 0.5975410847808452
152 0.5989464571438752
153 0.60161783500002
154 0.6031903324868872
155 0.6043145522870587
156 0.6020188050193661
157 0.6006672446197089
158 0.6005883313182949
159 0.6017062849152955
160 0.6026853478280856
161 0.6003798258536797
162 0.5988926451805026
163 0.599300479848524
164 0.5956624707021835
165 0.5941784231305918
166 0.5950817058435532
167 0.5943962271162163
168 0.597895107485494
169 0.5983056141187016
170 0.5985423540229436
171 0.5988453375131528
172 0.5994641115181235
173 0.6042514418026768
174 0.6047913025062334
175 0.6048226700474455
176 0.6034397421065761
177 0.6018514418026767
178 0.6001842281973633
179 0.5984634407215296
180 0.5967077772009409
181 0.5940332662432106
182 0.593610089894556
183 0.5924700672773526
184 0.5943366100860721
185 0.5929410124297559
186 0.5894386235569351
187 0.5892050167542784
188 0.5911568763766879
189 0.5907527732557566
190 0.5867802757688894
191 0.5827446677976402
192 0.5813237307104303
193 0.5836163448765374
194 0.5860636525438871
195 0.5860509828284403
196 0.5835120921442298
197 0.5809069578740521
198 0.5806480116405016
199 0.581633478065568
200 0.5824578474771155
201 0.5790312388041233
202 0.5775976320014666
203 0.5792276729987964
204 0.576789663852456
205 0.5743547878077008
206 0.5751129136332811
207 0.5749646236443146
208 0.5746298972109356
209 0.5720878734251398
210 0.5706038258535481
211 0.5704364626368585
212 0.570575353321069
213 0.5727417465184124
214 0.571709109735102
215 0.5705531469917607
216 0.5704869034057936
217 0.5714501635015516
218 0.5711503131129277
219 0.5685198394118564
220 0.565889365710785
221 0.5656148547530548
222 0.5667106020207472
223 0.5669537454372654
224 0.5682231221248178
225 0.5676450292313738
226 0.5703448796199977
227 0.5732089601237258
228 0.5749139447825272
229 0.576205527799388
230 0.5751224502471426
231 0.573991826934695
232 0.5741085112895973
233 0.5762939777146636
234 0.5770267641093503
235 0.572125644478628
236 0.5690028558342018
237 0.56724429730488
238 0.5661356422288885
239 0.5685451788427501
240 0.5710998723439926
241 0.5705246744592818
242 0.5717373441747287
243 0.5726755029324452
244 0.570303737372072
245 0.5687027673527258
246 0.5679328083500554
247 0.5650687278463274
248 0.5614338518015722
249 0.562372010559289
250 0.5648604604745644
251 0.5656399560910962
252 0.568469160550069
253 0.5710460603806201
254 0.5710587300960669
255 0.5685607435669299
256 0.5659524761951669
257 0.5665150043644309
258 0.5652769952180905
259 0.5642063492884395
260 0.5662433884154338
261 0.5652485226856114
262 0.5650558200380282
263 0.564573041708535
264 0.5618383152751562
265 0.55903734525581
266 0.55832096012366
267 0.5567073203888669
268 0.5542030676565594
269 0.55479383026545
270 0.5533824297921017
271 0.5519012772292431
272 0.5504267662715129
273 0.5500257962521666
274 0.5486806393647854
275 0.5483839220777469
276 0.547262835379161
277 0.547471102750924
278 0.5499848920970931
279 0.5516140965560661
280 0.5522233339471753
281 0.5547684908345565
282 0.5551663277523173
283 0.5562905475524886
284 0.5551821305693495
285 0.5540610438707635
286 0.5551190200849676
287 0.5553621635014858
288 0.5566819809579732
289 0.5569913679604587
290 0.5581913679604588
291 0.5582040376759055
292 0.5570956206927664
293 0.5570860840789048
294 0.557329227495423
295 0.5597038880645293
296 0.5599216920501539
297 0.5597669985489112
298 0.5582956206927664
299 0.5557818313465972
300 0.555428407087453
301 0.5561992026284801
302 0.5540357044398698
303 0.553944121423009
304 0.5557824297921018
305 0.5533950995075486
306 0.551029600150346
307 0.5511307197810682
308 0.5546233339471753
309 0.5558959810454187
310 0.5545444206457614
311 0.5508844432629647
312 0.5495424194771689
313 0.5517310190038205
314 0.5531234835585515
315 0.5533317509303145
316 0.5532813101613795
317 0.5521728931782403
318 0.552264476195101
319 0.5536980829977577
320 0.5554157373720061
321 0.5581913679604588
322 0.5597796682643581
323 0.5600795186529819
324 0.5601837713852895
325 0.5602626846867035
326 0.5604173781879461
327 0.5616173781879462
328 0.5617720716891889
329 0.5618509849906029
330 0.56191722857657
331 0.5619803390609519
332 0.5628931583877748
333 0.5615257951710855
334 0.558958431954396
335 0.5583872037096272
336 0.5569789363378642
337 0.5558987537943516
338 0.5572407775801475
339 0.5597923379798048
340 0.5611470314810476
341 0.5601457622389491
342 0.5589964411007363
343 0.5599786371151119
344 0.559230047903393
345 0.5616962914893603
346 0.5632183482072924
347 0.5636475526662653
348 0.5649011265367857
349 0.5648570892801268
350 0.5644183482072923
351 0.5607961418779841
352 0.559387874506221
353 0.5613460003318014
354 0.5605058281032217
355 0.5616709520584665
356 0.5617467322582953
357 0.5615889056554673
358 0.5610459118503253
359 0.5571460614617013
360 0.5551316898004144
361 0.5523687289274086
362 0.5511307197810683
363 0.553398232609134
364 0.5548696104652788
365 0.5552579107691782
366 0.5565526268876242
367 0.5559365248478398
368 0.5584249747631153
369 0.5607587311771483
370 0.5587090223347071
371 0.5583365248478398
372 0.5568873533210034
373 0.5555608942593873
374 0.5554030676565593
375 0.5562369736819683
376 0.5548949498961724
377 0.5525769962991718
378 0.5527348229019997
379 0.555507320388867
380 0.559492487591181
381 0.5612006053515679
382 0.560559401973742
383 0.5618287786612947
384 0.562185711423982
385 0.5646015142410141
386 0.5641432388040576
387 0.5659524761951668
388 0.5709451788427501
389 0.5718764729517914
390 0.5737328807011448
391 0.5757474904552841
392 0.5799820672772867
393 0.583354503634254
394 0.5860255211377465
395 0.5914059256437244
396 0.6006643496109759
397 0.611504432276998
398 0.6204621693172686
399 0.631081314896081
400 0.6388934623452287
401 0.6426066532458933
402 0.6434021897723095
403 0.6437020401609335
404 0.6446624052479584
405 0.6442616733214643
406 0.6398718045527142
407 0.6400800719244771
408 0.6458499736253639
409 0.6475296188532718
410 0.6458082329319333
411 0.6470271688505508
412 0.6474627768217999
413 0.6507724630470376
414 0.65055176405268
415 0.645185965472725
416 0.6456154080245502
417 0.653210349933578
418 0.6585084699437044
419 0.6639802193736909
420 0.6714071996205246
421 0.6766646535684298
422 0.6817230013564753
423 0.685707570113285
424 0.6915526535684955
425 0.6969874684833506
426 0.696228982305118
427 0.6992029832988197
428 0.7095698242492102
429 0.7227751681795828
430 0.7334445164344779
431 0.7384430241488327
432 0.7384872994983437
433 0.7321021322960298
434 0.7270091465560811
435 0.722570033909405
436 0.7138388009302636
437 0.7069239080837588
438 0.7001415024091886
439 0.6918901527508075
440 0.6903338184336247
441 0.6882438038816147
442 0.6853163748006524
443 0.6825816483672734
444 0.6821239713758216
445 0.6826482523058929
446 0.679632748711613
447 0.6757993649525033
448 0.6673115134827322
449 0.6614574918591648
450 0.6534279158263503
451 0.6453188129973118
452 0.6371469750858492
453 0.630728128729789
454 0.6200458726665948
455 0.6086777624741059
456 0.6033100276835747
457 0.6028656188530743
458 0.5997423540229437
459 0.5946200592121592
460 0.5944155233874859
461 0.590948609004925
462 0.5841875731213062
463 0.580414404837845
464 0.5768150032833497
465 0.5732371945633523
466 0.568374444431623
467 0.5638846529231597
468 0.5546075311301432
469 0.543798816005333
470 0.534016709553515
471 0.5257059809578417
472 0.5190497962520351
473 0.514127068737509
474 0.5110135786140921
475 0.5107010585100215
476 0.5119797337185832
477 0.5134197440335161
478 0.5156019400478915
479 0.5125100578082785
480 0.5124722867547902
481 0.5147682721153348
482 0.5144362176471421
483 0.5183233983203192
484 0.5211085655226332
485 0.5214179525251186
486 0.5212159513565262
487 0.5179411411760436
488 0.519052691260768
489 0.5215633475053519
490 0.5231136386629109
491 0.523467062922055
492 0.5236344261387446
493 0.5246261587669816
494 0.5234388284824283
495 0.5222292918685669
496 0.5222673010149074
497 0.5236882381021172
498 0.5253932227609189
499 0.5281026097634043
500 0.5295108771351672
501 0.5284782403518568
502 0.5281057428649895
503 0.5256141598481286
504 0.5251060420877417
505 0.5245630482825998
506 0.5210388284824283
507 0.5216862980634248
508 0.5205842845925619
509 0.5216042516604255
510 0.5216042516604256
511 0.5205462754462215
512 0.5214622278746296
513 0.5203915819449787
514 0.520299998928118
515 0.5210581247536982
516 0.5185665417368374
517 0.5168771218022156
518 0.5150900907404147
519 0.5132272794787852
520 0.510454781991918
521 0.5081745994484054
522 0.5105841360622669
523 0.5143230267464776
524 0.5147900022589387
525 0.5146606481885896
526 0.5130219071157551
527 0.5092009700285453
528 0.5084906130067137
529 0.5069340556459843
530 0.5063783921253954
531 0.5037856894778122
532 0.5022069257877744
533 0.5026400998866895
534 0.4992515003600378
535 0.4984711682051492
536 0.5034353983202533
537 0.5075467864913311
538 0.509046636879955
539 0.5068991796012291
540 0.5047739286518116
541 0.5073035208150128
542 0.5105587966313733
543 0.5150616182079358
544 0.5201741383120065
545 0.5186043127903256
546 0.5184936565457416
547 0.5180457542610036
548 0.516277421024968
549 0.5122764510056218
550 0.5102462765273026
551 0.5082665428179186
552 0.5052541723252241
553 0.503176452086703
554 0.4991061053798043
555 0.49806766352972226
556 0.4951500091554738
557 0.4916318174656208
558 0.49367839320647666
559 0.4960343559498179
560 0.49543405672706553
561 0.49620449191544036
562 0.500138857996167
563 0.5088885657575268
564 0.5245502563073527
565 0.542735287866515
566 0.5652145990122653
567 0.5856462748352563
568 0.6189905469415236
569 0.6652474153310671
570 0.7094313089669576
571 0.7577769950175017
572 0.8083112956440033
573 0.8631997524561429
574 0.9222663172110322
575 0.9822638006730048
576 1.0421150526163871
577 1.1083402520798038
578 1.174906905316169
579 1.2264686761950296
580 1.2827903794571738
581 1.348236306347605
582 1.403825482783968
583 1.45621280491608
584 1.4996583451833643
585 1.5356135415772754
586 1.560933911835142
587 1.572365016678961
588 1.5590876305225971
589 1.5082399883029738
590 1.431883227768537
591 1.3279735975020288
592 1.2058461181019793
593 1.079115570558361
594 0.9610324964238554
595 0.8385653585873712
596 0.7151173474522775
597 0.6077651748133872
598 0.5195022752447775
599 0.43896790442934935
600 0.36420706964310756
601 0.30811861283096786
602 0.27281715864797174
603 0.24327008795874583
604 0.22047704120365333
605 0.18592536669663726
606 0.11718074379295328
607 0.06372467541640774
608 0.039069632461989086
609 0.018545811701991606
610 0.0009008638899329349
611 -0.020896944595170584
612 -0.028883457218788697
613 -0.017966620505475355
614 0.0055744198776224736
615 0.02374219858658552
616 0.04368481482760713
617 0.07139370583428827
618 0.09665748495310145
619 0.1220568843454343
620 0.14942442236291348
621 0.17401549325358323
622 0.20039046210446856
623 0.23386781982817476
624 0.2680172873345198
625 0.3008783049255892
626 0.3315702573541291
627 0.3556469442812414
628 0.3771976332831366
629 0.3937873625806186
630 0.4119846884532697
631 0.4309370070499159
632 0.44645958387198453
633 0.4614422999904964
634 0.47497271148058645
635 0.48810504796006327
636 0.4997061665097044
637 0.5105211478376852
638 0.5164698855796989
639 0.5217745098858481
640 0.5267099071158209
641 0.5312538709403092
642 0.5341999978470365
643 0.5335841339001044
644 0.5338366766213787
645 0.5344712534433814
646 0.5385889078176299
647 0.5428203515380473
648 0.5447494063856441
649 0.5453208727232651
650 0.546770282342954
651 0.5473512852944366
652 0.5501709531395479
653 0.5521444206457613
654 0.555978027448418
655 0.5564579107691782
656 0.5557029180451831
657 0.5570071707774908
658 0.558450314194009
659 0.5598585815657721
660 0.5601048580838756
661 0.5602626846867036
662 0.560508961204807
663 0.5619425680074637
664 0.5634928591650227
665 0.5649106631506472
666 0.5659277352097778
667 0.5636097816127771
668 0.5614338518015722
669 0.5638056173619457
670 0.5666696978656737
671 0.5687154370681725
672 0.5716711005887615
673 0.5743173771068649
674 0.5735845907121783
675 0.5736412976842838
676 0.5737268525908263
677 0.5749962292783789
678 0.5746264037566978
679 0.5786429385002239
680 0.5826629817472933
681 0.5841755018513639
682 0.5821856330826137
683 0.581099422428783
684 0.5840746203134939
685 0.582012241755606
686 0.5809447289275402
687 0.5830071074854283
688 0.5821669352568486
689 0.5833038247724668
690 0.5835249999525288
691 0.5831738722566131
692 0.5874179856924775
693 0.5939074056270991
694 0.595179454279838
695 0.5972158949613277
696 0.6002631414987774
697 0.6032819155037481
698 0.6059817658923718
699 0.6052489794976853
700 0.6052521125992706
701 0.6052365478750907
702 0.605369035047025
703 0.6057193262045839
704 0.6081161931029988
705 0.6092343847928516
706 0.6071024922383055
707 0.6052106099986925
708 0.6097709750857174
709 0.6124014487867888
710 0.6107967472203527
711 0.6121830463556597
712 0.6138851360057282
713 0.6168817036813906
714 0.6199698543739138
715 0.621987359136786
716 0.6248136685870258
717 0.6264177717079574
718 0.625959496271001
719 0.6286057727891046
720 0.6312869253519633
721 0.6318486169828704
722 0.6323031608727369
723 0.6347129355794507
724 0.6351579428554558
725 0.6348670306351889
726 0.6400428993164936
727 0.6436360346678185
728 0.6473711938049391
729 0.6538637468411461
730 0.654833050096528
731 0.655401007930606
732 0.6559946805975352
733 0.659736704383331
734 0.6613472110165389
735 0.6616501945067479
736 0.6609205412136466
737 0.662508841517546
738 0.6663266455031706
739 0.6678991429900377
740 0.6679276155225167
741 0.66568857522693
742 0.6647475214604804
743 0.6683728608913739
744 0.6703999022681078
745 0.6735542965465982
746 0.6767720394023228
747 0.6791936472861264
748 0.6839490115839629
749 0.6899392519265547
750 0.6948902138807075
751 0.6986256111106803
752 0.7031505017074456
753 0.7055407420500373
754 0.7098573652750395
755 0.7122380690037697
756 0.7158723466030203
757 0.7218023714699634
758 0.7267188327813188
759 0.7321692124203538
760 0.7321403795352224
761 0.7331568531488485
762 0.7386703432722653
763 0.7435459004285473
764 0.7493525993354595
765 0.7509184702665039
766 0.756305739421157
767 0.7586484340035466
768 0.7609753257689043
769 0.7671175876475524
770 0.7669404647734548
771 0.7676757858242222
772 0.7707610415080123
773 0.7753050053325005
774 0.7801012737854105
775 0.7839153462239451
776 0.7894383729612235
777 0.7923435957128773
778 0.790701123092953
779 0.7910294460140559
780 0.7937105985769146
781 0.7966535923820567
782 0.798686899961961
783 0.8009129101894485
784 0.8055262507014892
785 0.8105120887003973
786 0.816596807068583
787 0.8214532909971419
788 0.8249708842414901
789 0.8273956252268794
790 0.8310521091554381
791 0.837907623064651
792 0.8416145477621448
793 0.8449267686434633
794 0.8469191720682941
795 0.8487664186057439
796 0.8515705217266752
797 0.8524006962049943
798 0.8552679098103078
799 0.8581068889759943
800 0.8589655359867926
801 0.8611186610231844
802 0.8656594917460874
803 0.8721362419652623
804 0.8730833388913357
805 0.8727229126744107
806 0.8747406555301352
807 0.8803930363377628
808 0.8862663542325999
809 0.8898372832546164
810 0.8919308063101696
811 0.8947224778085064
812 0.8946683054924814
813 0.8981856606439778
814 0.9061182239951177
815 0.9107535327436145
816 0.9115615008926251
817 0.9116533220023382
818 0.9105480381207843
819 0.9097363384246838
820 0.9133616778555774
821 0.9152466954465153
822 0.9171377411477716
823 0.9197682148488427
824 0.9207821538063882
825 0.918088569620935
826 0.9132159225226917
827 0.9128656313651327
828 0.9151962546775803
829 0.9168223260349678
830 0.9183504108632183
831 0.9186188937106303
832 0.9195757502941119
833 0.9172642002093876
834 0.9168001197056594
835 0.9153382784633761
836 0.9140118194017602
837 0.9138793322298258
838 0.9148330557117222
839 0.9136961661961042
840 0.9133741094781721
841 0.9118869288049948
842 0.9102479496393082
843 0.9083693355606466
844 0.9061055542796708
845 0.9005162839564252
846 0.8959060765459698
847 0.8934971383776129
848 0.8902131519359212
849 0.8868533852944008
850 0.8833106907120111
851 0.8786089002846947
852 0.8738155268405178
853 0.8698433897063028
854 0.8644094113298046
855 0.8564016662243407
856 0.8461768490597459
857 0.8391672400947953
858 0.8343902679131547
859 0.825684374364907
860 0.8191258007862796
861 0.8138591856264707
862 0.8097070155601195
863 0.8033348784259046
864 0.7966029135202695
865 0.7886582788991873
866 0.7806851717456261
867 0.7746292862625719
868 0.766293218236005
869 0.7556896373813724
870 0.7470948612141077
871 0.7387841326184346
872 0.7308645993353937
873 0.7252759274576529
874 0.7198859863378134
875 0.7126672734627426
876 0.7086573652750396
877 0.7047894808731322
878 0.6989001220684105
879 0.6948113005792935
880 0.6893931250198274
881 0.6807439384436852
882 0.6741793367547395
883 0.6698949176093062
884 0.6638508653033418
885 0.6589123349717836
886 0.6558941594123175
887 0.6487007859681403
888 0.6425022782537856
889 0.6385712833674966
890 0.63391680060753
891 0.6312362464901758
892 0.6262472753896827
893 0.6189781217456769
894 0.6136924333581452
895 0.6085709750857176
896 0.603610238424851
897 0.5987632911101535
898 0.5950123291560008
899 0.5904556956160656
900 0.5862842292784446
901 0.5864835584818507
902 0.5847849773353254
903 0.5820689487277115
904 0.5795237918403304
905 0.58116939756184
906 0.5797453273730448
907 0.5771430881116001
908 0.5756054666694881
909 0.5753845295822781
910 0.57546320479084
911 0.5765402542327671
912 0.5772888434444858
913 0.5727380149713225
914 0.5721794564420006
915 0.572795558481785
916 0.5695962904082789
917 0.5715322099045509
918 0.5715261817942325
919 0.570540477276314
920 0.5706669363379299
921 0.5728995731212403
922 0.5720467311772139
923 0.5728837703042082
924 0.5713997227326166
925 0.5678659663185838
926 0.5685892160994088
927 0.5685673851720584
928 0.5695904853415074
929 0.567711272817341
930 0.5691702190508913
931 0.5730038258535479
932 0.5739602213006307
933 0.5777180479034587
934 0.578119017922805
935 0.5771935288805352
936 0.5780559074384231
937 0.5767769941370091
938 0.5754223006357664
939 0.575125583348728
940 0.5740013635485566
941 0.5750086609009735
942 0.5749646236443147
943 0.5747341499432432
944 0.5724666371151776
945 0.57236238438287
946 0.5742764729517914
947 0.5729217794505487
948 0.5694447300086215
949 0.5693153759382725
950 0.5716586689661668
951 0.573104707391418
952 0.5732340614617671
953 0.5728837703042081
954 0.5702123924480634
955 0.5676608320484061
956 0.5676608320484059
957 0.5702123924480633
958 0.572896440019655
959 0.5733383141940747
960 0.5735088105123496
961 0.5735877238137636
962 0.5736508342981453
963 0.5745763233404153
964 0.5733005431405864
965 0.571033030312521
966 0.5720374326562048
967 0.5732752037096929
968 0.5734267641093503
969 0.5742669363379299
970 0.5709667867265538
971 0.5708910065267251
972 0.5731711890702376
973 0.5735719209967314
974 0.5747465815658378
975 0.5744974100390012
976 0.5719078404930035
977 0.5692995731212405
978 0.5699156751610248
979 0.5687787856454067
980 0.5688196898004803
981 0.5699787856454068
982 0.5701617135862761
983 0.570224824070658
984 0.5709956196116851
985 0.5684662655413361
986 0.5659556092967521
987 0.5658484615557114
988 0.5681442088234039
989 0.5684913668793774
990 0.5695113339472411
991 0.5680494927049576
992 0.5652389860717499
993 0.5623844421818834
994 0.56164271761884
995 0.5599755040135266
996 0.557408140796837
997 0.5570987537943515
998 0.5571082904082131
999 0.5582829509773195
1000 0.5584376444785621
1001 0.5585038880645293
1002 0.5585418972108698
1003 0.558687054098251
1004 0.5590500149712567
1005 0.5615384648865323
1006 0.5628804886723281
1007 0.5619267651904316
1008 0.5618287786612945
1009 0.560843687638186
1010 0.563066787807635
1011 0.5624475526662653
1012 0.5647686393648513
1013 0.5657477022776414
1014 0.5622897260634372
1015 0.5616078415740847
1016 0.55902178053163
1017 0.558687054098251
1018 0.5586208105122838
1019 0.5587248251517393
1020 0.5597669985489113
1021 0.5594798178757342
1022 0.5568493441746627
1023 0.5542188704735914
1024 0.5539316898004144
1025 0.5549611934821397
1026 0.5550369736819682
1027 0.5550147673526599
1028 0.5539567911384559
1029 0.5548822801807256
1030 0.554727586679483
1031 0.552535854051246
1032 0.5534391367642075
1033 0.553448673378069
1034 0.5534233339471754
1035 0.5532939798768263
1036 0.5521855628936871
1037 0.5523053803501745
1038 0.5536822801807256
1039 0.5560696104652787
1040 0.5552452410537313
1041 0.5552737135862104
1042 0.5554442099044851
1043 0.5559872037096272
1044 0.5598743843828041
1045 0.5618351821735709
1046 0.5645350325621946
1047 0.5648602223817122
1048 0.5639474030548892
1049 0.5649264659676793
1050 0.5647530746406715
1051 0.5634424183960876
1052 0.5612886949141911
1053 0.5635593408438421
1054 0.5651727424857829
1055 0.5666945611108627
1056 0.5685991130659227
1057 0.5647023957788843
1058 0.559466787807635
1059 0.5576860229490048
1060 0.5577333306163544
1061 0.5612639539288021
1062 0.5627638043174259
1063 0.5611591027509898
1064 0.5636633554832975
1065 0.566278264460189
1066 0.5668399560910963
1067 0.5673860829978234
1068 0.5700576989468207
1069 0.5718162574761426
1070 0.5733634155321161
1071 0.5752933069180697
1072 0.5715544162338593
1073 0.5667100035752426
1074 0.5673483119443353
1075 0.569379084868159
1076 0.5683493430935815
1077 0.567152476195167
1078 0.5670357918402646
1079 0.5671904853415074
1080 0.5685987527132703
1081 0.5701081397157558
1082 0.5715164070875187
1083 0.5716711005887616
1084 0.5715037373720719
1085 0.5700038869834481
1086 0.5681566404459983
1087 0.5649740117278813
1088 0.5616458507204253
1089 0.556574234771428
1090 0.5569535969069704
1091 0.5575538961297228
1092 0.5541114846396986
1093 0.5536600738514174
1094 0.553306649592273
1095 0.5520150665754123
1096 0.5517592534434472
1097 0.5505814597727555
1098 0.5514213939084829
1099 0.5500731039195166
1100 0.5493345124580582
1101 0.5453493452557441
1102 0.5416073214699483
1103 0.5434769973802529
1104 0.5438463617655349
1105 0.5462872659206085
1106 0.5464955332923714
1107 0.545383983207647
1108 0.54599054863357
1109 0.5424663288333987
1110 0.5420022483296706
1111 0.5417150676564936
1112 0.5405401689945349
1113 0.5412982948201152
1114 0.5398900274483521
1115 0.5374804908344907
1116 0.537404710634662
1117 0.5387689407497662
1118 0.541310964535562
1119 0.5417655084254286
1120 0.542106262969126
1121 0.5433157995829875
1122 0.54417504503929
1123 0.5416234846396327
1124 0.5381308704735257
1125 0.539334003575111
1126 0.5423243050476027
1127 0.5474714631035763
1128 0.5490597634074758
1129 0.5469754166131318
1130 0.5457154392303352
1131 0.5457376455596434
1132 0.5479671492413686
1133 0.5480429294411974
1134 0.5468333928273358
1135 0.5455576126275071
1136 0.5454124557401259
1137 0.5462872659206086
1138 0.5449547787486742
1139 0.5434231854168804
1140 0.5409442721154664
1141 0.5416234846396327
1142 0.5413489736819025
1143 0.5391350347243573
1144 0.5391886085948776
1145 0.5414656580368047
1146 0.5425994144508375
1147 0.5404517190792594
1148 0.5392770585101531
1149 0.5413112026284144
1150 0.5407109034056619
1151 0.5416891297800953
1152 0.5481091730271646
1153 0.5532280966435115
1154 0.5514813712912794
1155 0.5491538810804172
1156 0.5488384659676134
1157 0.5496597022775755
1158 0.5484216931312351
1159 0.5470543299145456
1160 0.546625125455573
1161 0.5451915186529162
1162 0.5438241554362266
1163 0.5435905486335699
1164 0.5434707311770824
1165 0.5434358551323272
1166 0.5425452421348126
1167 0.5448158880644636
1168 0.5451915186529162
1169 0.545620723111889
1170 0.5480333928273358
1171 0.5482765362438539
1172 0.5482669996299925
1173 0.5471712523623001
1174 0.5472755050946078
1175 0.5487753554832316
1176 0.5506350336432759
1177 0.5545570903612081
1178 0.556262313112862
1179 0.5558987537943516
1180 0.5579574008051497
1181 0.5636857999054581
1182 0.5699156751610248
1183 0.5744559074384231
1184 0.583228044572638
1185 0.5901273726949628
1186 0.5970044944879793
1187 0.6048229081402978
1188 0.6106673931500037
1189 0.6185644820108839
1190 0.626272376727724
1191 0.6323035212253892
1192 0.6343114893744001
1193 0.6332915223065363
1194 0.6324869253519632
1195 0.6274849241833708
1196 0.6241498985272395
1197 0.6288678521242401
1198 0.6339678398219697
1199 0.6354170113488061
1200 0.6319653013377726
1201 0.6292025785576191
1202 0.6288680902170924
1203 0.628381342247657
1204 0.6336327530359384
1205 0.6390515270409091
1206 0.6401406477527785
1207 0.6420508674655043
1208 0.6433735949800304
1209 0.6503175588045188
1210 0.6574951294316637
1211 0.6605133049911297
1212 0.6654422987088265
1213 0.6705577288709357
1214 0.6768887237572249
1215 0.6832703975053013
1216 0.6886634717267259
1217 0.6943028224662542
1218 0.7025222061379189
1219 0.7124748089080116
1220 0.7238956564326642
1221 0.736974779394273
1222 0.7446446649647728
1223 0.7452190263111268
1224 0.7407510807793195
1225 0.7328066842510897
1226 0.7221244281878955
1227 0.7123958956065978
1228 0.7041105064418183
1229 0.6974825561756384
1230 0.6924397731117724
1231 0.689626731822484
1232 0.6846786648770642
1233 0.6776148835960886
1234 0.6738195089833191
1235 0.6695659962426989
1236 0.6695694896969365
1237 0.6671983225820677
1238 0.6600458532929643
1239 0.6531845343169799
1240 0.644911814867647
1241 0.6355209037284615
1242 0.6272510792878618
1243 0.6201498873060501
1244 0.6130800628654505
1245 0.6039985387287502
1246 0.5969949578741178
1247 0.5900737988244424
1248 0.5831871404175646
1249 0.5745886327032097
1250 0.5697448184900977
1251 0.5687945884624389
1252 0.5682830995076144
1253 0.5675569396687505
1254 0.5633603719930883
1255 0.5589108861941939
1256 0.5553745951240803
1257 0.5534521668323066
1258 0.5448125168700261
1259 0.5356047717645621
1260 0.5283015786141579
1261 0.519229591091319
1262 0.513476689098474
1263 0.5071583639276317
1264 0.5015437541734925
1265 0.5008429337655225
1266 0.5019073134920028
1267 0.503381824449733
1268 0.5041108792973298
1269 0.5070538731024717
1270 0.5109632601049572
1271 0.5115062539100992
1272 0.5116545438990657
1273 0.510713490132616
1274 0.5119261598480628
1275 0.5132681836338587
1276 0.513577570636344
1277 0.5147680340224825
1278 0.5139027604558616
1279 0.5150805541265533
1280 0.5153110278276246
1281 0.5164321145262106
1282 0.5162647513095211
1283 0.5138365168698944
1284 0.5134544827691656
1285 0.5114805541265532
1286 0.5148311445068644
1287 0.5169028215857616
1288 0.5131576646983804
1289 0.5097821960235746
1290 0.5035612589363647
1291 0.504032204088768
1292 0.5061450234155909
1293 0.504641203387025
1294 0.5083327864038858
1295 0.5110012692512976
1296 0.5104260713665868
1297 0.5115756305976518
1298 0.5115347264425782
1299 0.5103376214513112
1300 0.509905283890753
1301 0.5090877791278807
1302 0.5039657224099485
1303 0.5009722878358714
1304 0.5005430833768987
1305 0.5007355479316296
1306 0.5032775717174254
1307 0.5048785417367715
1308 0.5054529030831256
1309 0.5070538731024717
1310 0.5095958968882677
1311 0.5097883614429984
1312 0.5093591569840256
1313 0.5063910618408421
1314 0.5014521711566318
1315 0.5012090277401136
1316 0.5037574550381856
1317 0.5074710062915024
1318 0.5077172828096059
1319 0.5055191466690927
1320 0.5043571558154333
1321 0.506482644857703
1322 0.5067413529984011
1323 0.5068960464996438
1324 0.507890912229466
1325 0.5058792125333654
1326 0.5070443364886102
1327 0.5083676624486411
1328 0.509633906034608
1329 0.5088000000091991
1330 0.5090462765273027
1331 0.5114716159581963
1332 0.5119766006169979
1333 0.5133975377042077
1334 0.5146355468505481
1335 0.5137100578082784
1336 0.5137100578082784
1337 0.514648216565995
1338 0.5134891207210686
1339 0.5123017904365155
1340 0.5131924034340299
1341 0.512105954687347
1342 0.5127598277806197
1343 0.5108716770880964
1344 0.5054497699815403
1345 0.5018344283009072
1346 0.49747713901368373
1347 0.49580352189609417
1348 0.4951874198563097
1349 0.5005555149994931
1350 0.5071964953337723
1351 0.509409835845813
1352 0.5094252783101928
1353 0.5123681498555348
1354 0.5223336604339267
1355 0.5387408221431916
1356 0.56152614909699
1357 0.5876136991818458
1358 0.6218676575133509
1359 0.6619000803121412
1360 0.7003275785009487
1361 0.7459927104341392
1362 0.792766649801732
1363 0.8434558669730229
1364 0.8922463372560254
1365 0.9475582085096719
1366 1.0115099527691456
1367 1.0708430892018805
1368 1.1389120266992039
1369 1.2088257768616426
1370 1.2652408985674768
1371 1.3285281584886073
1372 1.396408500287395
1373 1.4562831554510949
1374 1.5027493908846208
1375 1.5406087939302449
1376 1.5747867189197633
1377 1.593905585670795
1378 1.6001270053704577
1379 1.5726178039198349
1380 1.5091142000379518
1381 1.4233235657388796
1382 1.3085983406495802
1383 1.1764135446107316
1384 1.050000070207325
1385 0.9211398008476325
1386 0.7901304868669412
1387 0.6623914300305912
1388 0.5583838196616937
1389 0.47556128693255306
1390 0.39687370151817547
1391 0.33098947964200304
1392 0.2757972178506029
1393 0.24630511949039985
1394 0.22281261156846222
1395 0.2006548408646238
1396 0.1542631522145586
1397 0.08517717632167264
1398 0.048256509003216264
1399 0.030320660455239453
1400 0.01130814785899794
1401 -0.006772392875004306
1402 -0.026271320990830165
1403 -0.03414053576473595
1404 -0.02237436561093936
1405 -0.0038737966791734134
1406 0.018677447286263568
1407 0.04222670513241366
1408 0.06747141102350382
1409 0.09517319928865747
1410 0.1238289491285599
1411 0.14821175264746664
1412 0.17190580702834557
1413 0.20176095842274339
1414 0.2367823411008378
1415 0.2720151242522807
1416 0.30254865163248784
1417 0.33010781766634106
1418 0.35863421343589447
1419 0.38198787362572834
1420 0.4002730509681504
1421 0.4199197864604904
1422 0.43821509886227844
1423 0.4560365560536248
1424 0.4711299284167205
1425 0.4843791873439519
1426 0.4949003614429328
1427 0.5049856894778122
1428 0.5138929857491478
1429 0.5245187729330886
1430 0.5335118471545134
1431 0.535784566603846
1432 0.5415474663469517
1433 0.5459211719460174
1434 0.5468838335962709
1435 0.5485795197340632
1436 0.5502467333393766
1437 0.5518981441276578
1438 0.5543108138431047
1439 0.5533950995075486
1440 0.5524885463838962
1441 0.5531231232058991
1442 0.5583618642787336
1443 0.562656418483533
1444 0.5644434495453338
1445 0.5637391356831262
1446 0.563988545302815
1447 0.5655359414516408
1448 0.5683904853415073
1449 0.5704079901043796
1450 0.5734805760727228
1451 0.5766507731682453
1452 0.5780775153222268
1453 0.5847247618596765
1454 0.5892180468223776
1455 0.5901240015005252
1456 0.5923473397628266
1457 0.5892272230835868
1458 0.5892176864697252
1459 0.5914978690132376
1460 0.5918576967846582
1461 0.5930481601707965
1462 0.5921451155506874
1463 0.5925270123423105
1464 0.5945825262515232
1465 0.6003138203605647
1466 0.6063069557118895
1467 0.6100547845644569
1468 0.6142389206175247
1469 0.6148386213947724
1470 0.6139889125523313
1471 0.6156851971356283
1472 0.612881332107549
1473 0.6079484695336568
1474 0.6065402021618937
1475 0.6098089842320579
1476 0.6113719451050637
1477 0.6110714962709352
1478 0.6141627800650438
1479 0.6186275924952657
1480 0.6237180435791335
1481 0.6245930918524684
1482 0.6174024911572245
1483 0.6123120400733564
1484 0.6142514680731715
1485 0.618053469241764
1486 0.620007625427402
1487 0.6216494996018218
1488 0.6228592743085356
1489 0.6218075642975021
1490 0.6199283517733358
1491 0.6234747779028155
1492 0.6262063712346092
1493 0.6268060720118569
1494 0.627396236175243
1495 0.6292530193265541
1496 0.6342739564137639
1497 0.6350629886441574
1498 0.6362883280750511
1499 0.6359285003036307
1500 0.6312958635203202
1501 0.6318393184618611
1502 0.6309204710247199
1503 0.6326568232247335
1504 0.6369136063760447
1505 0.64131844142347
1506 0.6435033094030319
1507 0.6462820730930697
1508 0.6466167995264488
1509 0.6465790284729606
1510 0.6454610748759597
1511 0.6446367054644124
1512 0.6481704618784452
1513 0.649768298796206
1514 0.6502513152185515
1515 0.6509330623987986
1516 0.6532570591554232
1517 0.6611734442875731
1518 0.6650823701536595
1519 0.670286473274591
1520 0.6696357332829035
1521 0.6665818601896311
1522 0.6696010953310007
1523 0.6687168858457624
1524 0.6696864121446908
1525 0.6685684585476902
1526 0.6667367917837259
1527 0.6714768144009293
1528 0.672717257419604
1529 0.6779813379233318
1530 0.6817645039570535
1531 0.6780156155225825
1532 0.6801378341541614
1533 0.6805074366322955
1534 0.6821239713758216
1535 0.6848618309107859
1536 0.6857173448199987
1537 0.688821298329554
1538 0.6923230887568703
1539 0.6972078071250558
1540 0.7032389516227211
1541 0.7080574264049395
1542 0.7114045233310131
1543 0.7132958071251216
1544 0.7139430536625713
1545 0.7165515591271866
1546 0.7172932836902302
1547 0.7192445448671352
1548 0.7242879263765057
1549 0.7253168316127263
1550 0.7264595261951161
1551 0.7328734040227615
1552 0.7355917291936037
1553 0.7396298718209334
1554 0.7478400792313888
1555 0.7527029666722239
1556 0.7558100532833647
1557 0.7544674310520642
1558 0.7562484340035468
1559 0.7622075298484732
1560 0.7620146041573432
1561 0.7636912170674126
1562 0.7647708011654204
1563 0.7695198992600865
1564 0.778500902211569
1565 0.7801232420218668
1566 0.7822481326186319
1567 0.7861199866604812
1568 0.786062681242871
1569 0.7893495626932958
1570 0.7949483696304027
1571 0.7994514292998175
1572 0.8017246098855493
1573 0.8023050143915271
1574 0.8106857181202574
1575 0.8195778100200654
1576 0.8261801827624994
1577 0.8309922540324416
1578 0.8321291585973654
1579 0.8351255889639222
1580 0.8355545703793483
1581 0.8444597931310021
1582 0.8494329614144632
1583 0.8511595539570685
1584 0.8577090520582336
1585 0.8593031574289046
1586 0.8639415992789866
1587 0.8703396742895998
1588 0.8702696991565426
1589 0.8709134371904492
1590 0.8735663553136812
1591 0.8762379712626784
1592 0.8759910962990702
1593 0.8781128537942503
1594 0.8846276131597656
1595 0.8881545049251232
1596 0.8903960798767907
1597 0.8933548764989647
1598 0.8950442964335864
1599 0.8964021230364145
1600 0.8955399825713787
1601 0.895751383044727
1602 0.8971945264612453
1603 0.8996956460919676
1604 0.9000490703511119
1605 0.8992782748100848
1606 0.9014164335678013
1607 0.9013881991281747
1608 0.8993194170580107
1609 0.8995530238606672
1610 0.9031469957503488
1611 0.9048171043643953
1612 0.9043556958258535
1613 0.9076843179697087
1614 0.9067401311016736
1615 0.905546159211992
1616 0.9052180743837415
1617 0.9048142093556623
1618 0.9025244901982883
1619 0.9016621116404003
1620 0.9061435634260113
1621 0.9074729174963603
1622 0.9044346091272675
1623 0.9052874510712939
1624 0.905243413814635
1625 0.9052307440991884
1626 0.9052465469162204
1627 0.9044757513751933
1628 0.9069261921441283
1629 0.9091525627242683
1630 0.9075231201724431
1631 0.9028088981225323
1632 0.8954388629406564
1633 0.8881668142879177
1634 0.8855274024184893
1635 0.8826063768498034
1636 0.8820980209965642
1637 0.8825309570026271
1638 0.8785677580367689
1639 0.8751828900572073
1640 0.8715390758440953
1641 0.8656845930841287
1642 0.8624328107220058
1643 0.8546175301712728
1644 0.8443866848963597
1645 0.8382615235094997
1646 0.8288919821612654
1647 0.8263880897816102
1648 0.8289597829908941
1649 0.8197702745747963
1650 0.8099935977877921
1651 0.8053335480539062
1652 0.7998523993191637
1653 0.7941971084534976
1654 0.7835235524658082
1655 0.7791884544585876
1656 0.7769757123920514
1657 0.7683075898972921
1658 0.7600440316598629
1659 0.7505713122105303
1660 0.7422352441839636
1661 0.7350991761573966
1662 0.7270471557024215
1663 0.7198857482449611
1664 0.711480541623694
1665 0.7020043136708182
1666 0.6919057174749873
1667 0.6882847080366882
1668 0.6837666820885981
1669 0.6732285082815761
1670 0.6679903656542462
1671 0.6671385832921235
1672 0.659414424621852
1673 0.6567052606629135
1674 0.6521014567647344
1675 0.6484387066330047
1676 0.6453856550287834
1677 0.6358934012153287
1678 0.63028878921145
1679 0.624005340085363
1680 0.6192908799425998
1681 0.617172017456153
1682 0.6153280413293942
1683 0.6151644096597946
1684 0.6084667223534098
1685 0.6016708104250357
1686 0.6001686634731834
1687 0.5987796923726902
1688 0.5913616502942134
1689 0.58918281042497
1690 0.5883276719177153
1691 0.5873932447070884
1692 0.5822236422289543
1693 0.5781564286236408
1694 0.5793601601707307
1695 0.5765402542327672
1696 0.5734172274954887
1697 0.5701112728173411
1698 0.5659115720400932
1699 0.5650182870773923
1700 0.5626056173619456
1701 0.5627758755873682
1702 0.5663191686152624
1703 0.5677243028854403
1704 0.566618780911034
1705 0.5650149158829547
1706 0.5631679074383573
1707 0.5594794575230819
1708 0.5592994245909455
1709 0.5616018134637664
1710 0.5630636547060497
1711 0.5625264659676793
1712 0.5649927095536466
1713 0.5663160355136773
1714 0.5663318383307093
1715 0.5643010654068857
1716 0.5646006777026572
1717 0.5689085000684081
1718 0.569341436074471
1719 0.5607140954749847
1720 0.555017540101593
1721 0.5533316286705143
1722 0.5566664162337933
1723 0.5592588807885243
1724 0.5585543288334643
1725 0.5585701316504965
1726 0.5584912183490826
1727 0.5582418087293938
1728 0.5576170066141046
1729 0.5537516568682781
1730 0.5501389871528313
1731 0.553047941451575
1732 0.5533319890231667
1733 0.5528357044398697
1734 0.5565399571721774
1735 0.5583051573066278
1736 0.5598994857208456
1737 0.5602215424387778
1738 0.5611499264897807
1739 0.5594766847741489
1740 0.5562401067835536
1741 0.5500476422288226
1742 0.5496498053110618
1743 0.5521728931782403
1744 0.555933990191759
1745 0.5572189316034916
1746 0.5529745951240804
1747 0.5545506868489319
1748 0.5521824297921017
1749 0.5518477033587228
1750 0.5515509860716842
1751 0.5494448083499897
1752 0.5518035287929584
1753 0.5517777282256656
1754 0.55892102125356
1755 0.5614757147548027
1756 0.5561540907406122
1757 0.5562810109386271
1758 0.5532910848680932
1759 0.5495424194771688
1760 0.5494257351222667
1761 0.5520308693924443
1762 0.5548820420878734
1763 0.5572506745466613
1764 0.555772655085388
1765 0.5497064114994208
1766 0.5495208115933652
1767 0.5455547176187742
1768 0.5430029191262645
1769 0.5448694619349841
1770 0.5447842824303994
1771 0.5442441836339903
1772 0.5401205011494236
1773 0.536770133812659
1774 0.5317587333393108
1775 0.5332905497146513
1776 0.5330506767088239
1777 0.5315917304752735
1778 0.5298518697717168
1779 0.5260940431688889
1780 0.5264892081214634
1781 0.5250429316033599
1782 0.5227342765273685
1783 0.5244968046966325
1784 0.5232305611106652
1785 0.5210166221531201
1786 0.5220872680827711
1787 0.5234514981978753
1788 0.5248470958541915
1789 0.5251060420877418
1790 0.5252921031301965
1791 0.5254690029607475
1792 0.5275187118031885
1793 0.5254058924763656
1794 0.5243130402174062
1795 0.5262680329414012
1796 0.5258988058652249
1797 0.5229589451616682
1798 0.5178780306916618
1799 0.5163686436891765
1800 0.5185950142693163
1801 0.520963408635252
1802 0.5208593939957966
1803 0.5174390515259751
1804 0.51531042938212
1805 0.5204584239764504
1806 0.5202090143567616
1807 0.5143066254839408
1808 0.5122700474933456
1809 0.5105147593747145
1810 0.510846575750055
1811 0.5071298913951527
1812 0.50476439203795
1813 0.506156856592681
1814 0.5108938834174046
1815 0.5130729463301947
1816 0.5074830775614446
1817 0.5048021630914382
1818 0.5065868975900106
1819 0.5066497699815402
1820 0.5064792736632654
1821 0.505832265218668
1822 0.5009944941651798
1823 0.4995953880053204
1824 0.5009564850188394
1825 0.5056208647453196
1826 0.5059489495735702
1827 0.5029077461957445
1828 0.5049637212413561
1829 0.5044202662998152
1830 0.508004463482783
1831 0.5102088658264669
1832 0.5059296533023006
1833 0.5056011930720921
1834 0.5056300410065289
1835 0.5079571558154332
1836 0.5073505903895104
1837 0.5096085666037146
1838 0.5096212363191612
1839 0.5074548431218179
1840 0.5082979103591306
1841 0.5071138504852684
1842 0.5085543219366002
1843 0.503590091821496
1844 0.4987425460612941
1845 0.5014305632728279
1846 0.501452531509284
1847 0.5003565461487395
1848 0.5010137904364497
1849 0.4977136408250735
1850 0.4978714674279014
1851 0.5016768397909315
1852 0.5039530526945017
1853 0.5083043138714068
1854 0.512305283890753
1855 0.5116511727046282
1856 0.511234637961102
1857 0.5091286832829542
1858 0.5026078958071206
1859 0.5001294436421057
1860 0.49612534052117413
1861 0.4956169846679349
1862 0.4971710073725837
1863 0.493384946330129
1864 0.49045424683847594
1865 0.487015581944847
1866 0.49131349229477855
1867 0.49192889510531174
1868 0.4941301643474103
1869 0.49364411560722615
1870 0.4860140746098964
1871 0.4889134922947786
1872 0.4923623072970791
1873 0.49099097444044737
1874 0.49368128821520973
1875 0.49635930767648306
1876 0.49775201032406624
1877 0.496911700786381
1878 0.49527852668746597
1879 0.5008148215856958
1880 0.5028740670419984
1881 0.49626712621411767
1882 0.4946568576737622
1883 0.496621625104471
1884 0.4970759309014853
1885 0.49869246564501135
1886 0.5012062549911804
1887 0.5013638435011561
1888 0.4999524430278079
1889 0.4989804828565452
1890 0.4928980610515881
1891 0.4902739908627929
1892 0.49510306184077646
1893 0.49190066066568505
1894 0.4904099714889648
1895 0.48979783908912256
1896 0.4872273427708478
1897 0.48678860169801336
1898 0.48570552414576784
1899 0.486267215776675
1900 0.4904479806353053
1901 0.4956046753051404
1902 0.4969311343667564
1903 0.49341944697292633
1904 0.4889886740491027
1905 0.4923490391361276
1906 0.497221686234371
1907 0.49694320563669864
1908 0.4983041653411119
1909 0.4985095377041419
1910 0.498641786783224
1911 0.49948233441376155
1912 0.4988540237949292
1913 0.4920452191075616
1914 0.49344478640382
1915 0.4940830947729128
1916 0.4898825574573082
1917 0.4919382944100677
1918 0.4931260000965787
1919 0.49396593423230606
1920 0.4903028237479241
1921 0.4875429959765038
1922 0.48719270481894494
1923 0.4874231785200162
1924 0.49002167118506545
1925 0.4914965575447536
1926 0.49334402712575
1927 0.48757763392840664
1928 0.4857084191545009
1929 0.48526364997134813
1930 0.4844548452839806
1931 0.4871797970106458
1932 0.4909789031705052
1933 0.49232406005788637
1934 0.4892226412044117
1935 0.4890932871340627
1936 0.4911116284352918
1937 0.4901861393930219
1938 0.4894058072381333
1939 0.491957605730643
1940 0.49477414047416907
1941 0.4955758424200091
1942 0.4990338186342133
1943 0.49797294741127607
1944 0.4956327874849671
1945 0.4946032838032419
1946 0.49718018363379296
1947 0.5010262220590441
1948 0.5015914221934945
1949 0.5026965687659428
1950 0.4997155808637658
1951 0.5021120723602226
1952 0.5038203274297152
1953 0.5080048238354353
1954 0.5049578153908378
1955 0.4950829290311498
1956 0.49151826621230393
1957 0.4918282516602939
1958 0.49162928280954016
1959 0.49147772240988286
1960 0.48953539940133456
1961 0.4911646038603075
1962 0.4962806324679213
1963 0.49948860061693207
1964 0.499705806157052
1965 0.5050899422101199
1966 0.5095803321640878
1967 0.5120272794787852
1968 0.5156424838503126
1969 0.5197123694208124
1970 0.5288731672115791
1971 0.5333099832950265
1972 0.531790461233175
1973 0.5301199922664763
1974 0.5344086191447041
1975 0.540271563887323
1976 0.5513609553892873
1977 0.5683154258469834
1978 0.5717723424792837
1979 0.57057801023695
1980 0.5715857837750712
1981 0.570430196433688
1982 0.5710900976372789
1983 0.5683968888537836
1984 0.5664801283196758
1985 0.5618094823900248
1986 0.5636477907591175
1987 0.5658395233873545
1988 0.5631766075138622
1989 0.5665020965561318
1990 0.5684950984264674
1991 0.5639316002378569
1992 0.5621764129029726
1993 0.5611122712693446
1994 0.5615346110796422
1995 0.5733825895435858
1996 0.5836233468343183
1997 0.589258950977451
1998 0.5912983017169794
1999 0.5982076275895646
2000 0.6030483087010914
2001 0.606537429412961
2002 0.6096571857395483
2003 0.6098052526849682
2004 0.6154768075040651
2005 0.6211288279590403
2006 0.6291106351881061
2007 0.6452810419438234
2008 0.6606303496986844
2009 0.6727082034181947
2010 0.6767056799833032
2011 0.6749243166791684
2012 0.6721360163752691
2013 0.6705578511307358
2014 0.6648524948980926
2015 0.652193039781595
2016 0.6406926805100239
2017 0.6364336007954843
2018 0.6355338115367605
2019 0.6353630771256334
2020 0.636237887306116
2021 0.6347662713571189
2022 0.6318581535967319
2023 0.6297017581496491
2024 0.6246203674939382
2025 0.6235598566236534
2026 0.6238954045460837
2027 0.6121100603808174
2028 0.6033228196588215
2029 0.5940810350469593
2030 0.578907689800546
2031 0.5729658167072075
2032 0.564074698654862
2033 0.5512632069530026
2034 0.5420776681768468
2035 0.5398398247722694
2036 0.5353178291842373
2037 0.5312281711567632
2038 0.5313232476278618
2039 0.5290880761884705
2040 0.5241462754462214
2041 0.5149065643540408
2042 0.5111207263551328
2043 0.5098957472768915
2044 0.5074647400883319
2045 0.50308836252408
2046 0.48989498907990275
2047 0.48346973921156655
2048 0.47608136655657785
2049 0.4656546855324965
2050 0.4584113324557833
2051 0.44899799194374274
2052 0.44788063679224654
2053 0.4500470299895898
2054 0.4501946207493051
2055 0.45782382520827797
2056 0.4622068293283529
2057 0.4627402865196334
2058 0.46157502525528304
2059 0.45848024800693693
2060 0.46201713752255497
2061 0.46508635229646084
2062 0.4680826818792709
2063 0.470388203853677
2064 0.4678746526003601
2065 0.46313449267405116
2066 0.4629262253022881
2067 0.46632436144280126
2068 0.46777039986805247
2069 0.46685758054122956
2070 0.46667778570194546
2071 0.4655566990033595
2072 0.4657113925046022
2073 0.46811139250460215
2074 0.4685374638619897
2075 0.46969945471564917
2076 0.46938403960284547
2077 0.46666511598649857
2078 0.4629386569248827
2079 0.4634444781220411
2080 0.46398456186914455
2081 0.45929811312246144
2082 0.4593743544586891
2083 0.4554716090613322
2084 0.45293850839458777
2085 0.4538450615182401
2086 0.4567099785603251
2087 0.45325162694416304
2088 0.44801869093810026
2089 0.4546223613552901
2090 0.45685429890934937
2091 0.4598446003818411
2092 0.46395028426989404
2093 0.4553000381118483
2094 0.45533224219141716
2095 0.4562334664340025
2096 0.44720094808237576
2097 0.4466579542772337
2098 0.45156944706017443
2099 0.4483730739954014
2100 0.44586241775081753
2101 0.4463082615651794
2102 0.4438797890327004
2103 0.4435577323147682
2104 0.4433494649430052
2105 0.4422661492979074
2106 0.4432452122106975
2107 0.44317896862473033
2108 0.4420705516415912
2109 0.44219060719093095
2110 0.4429196620385277
2111 0.4472677901138475
2112 0.453690966462502
2113 0.454615618966415
2114 0.45392373672680186
2115 0.45573694375785323
2116 0.45324559883384474
2117 0.44996728014981907
2118 0.45150200658319806
2119 0.45775468661357777
2120 0.46100996242993825
2121 0.46172634756208814
2122 0.4628223329226327
2123 0.46142673526631656
2124 0.4588216009961388
2125 0.45747004059648144
2126 0.45768784458210604
2127 0.46129738119596747
2128 0.46282233292263275
2129 0.46188104106333083
2130 0.4623522243085864
2131 0.45848687456275977
2132 0.4537528800558747
2133 0.45718322027595676
2134 0.4553679547745292
2135 0.4484420903303015
2136 0.4472832325782274
2137 0.45327407136632364
2138 0.457792457667066
2139 0.4601351522494557
2140 0.463343596584171
2141 0.4652284919153088
2142 0.4728662741899862
2143 0.48876508004601205
2144 0.5114660640335825
2145 0.5324951290212873
2146 0.5542530258130419
2147 0.5912643780436332
2148 0.6303212464331767
2149 0.6689817379298308
2150 0.7151429314027712
2151 0.7666822328184612
2152 0.8163913124457528
2153 0.8691704584346127
2154 0.9318345893171678
2155 0.9853228803875445
2156 1.0447388997616356
2157 1.1156605457219957
2158 1.1732262005063574
2159 1.2311698531275357
2160 1.2905110661492605
2161 1.352085737443347
2162 1.3962536909531003
2163 1.4266126301152904
2164 1.4575606187193417
2165 1.477178665062404
2166 1.4824271872687003
2167 1.4579692019954693
2168 1.392700037626483
2169 1.3042965678702012
2170 1.2036052638556167
2171 1.0843261994513689
2172 0.9627646408910744
2173 0.8446907430177779
2174 0.7235554939077236
2175 0.6071905753741809
2176 0.5084213457254656
2177 0.42481474929434637
2178 0.34967359000944853
2179 0.28551450065100975
2180 0.22510822372285874
2181 0.18705165715469915
2182 0.16511111346703414
2183 0.14051930325679743
2184 0.08393913351176435
2185 0.01654654719344228
2186 -0.01372603704920754
2187 -0.03432853301776674
2188 -0.04735141876622663
2189 -0.05521570510203333
2190 -0.07033513760132741
2191 -0.08195940622912819
2192 -0.07104284413402608
2193 -0.05038877476391036
2194 -0.018847229325981592
2195 0.010445754251804476
2196 0.03538687820718087
2197 0.06283622453480708
2198 0.08795532295194364
2199 0.11209498305433217
2200 0.13698590433362579
2201 0.16816727669678735
2202 0.20420862644274546
2203 0.23692448714643377
2204 0.2653742661778016
2205 0.2894698890235313
2206 0.3117309350472582
2207 0.33370456230495577
2208 0.3564962927710301
2209 0.37880837800919664
2210 0.39651255240013605
2211 0.4128304276557687
2212 0.43365882567499575
2213 0.4492891486836097
2214 0.4562892360840046
2215 0.46333695497904254
2216 0.4677031974839284
2217 0.4817740530737742
2218 0.49559260403519817
2219 0.4990779931999777
2220 0.5003657073606431
2221 0.501398359193259
2222 0.5075783921253954
2223 0.5096307729330228
2224 0.5103756305976517
2225 0.5120333075891036
2226 0.5136562458449059
2227 0.5168210132756145
2228 0.514313490132616
2229 0.5077258606253106
2230 0.5118537508426718
2231 0.5138649894023734
2232 0.5172242798581892
2233 0.5231960454185626
2234 0.5213897180854918
2235 0.5191598390018088
2236 0.5182663309955612
2237 0.5228578255309458
2238 0.5242947027442935
2239 0.524013788274287
2240 0.5193778810802856
2241 0.5173284103306968
2242 0.5233284103306968
2243 0.526950155523606
2244 0.5324696737573414
2245 0.5336757169169652
2246 0.5358668510996976
2247 0.5403730438706976
2248 0.5451661792220225
2249 0.549829722410146
2250 0.5537584207332067
2251 0.5536762370211017
2252 0.5471012772292431
2253 0.5488574018862309
2254 0.5503071869078776
2255 0.5522547014883873
2256 0.5552703423917728
2257 0.55983094557165
2258 0.5568933814313216
2259 0.5530782494108835
2260 0.5616651469916949
2261 0.561137870269144
2262 0.5601235559096407
2263 0.5581247640218392
2264 0.5606794575230819
2265 0.5646266155790556
2266 0.5663664762826122
2267 0.5675093939085487
2268 0.564136972600887
2269 0.5646173170580462
2270 0.5614718609479127
2271 0.5630855006827058
2272 0.5694389249418499
2273 0.571039195731945
2274 0.5781098416615958
2275 0.5771941273260397
2276 0.5715915888418429
2277 0.5720912446195773
2278 0.5722712775517137
2279 0.5732083616782212
2280 0.5794610417086009
2281 0.5832252718237051
2282 0.58007027909971
2283 0.5774967504635965
2284 0.5764770214885852
2285 0.5795047186126074
2286 0.5850941262449585
2287 0.5921647721746095
2288 0.5872725907122439
2289 0.58508736238003
2290 0.5885582464025332
2291 0.5899407132070036
2292 0.5977246111672191
2293 0.6022276708366339
2294 0.6021890632447888
2295 0.6039100888134749
2296 0.6067744074100551
2297 0.6088990599139681
2298 0.6120880921443613
2299 0.6167904810171823
2300 0.6155653796791407
2301 0.6097859413643927
2302 0.6082958656824826
2303 0.6124174896966733
2304 0.6109925829695213
2305 0.612921637817118
2306 0.6190607665941807
2307 0.6200678409030509
2308 0.6218104593062351
2309 0.6225179213193337
2310 0.6263546612235756
2311 0.6273902080649246
2312 0.6307179936704229
2313 0.6352588243933259
2314 0.6405989231897348
2315 0.6415171721813715
2316 0.6402440639467294
2317 0.6468446012623338
2318 0.6460424381800947
2319 0.6428398996958976
2320 0.6437307507862645
2321 0.6441003532643987
2322 0.6469989344109243
2323 0.6493794000468021
2324 0.654927528122122
2325 0.6600340201158742
2326 0.6584451213664703
2327 0.6566986341070905
2328 0.660494469856259
2329 0.663898411063544
2330 0.6694781447729279
2331 0.6720069003977723
2332 0.6745138250952664
2333 0.6818307475430206
2334 0.6816504915673376
2335 0.6820735306068866
2336 0.6828566355107083
2337 0.6857705583378666
2338 0.6967152540888489
2339 0.7065959455153086
2340 0.7103627102864933
2341 0.709114804173639
2342 0.7097242796576005
2343 0.7147394267273444
2344 0.7172301732058484
2345 0.7201409629314216
2346 0.7301390379420346
2347 0.7327122062254959
2348 0.7327778513659582
2349 0.7367821925797421
2350 0.7390555104745795
2351 0.7434730152374518
2352 0.7476949223440078
2353 0.7484841926672533
2354 0.7499494051039742
2355 0.749541808528805
2356 0.7526046197904347
2357 0.7580078290712255
2358 0.7613831604369258
2359 0.7626330027603562
2360 0.7668140057118388
2361 0.7707994110070051
2362 0.7705778754742907
2363 0.7715563399415761
2364 0.7769877836619937
2365 0.7824034245653791
2366 0.7842002303338939
2367 0.7826556069340008
2368 0.7827814675501124
2369 0.7921352060813143
2370 0.8013585159109581
2371 0.8077359819262402
2372 0.8186022405615129
2373 0.8235787800394115
2374 0.8219101314502367
2375 0.8270419628748827
2376 0.8328656765391418
2377 0.829201729516403
2378 0.8285794620571947
2379 0.8337524357297664
2380 0.8378154416022854
2381 0.8450371867951948
2382 0.8534725390256547
2383 0.84815658276913
2384 0.8471642516953884
2385 0.8598596424385447
2386 0.8630868211243841
2387 0.8608189328943606
2388 0.8546425092495139
2389 0.8518573420472
2390 0.8540019043171928
2391 0.8576270056552342
2392 0.857127587970352
2393 0.8583151563477575
2394 0.8584605513279908
2395 0.8570894565642115
2396 0.862473354524427
2397 0.8691492109034612
2398 0.872357179052472
2399 0.8710145568211716
2400 0.8725933205112096
2401 0.8761968290147526
2402 0.8774757423161665
2403 0.8744025579023188
2404 0.8743334193076184
2405 0.8774664437951574
2406 0.8747781884907712
2407 0.8770298985018047
2408 0.8807349877724691
2409 0.8727828900572072
2410 0.8688290903961051
2411 0.8714448359113535
2412 0.8715079463957355
2413 0.8699092729396175
2414 0.8727986928742394
2415 0.8789093491188233
2416 0.8795592525721537
2417 0.8783183484170801
2418 0.8773748607782965
2419 0.8704300604154515
2420 0.8699439108915206
2421 0.8754461662833521
2422 0.8682899654471586
2423 0.8607897396565769
2424 0.861719198338789
2425 0.8601243937388666
2426 0.8583526893083934
2427 0.8568061296979245
2428 0.8483398710626519
2429 0.8391892083312512
2430 0.8337432594685573
2431 0.8206161296103475
2432 0.8154784931189298
2433 0.8163507686433317
2434 0.8142982870519577
2435 0.81036065056054
2436 0.8004549951051445
2437 0.7920998538508546
2438 0.7837295232743426
2439 0.7764954687186391
2440 0.7665769054549444
2441 0.7620997836619279
2442 0.7578940397250564
2443 0.7506692987396674
2444 0.7464760872091368
2445 0.7386254694772497
2446 0.7378587658359648
2447 0.7352168193104557
2448 0.7201920021458612
2449 0.7065537071601201
2450 0.6963963455218075
2451 0.6909058832167503
2452 0.6807819475900257
2453 0.6729666670392926
2454 0.6694559384436196
2455 0.6619944575539884
2456 0.6563674011279492
2457 0.6476681491848298
2458 0.6430521367076029
2459 0.6356914000467363
2460 0.6297075632164209
2461 0.6289882680262322
2462 0.622255841984198
2463 0.6183308752082272
2464 0.613260095797587
2465 0.6071529330072407
2466 0.6020723788898866
2467 0.5979046440993555
2468 0.5915074056270991
2469 0.5840866915834362
2470 0.5781439970010462
2471 0.5769350588326894
2472 0.5753056162808642
2473 0.5739253452558756
2474 0.5743551481603532
2475 0.5721515823550262
2476 0.5654094823900248
2477 0.558777800576755
2478 0.5594515834361076
2479 0.5579205885498185
2480 0.5470759377983494
2481 0.5445439117628141
2482 0.5447118734250083
2483 0.5421915797828162
2484 0.5424193815187013
2485 0.5383270665753465
2486 0.5333910708998689
2487 0.534095622854929
2488 0.5363346631505156
2489 0.5365426924294264
2490 0.5362935209025899
2491 0.5346832523622344
2492 0.5303155899227926
2493 0.5327155899227926
2494 0.5377020263672051
2495 0.5395645995359823
2496 0.5397982063386391
2497 0.5353304957537142
2498 0.5103905244584238
2499 0.4592245235570366
2500 0.07487109929789235
2501 0.025264926167925503
2502 0.004054308942984081
