0
1
2506
-3 -0.6071109371237644
-2 -0.5717241925018485
-1 -0.4890516192522875
0 0.15192841367984877
1 0.2359052396617174
2 0.2719674652607098
3 0.28180857428639083
4 0.2861189313082224
5 0.2893491057865414
6 0.2913288394959256
7 0.29319188885040737
8 0.2952505358612053
9 0.29867630799584066
10 0.3042088713469806
11 0.30835499825370805
12 0.3070092429208221
13 0.30852489612647827
14 0.3111271353879229
15 0.3126111829595145
16 0.31276900956234255
17 0.3117395058806175
18 0.31183108889747824
19 0.31321112182961464
20 0.3148403262885874
21 0.316545310947389
22 0.3190591002935581
23 0.3192549360427266
24 0.31744510020611283
25 0.31909964409597935
26 0.32415232412635897
27 0.32695305605285285
28 0.32599933257095637
29 0.3244806470474617
30 0.321104717236257
31 0.322355158005192
32 0.3269406244302584
33 0.32714575870043605
34 0.32468867632637244
35 0.32188481129829327
36 0.3210926459663147
37 0.31848727360328477
38 0.31707876813866953
39 0.3185918866882449
40 0.31564575978151754
41 0.3102425505007266
42 0.30673786506467726
43 0.30430358746542674
44 0.29983227073918184
45 0.29624203039659014
46 0.29158778572947586
47 0.28791863208546997
48 0.28325171770290913
49 0.27959523377435014
50 0.27491854468507526
51 0.27098128359561546
52 0.26646639074911094
53 0.25548344775893594
54 0.24756415256874742
55 0.24399985010255387
56 0.23655393393710278
57 0.2309081796852982
58 0.22306466469493846
59 0.21514513141189762
60 0.20910191564429015
61 0.2007911870486171
62 0.19034543279681249
63 0.18220520051941413
64 0.17661942365040628
65 0.1713116662426717
66 0.1668123381203469
67 0.15707694089037405
68 0.1504647934412262
69 0.14613923204786727
70 0.14073035500941034
71 0.1338056874561918
72 0.12339480924914248
73 0.11485360695239788
74 0.1065019742016512
75 0.098493991003335
76 0.09184734291138985
77 0.08744913441978741
78 0.08024309126016349
79 0.07532036374563733
80 0.07270605321425039
81 0.06815269008500646
82 0.06532057556799487
83 0.05813987183926472
84 0.05175819809118831
85 0.04725284185854517
86 0.039604924524501484
87 0.03197281000748997
88 0.02668712161995823
89 0.02191595450508954
90 0.019522581060912425
91 0.01627660376556128
92 0.013011315149634828
93 0.009566607096382018
94 0.006785171441157867
95 -0.001137855296120427
96 -0.005669149405161944
97 -0.005498054641382422
98 -0.006792770759828648
99 -0.006786742649510402
100 -0.006556268948438859
101 -0.004326765266713606
102 -0.004471922154094976
103 -0.007127735286059922
104 -0.010058059375755213
105 -0.01197444450790508
106 -0.013742777743940837
107 -0.0163259437776625
108 -0.01580142475473889
109 -0.017313944858809438
110 -0.019893977790945816
111 -0.02042430188064115
112 -0.021823032638542572
113 -0.02209151548595434
114 -0.02321573528612586
115 -0.022262011804229265
116 -0.022407168691610302
117 -0.023774531908299812
118 -0.025271249195338408
119 -0.02666684685165477
120 -0.026780636197823893
121 -0.026603736367272868
122 -0.024292186282548256
123 -0.024961862192853013
124 -0.023629375020918775
125 -0.02231558567474956
126 -0.022094648587539734
127 -0.021962161415605364
128 -0.021873711500329795
129 -0.020881978872092977
130 -0.02200306557067888
131 -0.0230705783987446
132 -0.021949491700158474
133 -0.020806198672264187
134 -0.020894648587539755
135 -0.02317483113105223
136 -0.023449342088782466
137 -0.02267854654775525
138 -0.024857609460545382
139 -0.024775563057546024
140 -0.02317459303819991
141 -0.020114914878155643
142 -0.01600993021935415
143 -0.014320510284732357
144 -0.014197559726659592
145 -0.01641752679452324
146 -0.01569717202243115
147 -0.016843598151910832
148 -0.017772220295766084
149 -0.014588755039292023
150 -0.015466698321359829
151 -0.016335480391523882
152 -0.014930108028493927
153 -0.01225873017234913
154 -0.010686232685481856
155 -0.009562012885310445
156 -0.011857760153002994
157 -0.01320932055266022
158 -0.013288233854074183
159 -0.012170280257073562
160 -0.011191217344283522
161 -0.013496739318689444
162 -0.014983919991866546
163 -0.014576085323845134
164 -0.018214094470185627
165 -0.019698142041777333
166 -0.01879485932881586
167 -0.01948033805615279
168 -0.01598145768687509
169 -0.015570951053667459
170 -0.015334211149425458
171 -0.015031227659216273
172 -0.014412453654245594
173 -0.009625123369692345
174 -0.00908526266613574
175 -0.009053895124923605
176 -0.010436823065792966
177 -0.012025123369692414
178 -0.013692336975005825
179 -0.015413124450839533
180 -0.01716878797142818
181 -0.01984329892915848
182 -0.020266475277813112
183 -0.021406497895016474
184 -0.019539955086297023
185 -0.02093555274261316
186 -0.024437941615434
187 -0.024671548418090716
188 -0.022719688795681203
189 -0.023123791916612513
190 -0.027096289403479745
191 -0.03113189737472888
192 -0.032552834461938795
193 -0.030260220295831752
194 -0.027812912628481956
195 -0.027825582343928845
196 -0.03036447302813927
197 -0.032969607298316994
198 -0.03322855353186749
199 -0.03224308710680113
200 -0.03141871769525362
201 -0.03484532636824578
202 -0.03627893317090247
203 -0.0346488921735727
204 -0.0370869013199131
205 -0.03952177736466833
206 -0.03876365153908801
207 -0.03891194152805455
208 -0.0392466679614335
209 -0.04178869174722932
210 -0.04327273931882103
211 -0.04344010253551056
212 -0.04330121185130009
213 -0.04113481865395674
214 -0.042167455437267076
215 -0.043323418180608364
216 -0.04338966176657555
217 -0.04242640167081746
218 -0.04272625205944136
219 -0.04535672576051275
220 -0.04798719946158414
221 -0.04826171041931426
222 -0.047165963151621915
223 -0.046922819735103705
224 -0.045653443047551256
225 -0.04623153594099527
226 -0.04353168555237141
227 -0.04066760504864331
228 -0.038962620389841884
229 -0.03767103737298105
230 -0.03875411492522651
231 -0.03988473823767413
232 -0.039768053882771826
233 -0.037582587457705485
234 -0.03684980106301883
235 -0.04175092069374109
236 -0.044873709338167256
237 -0.046632267867489086
238 -0.047740922943480646
239 -0.04533138632961897
240 -0.042776692828376484
241 -0.043351890713087315
242 -0.04213922099764045
243 -0.041201062239923925
244 -0.04357282780029714
245 -0.04517379781964326
246 -0.045943756822313664
247 -0.04880783732604166
248 -0.05244271337079687
249 -0.05150455461308012
250 -0.04901610469780471
251 -0.04823660908127292
252 -0.045407404622300085
253 -0.04283050479174899
254 -0.04281783507630221
255 -0.04531582160543923
256 -0.04792408897720224
257 -0.047361560807938186
258 -0.04859956995427861
259 -0.049670215883929614
260 -0.04763317675693535
261 -0.04862804248675767
262 -0.04882074513434087
263 -0.049303523463834154
264 -0.05203824989721295
265 -0.054839219916559157
266 -0.055555605048709156
267 -0.05716924478350216
268 -0.05967349751580975
269 -0.059082734906919065
270 -0.06049413538026738
271 -0.06197528794312601
272 -0.06344979890085622
273 -0.06385076892020247
274 -0.06519592580758371
275 -0.06549264309462222
276 -0.06661372979320812
277 -0.06640546242144507
278 -0.06389167307527599
279 -0.062262468616303024
280 -0.06165323122519384
281 -0.05910807433781262
282 -0.05871023742005177
283 -0.05758601761988047
284 -0.058694434603019596
285 -0.05981552130160561
286 -0.0587575450874015
287 -0.05851440167088329
288 -0.05719458421439594
289 -0.05688519721191043
290 -0.05568519721191034
291 -0.055672527496463564
292 -0.05678094447960269
293 -0.056790481093464296
294 -0.056547337676946086
295 -0.054172677107839795
296 -0.05395487312221525
297 -0.054109566623457894
298 -0.05558094447960271
299 -0.058094733825771905
300 -0.0584481580849161
301 -0.057677362543889
302 -0.05984086073249928
303 -0.05993244374936013
304 -0.05809413538026731
305 -0.06048146566482049
306 -0.06284696502202314
307 -0.0627458453913009
308 -0.05925323122519377
309 -0.057980584126950396
310 -0.05933214452660773
311 -0.0629921219094044
312 -0.06433414569520024
313 -0.062145546168548615
314 -0.06075308161381765
315 -0.0605448142420546
316 -0.06059525501098961
317 -0.06170367199412885
318 -0.06161208897726811
319 -0.060178482174611414
320 -0.05846082780036299
321 -0.05568519721191034
322 -0.054096896908011005
323 -0.053797046519387215
324 -0.053692793787079585
325 -0.05361388048566562
326 -0.05345918698442298
327 -0.05225918698442289
328 -0.05210449348318025
329 -0.05202558018176617
330 -0.0519593365957991
331 -0.0518962261114172
332 -0.05098340678459434
333 -0.05235077000128363
334 -0.05491813321797312
335 -0.05548936146274186
336 -0.05689762883450489
337 -0.057977811378017496
338 -0.056635787592221654
339 -0.05408422719256434
340 -0.052729533691321495
341 -0.05373080293342003
342 -0.054880124071632785
343 -0.05389792805725724
344 -0.05464651726897607
345 -0.052180273683008815
346 -0.05065821696507666
347 -0.05022901250610379
348 -0.0489754386355834
349 -0.049019475892242315
350 -0.049458216965076796
351 -0.053080423294385004
352 -0.05448869066614814
353 -0.05253056484056773
354 -0.05337073706914741
355 -0.052205613113902594
356 -0.052129832914073804
357 -0.05228765951690184
358 -0.05283065332204384
359 -0.05673050371066779
360 -0.05874487537195472
361 -0.06150783624496048
362 -0.06274584539130079
363 -0.06047833256323509
364 -0.059006954707090276
365 -0.05861865440319092
366 -0.05732393828474491
367 -0.05794004032452926
368 -0.05545159040925385
369 -0.05311783399522085
370 -0.05516754283766201
371 -0.055540040324529305
372 -0.05698921185136574
373 -0.05831567091298184
374 -0.05847349751580977
375 -0.057639591490400766
376 -0.05898161527619672
377 -0.06129956887319732
378 -0.06114174227036939
379 -0.05836924478350214
380 -0.05438407758118813
381 -0.0526759598208012
382 -0.053317163198627116
383 -0.052047786511074445
384 -0.05169085374838711
385 -0.04927505093135498
386 -0.049733326368311515
387 -0.04792408897720235
388 -0.042931386329619015
389 -0.042000092220577656
390 -0.040143684471224295
391 -0.03812907471708504
392 -0.033894497895082365
393 -0.030522061538115097
394 -0.027851044034622574
395 -0.022470639528644698
396 -0.013212215561393181
397 -0.002372132895371082
398 0.006585604144899504
399 0.017204749723711887
400 0.025016897172859598
401 0.028730088073524174
402 0.029525624599940348
403 0.02982547498856436
404 0.030785840075589266
405 0.03038510814909523
406 0.025995239380345092
407 0.02620350675210803
408 0.03197340845299479
409 0.033653053680902656
410 0.03193166775956424
411 0.03315060367818168
412 0.033586211649430764
413 0.036895897874668515
414 0.0366751988803109
415 0.031309400300355894
416 0.03173884285218109
417 0.039333784761208856
418 0.04463190477133527
419 0.05010365420132179
420 0.05753063444815554
421 0.06278808839606065
422 0.06784643618410624
423 0.07183100494091588
424 0.07767608839612639
425 0.08311090331098148
426 0.08235241713274888
427 0.08532641812645059
428 0.09569325907684112
429 0.10889860300721366
430 0.11956795126210884
431 0.12456645897646357
432 0.12461073432597458
433 0.11822556712366072
434 0.11313258138371196
435 0.10869346873703589
436 0.09996223575789454
437 0.09304734291138972
438 0.0862649372368195
439 0.07801358757843835
440 0.07645725326125563
441 0.07436723870924555
442 0.07143980962828334
443 0.06870508319490432
444 0.06824740620345249
445 0.06877168713352377
446 0.06575618353924395
447 0.06192279978013415
448 0.053434948310363106
449 0.0475809266867957
450 0.03955135065398119
451 0.03144224782494265
452 0.02327040991348006
453 0.016851563557419902
454 0.006169307494225729
455 -0.005198802698263227
456 -0.010566537488794436
457 -0.011010946319294779
458 -0.014134211149425369
459 -0.01925650596020989
460 -0.01946104178488317
461 -0.02292795616744414
462 -0.0296889920510629
463 -0.033462160334524094
464 -0.037061561889019434
465 -0.04063937060901679
466 -0.04550212074074611
467 -0.0499919122492094
468 -0.05926903404222594
469 -0.07007774916703613
470 -0.07985985561885411
471 -0.08817058421452739
472 -0.09482676892033404
473 -0.09974949643486009
474 -0.10286298655827697
475 -0.10317550666234765
476 -0.10189683145378592
477 -0.10045682113885301
478 -0.0982746251244776
479 -0.10136650736409059
480 -0.10140427841757893
481 -0.09910829305703428
482 -0.09944034752522701
483 -0.09555316685204995
484 -0.09276799964973592
485 -0.09245861264725053
486 -0.0926606138158429
487 -0.09593542399632549
488 -0.09482387391160108
489 -0.09231321766701717
490 -0.09076292650945816
491 -0.09040950225031408
492 -0.09024213903362455
493 -0.0892504064053875
494 -0.09043773668994082
495 -0.09164727330380218
496 -0.09160926415746173
497 -0.09018832707025193
498 -0.08848334241145017
499 -0.08577395540896482
500 -0.0843656880372019
501 -0.08539832482051235
502 -0.08577082230737965
503 -0.08826240532424046
504 -0.0887705230846274
505 -0.0893135168897693
506 -0.09283773668994078
507 -0.09219026710894429
508 -0.09329228057980721
509 -0.09227231351194365
510 -0.09227231351194354
511 -0.09333028972614765
512 -0.09241433729773951
513 -0.0934849832273904
514 -0.09357656624425115
515 -0.09281844041867093
516 -0.09531002343553174
517 -0.09699944337015354
518 -0.09878647443195443
519 -0.10064928569358389
520 -0.10342178318045114
521 -0.10570196572396373
522 -0.10329242911010217
523 -0.09955353842589154
524 -0.09908656291343043
525 -0.09921591698377952
526 -0.10085465805661398
527 -0.10467559514382385
528 -0.10538595216565538
529 -0.10694250952638484
530 -0.10749817304697373
531 -0.11009087569455689
532 -0.11166963938459473
533 -0.11123646528567965
534 -0.11462506481233131
535 -0.11540539696721991
536 -0.1104411668521158
537 -0.10632977868103799
538 -0.10482992829241411
539 -0.10697738557114
540 -0.10910263652055752
541 -0.10657304435735626
542 -0.10331776854099584
543 -0.09881494696443327
544 -0.09370242686036256
545 -0.09527225238204351
546 -0.09538290862662746
547 -0.09583081091136547
548 -0.09759914414740112
549 -0.1016001141667473
550 -0.10363028864506652
551 -0.1056100223544505
552 -0.10862239284714503
553 -0.11070011308566607
554 -0.11477045979256478
555 -0.11580890164264684
556 -0.1187265560168953
557 -0.12224474770674831
558 -0.12019817196589244
559 -0.11784220922255123
560 -0.11844250844530357
561 -0.11767207325692874
562 -0.11373770717620213
563 -0.10498799941484227
564 -0.08932630886501636
565 -0.07114127730585407
566 -0.048661966160103765
567 -0.028230290337112773
568 0.005113981769154452
569 0.05137085015869802
570 0.0955547437945885
571 0.14390042984513263
572 0.19443473047163418
573 0.24932318728377378
574 0.30838975203866315
575 0.3683872355006357
576 0.42823848744401805
577 0.4944636869074347
578 0.5610303401437998
579 0.6125921110226605
580 0.6689138142848047
581 0.734359741175236
582 0.7899489176115989
583 0.842336239743711
584 0.8857817800109952
585 0.9217369764049063
586 0.9470573466627729
587 0.9584884515065918
588 0.945211065350228
589 0.8943634231306047
590 0.8180066625961678
591 0.7140970323296597
592 0.5919695529296102
593 0.46523900538599194
594 0.34715593125148625
595 0.22468879341500214
596 0.1012407822799084
597 -0.006111390358981894
598 -0.09437428992759156
599 -0.17490866074301975
600 -0.24966949552926154
601 -0.30575795234140124
602 -0.34105940652439737
603 -0.3706064772136233
604 -0.3933995239687158
605 -0.4279511984757318
606 -0.4966958213794158
607 -0.5501518897559614
608 -0.57480693271038
609 -0.5953307534703774
610 -0.6129757012824362
611 -0.6347735097675397
612 -0.6427600223911578
613 -0.6318431856778445
614 -0.6083021452947466
615 -0.5901343665857836
616 -0.570191750344762
617 -0.5424828593380808
618 -0.5172190802192677
619 -0.49181968082693484
620 -0.4644521428094556
621 -0.4398610719187859
622 -0.41348610306790057
623 -0.3800087453441944
624 -0.3458592778378493
625 -0.3129982602467799
626 -0.28230630781824
627 -0.2582296208911277
628 -0.2366789318892325
629 -0.22008920259175052
630 -0.20189187671909942
631 -0.18293955812245322
632 -0.16741698130038457
633 -0.1524342651818727
634 -0.13890385369178265
635 -0.12577151721230584
636 -0.11417039866266471
637 -0.1033554173346839
638 -0.09740667959267024
639 -0.09210205528652105
640 -0.08716665805654822
641 -0.08262269423205992
642 -0.07967656732533257
643 -0.08029243127226471
644 -0.08003988855099042
645 -0.07940531172898768
646 -0.07528765735473919
647 -0.0710562136343218
648 -0.06912715878672504
649 -0.06855569244910398
650 -0.06710628282941511
651 -0.06652527987793255
652 -0.06370561203282121
653 -0.0617321445266078
654 -0.05789853772395115
655 -0.05741865440319094
656 -0.05817364712718598
657 -0.05686939439487826
658 -0.05542625097836007
659 -0.05401798360659704
660 -0.05377170708849355
661 -0.05361388048566551
662 -0.05336760396756213
663 -0.05193399716490543
664 -0.05038370600734643
665 -0.04896590202172191
666 -0.04794882996259131
667 -0.05026678355959202
668 -0.05244271337079687
669 -0.05007094781042343
670 -0.04720686730669543
671 -0.04516112810419659
672 -0.04220546458360763
673 -0.03955918806550418
674 -0.04029197446019084
675 -0.04023526748808526
676 -0.04014971258154276
677 -0.0388803358939902
678 -0.03925016141567128
679 -0.035233626672145246
680 -0.031213583425075853
681 -0.029701063321005194
682 -0.031690932089755375
683 -0.03277714274358612
684 -0.029801944858875218
685 -0.03186432341676315
686 -0.03293183624482887
687 -0.030869457686940827
688 -0.03170962991552051
689 -0.03057274039990232
690 -0.030351565219840282
691 -0.030702692915756002
692 -0.02645857947989161
693 -0.01996915954527001
694 -0.01869711089253112
695 -0.01666067021104145
696 -0.013613423673591751
697 -0.010594649668621003
698 -0.007894799279997256
699 -0.008627585674683802
700 -0.008624452573098518
701 -0.008640017297278368
702 -0.00850753012534411
703 -0.008157238967785196
704 -0.005760372069370301
705 -0.004642180379517469
706 -0.006774072934063624
707 -0.008665955173676632
708 -0.004105590086651678
709 -0.0014751163855802885
710 -0.003079817952016395
711 -0.0016935188167094273
712 8.570833359144991e-06
713 0.00300513850902151
714 0.006093289201544727
715 0.00811079396441694
716 0.010937103414656701
717 0.012541206535588323
718 0.0120829310986319
719 0.014729207616735462
720 0.017410360179594186
721 0.01797205181050132
722 0.018426595700367754
723 0.02083637040708164
724 0.02128137768308669
725 0.020990465462819796
726 0.026166334144124503
727 0.029759469495449387
728 0.03349462863257002
729 0.039987181668777017
730 0.04095648492415893
731 0.04152444275823686
732 0.04211811542516608
733 0.04586013921096188
734 0.04747064584416982
735 0.04777362933437879
736 0.047043976041277524
737 0.04863227634517686
738 0.05245008033080145
739 0.054022577817668616
740 0.05405105035014757
741 0.05181201005456093
742 0.050870956288111335
743 0.05449629571900483
744 0.056523337095738646
745 0.05967773137422905
746 0.06289547422995367
747 0.06531708211375731
748 0.07007244641159383
749 0.0760626867541856
750 0.08101364870833838
751 0.08474904593831123
752 0.08927393653507654
753 0.09166417687766815
754 0.0959808001026704
755 0.09836150383140063
756 0.10199578143065124
757 0.1079258062975943
758 0.11284226760894966
759 0.11829264724798472
760 0.11826381436285327
761 0.11928028797647938
762 0.12479377809989622
763 0.1296693352561782
764 0.1354760341630904
765 0.13704190509413483
766 0.14242917424878787
767 0.14477186883117754
768 0.14709876059653515
769 0.15324102247518334
770 0.15306389960108568
771 0.15379922065185314
772 0.15688447633564317
773 0.16142844016013136
774 0.1662247086130414
775 0.170038781051576
776 0.17556180778885444
777 0.17846703054050816
778 0.17682455792058394
779 0.1771528808416868
780 0.1798340334045455
781 0.18277702720968758
782 0.18481033478959186
783 0.18703634501707944
784 0.1916496855291201
785 0.19663552352802816
786 0.20272024189621385
787 0.20757672582477282
788 0.21109431906912102
789 0.21351906005451027
790 0.21717554398306904
791 0.22403105789228195
792 0.22773798258977573
793 0.23105020347109417
794 0.23304260689592504
795 0.23488985343337476
796 0.23769395655430614
797 0.23852413103262515
798 0.24139134463793865
799 0.2442303238036252
800 0.2450889708144235
801 0.24724209585081525
802 0.25178292657371826
803 0.2582596767928932
804 0.2592067737189666
805 0.2588463475020416
806 0.26086409035776614
807 0.2665164711653937
808 0.2723897890602308
809 0.2759607180822473
810 0.27805424113780053
811 0.28084591263613734
812 0.28079174032011234
813 0.28430909547160865
814 0.29224165882274855
815 0.2968769675712454
816 0.297684935720256
817 0.29777675682996907
818 0.2966714729484152
819 0.2958597732523147
820 0.2994851126832083
821 0.30137013027414616
822 0.3032611759754025
823 0.30589164967647364
824 0.30690558863401907
825 0.3042120044485659
826 0.2993393573503226
827 0.29898906619276355
828 0.30131968950521115
829 0.3029457608625987
830 0.30447384569084923
831 0.3047423285382612
832 0.30569918512174277
833 0.3033876350370185
834 0.30292355453329034
835 0.301461713291007
836 0.30013525422939114
837 0.30000276705745665
838 0.30095649053935314
839 0.29981960102373506
840 0.299497544305803
841 0.2980103636326257
842 0.2963713844669391
843 0.2944927703882775
844 0.29222898910730166
845 0.28663971878405614
846 0.28202951137360066
847 0.2796205732052438
848 0.2763365867635521
849 0.2729768201220317
850 0.26943412553964197
851 0.26473233511232563
852 0.25993896166814867
853 0.2559668245339337
854 0.25053284615743554
855 0.24252510105197156
856 0.23230028388737678
857 0.22529067492242616
858 0.22051370274078563
859 0.21180780919253794
860 0.2052492356139105
861 0.19998262045410165
862 0.19583045038775038
863 0.18945831325353546
864 0.18272634834790036
865 0.17478171372681817
866 0.16680860657325702
867 0.16075272109020278
868 0.15241665306363594
869 0.1418130722090033
870 0.13321829604173863
871 0.12490756744606546
872 0.11698803416302461
873 0.1113993622852838
874 0.10600942116544432
875 0.09879070829037351
876 0.09478080010267054
877 0.0909129157007631
878 0.08502355689604135
879 0.08093473540692442
880 0.07551655984745831
881 0.06686737327131609
882 0.06030277158237041
883 0.05601835243693709
884 0.049974300130972704
885 0.04503576979941448
886 0.04201759423994844
887 0.03482422079577119
888 0.028625713081416482
889 0.024694718195127474
890 0.02004023543516087
891 0.01735968131780674
892 0.012370710217313619
893 0.005101556573307797
894 -0.00018413181422394231
895 -0.005305590086651546
896 -0.01026632674751815
897 -0.015113274062215631
898 -0.01886423601636833
899 -0.023420869556303514
900 -0.027592335893924513
901 -0.027393006690518362
902 -0.029091587837043686
903 -0.03180761644465757
904 -0.03435277333203868
905 -0.03270716761052905
906 -0.034131237799324254
907 -0.036733477060769015
908 -0.03827109850288102
909 -0.038492035590090956
910 -0.038413360381529094
911 -0.03733631093960199
912 -0.03658772172788327
913 -0.04113855020104662
914 -0.04169710873036847
915 -0.04108100669058412
916 -0.044280274764090244
917 -0.04234435526781821
918 -0.04235038337813657
919 -0.04333608789605514
920 -0.04320962883443924
921 -0.04097699205112881
922 -0.04182983399515516
923 -0.040992794868160876
924 -0.04247684243975247
925 -0.046010598853785334
926 -0.04528734907296028
927 -0.0453091800003107
928 -0.044286079830861746
929 -0.04616529235502809
930 -0.044706346121477836
931 -0.04087273931882118
932 -0.03991634387173837
933 -0.036158517268910395
934 -0.03575754724956415
935 -0.03668303629183389
936 -0.03582065773394605
937 -0.03709957103535999
938 -0.03845426453660272
939 -0.03875098182364112
940 -0.03987520162381253
941 -0.03886790427139564
942 -0.03891194152805444
943 -0.03914241522912587
944 -0.04140992805719146
945 -0.04151418078949909
946 -0.0396000922205777
947 -0.04095478572182043
948 -0.0444318351637476
949 -0.044561189234096577
950 -0.04221789620620231
951 -0.04077185778095116
952 -0.04064250371060196
953 -0.04099279486816099
954 -0.04366417272430567
955 -0.04621573312396299
956 -0.04621573312396321
957 -0.04366417272430578
958 -0.0409801251527141
959 -0.04053825097829444
960 -0.04036775466001952
961 -0.040288841358605554
962 -0.040225730874223764
963 -0.0393002418319538
964 -0.04057602203178268
965 -0.042843534859848154
966 -0.041839132516164335
967 -0.04060136146267623
968 -0.040449801063018764
969 -0.03960962883443919
970 -0.04290977844581534
971 -0.04298555864564402
972 -0.04070537610213154
973 -0.04030464417563773
974 -0.039129983606531304
975 -0.03937915513336787
976 -0.04196872467936563
977 -0.04457699205112864
978 -0.04396089001134429
979 -0.04509777952696237
980 -0.04505687537188885
981 -0.04389777952696228
982 -0.043714851586093006
983 -0.043651741101711106
984 -0.042880945560684
985 -0.045410299631033046
986 -0.047920955875616955
987 -0.04802810361665766
988 -0.04573235634896522
989 -0.0453851982929917
990 -0.04436523122512803
991 -0.04582707246741147
992 -0.048637579100619166
993 -0.05149212299048567
994 -0.05223384755352911
995 -0.05390106115884252
996 -0.05646842437553212
997 -0.05677781137801763
998 -0.056768274764156024
999 -0.0555936141950496
1000 -0.05543892069380696
1001 -0.055372677107839774
1002 -0.05533466796149933
1003 -0.05518951107411807
1004 -0.05482655020111238
1005 -0.05233810028583685
1006 -0.05099607650004101
1007 -0.051949799981937494
1008 -0.052047786511074556
1009 -0.053032877534183065
1010 -0.05080977736473413
1011 -0.051429012506103766
1012 -0.04910792580751777
1013 -0.04812886289472773
1014 -0.051586839108931914
1015 -0.05226872359828438
1016 -0.05485478464073912
1017 -0.05518951107411807
1018 -0.055255754660085254
1019 -0.055151740020629836
1020 -0.05410956662345778
1021 -0.054396747296634906
1022 -0.05702722099770641
1023 -0.059657694698777686
1024 -0.0599448753719547
1025 -0.05891537169022942
1026 -0.058839591490400855
1027 -0.05886179781970924
1028 -0.05991977403391324
1029 -0.0589942849916435
1030 -0.05914897849288614
1031 -0.06134071112112316
1032 -0.060437428408161575
1033 -0.06042789179430008
1034 -0.06045323122519375
1035 -0.060582585295542835
1036 -0.06169100227868196
1037 -0.06157118482219459
1038 -0.060194284991643476
1039 -0.05780695470709041
1040 -0.058631324118637806
1041 -0.058602851586158744
1042 -0.05843235526788404
1043 -0.05788936146274193
1044 -0.05400218078956498
1045 -0.052041382998798236
1046 -0.04934153261017449
1047 -0.04901634279065692
1048 -0.049929162117479886
1049 -0.048950099204689845
1050 -0.04912349053169762
1051 -0.05043414677628155
1052 -0.052587870258178016
1053 -0.05031722432852703
1054 -0.04870382268658624
1055 -0.04718200406150641
1056 -0.0452774521064464
1057 -0.049174169393484846
1058 -0.05440977736473407
1059 -0.05619054222336428
1060 -0.056143234556014665
1061 -0.052612611243566976
1062 -0.05111276085494321
1063 -0.05271746242137931
1064 -0.050213209689071614
1065 -0.047598300712180075
1066 -0.04703660908127283
1067 -0.046490482174545655
1068 -0.043818866225548425
1069 -0.042060307696226484
1070 -0.04051314964025299
1071 -0.038583258254299424
1072 -0.04232214893850983
1073 -0.04716656159712651
1074 -0.04652825322803378
1075 -0.04449748030421008
1076 -0.045527222078787566
1077 -0.04672408897720215
1078 -0.04684077333210446
1079 -0.046686079830861704
1080 -0.04527781245909879
1081 -0.0437684254566133
1082 -0.042360158084850386
1083 -0.04220546458360752
1084 -0.042372827800297164
1085 -0.043872678188921044
1086 -0.045719924726370764
1087 -0.048902553444487795
1088 -0.05223071445194383
1089 -0.057302330400941126
1090 -0.056922968265398666
1091 -0.05632266904264627
1092 -0.05976508053267049
1093 -0.06021649132095175
1094 -0.060569915580096056
1095 -0.06186149859695678
1096 -0.062117311728921876
1097 -0.06329510539961358
1098 -0.06245517126388622
1099 -0.06380346125285252
1100 -0.0645420527143109
1101 -0.06852721991662503
1102 -0.07226924370242083
1103 -0.0703995677921162
1104 -0.07003020340683419
1105 -0.0675892992517606
1106 -0.06738103187999767
1107 -0.06849258196472208
1108 -0.06788601653879911
1109 -0.07141023633897037
1110 -0.07187431684269852
1111 -0.07216149751587553
1112 -0.07333639617783416
1113 -0.07257827035225395
1114 -0.07398653772401698
1115 -0.07639607433787843
1116 -0.0764718545377071
1117 -0.07510762442260288
1118 -0.07256560063680706
1119 -0.07211105674694052
1120 -0.0717703022032431
1121 -0.07056076558938162
1122 -0.06970152013307906
1123 -0.07225308053273638
1124 -0.0757456946988434
1125 -0.07454256159725814
1126 -0.07155226012476645
1127 -0.0664051020687928
1128 -0.06481680176489335
1129 -0.06690114855923734
1130 -0.06816112594203394
1131 -0.06813891961272567
1132 -0.06590941593100053
1133 -0.06583363573117174
1134 -0.06704317234503332
1135 -0.06831895254486198
1136 -0.06846410943224324
1137 -0.06758929925176049
1138 -0.06892178642369495
1139 -0.07045337975548871
1140 -0.07293229305690274
1141 -0.07225308053273638
1142 -0.07252759149046661
1143 -0.0747415304480118
1144 -0.0746879565774915
1145 -0.07241090713556442
1146 -0.07127715072153162
1147 -0.07342484609310973
1148 -0.07459950666221604
1149 -0.07256536254395474
1150 -0.07316566176670725
1151 -0.07218743539227379
1152 -0.06576739214520455
1153 -0.060648468528857635
1154 -0.06239519388108972
1155 -0.06472268409195192
1156 -0.06503809920475567
1157 -0.06421686289479356
1158 -0.06545487204113398
1159 -0.06682223525782349
1160 -0.06725143971679615
1161 -0.06868504651945295
1162 -0.07005240973614246
1163 -0.07028601653879918
1164 -0.07040583399528666
1165 -0.07044071004004193
1166 -0.07133132303755652
1167 -0.06906067710790553
1168 -0.06868504651945295
1169 -0.06825584206048008
1170 -0.06584317234503334
1171 -0.06560002892851524
1172 -0.06560956554237662
1173 -0.06670531281006897
1174 -0.06660106007776134
1175 -0.06510120968913746
1176 -0.06324153152909318
1177 -0.059319474811160955
1178 -0.0576142520595071
1179 -0.057977811378017496
1180 -0.05591916436721944
1181 -0.05019076526691102
1182 -0.04396089001134429
1183 -0.039420657733945985
1184 -0.03064852059973111
1185 -0.023749192477406256
1186 -0.016872070684389784
1187 -0.009053657032071283
1188 -0.0032091720223653697
1189 0.004687916838514772
1190 0.012395811555354852
1191 0.018426956053020138
1192 0.02043492420203097
1193 0.019414957134167188
1194 0.018610360179594054
1195 0.013608359011001658
1196 0.010273333354870351
1197 0.014991286951871019
1198 0.020091274649600588
1199 0.021540446176437023
1200 0.01808873616540352
1201 0.01532601338524997
1202 0.014991525044723342
1203 0.014504777075287856
1204 0.019756187863569252
1205 0.025174961868539958
1206 0.026264082580409354
1207 0.028174302293135223
1208 0.029497029807661335
1209 0.0364409936321497
1210 0.04361856425929456
1211 0.0466367398187606
1212 0.051565733536457437
1213 0.05668116369856657
1214 0.06301215858485576
1215 0.06939383233293217
1216 0.07478690655435682
1217 0.08042625729388508
1218 0.08864564096554983
1219 0.09859824373564252
1220 0.11001909126029508
1221 0.12309821422190392
1222 0.13076809979240367
1223 0.1313424611387577
1224 0.1268745156069504
1225 0.11893011907872064
1226 0.10824786301552636
1227 0.09851933043422867
1228 0.09023394126944917
1229 0.08360599100326926
1230 0.0785632079394033
1231 0.07575016665011491
1232 0.07080209970469509
1233 0.06373831842371946
1234 0.05994294381095
1235 0.055689431070329753
1236 0.05569292452456742
1237 0.05332175740969858
1238 0.046169288120595176
1239 0.039307969144610766
1240 0.031035249695277933
1241 0.02164433855609238
1242 0.01337451411549273
1243 0.006273322133681036
1244 -0.0007965023069186339
1245 -0.009878026443618904
1246 -0.016881607298251278
1247 -0.023802766347926663
1248 -0.030689424754804517
1249 -0.0392879324691594
1250 -0.04413174668227138
1251 -0.045081976709930194
1252 -0.04559346566475475
1253 -0.04631962550361857
1254 -0.0505161931792808
1255 -0.05496567897817517
1256 -0.05850197004828883
1257 -0.060424398340062524
1258 -0.06906404830234303
1259 -0.07827179340780699
1260 -0.08557498655821116
1261 -0.09464697408105005
1262 -0.10039987607389511
1263 -0.10671820124473741
1264 -0.1123328109988766
1265 -0.11303363140684664
1266 -0.11196925168036631
1267 -0.1104947407226361
1268 -0.10976568587503932
1269 -0.10682269206989736
1270 -0.10291330506741192
1271 -0.10237031126226992
1272 -0.10222202127330338
1273 -0.10316307503975308
1274 -0.10195040532430633
1275 -0.10060838153851037
1276 -0.10029899453602509
1277 -0.0991085311498866
1278 -0.09997380471650752
1279 -0.09879601104581581
1280 -0.09856553734474449
1281 -0.09744445064615848
1282 -0.09761181386284801
1283 -0.1000400483024747
1284 -0.1004220824032035
1285 -0.10239601104581586
1286 -0.0990454206655047
1287 -0.09697374358660749
1288 -0.10071890047398868
1289 -0.10409436914879455
1290 -0.11031530623600438
1291 -0.10984436108360107
1292 -0.10773154175677824
1293 -0.1092353617853441
1294 -0.10554377876848331
1295 -0.10287529592107147
1296 -0.1034504938057823
1297 -0.10230093457471734
1298 -0.10234183872979086
1299 -0.10353894372105787
1300 -0.10397128128161615
1301 -0.10478878604448838
1302 -0.10991084276242058
1303 -0.11290427733649766
1304 -0.11333348179547043
1305 -0.11314101724073955
1306 -0.11059899345494373
1307 -0.10899802343559761
1308 -0.10842366208924348
1309 -0.10682269206989736
1310 -0.10428066828410143
1311 -0.10408820372937067
1312 -0.10451740818834354
1313 -0.10748550333152695
1314 -0.11242439401573734
1315 -0.11266753743225555
1316 -0.11011911013418352
1317 -0.10640555888086667
1318 -0.10615928236276317
1319 -0.1083574185032764
1320 -0.10951940935693583
1321 -0.1073939203146661
1322 -0.10713521217396804
1323 -0.10698051867272529
1324 -0.10598565294290307
1325 -0.10799735263900367
1326 -0.10683222868375886
1327 -0.10550890272372804
1328 -0.1042426591377611
1329 -0.10507656516316999
1330 -0.10483028864506638
1331 -0.10240494921417276
1332 -0.1018999645553712
1333 -0.1004790274681614
1334 -0.09924101832182097
1335 -0.10016650736409072
1336 -0.10016650736409072
1337 -0.09922834860637408
1338 -0.10038744445130054
1339 -0.10157477473585363
1340 -0.10068416173833916
1341 -0.10177061048502212
1342 -0.10111673739174942
1343 -0.10300488808427266
1344 -0.10842679519082876
1345 -0.11204213687146192
1346 -0.11639942615868537
1347 -0.11807304327627494
1348 -0.1186891453160594
1349 -0.11332105017287597
1350 -0.10668006983859679
1351 -0.1044667293265561
1352 -0.1044512868621763
1353 -0.1015084153168343
1354 -0.0915429047384424
1355 -0.07513574302917747
1356 -0.05235041607537916
1357 -0.0262628659905233
1358 0.007991092340981831
1359 0.0480235151397721
1360 0.08645101332857963
1361 0.13211614526177007
1362 0.17889008462936284
1363 0.22957930180065378
1364 0.2783697720836563
1365 0.33368164333730277
1366 0.39763338759677647
1367 0.45696652402951143
1368 0.5250354615268348
1369 0.5949492116892735
1370 0.6513643333951077
1371 0.7146515933162382
1372 0.7825319351150258
1373 0.8424065902787258
1374 0.8888728257122517
1375 0.9267322287578758
1376 0.9609101537473942
1377 0.980029020498426
1378 0.9862504401980886
1379 0.9587412387474658
1380 0.8952376348655827
1381 0.8094470005665105
1382 0.6947217754772111
1383 0.5625369794383624
1384 0.436123505034956
1385 0.30726323567526337
1386 0.1762539216945721
1387 0.048514864858222095
1388 -0.0554927455106754
1389 -0.13831527823981604
1390 -0.21700286365419363
1391 -0.28288708553036607
1392 -0.3380793473217662
1393 -0.36757144568196926
1394 -0.3910639536039069
1395 -0.4132217243077453
1396 -0.4596134129578105
1397 -0.5286993888506965
1398 -0.5656200561691529
1399 -0.5835559047171297
1400 -0.6025684173133712
1401 -0.6206489580473734
1402 -0.6401478861631993
1403 -0.6480171009371051
1404 -0.6362509307833084
1405 -0.6177503618515425
1406 -0.5951991178861056
1407 -0.5716498600399554
1408 -0.5464051541488653
1409 -0.5187033658837117
1410 -0.4900476160438092
1411 -0.46566481252490244
1412 -0.44197075814402353
1413 -0.4121156067496257
1414 -0.3770942240715313
1415 -0.3418614409200884
1416 -0.31132791353988126
1417 -0.28376874750602804
1418 -0.25524235173647464
1419 -0.23188869154664077
1420 -0.2136035142042187
1421 -0.19395677871187872
1422 -0.17566146631009066
1423 -0.1578400091187443
1424 -0.14274663675564858
1425 -0.1294973778284172
1426 -0.11897620372943629
1427 -0.10889087569455691
1428 -0.09998357942322134
1429 -0.08935779223928053
1430 -0.08036471801785572
1431 -0.07809199856852311
1432 -0.07232909882541738
1433 -0.06795539322635169
1434 -0.0669927315760982
1435 -0.06529704543830595
1436 -0.06362983183299253
1437 -0.061978421044711296
1438 -0.05956575132926445
1439 -0.06048146566482049
1440 -0.06138801878847289
1441 -0.060753441966470034
1442 -0.05551470089363553
1443 -0.05122014668883612
1444 -0.04943311562703534
1445 -0.050137429489242935
1446 -0.04988801986955416
1447 -0.04834062372072834
1448 -0.045486079830861836
1449 -0.04346857506798951
1450 -0.04039598909964626
1451 -0.03722579200412379
1452 -0.03579904985014226
1453 -0.029151803312692626
1454 -0.024658518349991554
1455 -0.023752563671843863
1456 -0.021529225409542496
1457 -0.024649342088782333
1458 -0.024658878702643938
1459 -0.02237869615913146
1460 -0.022018868387710944
1461 -0.02082840500157257
1462 -0.02173144962168172
1463 -0.02134955283005857
1464 -0.019294038920845913
1465 -0.013562744811804417
1466 -0.007569609460479576
1467 -0.003821780607912162
1468 0.00036235544515561546
1469 0.0009620562224033069
1470 0.00011234737996224098
1471 0.0018086319632591996
1472 -0.000995233064820078
1473 -0.005928095638712327
1474 -0.007336363010475355
1475 -0.004067580940311233
1476 -0.002504620067305452
1477 -0.002805068901433949
1478 0.00028621489267466327
1479 0.004751027322896562
1480 0.009841478406764415
1481 0.010716526680099259
1482 0.0035259259848553492
1483 -0.0015645250990127257
1484 0.00037490290080244293
1485 0.00417690406939486
1486 0.00613106025503285
1487 0.007772934429452705
1488 0.0089827091361665
1489 0.007930999125132954
1490 0.006051786600966724
1491 0.009598212730446365
1492 0.0123298060622401
1493 0.012929506839487792
1494 0.013519671002873879
1495 0.015376454154184982
1496 0.020397391241394836
1497 0.02118642347178834
1498 0.022411762902681986
1499 0.02205193513126158
1500 0.017419298347951084
1501 0.01796275328949204
1502 0.017043905852350827
1503 0.018780258052364385
1504 0.023037041203675557
1505 0.02744187625110095
1506 0.029626744230662805
1507 0.03240550792070063
1508 0.03274023435407969
1509 0.032702463300591456
1510 0.03158450970359061
1511 0.030760140292043325
1512 0.03429389670607608
1513 0.03589173362383691
1514 0.0363747500461824
1515 0.03705649722642945
1516 0.0393804939830541
1517 0.04729687911520397
1518 0.05120580498129035
1519 0.056409908102221906
1520 0.055759168110534385
1521 0.052705295017261955
1522 0.05572453015863155
1523 0.054840320673393284
1524 0.05580984697232172
1525 0.0546918933753211
1526 0.05286022661135681
1527 0.05760024922856022
1528 0.05884069224723487
1529 0.06410477275096271
1530 0.06788793878468435
1531 0.06413905035021339
1532 0.0662612689817923
1533 0.06663087145992641
1534 0.06824740620345249
1535 0.07098526573841679
1536 0.07184077964762958
1537 0.07494473315718486
1538 0.07844652358450122
1539 0.08333124195268671
1540 0.089362386450352
1541 0.09418086123257041
1542 0.09752795815864401
1543 0.09941924195275254
1544 0.10006648849020217
1545 0.1026749939548175
1546 0.10341671851786105
1547 0.10536797969476608
1548 0.11041136120413664
1549 0.1114402664403572
1550 0.11258296102274701
1551 0.11899683885039236
1552 0.12171516402123461
1553 0.12575330664856432
1554 0.13396351405901974
1555 0.1388264014998548
1556 0.1419334881109956
1557 0.14059086587969505
1558 0.1423718688311777
1559 0.14833096467610407
1560 0.14813803898497413
1561 0.1498146518950435
1562 0.1508942359930513
1563 0.15564333408771736
1564 0.16462433703919988
1565 0.16624667684949768
1566 0.1683715674462628
1567 0.17224342148811211
1568 0.17218611607050194
1569 0.1754729975209267
1570 0.18107180445803361
1571 0.1855748641274484
1572 0.18784804471318017
1573 0.18842844921915802
1574 0.19680915294788826
1575 0.20570124484769625
1576 0.21230361759013028
1577 0.2171156888600725
1578 0.21825259342499626
1579 0.2212490237915531
1580 0.22167800520697922
1581 0.23058322795863295
1582 0.23555639624209412
1583 0.23728298878469944
1584 0.24383248688586445
1585 0.24542659225653551
1586 0.2500650341066175
1587 0.2564631091172307
1588 0.2563931339841735
1589 0.2570368720180801
1590 0.2596897901413121
1591 0.26236140609030933
1592 0.26211453112670113
1593 0.2642362886218812
1594 0.27075104798739646
1595 0.27427793975275405
1596 0.2765195147044216
1597 0.2794783113265956
1598 0.2811677312612173
1599 0.28252555786404543
1600 0.2816634173990096
1601 0.2818748178723579
1602 0.2833179612888762
1603 0.2858190809195985
1604 0.2861725051787428
1605 0.2854017096377157
1606 0.2875398683954322
1607 0.2875116339558056
1608 0.28544285188564156
1609 0.28567645868829805
1610 0.28927043057797974
1611 0.2909405391920262
1612 0.2904791306534844
1613 0.2938077527973396
1614 0.2928635659293045
1615 0.2916695940396229
1616 0.29134150921137236
1617 0.29093764418329315
1618 0.2886479250259192
1619 0.28778554646803123
1620 0.2922669982536422
1621 0.29359635232399117
1622 0.29055804395489837
1623 0.29141088589892483
1624 0.2913668486422659
1625 0.29135417892681925
1626 0.2913699817438513
1627 0.2905991862028242
1628 0.2930496269717592
1629 0.29527599755189915
1630 0.29364655500007397
1631 0.2889323329501632
1632 0.28156229776828734
1633 0.27429024911554856
1634 0.27165083724612016
1635 0.26872981167743426
1636 0.2682214558241951
1637 0.26865439183025797
1638 0.2646911928643998
1639 0.2613063248848382
1640 0.2576625106717262
1641 0.2518080279117596
1642 0.24855624554963673
1643 0.24074096499890374
1644 0.2305101197239906
1645 0.22438495833713057
1646 0.21501541698889626
1647 0.21251152460924105
1648 0.21508321781852502
1649 0.20589370940242724
1650 0.19611703261542301
1651 0.19145698288153712
1652 0.18597583414679464
1653 0.18032054328112845
1654 0.16964698729343908
1655 0.16531188928621854
1656 0.16309914721968233
1657 0.15443102472492298
1658 0.1461674664874938
1659 0.1366947470381612
1660 0.12835867901159448
1661 0.12122261098502751
1662 0.1131705905300524
1663 0.106009183072592
1664 0.0976039764513249
1665 0.08812774849844907
1666 0.0780291523026182
1667 0.07440814286431907
1668 0.06989011691622904
1669 0.059351943109206995
1670 0.054113800481877083
1671 0.053262018119754395
1672 0.045537859449482854
1673 0.042828695490544355
1674 0.03822489159236531
1675 0.03456214146063563
1676 0.03150908985641432
1677 0.022016836042959564
1678 0.016412224039080936
1679 0.01012877491299391
1680 0.005414314770230688
1681 0.0032954522837839173
1682 0.0014514761570251222
1683 0.0012878444874254713
1684 -0.005409842818959287
1685 -0.01220575474733343
1686 -0.013707901699185676
1687 -0.015096872799678862
1688 -0.022514914878155712
1689 -0.0246937547473991
1690 -0.025548893254653815
1691 -0.02648332046528068
1692 -0.03165292294341482
1693 -0.0357201365487283
1694 -0.03451640500163844
1695 -0.03733631093960188
1696 -0.04045933767688037
1697 -0.04376529235502802
1698 -0.04796499313227587
1699 -0.04885827809497678
1700 -0.05127094781042352
1701 -0.051100689585000914
1702 -0.04755739655710667
1703 -0.046152262286928813
1704 -0.04725778426133509
1705 -0.04886164928941439
1706 -0.050708657734011786
1707 -0.05439710764928718
1708 -0.0545771405814236
1709 -0.05227475170860274
1710 -0.050812910466319416
1711 -0.0513500992046898
1712 -0.04888385561872255
1713 -0.04756052965869184
1714 -0.04754472684165978
1715 -0.049575499765483366
1716 -0.0492758874697119
1717 -0.04496806510396101
1718 -0.04453512909789814
1719 -0.05316246969738436
1720 -0.058859025070776116
1721 -0.060544936501854774
1722 -0.05721014893857579
1723 -0.054617684383844844
1724 -0.05532223633890476
1725 -0.05530643352187259
1726 -0.05538534682328655
1727 -0.05563475644297533
1728 -0.05625955855826448
1729 -0.06012490830409101
1730 -0.06373757801953783
1731 -0.06082862372079412
1732 -0.06054457614920239
1733 -0.06104086073249937
1734 -0.05733660800019169
1735 -0.05557140786574133
1736 -0.053977079451523524
1737 -0.05365502273359135
1738 -0.05272663868258842
1739 -0.05439988039822019
1740 -0.05763645838881548
1741 -0.06382892294354647
1742 -0.06422675986130733
1743 -0.06170367199412885
1744 -0.05794257498061006
1745 -0.05665763356887754
1746 -0.06090197004828868
1747 -0.059325878323437164
1748 -0.061694135380267356
1749 -0.06202886181364631
1750 -0.062325579100684925
1751 -0.06443175682237945
1752 -0.06207303637941075
1753 -0.062098836946703484
1754 -0.05495554391880908
1755 -0.05240085041756637
1756 -0.05772247443175693
1757 -0.057595554233741963
1758 -0.06058548030427591
1759 -0.06433414569520035
1760 -0.06445083005010244
1761 -0.061845695779924825
1762 -0.05899452308449571
1763 -0.056625890625707775
1764 -0.058103910086981125
1765 -0.06417015367294832
1766 -0.06435575357900392
1767 -0.06832184755359494
1768 -0.07087364604610458
1769 -0.06900710323738501
1770 -0.06909228274196966
1771 -0.06963238153837881
1772 -0.07375606402294554
1773 -0.07710643135971007
1774 -0.08211783183305832
1775 -0.08058601545771782
1776 -0.08082588846354521
1777 -0.08228483469709558
1778 -0.08402469540065227
1779 -0.08778252200348025
1780 -0.08738735705090572
1781 -0.0888336335690092
1782 -0.09114228864500062
1783 -0.08937976047573659
1784 -0.09064600406170387
1785 -0.09285994301924905
1786 -0.09178929708959804
1787 -0.09042506697449382
1788 -0.08902946931817757
1789 -0.0887705230846273
1790 -0.08858446204217263
1791 -0.0884075622116216
1792 -0.08635785336918056
1793 -0.0884706726960035
1794 -0.08956352495496289
1795 -0.08760853223096787
1796 -0.08797775930714424
1797 -0.09091762001070092
1798 -0.09599853448070728
1799 -0.09750792148319265
1800 -0.09528155090305279
1801 -0.09291315653711707
1802 -0.09301717117657249
1803 -0.09643751364639397
1804 -0.09856613579024909
1805 -0.09341814119591874
1806 -0.09366755081560751
1807 -0.09956993968842831
1808 -0.10160651767902351
1809 -0.10336180579765464
1810 -0.10302998942231412
1811 -0.10674667377721636
1812 -0.10911217313441912
1813 -0.10771970857968816
1814 -0.1029826817549645
1815 -0.10080361884217437
1816 -0.10639348761092449
1817 -0.10907440208093089
1818 -0.10728966758235847
1819 -0.1072267951908289
1820 -0.10739729150910371
1821 -0.10804429995370113
1822 -0.11288207100718928
1823 -0.11428117716704872
1824 -0.11292008015352972
1825 -0.10825570042704946
1826 -0.10792761559879893
1827 -0.11096881897662458
1828 -0.10891284393101297
1829 -0.10945629887255393
1830 -0.10587210168958605
1831 -0.10366769934590225
1832 -0.10794691187006855
1833 -0.10827537210027705
1834 -0.10824652416584024
1835 -0.10591940935693589
1836 -0.10652597478285875
1837 -0.10426799856865454
1838 -0.10425532885320787
1839 -0.10642172205055123
1840 -0.10557865481323847
1841 -0.10676271468710075
1842 -0.10532224323576889
1843 -0.11028647335087305
1844 -0.11513401911107501
1845 -0.11244600189954124
1846 -0.11242403366308507
1847 -0.11352001902362963
1848 -0.11286277473591944
1849 -0.11616292434729558
1850 -0.11600509774446771
1851 -0.11219972538143763
1852 -0.10992351247786736
1853 -0.10557225130096226
1854 -0.10157128128161608
1855 -0.10222539246774087
1856 -0.10264192721126708
1857 -0.10474788188941486
1858 -0.11126866936524848
1859 -0.11374712153026345
1860 -0.11775122465119497
1861 -0.11825958050443419
1862 -0.11670555779978542
1863 -0.12049161884224008
1864 -0.12342231833389317
1865 -0.1268609832275221
1866 -0.12256307287759055
1867 -0.12194767006705737
1868 -0.1197464008249588
1869 -0.12023244956514295
1870 -0.12786249056247273
1871 -0.12496307287759051
1872 -0.12151425787529002
1873 -0.12288559073192173
1874 -0.12019527695715937
1875 -0.11751725749588604
1876 -0.11612455484830286
1877 -0.11696486438598808
1878 -0.11859803848490313
1879 -0.11306174358667331
1880 -0.11100249813037066
1881 -0.11760943895825143
1882 -0.11921970749860689
1883 -0.1172549400678981
1884 -0.11680063427088383
1885 -0.11518409952735775
1886 -0.11267031018118867
1887 -0.11251272167121296
1888 -0.11392412214456121
1889 -0.11489608231582388
1890 -0.12097850412078098
1891 -0.12360257430957622
1892 -0.11877350333159264
1893 -0.12197590450668405
1894 -0.12346659368340429
1895 -0.12407872608324655
1896 -0.12664922240152132
1897 -0.12708796347435575
1898 -0.12817104102660126
1899 -0.12760934939569413
1900 -0.12342858453706379
1901 -0.1182718898672287
1902 -0.1169454308056127
1903 -0.12045711819944277
1904 -0.12488789112326643
1905 -0.1215275260362415
1906 -0.11665487893799809
1907 -0.11693335953567047
1908 -0.11557239983125722
1909 -0.11536702746822719
1910 -0.11523477838914509
1911 -0.11439423075860755
1912 -0.11502254137743989
1913 -0.1218313460648075
1914 -0.1204317787685491
1915 -0.11979347039945631
1916 -0.12399400771506092
1917 -0.1219382707623014
1918 -0.1207505650757904
1919 -0.11991063094006305
1920 -0.123573741424445
1921 -0.1263335691958653
1922 -0.12668386035342416
1923 -0.1264533866523529
1924 -0.12385489398730365
1925 -0.12238000762761553
1926 -0.12053253804661912
1927 -0.12629893124396246
1928 -0.1281681460178682
1929 -0.12861291520102097
1930 -0.12942171988838852
1931 -0.12669676816172332
1932 -0.12289766200186392
1933 -0.12155250511448273
1934 -0.12465392396795738
1935 -0.12478327803830641
1936 -0.12276493673707728
1937 -0.12369042577934719
1938 -0.12447075793423579
1939 -0.1219189594417261
1940 -0.11910242469820004
1941 -0.11830072275235998
1942 -0.1148427465381558
1943 -0.11590361776109304
1944 -0.11824377768740202
1945 -0.11927328136912718
1946 -0.11669638153857614
1947 -0.11285034311332498
1948 -0.1122851429788746
1949 -0.11117999640642628
1950 -0.11416098430860333
1951 -0.11176449281214651
1952 -0.11005623774265394
1953 -0.10587174133693378
1954 -0.10891874978153127
1955 -0.1187936361412193
1956 -0.12235829896006517
1957 -0.12204831351207518
1958 -0.12224728236282895
1959 -0.12239884276248625
1960 -0.12434116577103455
1961 -0.12271196131206158
1962 -0.11759593270444779
1963 -0.11438796455543704
1964 -0.11417075901531709
1965 -0.10878662296224917
1966 -0.10429623300828128
1967 -0.10184928569358387
1968 -0.09823408132205647
1969 -0.09416419575155666
1970 -0.08500339796079004
1971 -0.08056658187734256
1972 -0.08208610393919413
1973 -0.08375657290589278
1974 -0.07946794602766505
1975 -0.0736050012850461
1976 -0.0625156097830818
1977 -0.04556113932538575
1978 -0.04210422269308545
1979 -0.04329855493541912
1980 -0.042290781397297916
1981 -0.04344636873868113
1982 -0.04278646753509019
1983 -0.045479676318585516
1984 -0.04739643685269335
1985 -0.05206708278234429
1986 -0.050228774413251576
1987 -0.048037041785014556
1988 -0.05069995765850688
1989 -0.047374468616237286
1990 -0.04538146674590171
1991 -0.04994496493451217
1992 -0.051700152269396504
1993 -0.052764293903024506
1994 -0.052341954092726906
1995 -0.04049397562878332
1996 -0.030253218338050836
1997 -0.024617614194918147
1998 -0.022578263455389713
1999 -0.01566893758280452
2000 -0.01082825647127772
2001 -0.007339135759408144
2002 -0.004219379432820802
2003 -0.004071312487400891
2004 0.001600242331695978
2005 0.0072522627866712375
2006 0.015234070015736956
2007 0.031404476771454304
2008 0.04675378452631529
2009 0.0588316382458256
2010 0.06282911481093412
2011 0.06104775150679931
2012 0.05825945120289999
2013 0.056681285958366745
2014 0.05097592972572351
2015 0.03831647460922594
2016 0.026816115337654822
2017 0.022557035623115174
2018 0.02165724636439137
2019 0.021486511953264342
2020 0.022361322133746864
2021 0.020889706184749834
2022 0.017981588424362815
2023 0.015825192977280023
2024 0.01074380232156913
2025 0.009683291451284326
2026 0.010018839373714616
2027 -0.0017665047915517151
2028 -0.010553745513547597
2029 -0.0197955301254098
2030 -0.03496887537182314
2031 -0.04091074846516163
2032 -0.049801866517507065
2033 -0.06261335821936653
2034 -0.07179889699552233
2035 -0.07403674040009967
2036 -0.07855873598813179
2037 -0.08264839401560586
2038 -0.08255331754450734
2039 -0.08478848898389857
2040 -0.08973028972614772
2041 -0.0989700008183283
2042 -0.10275583881723627
2043 -0.10398081789547764
2044 -0.10641182508403724
2045 -0.11078820264828915
2046 -0.12398157609246635
2047 -0.13040682596080255
2048 -0.13779519861579126
2049 -0.1482218796398726
2050 -0.1554652327165858
2051 -0.16487857322862637
2052 -0.16599592838012256
2053 -0.16382953518277932
2054 -0.163681944423064
2055 -0.15605273996409114
2056 -0.15166973584401622
2057 -0.1511362786527357
2058 -0.15230153991708606
2059 -0.15539631716543217
2060 -0.15185942764981414
2061 -0.14879021287590827
2062 -0.14579388329309823
2063 -0.14348836131869208
2064 -0.146001912572009
2065 -0.15074207249831795
2066 -0.150950339870081
2067 -0.14755220372956784
2068 -0.14610616530431664
2069 -0.14701898463113955
2070 -0.14719877947042365
2071 -0.1483198661690096
2072 -0.1481651726677669
2073 -0.14576517266776695
2074 -0.14533910131037941
2075 -0.14417711045671994
2076 -0.14449252556952363
2077 -0.14721144918587054
2078 -0.15093790824748643
2079 -0.150432087050328
2080 -0.14989200330322455
2081 -0.15457845204990767
2082 -0.15450221071367998
2083 -0.1584049561110369
2084 -0.16093805677778134
2085 -0.160031503654129
2086 -0.15716658661204402
2087 -0.16062493822820606
2088 -0.16585787423426884
2089 -0.159254203817079
2090 -0.15702226626301974
2091 -0.154031964790528
2092 -0.14992628090247506
2093 -0.15857652706052078
2094 -0.15854432298095195
2095 -0.15764309873836663
2096 -0.16667561708999334
2097 -0.1672186108951354
2098 -0.16230711811219467
2099 -0.16550349117696772
2100 -0.16801414742155157
2101 -0.16756830360718972
2102 -0.16999677613966868
2103 -0.1703188328576009
2104 -0.1705271002293639
2105 -0.17161041587446169
2106 -0.1706313529616716
2107 -0.17069759654763877
2108 -0.1718060135307779
2109 -0.17168595798143815
2110 -0.17095690313384143
2111 -0.16660877505852162
2112 -0.1601855987098671
2113 -0.1592609462059541
2114 -0.15995282844556724
2115 -0.15813962141451587
2116 -0.16063096633852436
2117 -0.16390928502255003
2118 -0.16237455858917105
2119 -0.15612187855879134
2120 -0.15286660274243086
2121 -0.15215021761028097
2122 -0.1510542322497364
2123 -0.15244982990605255
2124 -0.15505496417623033
2125 -0.15640652457588766
2126 -0.15618872059026306
2127 -0.15257918397640163
2128 -0.15105423224973635
2129 -0.15199552410903827
2130 -0.1515243408637827
2131 -0.15538969060960933
2132 -0.16012368511649439
2133 -0.15669334489641235
2134 -0.15850861039783992
2135 -0.16543447484206758
2136 -0.16659333259414172
2137 -0.16060249380604547
2138 -0.1560841075053031
2139 -0.15374141292291338
2140 -0.1505329685881981
2141 -0.1486480732570603
2142 -0.14101029098238288
2143 -0.12511148512635706
2144 -0.10241050113878658
2145 -0.08138143615108184
2146 -0.05962353935932718
2147 -0.022612187128735917
2148 0.01644468126080756
2149 0.05510517275746174
2150 0.10126636623040208
2151 0.15280566764609205
2152 0.2025147472733837
2153 0.2552938932622436
2154 0.3179580241447987
2155 0.37144631521517535
2156 0.4308623345892665
2157 0.5017839805496266
2158 0.5593496353339883
2159 0.6172932879551666
2160 0.6766345009768914
2161 0.7382091722709779
2162 0.7823771257807312
2163 0.8127360649429213
2164 0.8436840535469726
2165 0.8633020998900348
2166 0.8685506220963312
2167 0.8440926368231002
2168 0.778823472454114
2169 0.6904200026978321
2170 0.5897286986832476
2171 0.4704496342789998
2172 0.3488880757187053
2173 0.2308141778454088
2174 0.10967892873535445
2175 -0.006685989798188241
2176 -0.1054552194469035
2177 -0.18906181587802273
2178 -0.2642029751629206
2179 -0.32836206452135935
2180 -0.38876834144951034
2181 -0.4268249080176699
2182 -0.448765451705335
2183 -0.4733572619155717
2184 -0.5299374316606047
2185 -0.5973300179789268
2186 -0.6276026022215766
2187 -0.6482050981901358
2188 -0.6612279839385957
2189 -0.6690922702744024
2190 -0.6842117027736965
2191 -0.6958359714014973
2192 -0.6849194093063952
2193 -0.6642653399362795
2194 -0.6327237944983507
2195 -0.6034308109205646
2196 -0.5784896869651882
2197 -0.551040340637562
2198 -0.5259212422204255
2199 -0.5017815821180369
2200 -0.4768906608387433
2201 -0.4457092884755818
2202 -0.40966793872962365
2203 -0.37695207802593533
2204 -0.3485022989945675
2205 -0.3244066761488378
2206 -0.3021456301251109
2207 -0.28017200286741334
2208 -0.257380272401339
2209 -0.23506818716317246
2210 -0.21736401277223305
2211 -0.2010461375166004
2212 -0.18021773949737335
2213 -0.1645874164887594
2214 -0.15758732908836448
2215 -0.15053961019332657
2216 -0.1461733676884407
2217 -0.13210251209859492
2218 -0.11828396113717093
2219 -0.1147985719723914
2220 -0.11351085781172598
2221 -0.11247820597911007
2222 -0.10629817304697375
2223 -0.10424579223934627
2224 -0.10350093457471743
2225 -0.10184325758326551
2226 -0.10022031932746323
2227 -0.09705555189675463
2228 -0.09956307503975315
2229 -0.10615070454705855
2230 -0.10202281432969729
2231 -0.10001157576999575
2232 -0.09665228531417991
2233 -0.09068051975380653
2234 -0.09248684708687727
2235 -0.09471672617056026
2236 -0.09561023417680792
2237 -0.09101873964142326
2238 -0.08958186242807564
2239 -0.08986277689808209
2240 -0.09449868409208351
2241 -0.09654815484167234
2242 -0.09054815484167233
2243 -0.08692640964876308
2244 -0.08140689141502766
2245 -0.08020084825540386
2246 -0.07800971407267154
2247 -0.07350352130167148
2248 -0.06871038595034662
2249 -0.06404684276222306
2250 -0.06011814443916241
2251 -0.06020032815126741
2252 -0.06677528794312604
2253 -0.06501916328613822
2254 -0.0635693782644915
2255 -0.061621863683981815
2256 -0.05860622278059635
2257 -0.054045619600719075
2258 -0.056983183741047494
2259 -0.060798315761485644
2260 -0.05221141818067421
2261 -0.052738694903225136
2262 -0.05375300926272841
2263 -0.05575180115052991
2264 -0.0531971076492872
2265 -0.049249949593313525
2266 -0.04751008888975694
2267 -0.046367171263820395
2268 -0.04973959257148208
2269 -0.04925924811432292
2270 -0.05240470422445642
2271 -0.05079106448966331
2272 -0.044437640230519215
2273 -0.042837369440424156
2274 -0.03576672351077326
2275 -0.03668243784632941
2276 -0.04228497633052619
2277 -0.04178532055279183
2278 -0.04160528762065541
2279 -0.0406682034941479
2280 -0.034415523463768194
2281 -0.03065129334866401
2282 -0.03380628607265912
2283 -0.036379814708772606
2284 -0.03739954368378395
2285 -0.034371846559761665
2286 -0.028782438927410614
2287 -0.021711792997759605
2288 -0.02660397446012519
2289 -0.028789202792339097
2290 -0.025318318769835924
2291 -0.023935851965365518
2292 -0.016151954005150015
2293 -0.011648894335735238
2294 -0.01168750192758028
2295 -0.00996647635889425
2296 -0.007102157762314043
2297 -0.004977505258401016
2298 -0.0017884730280077754
2299 0.002913915844813153
2300 0.0016888145067716076
2301 -0.0040906238079764234
2302 -0.005580699489886487
2303 -0.0014590754756957924
2304 -0.0028839822028478013
2305 -0.0009549273552511561
2306 0.0051842014218116406
2307 0.006191275730681789
2308 0.007933894133866026
2309 0.008641356146964596
2310 0.012478096051206533
2311 0.013513642892555522
2312 0.016841428498053812
2313 0.021382259220956823
2314 0.026722358017365666
2315 0.027640607009002394
2316 0.026367498774360287
2317 0.03296803608996468
2318 0.032165873007725554
2319 0.028963334523528506
2320 0.029854185613895412
2321 0.030223788092029635
2322 0.03312236923855516
2323 0.035502834874432954
2324 0.041050962949752856
2325 0.046157454943505094
2326 0.04456855619410116
2327 0.0428220689347214
2328 0.04661790468388993
2329 0.050021845891174865
2330 0.05560157960055878
2331 0.05813033522540323
2332 0.06063725992289726
2333 0.06795418237065154
2334 0.06777392639496849
2335 0.06819696543451748
2336 0.0689800703383392
2337 0.0718939931654975
2338 0.08283868891647983
2339 0.09271938034293947
2340 0.09648614511412423
2341 0.09523823900126993
2342 0.09584771448523144
2343 0.10086286155497526
2344 0.10335360803347926
2345 0.1062643977590525
2346 0.1162624727696655
2347 0.11883564105312683
2348 0.11890128619358908
2349 0.12290562740737299
2350 0.1251789453022104
2351 0.1295964500650827
2352 0.1338183571716387
2353 0.1346076274948842
2354 0.13607283993160513
2355 0.13566524335643593
2356 0.1387280546180656
2357 0.14413126389885644
2358 0.14750659526455667
2359 0.14875643758798707
2360 0.15293744053946967
2361 0.156922845834636
2362 0.15670131030192158
2363 0.15767977476920703
2364 0.16311121848962462
2365 0.16852685939301004
2366 0.17032366516152475
2367 0.16877904176163172
2368 0.16890490237774325
2369 0.17825864090894517
2370 0.18748195073858898
2371 0.19385941675387108
2372 0.20472567538914377
2373 0.20970221486704244
2374 0.20803356627786762
2375 0.21316539770251364
2376 0.21898911136677268
2377 0.21532516434403393
2378 0.21470289688482558
2379 0.21987587055739732
2380 0.22393887642991628
2381 0.2311606216228257
2382 0.23959597385328557
2383 0.23428001759676087
2384 0.23328768652301934
2385 0.24598307726617563
2386 0.24921025595201496
2387 0.24694236772199152
2388 0.2407659440771448
2389 0.23798077687483088
2390 0.2401253391448237
2391 0.2437504404828651
2392 0.24325102279798294
2393 0.24443859117538835
2394 0.2445839861556217
2395 0.24321289139184243
2396 0.24859678935205787
2397 0.2552726457310921
2398 0.2584806138801029
2399 0.25713799164880247
2400 0.25871675533884053
2401 0.2623202638423835
2402 0.26359917714379744
2403 0.2605259927299497
2404 0.2604568541352493
2405 0.26358987862278827
2406 0.26090162331840205
2407 0.2631533333294356
2408 0.26685842260009995
2409 0.2589063248848381
2410 0.254952525223736
2411 0.25756827073898436
2412 0.2576313812233664
2413 0.2560327077672484
2414 0.2589221277018703
2415 0.26503278394645424
2416 0.2656826873997846
2417 0.264441783244711
2418 0.2634982956059274
2419 0.25655349524308235
2420 0.25606734571915146
2421 0.26156960111098304
2422 0.25441340027478954
2423 0.2469131744842078
2424 0.24784263316641986
2425 0.24624782856649752
2426 0.24447612413602426
2427 0.24292956452555536
2428 0.23446330589028275
2429 0.2253126431588821
2430 0.21986669429618821
2431 0.20673956443797836
2432 0.20160192794656073
2433 0.20247420347096257
2434 0.20042172187958862
2435 0.19648408538817086
2436 0.1865784299327754
2437 0.17822328867848547
2438 0.16985295810197354
2439 0.16261890354626996
2440 0.1527003402825753
2441 0.14822321848955877
2442 0.14401747455268732
2443 0.13679273356729826
2444 0.13259952203676773
2445 0.12474890430488061
2446 0.12398220066359567
2447 0.12134025413808658
2448 0.1063154369734921
2449 0.09267714198775101
2450 0.08251978034943841
2451 0.07702931804438118
2452 0.06690538241765664
2453 0.05909010186692354
2454 0.05557937327125051
2455 0.04811789238161934
2456 0.04249083595558012
2457 0.03379158401246074
2458 0.029175571535233757
2459 0.021814834874367195
2460 0.015830998044051747
2461 0.015111702853863096
2462 0.008379276811828928
2463 0.004454310035858056
2464 -0.0006164693747821026
2465 -0.00672363216512839
2466 -0.011804186282482476
2467 -0.015971921073013595
2468 -0.022369159545269968
2469 -0.029789873588932925
2470 -0.035732568171322865
2471 -0.03694150633967974
2472 -0.03857094889150492
2473 -0.03995121991649353
2474 -0.03952141701201595
2475 -0.04172498281734294
2476 -0.04846708278234435
2477 -0.055098764595614136
2478 -0.054424981736261535
2479 -0.055955976622550585
2480 -0.0668006273740197
2481 -0.06933265340955497
2482 -0.06916469174736084
2483 -0.07168498538955292
2484 -0.07145718365366782
2485 -0.07554949859702265
2486 -0.08048549427250018
2487 -0.07978094231744015
2488 -0.07754190202185351
2489 -0.07733387274294268
2490 -0.07758304426977924
2491 -0.07919331281013475
2492 -0.08356097524957651
2493 -0.08116097524957655
2494 -0.076174538805164
2495 -0.07431196563638676
2496 -0.07407835883373004
2497 -0.07854606941865494
2498 -0.1034860407139453
2499 -0.15465204161533253
2500 -0.5390054658744767
2501 -0.5886116390044436
2502 -0.609822256229385
