0
1
2506
-3 -0.8945059734554783
-2 -0.8524311497390621
-1 -0.754133496682174
0 0.007991479195366136
1 0.10783988817455836
2 0.1507178584741924
3 0.1624189327564851
4 0.16754394535049633
5 0.17138462137765398
6 0.17373852388317568
7 0.17595368874228678
8 0.17840141912831387
9 0.18247466068238793
10 0.18905287606179755
11 0.1939826191215308
12 0.1923825166254809
13 0.19418462761716881
14 0.19727868894897638
15 0.19904322085572934
16 0.19923087661674121
17 0.19800679719415526
18 0.1981156893607281
19 0.1997565479071377
20 0.2016936712888353
21 0.20372089729463894
22 0.20670979171627368
23 0.20694264033548637
24 0.2047907463256029
25 0.20675799827943453
26 0.21276563260254244
27 0.21609570162537062
28 0.21496172482689024
29 0.21315600841063254
30 0.20914202935709003
31 0.21062880287872576
32 0.2160809204316001
33 0.21632482498818262
34 0.2134033551313197
35 0.21006956085209127
36 0.20912767662246345
37 0.20602989003425565
38 0.20435517765931177
39 0.20615427494603988
40 0.20265133135597102
41 0.196226917909039
42 0.19205984847445912
43 0.1891654934847704
44 0.18384909987334708
45 0.17958030569269923
46 0.1740464108404265
47 0.1696837887792726
48 0.1641348296409333
49 0.1597872718658464
50 0.15422669060554406
51 0.14954528891023444
52 0.14417708331108092
53 0.13111836894963402
54 0.12170233046840329
55 0.11746437641132967
56 0.10861118538130343
57 0.1018983860710283
58 0.09257245021390315
59 0.08315612864037614
60 0.0759707477634679
61 0.0660892951361085
62 0.053669297947175565
63 0.04399056536689483
64 0.03734907913825802
65 0.031038157926205345
66 0.02568845877722281
67 0.014113075773308115
68 0.006251235378485598
69 0.001108144793447785
70 -0.005323007614844277
71 -0.01355643427528963
72 -0.025934963862422
73 -0.03609044961849839
74 -0.0460205372681628
75 -0.055542025751861956
76 -0.06344488739572307
77 -0.06867435534846622
78 -0.07724233748057485
79 -0.08309545831976506
80 -0.0862038723861992
81 -0.09161781913452816
82 -0.09498520204361238
83 -0.10352305560358688
84 -0.1111108628696924
85 -0.11646772943917949
86 -0.12556109976938845
87 -0.13463568055713027
88 -0.14092036171391487
89 -0.14659327730489402
90 -0.14943899727227805
91 -0.15329846284190274
92 -0.157180889563157
93 -0.16127664591609858
94 -0.16458377168091476
95 -0.17400424696998618
96 -0.17939195366304772
97 -0.17918852206452862
98 -0.1807279389571661
99 -0.18072077153666177
100 -0.18044673840794478
101 -0.17779585951569443
102 -0.1779684509906393
103 -0.18112621163081877
104 -0.18461036567842048
105 -0.18688894675360734
106 -0.18899149418974548
107 -0.19206287746221984
108 -0.1914392245757729
109 -0.19323761031106002
110 -0.19630526832713413
111 -0.19693582343540705
112 -0.198598913688388
113 -0.19891813967530558
114 -0.20025483652086473
115 -0.19912085972238425
116 -0.19929345119732877
117 -0.20091924545767137
118 -0.20269884165049157
119 -0.2043582066470725
120 -0.20449350212937878
121 -0.2042831683090338
122 -0.2015347362798774
123 -0.20233098064126886
124 -0.20074665398272695
125 -0.19918455903075605
126 -0.19892186493170594
127 -0.1987643377428282
128 -0.1986591708326556
129 -0.19748000117597464
130 -0.1988129727651331
131 -0.20008224504591987
132 -0.1987492734567612
133 -0.19738989855186906
134 -0.19749506546204154
135 -0.2002062014985596
136 -0.20053259490598174
137 -0.19961611934835066
138 -0.20220702418862924
139 -0.20210947105172317
140 -0.20020591840626345
141 -0.19656796242618424
142 -0.19168713748105215
143 -0.18967841792541984
144 -0.18953222976620887
145 -0.19217176962879245
146 -0.19131526812313304
147 -0.19267836828442564
148 -0.19378249960306837
149 -0.18999736082004148
150 -0.19104123499441628
151 -0.19207421649188627
152 -0.19040322937334286
153 -0.1872269622829923
154 -0.18535726346606662
155 -0.1840205666205076
156 -0.18675020910719697
157 -0.1883572138250723
158 -0.18845104170557803
159 -0.1871217953728198
160 -0.18595769000220563
161 -0.18869895461085728
162 -0.19046721177401083
163 -0.18998229653397447
164 -0.19430788780116848
165 -0.19607241970792166
166 -0.19499841696141296
167 -0.1958134508652718
168 -0.19165328365251788
169 -0.1911651914470559
170 -0.19088370780553854
171 -0.19052346056958225
172 -0.18978773855113706
173 -0.18409560495854627
174 -0.1834537108206069
175 -0.18341641482796844
176 -0.18506071553848213
177 -0.18694920389787517
178 -0.1889315201377738
179 -0.19097753568604448
180 -0.19306501883611527
181 -0.1962450111828663
182 -0.1967481676743954
183 -0.19810365406242147
184 -0.19588433548776574
185 -0.19754370048434633
186 -0.20170803930626247
187 -0.2019857976913796
188 -0.19966503746295194
189 -0.2001455158951474
190 -0.20486881365140186
191 -0.2096671497456949
192 -0.21135664331440962
193 -0.2086307260841207
194 -0.20572087834922048
195 -0.2057359426352875
196 -0.20875468253676022
197 -0.21185218603267209
198 -0.21216007298992323
199 -0.21098835384604264
200 -0.21000817898003965
201 -0.2140824151778502
202 -0.21578697303263183
203 -0.2138488550071973
204 -0.2167476468047269
205 -0.21964271334585628
206 -0.2187413020742922
207 -0.2189176188056372
208 -0.2193156083869937
209 -0.2223380735448669
210 -0.22410260545161997
211 -0.22430160024229828
212 -0.22413645928015435
213 -0.22156061872594257
214 -0.22278842340492855
215 -0.2241628625958878
216 -0.22424162619032673
217 -0.22309631036217958
218 -0.22345283234173563
219 -0.2265804644097813
220 -0.22970809647782708
221 -0.230034489885249
222 -0.22873164686822434
223 -0.22844254945344045
224 -0.226933261132937
225 -0.22762061332775596
226 -0.22441049240887112
227 -0.22100510195570822
228 -0.21897787594990503
229 -0.2174421843136679
230 -0.21872996304462555
231 -0.220074273663451
232 -0.2199355360170404
233 -0.21733701740349531
234 -0.21646573470406516
235 -0.22229316377896213
236 -0.2260061580970799
237 -0.228097083411255
238 -0.22941527380664295
239 -0.22655033583764728
240 -0.2235128063937074
241 -0.22419671642442196
242 -0.22275485266869055
243 -0.22163938232038138
244 -0.22445941052347207
245 -0.22636296316893179
246 -0.22727844408282638
247 -0.23068383453598917
248 -0.23500570054678294
249 -0.23389023019847355
250 -0.23093146434897238
251 -0.23000464440541135
252 -0.22664072155404913
253 -0.22357678879437526
254 -0.22356172450830836
255 -0.2265318293874764
256 -0.2296330581397884
257 -0.22896421239514064
258 -0.23043620472300586
259 -0.23170920226019287
260 -0.2292871636384587
261 -0.23047005855154012
262 -0.23069918191435235
263 -0.2312732051347577
264 -0.23452479365544288
265 -0.2378551457705671
266 -0.23870692737608967
267 -0.2406255443076164
268 -0.24360309969958482
269 -0.24290068321869918
270 -0.24457883775774703
271 -0.24633992750039602
272 -0.24809312037748255
273 -0.24856987355327798
274 -0.2501692644978871
275 -0.2505220612210428
276 -0.2518550328102013
277 -0.25160740299721807
278 -0.24861850857558299
279 -0.24668138519388505
280 -0.2459570022051064
281 -0.24293081179083287
282 -0.2424577838714378
283 -0.24112108702587898
284 -0.24243899432897054
285 -0.24377196591812922
286 -0.24251403266700922
287 -0.24222493525222544
288 -0.24065567287975043
289 -0.2402878118705276
290 -0.2388610124008631
291 -0.2388459481147962
292 -0.24016385541788776
293 -0.24017519444755453
294 -0.23988609703277075
295 -0.23706262666557587
296 -0.236803657822926
297 -0.2369875883275373
298 -0.23873705594822336
299 -0.24172595036985867
300 -0.2421461716577865
301 -0.24122969610015554
302 -0.24380209449026313
303 -0.24391098665683586
304 -0.24172523881841812
305 -0.24456377347168
306 -0.2473763511619702
307 -0.24725611996573094
308 -0.2431034032657775
309 -0.24159022642840788
310 -0.24319723114628333
311 -0.24754894263691496
312 -0.24914460832512375
313 -0.24654236445517852
314 -0.24488672471499795
315 -0.24463909490201474
316 -0.2446990689539863
317 -0.24601697625707808
318 -0.24590808409050546
319 -0.24420352623572383
320 -0.24216123594385353
321 -0.2388610124008631
322 -0.2369725240414703
323 -0.23661600206191435
324 -0.23649204560927461
325 -0.2363982177287689
326 -0.2362142872241576
327 -0.2347874877544931
328 -0.2346035572498818
329 -0.23450972936937597
330 -0.23443096577493716
331 -0.2343559274368986
332 -0.23327058566072334
333 -0.2348963799210657
334 -0.23794897365107281
335 -0.23862816378165064
336 -0.24030259306429824
337 -0.24158692963115203
338 -0.23999126394294334
339 -0.2369574597554035
340 -0.23534672978112758
341 -0.23653723846747543
342 -0.23790378079287222
343 -0.23673595016585758
344 -0.237626022407755
345 -0.23469365987398727
346 -0.23288393510903327
347 -0.23237361119699984
348 -0.23088311241896353
349 -0.2309354726976688
350 -0.23145713563936898
351 -0.23576393736409573
352 -0.23743836664674345
353 -0.23511015590551487
354 -0.23610912031398512
355 -0.2347237884461213
356 -0.2346336858220156
357 -0.23482134158302725
358 -0.23546696097736697
359 -0.24010388136591632
360 -0.24249896838094231
361 -0.24578412763786572
362 -0.24725611996573083
363 -0.24456004821527966
364 -0.24281058059459348
365 -0.24234889170486507
366 -0.2408094748122278
367 -0.24154201986524737
368 -0.2385832540157462
369 -0.235808418670856
370 -0.2382455215786573
371 -0.23868842092591858
372 -0.24041148523087108
373 -0.2419886444689089
374 -0.24217630022992043
375 -0.24118478633425078
376 -0.24278045202245968
377 -0.2455364978248824
378 -0.24534884206387086
379 -0.2420523437772808
380 -0.23731398173495943
381 -0.23528303047275567
382 -0.2360454210056132
383 -0.23453613268510953
384 -0.23411173978801936
385 -0.2312393513062233
386 -0.23178424059823155
387 -0.22963305813978852
388 -0.22369673689831848
389 -0.22258942861425035
390 -0.22038216062070182
391 -0.21798679051337966
392 -0.21295188054347414
393 -0.20894205520547582
394 -0.20576621657426963
395 -0.19936891799451195
396 -0.18836065598917628
397 -0.1754718024900107
398 -0.16482105710796802
399 -0.15219489770785244
400 -0.14290625784336564
401 -0.13849127550350648
402 -0.13754538292518215
403 -0.137188860945626
404 -0.13604698728158315
405 -0.13652345736508253
406 -0.14174300939104012
407 -0.14149537957805702
408 -0.1346349690056895
409 -0.13263787157202012
410 -0.13468459867173121
411 -0.13323528440319943
412 -0.1327173467178996
413 -0.12878213125879556
414 -0.12904454226554962
415 -0.13542447440572114
416 -0.13491386740139155
417 -0.12588348482811418
418 -0.11958402247755862
419 -0.11307811482352415
420 -0.1042474385923654
421 -0.09799632817181869
422 -0.09198195488735073
423 -0.08724430439646957
424 -0.08029450275143746
425 -0.07383251021957127
426 -0.07473434995027961
427 -0.07119826408311714
428 -0.05887209477469002
429 -0.0431709466775303
430 -0.030485096317739102
431 -0.024541872854443536
432 -0.024489229483442232
433 -0.03208119046509217
434 -0.03813674825906499
435 -0.04341485123411326
436 -0.05379628338757603
437 -0.062018087926058785
438 -0.07008236527566347
439 -0.0798932163728251
440 -0.08174369718813912
441 -0.08422872356680478
442 -0.08770943545030241
443 -0.09096102397098771
444 -0.0915052017115553
445 -0.09088183191740451
446 -0.09446726435831254
447 -0.09902515595374417
448 -0.10911720760012722
449 -0.11607763672338556
450 -0.12562479907776036
451 -0.13526651875769902
452 -0.14498283042291427
453 -0.15261483590348424
454 -0.16531603364163827
455 -0.17883271163641312
456 -0.18521494593010412
457 -0.18574334783316415
458 -0.18945690833587403
459 -0.1955473146021175
460 -0.19579050760726013
461 -0.19991266727593504
462 -0.20795153595354277
463 -0.21243783137504024
464 -0.216717518232593
465 -0.22097153121947044
466 -0.226753338977022
467 -0.23209169909633798
468 -0.24312219280824476
469 -0.2559737503147722
470 -0.2676046705628178
471 -0.2774861231901773
472 -0.28540032386370506
473 -0.29125344470289527
474 -0.29495538308364233
475 -0.2953269693492653
476 -0.2938066250913912
477 -0.2920944534633433
478 -0.28949982336666436
479 -0.2931760699831183
480 -0.29322097974902306
481 -0.29049105417003784
482 -0.2908858667859687
483 -0.2862640106834864
484 -0.2829524481108294
485 -0.2825845871016067
486 -0.28282476640178944
487 -0.2867185142590929
488 -0.285396881699601
489 -0.28241171253436603
490 -0.2805684170331739
491 -0.2801481957452461
492 -0.27994920095456777
493 -0.2787700312978866
494 -0.2801817664814842
495 -0.28161990498081513
496 -0.2815747121226143
497 -0.2798852185538998
498 -0.2778579925480962
499 -0.2746365325995448
500 -0.2729621033168972
501 -0.2741899079958833
502 -0.27463280734314466
503 -0.2775952984490462
504 -0.27819945024158543
505 -0.27884506963592504
506 -0.283035365420813
507 -0.28226552437515495
508 -0.2835758179049802
509 -0.28236307751206113
510 -0.2823630775120609
511 -0.2836210107631809
512 -0.28253194373060553
513 -0.2838049412677923
514 -0.28391383343436505
515 -0.2830124221628011
516 -0.2859749132687026
517 -0.2879836328243349
518 -0.2901084119670444
519 -0.29232329373385924
520 -0.2956197920204493
521 -0.2983309280569675
522 -0.29546599008797203
523 -0.2910204507168346
524 -0.2904652170388964
525 -0.2906190189713739
526 -0.29256748138273847
527 -0.2971105738907819
528 -0.2979551880757999
529 -0.2998059340897925
530 -0.30046661777019923
531 -0.30354934007234013
532 -0.3054264894020663
533 -0.304911445589896
534 -0.30894048892950576
535 -0.3098683035168033
536 -0.30396583610386785
537 -0.29907739738546923
538 -0.2972940759362488
539 -0.29984740169159296
540 -0.3023743241312036
541 -0.29936664016710124
542 -0.29549611866010583
543 -0.29014226579557845
544 -0.2840634816512978
545 -0.28593000350279785
546 -0.2860615737287041
547 -0.28659412934730877
548 -0.2886966767834468
549 -0.2934538283682354
550 -0.2958677049257288
551 -0.29822160743125037
552 -0.30180331461575804
553 -0.3042737230611188
554 -0.30911336349674656
555 -0.3103480703975585
556 -0.31381716015909333
557 -0.3180002885234767
558 -0.31556691087207567
559 -0.312765672211452
560 -0.31347942772200454
561 -0.31256338062351785
562 -0.30788542109231254
563 -0.2974820224309569
564 -0.2788602792888405
565 -0.25723828480180433
566 -0.23051039378415616
567 -0.206217140260324
568 -0.16657081546235075
569 -0.1115714193902364
570 -0.059036789384072086
571 -0.001553790036173397
572 0.058531471075288444
573 0.12379382196717081
574 0.19402394135648304
575 0.265360922677101
576 0.33652403478674175
577 0.41526576768076073
578 0.494413488959911
579 0.5557204117473413
580 0.6226868920348609
581 0.7005020701839968
582 0.7665975763994002
583 0.8288860792620969
584 0.8805428074393011
585 0.9232935200613943
586 0.9533994291077532
587 0.9669910077151191
588 0.9512042014430946
589 0.890746377315891
590 0.7999582227860353
591 0.6764097183216364
592 0.5312001992887683
593 0.38051763426750584
594 0.2401169113079593
595 0.09450353854428117
596 -0.05227609213795048
597 -0.17991777796169284
598 -0.2848623265413057
599 -0.3806176578489807
600 -0.46950825736954593
601 -0.5361974077310927
602 -0.5781708211533272
603 -0.6133022751445975
604 -0.6404031976630993
605 -0.6814851233819557
606 -0.7632224496330025
607 -0.8267816913080023
608 -0.8560965264846003
609 -0.8804993402978102
610 -0.9014791754482281
611 -0.9273967601035549
612 -0.9368927200834269
613 -0.9239126060559533
614 -0.8959223194443261
615 -0.8743208385885521
616 -0.8506090766915434
617 -0.817663217530442
618 -0.7876245953234076
619 -0.757424720671095
620 -0.724884730063295
621 -0.6956459576422221
622 -0.66428613133484
623 -0.6244815677965486
624 -0.583877866023736
625 -0.5448061306307604
626 -0.508313412757422
627 -0.4796862426416889
628 -0.45406248294268325
629 -0.4343373021397471
630 -0.4127006897194062
631 -0.3901663912839014
632 -0.3717100543026076
633 -0.3538956114592533
634 -0.33780795817725195
635 -0.32219361590694173
636 -0.3083998910784901
637 -0.29554088305916226
638 -0.28846783651293073
639 -0.28216064055727863
640 -0.27629245543202163
641 -0.2708896844528931
642 -0.2673867408628242
643 -0.2681190028235477
644 -0.267818729639563
645 -0.26706421807865055
646 -0.26216832884745134
647 -0.25713714413394606
648 -0.2548434987726922
649 -0.2541640255498182
650 -0.25244067815256943
651 -0.2517498659000288
652 -0.24839728207833323
653 -0.24605083008561224
654 -0.24149267329150192
655 -0.24092209223520067
656 -0.2418197782503645
657 -0.24026902232806036
658 -0.23855312544361218
659 -0.23687869616096446
660 -0.23658587348978044
661 -0.2363982177287688
662 -0.23610539505758488
663 -0.23440083720280336
664 -0.23255754170161114
665 -0.23087177338929687
666 -0.22966247516048177
667 -0.2324185209629046
668 -0.23500570054678294
669 -0.23218567234369203
670 -0.22878028189052924
671 -0.2263478988828651
672 -0.22283361626312947
673 -0.21968719465261666
674 -0.2205584773520468
675 -0.22049105278727466
676 -0.22038932804120637
677 -0.2188800397207027
678 -0.21931976210253845
679 -0.21454410406757884
680 -0.2097642744234567
681 -0.20796588868816934
682 -0.21033184177479813
683 -0.21162334576215602
684 -0.20808583679211257
685 -0.21053800398598066
686 -0.21180727626676743
687 -0.20935510907289923
688 -0.21035407348136936
689 -0.20900231234974354
690 -0.20873933515839738
691 -0.20915682583366146
692 -0.20411057683408906
693 -0.19639465939979928
694 -0.19488219411386998
695 -0.19246086704357623
696 -0.188837692257268
697 -0.18524837129949379
698 -0.18203825038060917
699 -0.1829095330800392
700 -0.18290580782363897
701 -0.18292431427381006
702 -0.18276678708493244
703 -0.18235029105340472
704 -0.17950041737047595
705 -0.17817088794542169
706 -0.18070570725059498
707 -0.1829551543973844
708 -0.17753288232434827
709 -0.1744052502563026
710 -0.17631323970960322
711 -0.174664930650393
712 -0.1726411468086938
713 -0.16907822916665327
714 -0.16540641935804
715 -0.16300760708661377
716 -0.15964712639935574
717 -0.15773984849749556
718 -0.15828473778950358
719 -0.15513831617899065
720 -0.15195042696667715
721 -0.1512825758657661
722 -0.15074212338159887
723 -0.14787690232030715
724 -0.14734778886580646
725 -0.14769368336713629
726 -0.14153957779252113
727 -0.13726734144776875
728 -0.1328262388844722
729 -0.12510659619378206
730 -0.123954095051513
731 -0.12327879343780113
732 -0.1225729168991938
733 -0.11812365227165622
734 -0.11620876059652951
735 -0.11584851336057345
736 -0.11671607080360324
737 -0.11482758244421043
738 -0.11028821519256726
739 -0.1084185163756417
740 -0.10838466254710755
741 -0.11104688046902444
742 -0.1121657929814377
743 -0.10785526600031081
744 -0.1054451146992178
745 -0.10169454129616562
746 -0.09786864646277871
747 -0.0949893557591569
748 -0.089335229710645
749 -0.08221283659066814
750 -0.07632614501523993
751 -0.07188475935964722
752 -0.06650466643985209
753 -0.06366267172886864
754 -0.05853020862205671
755 -0.055699552940739694
756 -0.05137839848138637
757 -0.044327601535343764
758 -0.03848193120895427
759 -0.03200143222691676
760 -0.032035714514595526
761 -0.030827127837220858
762 -0.024271590517144892
763 -0.018474555213060184
764 -0.011570392778990857
765 -0.009708572934009951
766 -0.003303112290011234
767 -0.0005176494668952536
768 0.0022490238137538032
769 0.009552170472916455
770 0.009341571453893138
771 0.0102158678582831
772 0.013884235502792164
773 0.019287006481920388
774 0.024989767552737296
775 0.02952469799653956
776 0.036091574346282185
777 0.03954588291404604
778 0.037592983694840765
779 0.03798335950293108
780 0.04117124871524447
781 0.04467046704891309
782 0.04708806886280659
783 0.04973479403951231
784 0.05522005386947959
785 0.0611482130467087
786 0.06838294049736238
787 0.07415729774211388
788 0.0783397145550564
789 0.081222730515079
790 0.08557028829016566
791 0.09372149129845053
792 0.09812902312550897
793 0.1020672522895727
794 0.10443621908116119
795 0.10663259439780526
796 0.1099666717693295
797 0.11095374885715836
798 0.11436286456672162
799 0.11773840954004644
800 0.11875934045640979
801 0.12131940517311368
802 0.1267184508958421
803 0.1344193040440651
804 0.13554540187060038
805 0.13511685525796557
806 0.1375159506216881
807 0.14423662890390831
808 0.15122000128517832
809 0.15546583431419703
810 0.1579550323020249
811 0.1612743284797784
812 0.16120991761996595
813 0.16539205134061286
814 0.17482386565935104
815 0.18033524571275605
816 0.18129591948485113
817 0.18140509474372002
818 0.1800909126970287
819 0.17912580211709273
820 0.18343632909821994
821 0.18567761418076834
822 0.1879260666838214
823 0.19105369875186695
824 0.19225927172428192
825 0.1890566013181978
826 0.18326302607183464
827 0.18284653004030704
828 0.18561764012879678
829 0.18755103825409436
830 0.1893679304395528
831 0.1896871564264706
832 0.190824858481351
833 0.1880764264521948
834 0.18752463493836058
835 0.18578650634734117
836 0.1842093471093036
837 0.18405181992042574
838 0.18518579671890611
839 0.1838340355872803
840 0.1834511102919909
841 0.18168285312883703
842 0.1797341076251766
843 0.17750043631589452
844 0.17480880137328403
845 0.1681631614291026
846 0.1626816268555351
847 0.1598174004379802
848 0.15591274201015448
849 0.1519179809582234
850 0.1477057186654429
851 0.1421152919253026
852 0.1364159730185901
853 0.1316931037214799
854 0.12523210583335032
855 0.1157109004419472
856 0.10355359735206426
857 0.09521917539060887
858 0.08953935757780362
859 0.07918805399647488
860 0.07138991291002439
861 0.06512790981257277
862 0.06019098143871737
863 0.05261451320227839
864 0.04461020990464548
865 0.03516404285128094
866 0.02568402196938213
867 0.018483576806406887
868 0.008571995606913463
869 -0.004035657343031129
870 -0.014254842407478985
871 -0.024136295034838495
872 -0.03355261660836539
873 -0.04019754500110628
874 -0.04660618261053073
875 -0.055189229028706266
876 -0.05995700809172089
877 -0.06455592093619156
878 -0.07155836595222531
879 -0.07641997289574565
880 -0.0828621812414081
881 -0.09314606025796501
882 -0.10095136876491984
883 -0.1060455412353567
884 -0.11323191675600164
885 -0.1191038271376591
886 -0.12269243654399253
887 -0.13124535439003437
888 -0.13861537732299445
889 -0.14328932850550335
890 -0.14882350645007203
891 -0.1520106841109451
892 -0.157942568544574
893 -0.1665855890147211
894 -0.1728702701715058
895 -0.17895968179401256
896 -0.18485799549140358
897 -0.19062101370648843
898 -0.19508090581225213
899 -0.20049874107744758
900 -0.20545861270931476
901 -0.20522161037455766
902 -0.20724122260709454
903 -0.21047057942120861
904 -0.21349676983548205
905 -0.21154014535987642
906 -0.2132333641849914
907 -0.21632742551679907
908 -0.21815565673192416
909 -0.21841835083097438
910 -0.2183248060427646
911 -0.2170441947323113
912 -0.216154122490414
913 -0.22156505553378325
914 -0.22222918137829406
915 -0.2214966363252745
916 -0.22530056465076853
917 -0.22299875722527362
918 -0.22300592464577806
919 -0.2241779268819547
920 -0.22402756711358152
921 -0.22137296296493103
922 -0.22238699165946807
923 -0.22139175250739818
924 -0.22315628441415125
925 -0.22735791922870563
926 -0.22649797555894224
927 -0.22652393252191372
928 -0.2253074668725943
929 -0.22754184973331704
930 -0.22580716330640171
931 -0.2212490065122914
932 -0.2201118527483854
933 -0.21564379857838056
934 -0.21516704540258513
935 -0.2162674514648274
936 -0.2152420837406237
937 -0.21676271109079392
938 -0.21837344106506973
939 -0.2187262377882252
940 -0.22006293463378424
941 -0.21886525852693184
942 -0.2189176188056371
943 -0.21919165193435408
944 -0.22188772368480503
945 -0.22201168013744477
946 -0.21973582967492156
947 -0.22134655964919736
948 -0.22548076989897958
949 -0.22563457183145696
950 -0.22284839745690044
951 -0.22112905840834818
952 -0.22097525647587046
953 -0.2213917525073983
954 -0.22456801959774875
955 -0.22760182378528848
956 -0.22760182378528881
957 -0.22456801959774886
958 -0.22137668822133127
959 -0.22085130002323095
960 -0.22064857997615228
961 -0.22055475209564657
962 -0.2204797137576081
963 -0.2193793076953655
964 -0.2208962097891357
965 -0.22359228153958666
966 -0.22239804759683846
967 -0.22092633836126951
968 -0.22074613311305835
969 -0.2197471687045882
970 -0.22367104513402547
971 -0.22376114775813105
972 -0.22105001172161298
973 -0.22057354163811382
974 -0.21917687074058323
975 -0.21947313557587145
976 -0.222552132621612
977 -0.2256533613739241
978 -0.22492081632090455
979 -0.22627257745253027
980 -0.22622394243022526
981 -0.22484577798286576
982 -0.22462827674201646
983 -0.2245532384039779
984 -0.22363676284634693
985 -0.2266441637181532
986 -0.22962933288338816
987 -0.22975673150013198
988 -0.2270270890134427
989 -0.22661431823831546
990 -0.22540157784539627
991 -0.2271397064364159
992 -0.23048139758120678
993 -0.23387544900470292
994 -0.23475735918235907
995 -0.23673967542225782
996 -0.23979226915226504
997 -0.24016013016148785
998 -0.24014879113182108
999 -0.23875212023429038
1000 -0.2385681897296792
1001 -0.23848942613524027
1002 -0.23844423327703945
1003 -0.2382716418020947
1004 -0.2378400814845002
1005 -0.23488131563499892
1006 -0.23328564994679013
1007 -0.2344196267452704
1008 -0.23453613268510964
1009 -0.23570740547622826
1010 -0.23306414035724443
1011 -0.23380041066666424
1012 -0.23104063960784127
1013 -0.2298765342372271
1014 -0.233988066427676
1015 -0.23479882678415975
1016 -0.2378736522207383
1017 -0.2382716418020947
1018 -0.23835040539653363
1019 -0.23822673203619005
1020 -0.23698758832753708
1021 -0.23732904602102634
1022 -0.24045667808907212
1023 -0.24358431015711768
1024 -0.2439257678506067
1025 -0.24270168842802076
1026 -0.2426115858039153
1027 -0.24263798911964896
1028 -0.24389592237076885
1029 -0.24279551630852658
1030 -0.24297944681313788
1031 -0.24558541593948358
1032 -0.24451141319297465
1033 -0.244500074163308
1034 -0.2445302027354419
1035 -0.2446840046679194
1036 -0.24600191197101107
1037 -0.24585944906820045
1038 -0.24422231577819098
1039 -0.2413837811249292
1040 -0.24236395599093208
1041 -0.2423301021623978
1042 -0.24212738211531937
1043 -0.24148176272097954
1044 -0.23685990661849732
1045 -0.23452851891184312
1046 -0.2313183979929584
1047 -0.23093174744126843
1048 -0.2320170892174438
1049 -0.23085298384682973
1050 -0.23105914605801225
1051 -0.23261751575358292
1052 -0.23517829202172758
1053 -0.23247849501487616
1054 -0.23056016117564548
1055 -0.22875071950298775
1056 -0.2264862080701311
1057 -0.23111940320227997
1058 -0.23734453876623762
1059 -0.2394618673961464
1060 -0.2394056186005752
1061 -0.23520770904242083
1062 -0.2334243875932006
1063 -0.23533237704650112
1064 -0.23235482165453258
1065 -0.229245696036658
1066 -0.22857784493574684
1067 -0.227928500285007
1068 -0.22475195010236015
1069 -0.22266102478818484
1070 -0.2208214545433932
1071 -0.21852681453840272
1072 -0.22297235390953996
1073 -0.22873235841966477
1074 -0.22797341005091154
1075 -0.22555882194197785
1076 -0.22678318445685985
1077 -0.2282062586701239
1078 -0.2283449963165345
1079 -0.22816106581192308
1080 -0.2264866365292756
1081 -0.22469197605038838
1082 -0.22301754676774088
1083 -0.22283361626312936
1084 -0.22303261105380778
1085 -0.22481593250302812
1086 -0.22701230781967208
1087 -0.23079645195896215
1088 -0.23475363392595883
1089 -0.24078378304793457
1090 -0.24033272163643227
1091 -0.23961896612587974
1092 -0.24371199186615744
1093 -0.24424871909392454
1094 -0.2446689403818526
1095 -0.24620463201808962
1096 -0.2465087937189404
1097 -0.24790918987287125
1098 -0.24691050855669727
1099 -0.24851362475770633
1100 -0.24939180967896257
1101 -0.25413017172128405
1102 -0.25857943634882163
1103 -0.2563563925177659
1104 -0.25591721842690474
1105 -0.25301498446527093
1106 -0.2527673546522877
1107 -0.25408898721177964
1108 -0.2533677811884265
1109 -0.25755807697331423
1110 -0.25810986848714823
1111 -0.25845132618063726
1112 -0.259848280170464
1113 -0.25894686889890006
1114 -0.26062129818154767
1115 -0.2634862361505431
1116 -0.2635763387746486
1117 -0.2619542697707061
1118 -0.25893180461283305
1119 -0.2583913521286657
1120 -0.25798619512680465
1121 -0.2565480566274736
1122 -0.25552641415967026
1123 -0.2585602183472101
1124 -0.2627129350471633
1125 -0.26128241032109867
1126 -0.25772694319185885
1127 -0.2516069745380738
1128 -0.24971848617868075
1129 -0.25219677359598636
1130 -0.2536948861472892
1131 -0.25366848283155563
1132 -0.2510176039393054
1133 -0.2509275013151998
1134 -0.252365639814531
1135 -0.25388254190830084
1136 -0.2540551333832456
1137 -0.2530149844652707
1138 -0.25459931112381307
1139 -0.2564203749184337
1140 -0.25936780173826846
1141 -0.2585602183472101
1142 -0.25888661175463223
1143 -0.26151898419671127
1144 -0.26145528488833936
1145 -0.25874787410822175
1146 -0.25739983823299617
1147 -0.2599534470806365
1148 -0.261350117978167
1149 -0.2589315215205368
1150 -0.2596452770310895
1151 -0.2584821663042117
1152 -0.2508487377207609
1153 -0.24476233980321394
1154 -0.24683919547505895
1155 -0.24960658030714844
1156 -0.24998160873687547
1157 -0.24900515912727295
1158 -0.25047715145513805
1159 -0.25210294571548075
1160 -0.25261326962751396
1161 -0.2543178274822956
1162 -0.2559436217426383
1163 -0.2562213801277554
1164 -0.25636384303056614
1165 -0.2564053106323668
1166 -0.2574642490928085
1167 -0.2547644520859572
1168 -0.2543178274822956
1169 -0.25380750357026216
1170 -0.2509388403448666
1171 -0.2506497429300829
1172 -0.25066108195974934
1173 -0.2519639249767741
1174 -0.2518399685241345
1175 -0.25005664707491404
1176 -0.24784549056449923
1177 -0.24318216686021643
1178 -0.24115465776211686
1179 -0.24158692963115203
1180 -0.2391391992451246
1181 -0.23232813524650286
1182 -0.22492081632090455
1183 -0.2195224821496169
1184 -0.20909241497384923
1185 -0.20088911688553768
1186 -0.1927122221129598
1187 -0.18341613173567228
1188 -0.1764670416420806
1189 -0.16707740647658353
1190 -0.15791272306473636
1191 -0.15074169492245448
1192 -0.1483542216806948
1193 -0.14956696207361408
1194 -0.15052362749701287
1195 -0.15647100467585318
1196 -0.160436348707091
1197 -0.15482670396533948
1198 -0.14876282084665982
1199 -0.1470397565417073
1200 -0.15114383821935562
1201 -0.15442871438398298
1202 -0.15482642087304332
1203 -0.15540516399358562
1204 -0.1491612388871607
1205 -0.14271831899005782
1206 -0.14142335494497793
1207 -0.13915210455076155
1208 -0.13757938212056453
1209 -0.12932301220210718
1210 -0.12078888389853282
1211 -0.11720027449219939
1212 -0.11133970314020847
1213 -0.10525745893820626
1214 -0.09772990881636834
1215 -0.0901421015502627
1216 -0.08372973868443812
1217 -0.0770245531474294
1218 -0.06725170959434645
1219 -0.05541806929922244
1220 -0.04183868663981216
1221 -0.026287615218729576
1222 -0.017168124665083107
1223 -0.01648520927810504
1224 -0.021797594540831744
1225 -0.031243478501900124
1226 -0.04394467624005427
1227 -0.05551189717972804
1228 -0.06536322123495364
1229 -0.07324385117224319
1230 -0.0792397180065404
1231 -0.08258442285629108
1232 -0.0884676722676152
1233 -0.09686650508888306
1234 -0.1013792038261141
1235 -0.10643662859488723
1236 -0.1064324748793426
1237 -0.10925179153099307
1238 -0.11775607435472946
1239 -0.1259141795848402
1240 -0.135750439353999
1241 -0.14691622854821196
1242 -0.15674904615326646
1243 -0.1651923602812948
1244 -0.1735983784166849
1245 -0.18439630660167527
1246 -0.19272356114262634
1247 -0.2009528161939096
1248 -0.20914104999615402
1249 -0.2193646718684431
1250 -0.22512396482712738
1251 -0.226253787910063
1252 -0.22686194805129878
1253 -0.22772535177878417
1254 -0.23271506889048887
1255 -0.2380055055389404
1256 -0.2422101540584547
1257 -0.24449592044776347
1258 -0.2547684604346535
1259 -0.265716465295721
1260 -0.2743999587239322
1261 -0.2851865478792561
1262 -0.29202674580627497
1263 -0.2995392316420459
1264 -0.30621500015836123
1265 -0.3070482753137126
1266 -0.3057827282893262
1267 -0.30402953541223965
1268 -0.3031626895206502
1269 -0.29966347118698167
1270 -0.2950152117687658
1271 -0.29436959237442606
1272 -0.29419327564308106
1273 -0.2953121881554944
1274 -0.29387032439976324
1275 -0.29227465871155434
1276 -0.29190679770233174
1277 -0.290491337262334
1278 -0.2915201471506418
1279 -0.29011975099671095
1280 -0.2898457178679942
1281 -0.2885127462788355
1282 -0.2887117410695138
1283 -0.2915989107450807
1284 -0.29205314912200864
1285 -0.29440014940570425
1286 -0.2904162989242953
1287 -0.2879530757930566
1288 -0.29240606567699456
1289 -0.2964194964395628
1290 -0.303816187886935
1291 -0.30325623430885995
1292 -0.3007440930630203
1293 -0.30253213441237736
1294 -0.29814284383681144
1295 -0.29497001891056496
1296 -0.2956539289412795
1297 -0.2942871035235868
1298 -0.2943357385458918
1299 -0.2957590958514521
1300 -0.2962731450198859
1301 -0.29724515782164773
1302 -0.3033352809955949
1303 -0.3068944733812352
1304 -0.30740479729326853
1305 -0.30717595702275247
1306 -0.3041534918648793
1307 -0.30224993921941967
1308 -0.3015670238324414
1309 -0.29966347118698167
1310 -0.2966410060291085
1311 -0.2964121657585925
1312 -0.29692248967062596
1313 -0.3004515534841323
1314 -0.30632389232493384
1315 -0.30661298973971773
1316 -0.30358291080857813
1317 -0.2991675000095747
1318 -0.2988746773383907
1319 -0.3014882602380027
1320 -0.30286986684946615
1321 -0.3003426613175595
1322 -0.3000350574526046
1323 -0.2998511269479932
1324 -0.2986682320349119
1325 -0.30106014208451215
1326 -0.2996748102166483
1327 -0.29810137623501076
1328 -0.2965958131709078
1329 -0.2975873270665772
1330 -0.29729450439539307
1331 -0.29441077688393036
1332 -0.29381035034779146
1333 -0.29212085677907695
1334 -0.29064886445121174
1335 -0.291749270513454
1336 -0.291749270513454
1337 -0.29063380016514473
1338 -0.2920119646125041
1339 -0.2934236997961015
1340 -0.2923647613356599
1341 -0.29365654841531397
1342 -0.29287909359638953
1343 -0.2951241039353384
1344 -0.3015707490888416
1345 -0.30586938874932756
1346 -0.3110502037861482
1347 -0.3130401337993134
1348 -0.31377267885233295
1349 -0.3073900160994978
1350 -0.2994938934169967
1351 -0.296862232526358
1352 -0.29684387144303526
1353 -0.29334479847621486
1354 -0.2814958108027277
1355 -0.2619877027814964
1356 -0.23489595910332173
1357 -0.20387787358172504
1358 -0.16314993226397645
1359 -0.11555139924839697
1360 -0.06986112088479635
1361 -0.015565299197770166
1362 0.040048894038727134
1363 0.10031835085347862
1364 0.15833019845719964
1365 0.22409598893290705
1366 0.30013458459418296
1367 0.3706816575906433
1368 0.45161559419214403
1369 0.5347430122371586
1370 0.6018205670129397
1371 0.677069091089592
1372 0.757778787488883
1373 0.8289697260171385
1374 0.8842180594120188
1375 0.9292328729014416
1376 0.9698704106091709
1377 0.9926027347266346
1378 1.0
1379 0.9672915716327999
1380 0.8917858146824253
1381 0.789780788415684
1382 0.6533725464868987
1383 0.4962048824152925
1384 0.3458993172176126
1385 0.1926845138982607
1386 0.03691449747430342
1387 -0.11496718465031008
1388 -0.23863218741314807
1389 -0.3371081422249823
1390 -0.4306676465069881
1391 -0.5090039572004674
1392 -0.5746275320784249
1393 -0.6096936239947819
1394 -0.6376262055315381
1395 -0.6639717851058566
1396 -0.7191314824081478
1397 -0.8012746772124961
1398 -0.8451733343371877
1399 -0.8664990503340497
1400 -0.8891049194084708
1401 -0.9106026743505709
1402 -0.9337868912628082
1403 -0.9431433841512117
1404 -0.9291534130383631
1405 -0.9071562447547519
1406 -0.8803428256462867
1407 -0.8523427684747222
1408 -0.822326824327021
1409 -0.7893894103224569
1410 -0.7553177364271162
1411 -0.7263265938190264
1412 -0.6981543736316617
1413 -0.6626566118180971
1414 -0.6210162032914142
1415 -0.5791244396953477
1416 -0.5428200891344616
1417 -0.5100522528998822
1418 -0.476134380937019
1419 -0.4483668892923708
1420 -0.42662582151329786
1421 -0.4032658616957081
1422 -0.3815127433355283
1423 -0.3603230386111449
1424 -0.34237702554188454
1425 -0.3266236625328678
1426 -0.31411399117897365
1427 -0.30212254060267574
1428 -0.2915317692726046
1429 -0.27889771300692656
1430 -0.26820495173210857
1431 -0.2655026893112722
1432 -0.25865060406361184
1433 -0.2534502700392658
1434 -0.2523056657625592
1435 -0.2502894956941264
1436 -0.24830717945422776
1437 -0.24634365275679626
1438 -0.24347498953140045
1439 -0.24456377347168
1440 -0.2456416647350549
1441 -0.24488715317414245
1442 -0.23865829235378455
1443 -0.23355206930224048
1444 -0.23142729015953112
1445 -0.2322647190304271
1446 -0.23196817110284274
1447 -0.23012831776575493
1448 -0.2267342663422588
1449 -0.22433545407083244
1450 -0.2206821507123904
1451 -0.21691278776687117
1452 -0.21521639197633058
1453 -0.20731281878102914
1454 -0.2019703049461683
1455 -0.20089312523423408
1456 -0.19824957702295387
1457 -0.20195939437564603
1458 -0.2019707334053128
1459 -0.19925959736879473
1460 -0.19883176230760025
1461 -0.19741630186760262
1462 -0.19849002152181516
1463 -0.19803594640535316
1464 -0.1955919412757261
1465 -0.18877743511300016
1466 -0.1816515998289191
1467 -0.17719543297955564
1468 -0.17222049706162157
1469 -0.1715074531025096
1470 -0.17251775654064638
1471 -0.17050087492077304
1472 -0.17383466920000146
1473 -0.17969984062029876
1474 -0.18137426990294647
1475 -0.17748768946614757
1476 -0.17562932967888845
1477 -0.17598656320988504
1478 -0.17231102814487143
1479 -0.16700236813854497
1480 -0.1609498240495323
1481 -0.15990939203926147
1482 -0.1684590130880469
1483 -0.1745115571770599
1484 -0.17220557814240278
1485 -0.16768500043322687
1486 -0.16536150959213547
1487 -0.16340932192437052
1488 -0.1619709003327432
1489 -0.1632213830710627
1490 -0.16545576593178535
1491 -0.16123906683116407
1492 -0.1579912035668789
1493 -0.15727815960776692
1494 -0.15657645467832182
1495 -0.15436874033201142
1496 -0.14839884835430361
1497 -0.1474606893810756
1498 -0.14600376133927728
1499 -0.14643159640047165
1500 -0.15193979948845093
1501 -0.1512936318031367
1502 -0.1523861409998164
1503 -0.15032161900137475
1504 -0.14526030571573534
1505 -0.1400229587910472
1506 -0.13742515172894254
1507 -0.13412120292955199
1508 -0.13372321334819548
1509 -0.13376812311410013
1510 -0.13509736944685868
1511 -0.13607754431286134
1512 -0.13187590949830708
1513 -0.1299760821092476
1514 -0.1294017757965461
1515 -0.12859117870052805
1516 -0.1258279475839832
1517 -0.11641536916047435
1518 -0.11176765803323307
1519 -0.1055799817223797
1520 -0.106353711284904
1521 -0.1099847650431569
1522 -0.1063948957944083
1523 -0.10744622048158348
1524 -0.10629345414063618
1525 -0.1076227004733944
1526 -0.10980055144624956
1527 -0.1041646666492303
1528 -0.1026897804482354
1529 -0.09643079105574404
1530 -0.09193260831360528
1531 -0.09639003500538379
1532 -0.09386671799034318
1533 -0.09342726080718622
1534 -0.0915052017115553
1535 -0.08824988793446964
1536 -0.08723268227450687
1537 -0.08354208292342646
1538 -0.07937845565295076
1539 -0.0735705276719616
1540 -0.06639949952967972
1541 -0.06067033514312925
1542 -0.056690638377264846
1543 -0.05444190278191574
1544 -0.0536723269349364
1545 -0.050570815090328125
1546 -0.04968890491267186
1547 -0.04736885623568443
1548 -0.04137227784994679
1549 -0.040148909978801384
1550 -0.03879024662534958
1551 -0.03116414872286899
1552 -0.02793206129609138
1553 -0.023130711496838652
1554 -0.013368778514278201
1555 -0.007586807496260506
1556 -0.003892482888779636
1557 -0.005488860128428974
1558 -0.0033712484062238257
1559 0.0037141139197931494
1560 0.003484725358302354
1561 0.00547821736740195
1562 0.006761842382815075
1563 0.012408517918526485
1564 0.023086926458717905
1565 0.025015887776175028
1566 0.027542381756641143
1567 0.03214601450124821
1568 0.03207787838503573
1569 0.03598597897696565
1570 0.04264295795081363
1571 0.04799709390763707
1572 0.05069990461944829
1573 0.05139000532054827
1574 0.061354658350187385
1575 0.07192735168923181
1576 0.07977756996209151
1577 0.08549912057537545
1578 0.08685089960061898
1579 0.09041365398219381
1580 0.09092371269554866
1581 0.1015120186116345
1582 0.10742511350279638
1583 0.1094780312728929
1584 0.11726538162065148
1585 0.11916077220187038
1586 0.12467587751167541
1587 0.13228318587168886
1588 0.13219998546940914
1589 0.1329653897072265
1590 0.13611970818330188
1591 0.13929625836594872
1592 0.13900272414332404
1593 0.14152549286739013
1594 0.14927153887381395
1595 0.15346501162412718
1596 0.1561302432510041
1597 0.15964825112713976
1598 0.16165697068277196
1599 0.163271425913448
1600 0.16224634128154025
1601 0.1624976963509237
1602 0.1642135932353721
1603 0.16718742337094028
1604 0.16760764465886835
1605 0.16669116910123738
1606 0.16923343891921094
1607 0.16919986818297295
1608 0.16674008721583844
1609 0.16701784560095545
1610 0.1712910765894442
1611 0.17327683499344726
1612 0.17272822044503888
1613 0.1766859507030103
1614 0.17556331293419647
1615 0.1741436808850365
1616 0.17375358816924247
1617 0.17327339282934306
1618 0.17055091776315834
1619 0.16952555003895453
1620 0.17485399423148484
1621 0.17643459563362662
1622 0.1728220483255445
1623 0.17383607702008175
1624 0.17378371674137627
1625 0.17376865245530948
1626 0.17378744199777674
1627 0.17287096644014577
1628 0.17578453943144612
1629 0.17843169306729623
1630 0.17649428659330213
1631 0.1708890786593915
1632 0.1621261100853011
1633 0.1534796474510498
1634 0.1503413879047777
1635 0.1468682897945468
1636 0.1462638549097115
1637 0.1467786156295856
1638 0.14206637381070153
1639 0.1380417672789327
1640 0.13370927378991282
1641 0.12674829637567964
1642 0.12288192858422886
1643 0.11358956346334192
1644 0.10142509295295454
1645 0.0941422787709707
1646 0.08300189824875437
1647 0.08002477131593033
1648 0.08308251340521866
1649 0.07215619195974798
1650 0.06053172758076619
1651 0.05499093050666781
1652 0.0484738470834325
1653 0.04174970874349038
1654 0.029058855391266514
1655 0.023904425776561933
1656 0.02127347643736366
1657 0.010967082621939683
1658 0.0011417155296855608
1659 -0.01012134370913731
1660 -0.02003292490863051
1661 -0.02851770663845965
1662 -0.038091555400864174
1663 -0.046606465702826894
1664 -0.056600252660863326
1665 -0.06786748350884853
1666 -0.079874709922654
1667 -0.08418008854449988
1668 -0.08955201940005386
1669 -0.1020819033992959
1670 -0.10831005266821336
1671 -0.10932282152033512
1672 -0.1185068427656244
1673 -0.12172803751549721
1674 -0.12720195831579795
1675 -0.13155696660368554
1676 -0.13518704361181977
1677 -0.1464733292009508
1678 -0.15313721039662476
1679 -0.16060822863059498
1680 -0.1662137196568022
1681 -0.16873304621676388
1682 -0.17092553301654156
1683 -0.1711200909993792
1684 -0.1790836382466524
1685 -0.18716397452606093
1686 -0.1889500265879449
1687 -0.19060151261258063
1688 -0.19942156136551314
1689 -0.20201220100711326
1690 -0.20302896031431383
1691 -0.20413999385478254
1692 -0.2102866489165972
1693 -0.21512256409582475
1694 -0.21369132781831968
1695 -0.21704419473231118
1696 -0.22075747214272512
1697 -0.22468825079398813
1698 -0.22968169316209353
1699 -0.23074380858796084
1700 -0.23361247181335654
1701 -0.23341003485857403
1702 -0.2291970610143531
1703 -0.22752635698810564
1704 -0.22884082212709322
1705 -0.23074781693665736
1706 -0.23294390916100505
1707 -0.2373294744801706
1708 -0.23754353355691593
1709 -0.2348059942046642
1710 -0.23306786561364468
1711 -0.23370658278615852
1712 -0.2307742202523907
1713 -0.22920078627075324
1714 -0.2291819967282861
1715 -0.23159658483721968
1716 -0.23124034594996
1717 -0.2261183470609085
1718 -0.22560358634103417
1719 -0.2358614905010018
1720 -0.24263469232239288
1721 -0.24463924026886308
1722 -0.24067417932992152
1723 -0.23759174012007656
1724 -0.2384294520832687
1725 -0.23841066254080145
1726 -0.23850449042130717
1727 -0.23880103834889144
1728 -0.23954392778784128
1729 -0.24413982692735192
1730 -0.24843528962241201
1731 -0.24497654424680748
1732 -0.2446388118097187
1733 -0.24522889395992764
1734 -0.2408245390982947
1735 -0.23872571691855693
1736 -0.23683006113865956
1737 -0.23644713584336996
1738 -0.2353432876170234
1739 -0.23733277127742647
1740 -0.24118106107785053
1741 -0.2485438986966888
1742 -0.24901692661608388
1743 -0.24601697625707808
1744 -0.24154503357020718
1745 -0.2400172387995324
1746 -0.24506375299778338
1747 -0.24318978063348284
1748 -0.24600563722741142
1749 -0.24640362680876793
1750 -0.24675642353192373
1751 -0.24926066791220092
1752 -0.246456150347939
1753 -0.24648682721104764
1754 -0.2379934549578333
1755 -0.2349559255138931
1756 -0.24128333411489344
1757 -0.24113242605554563
1758 -0.2446874468320236
1759 -0.24914460832512386
1760 -0.24928334597153423
1761 -0.24618584247562258
1762 -0.24279579940082263
1763 -0.2399794964541322
1764 -0.24173686094038094
1765 -0.24894962188314185
1766 -0.24917030008941676
1767 -0.2538859840724049
1768 -0.2569200713522408
1769 -0.2547007527775851
1770 -0.2548020311708914
1771 -0.25544420840112725
1772 -0.2603472650528308
1773 -0.26433085033556125
1774 -0.2702894032836023
1775 -0.26846807429030306
1776 -0.2687532831882208
1777 -0.2704879696151363
1778 -0.2725566632227402
1779 -0.2770247173927449
1780 -0.2765548664387756
1781 -0.278274488579624
1782 -0.2810194784446761
1783 -0.27892383323036407
1784 -0.2804293962944675
1785 -0.28306176873654654
1786 -0.2817887711993595
1787 -0.28016670219541706
1788 -0.27850733719883625
1789 -0.2781994502415853
1790 -0.2779782237443358
1791 -0.2777678899239908
1792 -0.27533078701618974
1793 -0.2778429282620294
1794 -0.27914232911495007
1795 -0.27681784363012185
1796 -0.27725685446051707
1797 -0.28075234753778533
1798 -0.28679355259713135
1799 -0.28858821307601845
1800 -0.28594105944016845
1801 -0.28312503958577406
1802 -0.28324871294611764
1803 -0.2873154986311276
1804 -0.2898464294194346
1805 -0.2837254661219132
1806 -0.28402201404949745
1807 -0.29103995181074227
1808 -0.2934614421415018
1809 -0.2955484789388111
1810 -0.29515394941517625
1811 -0.29957308547058004
1812 -0.30238566316087034
1813 -0.3007300234206898
1814 -0.29509770061960494
1815 -0.29250679577932637
1816 -0.29915314727494835
1817 -0.3023407533949656
1818 -0.30021870486491986
1819 -0.30014394961917745
1820 -0.300346669666256
1821 -0.3011159624209393
1822 -0.30686807006550154
1823 -0.3085316066712447
1824 -0.30691326292370236
1825 -0.30136731749032275
1826 -0.3009772247745288
1827 -0.3045932142467148
1828 -0.30214866082611325
1829 -0.3027948285114276
1830 -0.29853321964490154
1831 -0.29591218623248894
1832 -0.3010001680325405
1833 -0.3013907071010966
1834 -0.3013564069198005
1835 -0.29858946844047296
1836 -0.299310674463826
1837 -0.29662594174304147
1838 -0.2966108774569747
1839 -0.29918671801118635
1840 -0.298184311438612
1841 -0.29959215810534334
1842 -0.2978794381863208
1843 -0.30378190559925644
1844 -0.3095456353657815
1845 -0.3063495840892272
1846 -0.30632346386578957
1847 -0.3076265899751104
1848 -0.30684512680748965
1849 -0.3107690032369269
1850 -0.31058134747591537
1851 -0.30605676141804294
1852 -0.3033503452816618
1853 -0.2981766976653456
1854 -0.293419546080557
1855 -0.29419728399177736
1856 -0.294692543617744
1857 -0.2971965227993427
1858 -0.30494973622627086
1859 -0.30789661475513086
1860 -0.31265749159631984
1861 -0.31326192648115525
1862 -0.31141419417212246
1863 -0.3159158190783653
1864 -0.3194004194787289
1865 -0.3234889905175484
1866 -0.31837877701092543
1867 -0.3176470633411764
1868 -0.3150297551851642
1869 -0.3156076669224356
1870 -0.3246797822961921
1871 -0.3212323759502542
1872 -0.3171317364367101
1873 -0.31876225059718966
1874 -0.3155634687079715
1875 -0.31237930475205833
1876 -0.3107233819195818
1877 -0.31172250958851777
1878 -0.31366435287035255
1879 -0.3070817006831025
1880 -0.3046332587456345
1881 -0.3124889084700716
1882 -0.3144035170529019
1883 -0.3120674094461109
1884 -0.3115272400542397
1885 -0.3096051809586088
1886 -0.3066162865369737
1887 -0.3064289138682583
1888 -0.30810706840730606
1889 -0.30926272862138326
1890 -0.3164947254593733
1891 -0.31961474375415255
1892 -0.31387298049552026
1893 -0.31768063407741454
1894 -0.3194530628497303
1895 -0.32018088800261313
1896 -0.32323720698902036
1897 -0.32375886993072045
1898 -0.3250466486616783
1899 -0.32437879756076726
1900 -0.3194078699915295
1901 -0.31327656230807777
1902 -0.31169940307004007
1903 -0.3158747978293267
1904 -0.3211429848775892
1905 -0.31714751227421756
1906 -0.31135393702785463
1907 -0.3116850503354135
1908 -0.3100668698483374
1909 -0.3098226821994582
1910 -0.3096654381028766
1911 -0.3086660273416444
1912 -0.30941308838975645
1913 -0.31750875415391044
1914 -0.3158446692571927
1915 -0.31508572088843956
1916 -0.3200801579002813
1917 -0.3176358875719757
1918 -0.3162237060356162
1919 -0.31522502471944225
1920 -0.3195804614664741
1921 -0.32286189546699706
1922 -0.3232783914985248
1923 -0.323004358369808
1924 -0.3199147517394587
1925 -0.3181611125096101
1926 -0.3159644719942879
1927 -0.3228207109574929
1928 -0.3250432064975741
1929 -0.32557203685977876
1930 -0.32653370527561043
1931 -0.32329373887688795
1932 -0.3187766033318161
1933 -0.317177212387207
1934 -0.3208647980333277
1935 -0.32101859996580506
1936 -0.3186187930506421
1937 -0.3197191991128846
1938 -0.3206470137001822
1939 -0.3176129264203462
1940 -0.314264067855051
1941 -0.3133108445957562
1942 -0.3091993124053073
1943 -0.3104606878205316
1944 -0.313243136938688
1945 -0.31446721636127384
1946 -0.31140328360159997
1947 -0.3068303456137189
1948 -0.30615832290364553
1949 -0.3048443041174199
1950 -0.3083886974156719
1951 -0.3055392700855053
1952 -0.3035081555628356
1953 -0.29853279118575715
1954 -0.30215568287976946
1955 -0.31389691839726874
1956 -0.31813530091348696
1957 -0.3177667283528238
1958 -0.3180033022284364
1959 -0.31818350747664736
1960 -0.3204929286754088
1961 -0.31855580529371086
1962 -0.3124728495402681
1963 -0.308658576828844
1964 -0.3084003195376346
1965 -0.301998584150036
1966 -0.29665951247927946
1967 -0.29375009320352363
1968 -0.28945161680350384
1969 -0.28461252465885056
1970 -0.27372034013421
1971 -0.26844496777182547
1972 -0.2702516788318198
1973 -0.2722378656949669
1974 -0.267138690232097
1975 -0.26016765152422994
1976 -0.24698236992931022
1977 -0.2268235120480755
1978 -0.2227132397000421
1979 -0.224133300208346
1980 -0.2229350579169017
1981 -0.22430905075509877
1982 -0.22352442851567011
1983 -0.22672665256899227
1984 -0.2290056799969412
1985 -0.23455907594312142
1986 -0.2323733281047038
1987 -0.2297673589783582
1988 -0.23293356477507465
1989 -0.22897955977350382
1990 -0.22660988143047467
1991 -0.23203587875991116
1992 -0.23412279572539008
1993 -0.23538805965748033
1994 -0.23488589780968794
1995 -0.22079865665222964
1996 -0.20862240075941374
1997 -0.2019216699238635
1998 -0.19949688279584776
1999 -0.19128169738689516
2000 -0.18552612968461102
2001 -0.1813775667002021
2002 -0.17766817780665467
2003 -0.17749212627398803
2004 -0.17074865010060458
2005 -0.16402840027752874
2006 -0.15453803500969998
2007 -0.1353114285236039
2008 -0.1170611083866443
2009 -0.10270054565190956
2010 -0.09794754778266568
2011 -0.10006558796401499
2012 -0.1033808757930722
2013 -0.10525731357135792
2014 -0.11204097961050952
2015 -0.12709306614922544
2016 -0.14076698824058198
2017 -0.14583103213888493
2018 -0.146900881169849
2019 -0.1471038843092236
2020 -0.14606373539124906
2021 -0.14781348610423128
2022 -0.15127123683609944
2023 -0.15383519006966984
2024 -0.15987696131360818
2025 -0.16113790826968788
2026 -0.16073894193821248
2027 -0.17475171094222464
2028 -0.185199736277189
2029 -0.19618821409632037
2030 -0.21422931488850172
2031 -0.22129419937049222
2032 -0.2318657348053339
2033 -0.2470985927768532
2034 -0.25802019432218737
2035 -0.26068098914122306
2036 -0.266057639896914
2037 -0.27092024148417126
2038 -0.2708071956020539
2039 -0.2734648134556642
2040 -0.27934061235418783
2041 -0.29032662475933413
2042 -0.2948279844668985
2043 -0.29628448404955254
2044 -0.2991749505223752
2045 -0.30437846151214676
2046 -0.3200653767065106
2047 -0.32770499596034675
2048 -0.3364897677818641
2049 -0.3488870869114634
2050 -0.3574994305185023
2051 -0.3686918882271272
2052 -0.3700204230084452
2053 -0.3674445824542336
2054 -0.3672690971061593
2055 -0.35819797637613926
2056 -0.3529865864144228
2057 -0.35235230604974976
2058 -0.3537378011780794
2059 -0.3574174899586374
2060 -0.3532121298876829
2061 -0.34956283487793716
2062 -0.3460002003281928
2063 -0.3432589357195408
2064 -0.34624754704887994
2065 -0.351883595106365
2066 -0.35213122491934834
2067 -0.34809084255007194
2068 -0.3463715035015196
2069 -0.3474568452776948
2070 -0.347670621262144
2071 -0.34900359285130256
2072 -0.3488196623466914
2073 -0.3459660634073626
2074 -0.3454594647517294
2075 -0.3440778581402658
2076 -0.34445288656999284
2077 -0.3476856855482111
2078 -0.3521164437255775
2079 -0.351515022545702
2080 -0.35087286320908395
2081 -0.3564450486977314
2082 -0.3563543977826512
2083 -0.36099476033530464
2084 -0.3640066159085692
2085 -0.36292872464519443
2086 -0.35952233954829504
2087 -0.3636343180915057
2088 -0.3698562766900375
2089 -0.3620045154824668
2090 -0.3593507427170869
2091 -0.35579527558784707
2092 -0.350913619259444
2093 -0.36119875811841573
2094 -0.3611604674820409
2095 -0.3600889122558998
2096 -0.37082857258409563
2097 -0.37147419197843534
2098 -0.365634429230135
2099 -0.36943491539152484
2100 -0.3724200845567598
2101 -0.3718899764585225
2102 -0.37477742922638557
2103 -0.3751603545216753
2104 -0.3754079843346584
2105 -0.3766960461579123
2106 -0.375531940787298
2107 -0.37561070438173705
2108 -0.3769286116848285
2109 -0.3767858656897217
2110 -0.37591901979813236
2111 -0.37074909743821627
2112 -0.3631119435983653
2113 -0.3620125321798595
2114 -0.36283517985698466
2115 -0.3606792774984048
2116 -0.36364148551201014
2117 -0.3675394049784757
2118 -0.3657146159274549
2119 -0.3582801821346824
2120 -0.354409660627687
2121 -0.3535578790221646
2122 -0.3522547529128438
2123 -0.3539141179094243
2124 -0.35701162140533627
2125 -0.3586186261232116
2126 -0.35835965728056174
2127 -0.3540679198419018
2128 -0.3522547529128437
2129 -0.3533739485175531
2130 -0.3528137118471819
2131 -0.35740961098669277
2132 -0.3630383283632075
2133 -0.35895965535755636
2134 -0.3611180052365037
2135 -0.36935285499983017
2136 -0.3707307363548933
2137 -0.363607631683476
2138 -0.3582352723687776
2139 -0.35544980954566163
2140 -0.3516349706496452
2141 -0.34939383093394494
2142 -0.3403125111848433
2143 -0.32140883804844744
2144 -0.2944173781198426
2145 -0.2694138291431796
2146 -0.24354369947360588
2147 -0.19953721802846391
2148 -0.15309861877433617
2149 -0.10713131147067645
2150 -0.05224567283212023
2151 0.009034533773530251
2152 0.06813860748163503
2153 0.13089298873683974
2154 0.20540061266201537
2155 0.26899816710573976
2156 0.33964378788284266
2157 0.42396959358615005
2158 0.49241513168382656
2159 0.5613101090424231
2160 0.6318667850996229
2161 0.7050790420555921
2162 0.7575947192588239
2163 0.7936914845056464
2164 0.8304886292785136
2165 0.8538144777102912
2166 0.8600549682940124
2167 0.8309744346132575
2168 0.7533694270240003
2169 0.6482577405533696
2170 0.5285358245801806
2171 0.38671306971847397
2172 0.24217643031396774
2173 0.10178661792494359
2174 -0.04224313973163296
2175 -0.18060097644096718
2176 -0.29803754684259154
2177 -0.3974457530495643
2178 -0.4867885582309486
2179 -0.5630736871232586
2180 -0.634896723694498
2181 -0.68014596452508
2182 -0.7062332612731712
2183 -0.7354729127448825
2184 -0.8027467095663285
2185 -0.8828764649149078
2186 -0.918870554200561
2187 -0.9433669128019806
2188 -0.9588511182014828
2189 -0.9682017511791646
2190 -0.9861787497388476
2191 -1.0
2192 -0.9870202124934581
2193 -0.9624625331403804
2194 -0.9249596495543533
2195 -0.8901303050262921
2196 -0.8604753196659876
2197 -0.8278380590135778
2198 -0.7979714620968956
2199 -0.7692694169035897
2200 -0.7396741225029608
2201 -0.7025994845436547
2202 -0.6597463356240525
2203 -0.6208471917060215
2204 -0.5870204170110005
2205 -0.5583707320963998
2206 -0.5319023582123761
2207 -0.5057757251141374
2208 -0.4786763676626965
2209 -0.4521473081752606
2210 -0.43109705264872844
2211 -0.41169510618140615
2212 -0.38693015014157917
2213 -0.368345702992101
2214 -0.36002260216669435
2215 -0.3516428675152078
2216 -0.3464514071065433
2217 -0.32972116602877954
2218 -0.31329091504270434
2219 -0.30914678886613634
2220 -0.3076156972982057
2221 -0.306387874725602
2222 -0.29903981830053483
2223 -0.2965995384273079
2224 -0.2957139029932513
2225 -0.2937429257830192
2226 -0.29181325291412186
2227 -0.28805034583766675
2228 -0.29103178974650135
2229 -0.29886447831930874
2230 -0.2939564186751722
2231 -0.29156505691654655
2232 -0.28757086204920757
2233 -0.28047043543712347
2234 -0.28261815783784483
2235 -0.28526948308285704
2236 -0.28633186370740293
2237 -0.2808725787340247
2238 -0.279164132362377
2239 -0.27949813954306557
2240 -0.28501023114791113
2241 -0.28744705096341616
2242 -0.28031305361509407
2243 -0.27600680018134194
2244 -0.2694440954407613
2245 -0.268010110656975
2246 -0.26540485308206996
2247 -0.26004699186884617
2248 -0.2543479560544295
2249 -0.24880300526478638
2250 -0.244131784694941
2251 -0.24422950109231312
2252 -0.2520471253790537
2253 -0.24995909393800797
2254 -0.24823530018799722
2255 -0.24591970621246817
2256 -0.24233411051109421
2257 -0.23691155534576191
2258 -0.24040431781036675
2259 -0.2449405080965842
2260 -0.23473069066794716
2261 -0.23535762245803227
2262 -0.2365636417832091
2263 -0.23894020445444641
2264 -0.2359026750105062
2265 -0.23120950582638544
2266 -0.2291408122187818
2267 -0.22778188366665142
2268 -0.23179169111103204
2269 -0.23122056176375616
2270 -0.23496050768858223
2271 -0.23304189075705528
2272 -0.22548767212080545
2273 -0.2235849508586163
2274 -0.2151779559731073
2275 -0.21626673991338696
2276 -0.22292815569507574
2277 -0.2223340651961706
2278 -0.22212000611942528
2279 -0.22100581350714876
2280 -0.21357137971437623
2281 -0.20909571177110498
2282 -0.2128469967255977
2283 -0.21590692113657517
2284 -0.2171193784371982
2285 -0.21351944789481525
2286 -0.206873644690168
2287 -0.198466649804659
2288 -0.20428345140133009
2289 -0.2068816869225788
2290 -0.20275480735376694
2291 -0.20111105493422776
2292 -0.19185600369959654
2293 -0.1865018677427731
2294 -0.18654777215241436
2295 -0.18450147351184765
2296 -0.1810957999663888
2297 -0.17856958907821863
2298 -0.17477783116566215
2299 -0.1691866928740815
2300 -0.17064333782358387
2301 -0.17751508742561772
2302 -0.17928678675287535
2303 -0.17438617762153918
2304 -0.17608039109039064
2305 -0.17378674572913688
2306 -0.1664873243263747
2307 -0.16528991341820087
2308 -0.16321794090695863
2309 -0.16237676888604458
2310 -0.15781488683553402
2311 -0.15658362209882626
2312 -0.15262688648459133
2313 -0.14722784076186313
2314 -0.14087846565297002
2315 -0.13978666800773076
2316 -0.14130039313607468
2317 -0.13345235718490434
2318 -0.13440612873517366
2319 -0.13821394557753375
2320 -0.1371547240247959
2321 -0.13671526684163882
2322 -0.1332688551394372
2323 -0.13043848255041657
2324 -0.12384176072083597
2325 -0.11777014399705998
2326 -0.11965934390789323
2327 -0.1217359164874422
2328 -0.11722266945923643
2329 -0.11317538486813394
2330 -0.10654108395361928
2331 -0.10353439463325353
2332 -0.10055366227585927
2333 -0.09185384471916636
2334 -0.09206816899459014
2335 -0.09156517576352685
2336 -0.09063406437897326
2337 -0.08716941142527945
2338 -0.07415617301432953
2339 -0.06240803527500427
2340 -0.05792935362677343
2341 -0.05941311344344968
2342 -0.058688447362374885
2343 -0.052725439712875355
2344 -0.04976394325071032
2345 -0.04630301555341654
2346 -0.03441530878441024
2347 -0.031355812832576935
2348 -0.031277760789579
2349 -0.026516600856093753
2350 -0.023813626883816608
2351 -0.01856121567306146
2352 -0.013541369989222618
2353 -0.012602927923698881
2354 -0.01086079098398296
2355 -0.011345423131723376
2356 -0.00770374189524381
2357 -0.0012793284483120226
2358 0.0027339390537903796
2359 0.004220001023985898
2360 0.009191211685519729
2361 0.013929856820137365
2362 0.01366645116964671
2363 0.014829844988820229
2364 0.021287829171990236
2365 0.027727023812692764
2366 0.029863425077365058
2367 0.02802686853753289
2368 0.028176516754465863
2369 0.039298107734214716
2370 0.05026461904545321
2371 0.05784742331912596
2372 0.07076740003416226
2373 0.07668450327402043
2374 0.07470048083894465
2375 0.08080222613485466
2376 0.08772661910788981
2377 0.08337018771712135
2378 0.08263031198313153
2379 0.0887809753936426
2380 0.09361188758043704
2381 0.10219853942318258
2382 0.11222816949722647
2383 0.10590749985758596
2384 0.10472761864946434
2385 0.119822432632396
2386 0.12365954666361922
2387 0.1209630285604062
2388 0.11361926357633112
2389 0.11030770100367415
2390 0.11285758459491424
2391 0.1171678284837454
2392 0.11657402107713621
2393 0.11798603935302987
2394 0.11815891392027056
2395 0.11652868285208728
2396 0.12293013514738949
2397 0.130867725431691
2398 0.1346819981431151
2399 0.13308562090346587
2400 0.13496277023319236
2401 0.13924734025134744
2402 0.14076796760151766
2403 0.13711395269163518
2404 0.13703174693309195
2405 0.14075691166414717
2406 0.13756057729529658
2407 0.1402378595032805
2408 0.1446432090086498
2409 0.1351881683396039
2410 0.13048710228992055
2411 0.13359722255153184
2412 0.13367226088957063
2413 0.13177143885677411
2414 0.13520695788207115
2415 0.1424725254562993
2416 0.14324526037508667
2417 0.14176982588311726
2418 0.14064801949757433
2419 0.1323906549353806
2420 0.13181262336627886
2421 0.13835480259546507
2422 0.12984608296388767
2423 0.12092831781358315
2424 0.12203344377596248
2425 0.12013722181147268
2426 0.11803066602663836
2427 0.11619180733328727
2428 0.10612542955757998
2429 0.09524529561404638
2430 0.08877006482312044
2431 0.07316191322319554
2432 0.06705326570545966
2433 0.0680904009184744
2434 0.06565000121341757
2435 0.06096815316534587
2436 0.04919033320664856
2437 0.03925607394782182
2438 0.029303754591585962
2439 0.02070246692191824
2440 0.008909299584857866
2441 0.0035860037516088905
2442 -0.0014146239306183084
2443 -0.01000483776929817
2444 -0.014990564425924502
2445 -0.02432494543958663
2446 -0.025236555730232646
2447 -0.028377828981464348
2448 -0.046242329950004435
2449 -0.0624582566606563
2450 -0.0745353551596013
2451 -0.0810635124138247
2452 -0.09310086739976409
2453 -0.10239323252065125
2454 -0.10656748726935283
2455 -0.11543918474955028
2456 -0.12212975235325396
2457 -0.13247315906902046
2458 -0.1379615958644136
2459 -0.1467135085011334
2460 -0.15382828784784386
2461 -0.1546835295110882
2462 -0.16268838109969597
2463 -0.16735516486170066
2464 -0.17338431933993947
2465 -0.1806457331986231
2466 -0.18668650979882484
2467 -0.19164194462285122
2468 -0.19924825833912807
2469 -0.208071484057486
2470 -0.2151373452895956
2471 -0.21657477223748622
2472 -0.2185121787114802
2473 -0.22015332035018587
2474 -0.2196422848867119
2475 -0.2222623236553879
2476 -0.23027867753412823
2477 -0.23816374427925857
2478 -0.23736261675726422
2479 -0.23918296900044433
2480 -0.25207725395118763
2481 -0.25508783178841943
2482 -0.2548881254463007
2483 -0.2578847534730325
2484 -0.25761389730974127
2485 -0.26247965796880657
2486 -0.2683485546455042
2487 -0.26751084268231207
2488 -0.26484862476039517
2489 -0.2646012780397079
2490 -0.2648975428749961
2491 -0.26681215145782655
2492 -0.27200530016805047
2493 -0.2691517012287217
2494 -0.26322283050005246
2495 -0.2610082318255337
2496 -0.26073047344041655
2497 -0.26604257935140396
2498 -0.29569619419937554
2499 -0.3565325466584989
2500 -0.8135285982390381
2501 -0.8725103161673027
2502 -0.8977297306738038
