0
1
2506
-3 0.08028374206533351
-2 0.07993264058188283
-1 0.0791354102622672
0 0.07796035358520327
1 0.07646354829905344
2 0.07469542231127399
3 0.07270896119921853
4 0.0706484749715136
5 0.06844725899013542
6 0.06612336496624363
7 0.06369738949985601
8 0.06119701953026762
9 0.05865344241886787
10 0.05609699669454349
11 0.05355486802234356
12 0.05105297247527403
13 0.04861424487938775
14 0.04626215088139929
15 0.04401805545770413
16 0.041900623060998406
17 0.039926912287707464
18 0.03811020879148407
19 0.03646190496778965
20 0.034987876663976375
21 0.033692576225283835
22 0.03257772835268242
23 0.031641331140953056
24 0.030878785400212768
25 0.030279293111879452
26 0.029833455345629294
27 0.02953076325327274
28 0.02935739950306255
29 0.029297536566444633
30 0.029335973200040968
31 0.029461393843222425
32 0.029660716162639808
33 0.02991980909055073
34 0.03022649049537383
35 0.03057185356115873
36 0.030944102263360477
37 0.03133092410553957
38 0.03172441340266529
39 0.03211762515273661
40 0.032502271345445054
41 0.03286954990216406
42 0.03321572575327034
43 0.03353456125472524
44 0.03382535915480992
45 0.03408495419598225
46 0.03431077521946432
47 0.034503710499432086
48 0.034661854357585294
49 0.03478597738478861
50 0.034876556707777256
51 0.03494144641579773
52 0.03498256062521208
53 0.03499838341239112
54 0.0349949086276755
55 0.03497525564527921
56 0.034943144181795484
57 0.03489520762619024
58 0.034830891897199796
59 0.03475628922764265
60 0.03467347617032193
61 0.03458559077259534
62 0.03449167186968741
63 0.03439406609266901
64 0.03429611214725768
65 0.03420012346837621
66 0.03410571154110023
67 0.034011989738650925
68 0.033922185876643314
69 0.03383432228000504
70 0.03374912031432527
71 0.03366647255974939
72 0.03358920739288425
73 0.03352009551616827
74 0.03345632473229827
75 0.03339574907344311
76 0.03333810500626505
77 0.03328309919943014
78 0.03322848180299751
79 0.033173260959349186
80 0.03311729461095594
81 0.033064660399225454
82 0.033014662920247954
83 0.03296373710530004
84 0.032914236975423054
85 0.03286669502759944
86 0.032818585232447774
87 0.032768439901394684
88 0.032712474731543414
89 0.03264825714421938
90 0.032578852606550114
91 0.032506660274135006
92 0.032431760660998336
93 0.032357377435248094
94 0.032285215520005316
95 0.03221427466800767
96 0.032142776340832374
97 0.0320717067748518
98 0.032003067693104154
99 0.03193477966597795
100 0.03187083964743365
101 0.031815021425128175
102 0.031766831450572464
103 0.03172544874597723
104 0.03169256822757645
105 0.03167053801966704
106 0.03165653366552399
107 0.03165057437503242
108 0.031653880651088
109 0.03166772103858725
110 0.0316916533716806
111 0.03172651335219648
112 0.031775182332608745
113 0.031837150998609426
114 0.03191051247703286
115 0.03199653631843488
116 0.03209729637623506
117 0.032209221859528736
118 0.03232690259647632
119 0.03244569635420028
120 0.032566548298280686
121 0.0326892424915316
122 0.03280883364136903
123 0.03292460553166682
124 0.033036688028823535
125 0.03314635767620873
126 0.033256915986792986
127 0.033368152562606265
128 0.03347898228394259
129 0.03358909639306647
130 0.03369724031500536
131 0.03379880227544458
132 0.033890492605133486
133 0.033973152669218985
134 0.034042991345834966
135 0.034097307853864695
136 0.03413764876841103
137 0.03416306742779887
138 0.034170374519191096
139 0.03415481504937293
140 0.03411641813692697
141 0.034058010243537516
142 0.03397967783508711
143 0.03388154075511957
144 0.03376398670550461
145 0.03362868578846792
146 0.03347591826879113
147 0.033303881289973206
148 0.03311416761187955
149 0.032907455691441906
150 0.032682169320871535
151 0.032438829881279795
152 0.03217863745366996
153 0.03190154499494371
154 0.03160877034139851
155 0.031301010014605245
156 0.030981354984125898
157 0.03065201440414517
158 0.0303154190558782
159 0.029980424499903083
160 0.029650713196162467
161 0.029326660806506363
162 0.029013496375167282
163 0.02871422873078527
164 0.02842820542652944
165 0.028154599846809732
166 0.027890905433281557
167 0.027640755253842818
168 0.02740462969950787
169 0.02718308760195137
170 0.02697600728917312
171 0.026777759756301284
172 0.02659112296525586
173 0.026416886602974005
174 0.02625494080372334
175 0.02610470937600685
176 0.02596577436196905
177 0.025838643016804927
178 0.02572024357174662
179 0.025606209860833447
180 0.025494442316114137
181 0.025386175779963778
182 0.025278236233314606
183 0.025172092124166913
184 0.025068222058299817
185 0.024966725604253056
186 0.024866766273781375
187 0.024767032441344934
188 0.02467345970323806
189 0.02458567529042218
190 0.024502930152368988
191 0.024426164205196728
192 0.024358354957700636
193 0.02430085572338344
194 0.024253415557449746
195 0.024218897485778313
196 0.024196007264093294
197 0.024184398322478623
198 0.024183306413064962
199 0.024195607429011525
200 0.024220120250867512
201 0.024252849778721216
202 0.024296498716112416
203 0.02435172305465644
204 0.024415355420039173
205 0.02448585598484824
206 0.02456448843421953
207 0.024651375444262043
208 0.024745189415673753
209 0.02484363801722538
210 0.024945684301249278
211 0.025050289817404287
212 0.025156159027360767
213 0.02526339152891849
214 0.025370147778221348
215 0.025476991119252078
216 0.025583868216908088
217 0.025689321200275
218 0.025794065867970437
219 0.025897577955880328
220 0.026001215854490604
221 0.02610593379357556
222 0.0262089914986473
223 0.026308628973548593
224 0.02640580602655896
225 0.026502664973515947
226 0.026601161763677293
227 0.026700643425532463
228 0.02680283372186143
229 0.02690617815029872
230 0.027007224381851384
231 0.02710793237926347
232 0.02720749619984181
233 0.027309446266083507
234 0.027414916668900287
235 0.027521877816986694
236 0.027631211090604287
237 0.027740891740528666
238 0.02785159383124558
239 0.02795926007853088
240 0.028064188066297176
241 0.028169850369142203
242 0.02827693488750489
243 0.028385235747282557
244 0.028490400507862546
245 0.028594990860144272
246 0.028697015062595654
247 0.028793225965922136
248 0.02888302058679983
249 0.028966663994899916
250 0.02904352976158745
251 0.029113084618264038
252 0.02917784495245672
253 0.029236829023645255
254 0.029289206366379248
255 0.02933199744662342
256 0.029365525246058448
257 0.02938779002642095
258 0.029397123683430646
259 0.0293952526221752
260 0.02938138917646626
261 0.02935746898666979
262 0.029322402463321306
263 0.02927978337405393
264 0.029231533786690862
265 0.02917757038987903
266 0.029117678930866298
267 0.029050096474704187
268 0.02897742696313922
269 0.028897967048800176
270 0.028812057453269757
271 0.028717924658796773
272 0.028616484676935602
273 0.028508726235594764
274 0.028394170284131767
275 0.02827569817872589
276 0.02815224879056673
277 0.028022370137403392
278 0.027887010764390784
279 0.02774686821530214
280 0.027605868333651442
281 0.02746481871769898
282 0.027322409501334553
283 0.027180768880495313
284 0.027039441411795147
285 0.02690019272809658
286 0.026760306992285283
287 0.026619629775307616
288 0.02648089723349635
289 0.02634509286068048
290 0.02621354649967101
291 0.026082688154726467
292 0.02595009726755525
293 0.025815934110536384
294 0.02568208355519101
295 0.025548793072005447
296 0.025417494150567137
297 0.025288724604210003
298 0.025160403541710286
299 0.025031430028032126
300 0.02490089604024284
301 0.024767094583954357
302 0.024627943058173844
303 0.024487508446894696
304 0.024348760673518866
305 0.024208190676686836
306 0.024060808657950256
307 0.023902235643444774
308 0.023733685850388004
309 0.02355565822786163
310 0.023366213763599982
311 0.023166867830081372
312 0.022960769702128313
313 0.022749539235050523
314 0.02253772375750531
315 0.02233028543715041
316 0.022130509794335257
317 0.021939109091624463
318 0.021755466783815135
319 0.021589497133710403
320 0.021434190717587794
321 0.02127526115581877
322 0.02110683025696417
323 0.020930520393351804
324 0.020753663406334843
325 0.020579145967936727
326 0.020411099868699923
327 0.020254893077353682
328 0.02012254976879031
329 0.020025900913220016
330 0.019974600466089794
331 0.01997998263356446
332 0.020051730225970843
333 0.02019265633076001
334 0.02039879095456479
335 0.020663899437348653
336 0.020978786534226947
337 0.021328997158127517
338 0.021701117629743524
339 0.022088143109555397
340 0.02248410320300558
341 0.022888811163580335
342 0.023294471324375583
343 0.02369193920749571
344 0.02408240508505641
345 0.024463309401279425
346 0.02483265899708073
347 0.0251866289014342
348 0.02552745173204733
349 0.025857203583635295
350 0.026171962678313402
351 0.026472656537816865
352 0.026757802303935513
353 0.02702519130896291
354 0.027276996277502404
355 0.02751419475624403
356 0.027735423831334302
357 0.02794174743430442
358 0.02813770691187478
359 0.028324291947858942
360 0.02850093199372746
361 0.02866938945667195
362 0.028831608509503413
363 0.0289885543702126
364 0.029141073669904746
365 0.02929059822462019
366 0.029433879071687062
367 0.029571586080611747
368 0.02970838044147423
369 0.029845023778614758
370 0.02998053948985763
371 0.03011263314853694
372 0.03024280207004911
373 0.03036966332375258
374 0.030490854796146567
375 0.030607184157762375
376 0.030717955580955688
377 0.030822107885151336
378 0.030920324552944044
379 0.031013845967161707
380 0.031102275207515358
381 0.031183257931835563
382 0.03125629035125741
383 0.03132174541383131
384 0.03137875168008007
385 0.031425021010526896
386 0.03146142542612164
387 0.03149060377475869
388 0.03151152600649642
389 0.0315229038463227
390 0.03152374043247522
391 0.03151414055674072
392 0.031492732393776465
393 0.03145768402932576
394 0.031409698579000625
395 0.03134902484550653
396 0.03127675020633322
397 0.031192621151130317
398 0.03109686484547178
399 0.030992872651991958
400 0.030884328577255503
401 0.030771307546874814
402 0.030652753463278306
403 0.03053018044513216
404 0.030404920579086878
405 0.03027323922958253
406 0.030133150614218947
407 0.029987967482119095
408 0.02984146209819492
409 0.029690301185042657
410 0.02953226605152167
411 0.02937076733673245
412 0.029205546005389344
413 0.02903707923859629
414 0.028862379400107913
415 0.02867878204660908
416 0.028491214492499143
417 0.028298323835270128
418 0.02809797916904298
419 0.027891222924600535
420 0.027680877175597425
421 0.027470150639657857
422 0.027257491495740468
423 0.027044746472245338
424 0.026832712635661865
425 0.02662052564397171
426 0.026406679825061053
427 0.0261892184577846
428 0.02596897197237188
429 0.025747832412878136
430 0.02552793226802262
431 0.02531311791393216
432 0.025105118640545803
433 0.024904669102873072
434 0.02471333019020034
435 0.024530607954669634
436 0.0243546786025045
437 0.02418360182620353
438 0.024016886553006364
439 0.023854594858324148
440 0.023695331565741738
441 0.023538080240496202
442 0.023382359728702812
443 0.023228723920283068
444 0.023078593202277294
445 0.022935204117889362
446 0.022799276722006618
447 0.022667850245623462
448 0.02254096651199542
449 0.02241724437256034
450 0.0222990155452583
451 0.02218586132143139
452 0.022078615741670693
453 0.02198216572934293
454 0.021893712918519336
455 0.021812619854984283
456 0.021737997787766652
457 0.021669538734483726
458 0.02160791372256528
459 0.021551847371676824
460 0.02150401648542284
461 0.02146391524412271
462 0.02143208293511504
463 0.021410572576690833
464 0.021397884281949147
465 0.02139207219899963
466 0.021394753885537625
467 0.021409517075101844
468 0.021434811372870316
469 0.0214702339552233
470 0.02151677405502911
471 0.021574533246159454
472 0.02164351109190204
473 0.021721255084778977
474 0.02180847242425786
475 0.02190339521298379
476 0.022005749268807013
477 0.022118456636811716
478 0.02223718948388377
479 0.022361526314299315
480 0.022493629670498536
481 0.022630026861582588
482 0.0227691660546222
483 0.02291018278886559
484 0.023054756897084715
485 0.023205994709113283
486 0.02336236069879745
487 0.02352565714473136
488 0.023699470894024303
489 0.0238857843733423
490 0.024082481901658976
491 0.02428635661552524
492 0.024497373821420275
493 0.024714041533033262
494 0.024932199434301663
495 0.02514674442360063
496 0.025356308185985898
497 0.02556006652780482
498 0.02576091493082448
499 0.025960829530455937
500 0.02615916075075632
501 0.026359496140493065
502 0.026561356982237275
503 0.026764084084475236
504 0.026964499424425085
505 0.027158853652892504
506 0.027347864867587147
507 0.02752825063531598
508 0.02769965374002813
509 0.027861979006588
510 0.028016753799137487
511 0.028166741800406476
512 0.02831203139956683
513 0.028451770816574237
514 0.02858437560077821
515 0.028708531210532434
516 0.028826668012785973
517 0.028936565175882778
518 0.029039146830730323
519 0.029136209723538663
520 0.02922530042689289
521 0.029308360541123735
522 0.029384270161279778
523 0.029452164982045708
524 0.029510975882909008
525 0.02956035129454836
526 0.029597769462267113
527 0.029620343997217042
528 0.029629743076853152
529 0.029627679569441834
530 0.0296144898424706
531 0.029590930462102216
532 0.029559530755016723
533 0.029517669776414898
534 0.029461166583297112
535 0.029392249748468154
536 0.029312722744562508
537 0.029224476740746682
538 0.029126226152130084
539 0.029017203047965973
540 0.02890064221651229
541 0.028775926826942477
542 0.028641278116377473
543 0.02849895170327806
544 0.028352069168658463
545 0.028203755121263854
546 0.02805541475323838
547 0.02790888927231443
548 0.027764506459122897
549 0.027623564071571204
550 0.027484097725307854
551 0.027343826414306105
552 0.027203436710863543
553 0.027060793612348
554 0.02691849064895396
555 0.026775645696050565
556 0.026631383107439746
557 0.026484922463006894
558 0.0263380387819315
559 0.0261917510251546
560 0.02604336033372201
561 0.025889603569952357
562 0.0257277618894166
563 0.02555666546772378
564 0.02537247609311817
565 0.02517610292445982
566 0.024965222058152485
567 0.02473625464170806
568 0.02448881204286751
569 0.024223000357007272
570 0.023940142690581805
571 0.023637346050287174
572 0.02331754230570508
573 0.022983738861528137
574 0.02263774698329128
575 0.022279195225420573
576 0.02191066711110255
577 0.021539553151636512
578 0.021163165434677177
579 0.020780023202945173
580 0.020393605004731877
581 0.020008879904281306
582 0.01962973592283057
583 0.019259243737493173
584 0.018904538591305024
585 0.018572556428033887
586 0.018274669081531168
587 0.01802660655851305
588 0.017840867209475454
589 0.017726441882988997
590 0.017688491849784358
591 0.01772723346239751
592 0.01783168060813115
593 0.01799056878246848
594 0.018192418073713485
595 0.018422272311644707
596 0.01866701377223972
597 0.018920112451125227
598 0.01917597008246482
599 0.019424666496076538
600 0.01965938921627603
601 0.019881410950326583
602 0.020092087815193525
603 0.020298553702369045
604 0.020516029563113568
605 0.02074654127368792
606 0.020988017358469148
607 0.021239247745992028
608 0.021500913244893328
609 0.021771398822298144
610 0.022038857474881587
611 0.022299675299598996
612 0.02255296791593267
613 0.02280394412780957
614 0.023054122569381438
615 0.02329933607774065
616 0.023542208443071824
617 0.023785492803376298
618 0.02403283459839586
619 0.02428600297239494
620 0.024544143946686605
621 0.024805662030733314
622 0.02507058388563715
623 0.025339603161752204
624 0.025608709823621328
625 0.025875264218155666
626 0.026142171529542346
627 0.026410327214252596
628 0.02667412789868049
629 0.026931254246896214
630 0.027180278152502513
631 0.027419785085267323
632 0.027648584113211527
633 0.027863807821520856
634 0.028068567476208624
635 0.028260642697866625
636 0.028441327325267312
637 0.028611211213624047
638 0.028768173093298162
639 0.028914271249853175
640 0.02904852849823705
641 0.029172409397313283
642 0.029282960045467658
643 0.029380582445219013
644 0.02946579186916705
645 0.029537827656496027
646 0.02959795185681739
647 0.02964512553105709
648 0.029679433453430586
649 0.029702478099358925
650 0.029714891841721314
651 0.029717372224574178
652 0.02971134401494967
653 0.029699961342164585
654 0.02968460722476608
655 0.029665926534301598
656 0.02964504814119581
657 0.029622131317265106
658 0.02959791766144658
659 0.029570620845322405
660 0.02954232437051268
661 0.02951316023823562
662 0.029481027038246663
663 0.02944794322795145
664 0.029413124755051475
665 0.029379158993577553
666 0.029345749432511527
667 0.02931272461231599
668 0.029282688346899694
669 0.029256016777036098
670 0.02923428181384682
671 0.02921723032984181
672 0.02920860837695105
673 0.029208123184153473
674 0.029214237623296467
675 0.029226875973895703
676 0.029245098072635846
677 0.029269235891938625
678 0.029297484724208085
679 0.02932919125578961
680 0.029366447748900192
681 0.02940916211567262
682 0.029456336374913388
683 0.02950997799151037
684 0.029569596377936474
685 0.029632839781698214
686 0.02969835681314919
687 0.029765544820648727
688 0.029835571804026392
689 0.029904258343447288
690 0.02996849927458365
691 0.030027954292209197
692 0.03008635318104905
693 0.03014448363024787
694 0.030198297406469402
695 0.030248521566687555
696 0.030297564633021613
697 0.030349524594826975
698 0.030402554932700426
699 0.030454114441921913
700 0.030505151032390553
701 0.030556724549542374
702 0.0306082466564241
703 0.030659456867699244
704 0.03071106039441949
705 0.03076353854295327
706 0.03081606178102845
707 0.030868626127475637
708 0.030922590145169397
709 0.0309757139532532
710 0.03102861443120884
711 0.03108152825843846
712 0.031134745319688056
713 0.031189211983456182
714 0.03124494319403125
715 0.031303401863584365
716 0.03136395671445626
717 0.03142605492954499
718 0.03149000937150006
719 0.03155627579413084
720 0.03162438042695868
721 0.0316916335345108
722 0.03175912978594131
723 0.03182752545845738
724 0.03189305970588157
725 0.03195651810134232
726 0.0320156202848764
727 0.03206869372785501
728 0.03211592573360362
729 0.032155946802358545
730 0.032188558755883105
731 0.03220955900796308
732 0.03221816480772995
733 0.03221125596046572
734 0.03218709136573118
735 0.032142838365089535
736 0.03207787827060608
737 0.03199295702137819
738 0.03188624493563497
739 0.03175952481679985
740 0.03161167458900415
741 0.0314420409759497
742 0.0312520101672702
743 0.03104592961300309
744 0.030829379468856177
745 0.030606356746452748
746 0.030381448965265963
747 0.030159082532070138
748 0.02994774355629045
749 0.029752111793395576
750 0.029577029209068875
751 0.029433716999679477
752 0.02932947392082491
753 0.02927693831356648
754 0.029284510924078643
755 0.029359958020527002
756 0.029512168133761625
757 0.029747523963136426
758 0.030079335802130684
759 0.030512680742679644
760 0.031052276899580736
761 0.03170426057669827
762 0.032473110267987146
763 0.03336385935979459
764 0.03437353067017855
765 0.03549883211435667
766 0.0367336290496325
767 0.03806947429511234
768 0.039497886524111674
769 0.041006384697592616
770 0.0425827139313515
771 0.04421442299354575
772 0.04588703394059932
773 0.04758507439804925
774 0.0492919634118296
775 0.050992281560604175
776 0.05266818538657218
777 0.05429721317672818
778 0.055855034749777724
779 0.0573167854028521
780 0.058660645301156715
781 0.05986124276947203
782 0.060891786371395064
783 0.061730887002230034
784 0.062361099072824215
785 0.06276800037386392
786 0.0629376628315308
787 0.06286443743450154
788 0.06255089130281011
789 0.06200451909026237
790 0.06123957695132892
791 0.060272205540664696
792 0.059123055776712806
793 0.057816709408256214
794 0.05637786727862654
795 0.05483285010467021
796 0.05320626477972897
797 0.051522445920838
798 0.04980197781994962
799 0.048064288561517655
800 0.046327504041159207
801 0.04460784084336273
802 0.042923634602655435
803 0.041292585808818005
804 0.039730332039374344
805 0.03824837566431011
806 0.03686013855070814
807 0.03557859091809503
808 0.0344114968901452
809 0.03336395138778826
810 0.0324391762977545
811 0.03164066811809431
812 0.03096607877646412
813 0.030410665731736803
814 0.02997028443515478
815 0.029639875686192894
816 0.029413243319766337
817 0.029281074236765143
818 0.029233334006299176
819 0.029261493285453667
820 0.02935509989802884
821 0.029501188212697396
822 0.029692278458846352
823 0.029921725146605273
824 0.030183611062636024
825 0.030468903779661043
826 0.030768428596578377
827 0.031077753606395784
828 0.03138701008437851
829 0.03168912812682457
830 0.031979612456793295
831 0.03225517965096717
832 0.03251298767595863
833 0.032749363932769046
834 0.03296364128097453
835 0.03315524022777986
836 0.033321145391565075
837 0.033460977388000995
838 0.033577244793848396
839 0.03367108338804862
840 0.03374376145437041
841 0.033796327847026145
842 0.03383210996281597
843 0.033853242096194884
844 0.03386075376690832
845 0.03385711252724679
846 0.033843569922288555
847 0.03382146570564987
848 0.03378969441059365
849 0.03375063390237677
850 0.03371077938887689
851 0.03366935349311008
852 0.03362628003245104
853 0.033584096310625464
854 0.03354549310147789
855 0.03351039618222924
856 0.033476119393736424
857 0.03344558960455306
858 0.033420208079811234
859 0.033397531206215816
860 0.033377538746399135
861 0.03336135688819482
862 0.03334717323145455
863 0.033333453077440754
864 0.03331799611763637
865 0.03329836512757614
866 0.03327517889538238
867 0.03324712499816636
868 0.033213056131126004
869 0.033172550747696386
870 0.03312476092591496
871 0.03307005068453331
872 0.033007705154210705
873 0.032935513168122196
874 0.03284994773989592
875 0.03274879521667536
876 0.03263185008265015
877 0.03250142087558606
878 0.032358827856185726
879 0.032204007975262
880 0.03203723643794146
881 0.03185981861983204
882 0.03167569277995916
883 0.03148591731293999
884 0.03129146501555546
885 0.031098790954834563
886 0.030911734308985406
887 0.030734483903130556
888 0.030571539724861162
889 0.030425427972048998
890 0.030300888659512176
891 0.030202221995928834
892 0.03013593525677912
893 0.030106741952808234
894 0.030119114197607297
895 0.03017979513838233
896 0.03029396237076823
897 0.0304654721629542
898 0.0306974557687153
899 0.03099328926219629
900 0.03135641225800133
901 0.03178862602321011
902 0.03229035643913915
903 0.03285956100932256
904 0.03349573641379231
905 0.03419450491311861
906 0.03494924542275935
907 0.03575276021567879
908 0.03659719059133322
909 0.03747410298955506
910 0.03837370431682015
911 0.03929103687586688
912 0.04021620306395697
913 0.04113850616022563
914 0.04205067516459705
915 0.04294031946183813
916 0.04379776851163752
917 0.04460995668904588
918 0.045363706711774664
919 0.04604652049084284
920 0.04664448537003056
921 0.04714953178298383
922 0.047551202659698574
923 0.047840051210953215
924 0.04800959488680508
925 0.04805247924111258
926 0.04796778621416904
927 0.047759424846425994
928 0.04743154723645952
929 0.04698991998476638
930 0.04644539803070171
931 0.04581173981972819
932 0.045102207657416155
933 0.04432862699340854
934 0.04350376027847608
935 0.042639578665368126
936 0.041746628506646295
937 0.04083389146944643
938 0.039910413598192904
939 0.03898480535269437
940 0.03806201263000521
941 0.03714942462744192
942 0.036257230267920645
943 0.03539346645315799
944 0.03456580731984952
945 0.03377920809699657
946 0.03304039737440668
947 0.03235399722012582
948 0.031720147015565324
949 0.03114181300444605
950 0.030621191370579465
951 0.030159005049305968
952 0.02975517086151371
953 0.029408094243435205
954 0.02911588923273892
955 0.0288741264763903
956 0.028677759278216947
957 0.028524434156720083
958 0.028410053096213722
959 0.0283294375722442
960 0.028278959584755427
961 0.028253928046521
962 0.02824944660052513
963 0.028260660999517243
964 0.02828166040410403
965 0.02830895029594689
966 0.028340852237942617
967 0.028373493492785718
968 0.028406545293520328
969 0.028435789854614982
970 0.02845881797946062
971 0.02847570191471086
972 0.028483092793826027
973 0.02848260161058074
974 0.028471159043715347
975 0.028448317481632644
976 0.02841721034331189
977 0.028377898389093704
978 0.028333830259122575
979 0.0282868291713951
980 0.02823789772431766
981 0.028190762216706522
982 0.028146225877654096
983 0.028107828842477776
984 0.028075429755471722
985 0.028047613428947477
986 0.02802463747910013
987 0.02800481651160182
988 0.027989482483214267
989 0.027979244769863406
990 0.027974647243750296
991 0.027976479304853422
992 0.0279838003830796
993 0.027997604519565553
994 0.028017276273132857
995 0.028040175181949473
996 0.028065246365026456
997 0.028091649108697964
998 0.028118786956881768
999 0.02814591600698511
1000 0.028172695361287275
1001 0.02819980462632486
1002 0.02822869901094111
1003 0.028257779382577383
1004 0.028288119655934703
1005 0.02831881938981277
1006 0.02834929186019141
1007 0.028379537276944724
1008 0.0284060515987415
1009 0.028431178173096622
1010 0.028454406257567233
1011 0.028476327172705165
1012 0.028499103354695035
1013 0.028522068575797904
1014 0.028547139266848043
1015 0.028571656578356433
1016 0.028594550758124705
1017 0.028616230902686196
1018 0.028636160749688198
1019 0.02865469712539856
1020 0.02867339148027093
1021 0.028695171426771433
1022 0.02872063414288215
1023 0.02874639787125472
1024 0.028770466740354404
1025 0.02879296242523245
1026 0.028814716423399375
1027 0.028837603251877047
1028 0.02886204557149945
1029 0.02888870580826856
1030 0.02891912558948253
1031 0.028954704716065278
1032 0.028994636148147533
1033 0.029037430205087547
1034 0.02908261657309139
1035 0.0291281121221672
1036 0.02917203748777405
1037 0.02921373654374234
1038 0.029253533446454816
1039 0.029292101765979857
1040 0.029330006614872242
1041 0.02936715999615986
1042 0.029404184576013716
1043 0.029440427664573488
1044 0.029475067774177244
1045 0.02950805187811481
1046 0.02953837649540192
1047 0.029566524809371747
1048 0.02959161911071455
1049 0.029612042781402996
1050 0.029626174668520064
1051 0.029631274213839785
1052 0.02962875245527633
1053 0.02961860135411809
1054 0.029601340687437694
1055 0.029579964518119038
1056 0.029555591137995423
1057 0.029528184910439223
1058 0.029496601815994474
1059 0.029458827662009725
1060 0.029414263614968204
1061 0.029361005411137432
1062 0.02929687820710716
1063 0.029222697246732442
1064 0.02913868386486887
1065 0.029045972346061003
1066 0.0289425212673736
1067 0.02882783798481344
1068 0.028704707457837386
1069 0.028573882279817008
1070 0.028437172203938366
1071 0.02829483143176355
1072 0.028146157245781858
1073 0.02799259939906621
1074 0.02783371973129396
1075 0.027669944143035367
1076 0.027500494952246102
1077 0.027325236552305954
1078 0.027144766365307785
1079 0.02695975241525046
1080 0.02676994770450272
1081 0.0265748292484834
1082 0.02637591251391236
1083 0.026175168935229632
1084 0.025974803877950915
1085 0.025773858999820973
1086 0.025570733299427842
1087 0.02536725722627554
1088 0.025162718466349564
1089 0.024956359165864094
1090 0.02474946246928927
1091 0.02454311157962291
1092 0.024339452345734532
1093 0.02413665894787168
1094 0.023931854223576347
1095 0.023720644389248435
1096 0.023499196680963425
1097 0.023269714862622477
1098 0.023032985262322954
1099 0.02279221211910921
1100 0.02254732975279988
1101 0.022297904839659193
1102 0.022053978485799305
1103 0.02182022764257039
1104 0.0215985795031534
1105 0.021387695799850455
1106 0.021187730082722595
1107 0.021007200929770337
1108 0.02083257641487098
1109 0.020651970546318246
1110 0.020458505379826752
1111 0.020247931485278186
1112 0.02002976252437331
1113 0.019809074770566912
1114 0.01959242058218941
1115 0.019383152800964053
1116 0.019194986698632857
1117 0.01904740654618173
1118 0.01895059960610597
1119 0.018914287227666356
1120 0.01894794249051292
1121 0.019058545029461502
1122 0.01924345915938364
1123 0.01948968865634923
1124 0.019786970142752623
1125 0.020121510151804713
1126 0.020481110038536577
1127 0.020858562068293788
1128 0.021245382578066272
1129 0.021641302159497843
1130 0.022040697429496
1131 0.022436481668965787
1132 0.02282532342161253
1133 0.023206047150813543
1134 0.02357901025487874
1135 0.02393910721688772
1136 0.024285947617770885
1137 0.024620680033885584
1138 0.02494056163234799
1139 0.02524790560903168
1140 0.02554363855494785
1141 0.025825894887678273
1142 0.02609356967798927
1143 0.02634447438047713
1144 0.026579043967812688
1145 0.026796988595429255
1146 0.026999577306593366
1147 0.027188839893261176
1148 0.027368776361442547
1149 0.02754186898532165
1150 0.027707319335773518
1151 0.027867113255193372
1152 0.028024486440769197
1153 0.028179877684506797
1154 0.028330618284041785
1155 0.028478028381517074
1156 0.028626456725589056
1157 0.02877596176465862
1158 0.028925864769726584
1159 0.02907520704818416
1160 0.02922422302945545
1161 0.029371941565707767
1162 0.029516762372776072
1163 0.029658469461629942
1164 0.02979651012534944
1165 0.029929782953632213
1166 0.030059057666184625
1167 0.03018407501860097
1168 0.03030375607325844
1169 0.03041811830069826
1170 0.0305259905556064
1171 0.03062805357788383
1172 0.030723510983132165
1173 0.03080972014660644
1174 0.030886398426078848
1175 0.03095199151976832
1176 0.031006506929592444
1177 0.031050642806919083
1178 0.03108319741292503
1179 0.031103491744333946
1180 0.031110646266884884
1181 0.03110666373060621
1182 0.031089848826494654
1183 0.03105931474240665
1184 0.03101590817795803
1185 0.030960976295081096
1186 0.030895131830743574
1187 0.030816713120675538
1188 0.030727663992141854
1189 0.03062974119947078
1190 0.03052628533517517
1191 0.03041907184476185
1192 0.03030788740865457
1193 0.030193708754187594
1194 0.03007484583528443
1195 0.029948183222554044
1196 0.02981262528156886
1197 0.029669158830236426
1198 0.029519104664993603
1199 0.02936245528255409
1200 0.029200039223377026
1201 0.029034764674663288
1202 0.028865589810996368
1203 0.028691030195897426
1204 0.028511635291876832
1205 0.02832711666599091
1206 0.02813841905915355
1207 0.027943461033447844
1208 0.027742998451653754
1209 0.027538481664724175
1210 0.027329080449529183
1211 0.02711800845379528
1212 0.026904377058292697
1213 0.026688843588017288
1214 0.026474837210103557
1215 0.026261327771980644
1216 0.02604812547558846
1217 0.02583290999117095
1218 0.02561491573788177
1219 0.025396014175602485
1220 0.025178140595489402
1221 0.02496605761054242
1222 0.024761845303118216
1223 0.02456699902250237
1224 0.024383589275199655
1225 0.024211175987492593
1226 0.02404881358543396
1227 0.02389383142229059
1228 0.02374494645177089
1229 0.023599707047187703
1230 0.02345793085681771
1231 0.023321689152411017
1232 0.023189920979721886
1233 0.0230623777504705
1234 0.02293563691845093
1235 0.022810896705687696
1236 0.022691191230755213
1237 0.02257597739790018
1238 0.022467285863720654
1239 0.022366652268148657
1240 0.022276550676689565
1241 0.022198060681592215
1242 0.02213011422862297
1243 0.02207432988042498
1244 0.02202914723999651
1245 0.021995193132036628
1246 0.021972255487375858
1247 0.021958106602412906
1248 0.021950579560307572
1249 0.021946614926312138
1250 0.021945674553981498
1251 0.02194661492631216
1252 0.021950579560307583
1253 0.02195810660241294
1254 0.021972255487375886
1255 0.02199519313203652
1256 0.022029147239996473
1257 0.02207432988042501
1258 0.02213011422862298
1259 0.022198060681592184
1260 0.022276550676689547
1261 0.02236665226814867
1262 0.02246728586372059
1263 0.022575977397900213
1264 0.02269119123075516
1265 0.02281089670568774
1266 0.02293563691845097
1267 0.023062377750470486
1268 0.02318992097972182
1269 0.023321689152411004
1270 0.02345793085681769
1271 0.02359970704718771
1272 0.02374494645177092
1273 0.023893831422290564
1274 0.02404881358543395
1275 0.024211175987492548
1276 0.024383589275199707
1277 0.024566999022502315
1278 0.02476184530311822
1279 0.024966057610542474
1280 0.025178140595489385
1281 0.025396014175602444
1282 0.02561491573788173
1283 0.025832909991170907
1284 0.02604812547558856
1285 0.02626132777198065
1286 0.026474837210103564
1287 0.02668884358801736
1288 0.026904377058292673
1289 0.02711800845379528
1290 0.027329080449529218
1291 0.027538481664724248
1292 0.02774299845165373
1293 0.027943461033447897
1294 0.028138419059153486
1295 0.02832711666599085
1296 0.028511635291876804
1297 0.028691030195897388
1298 0.02886558981099635
1299 0.029034764674663243
1300 0.02920003922337698
1301 0.029362455282554076
1302 0.029519104664993683
1303 0.029669158830236436
1304 0.02981262528156889
1305 0.029948183222554034
1306 0.030074845835284306
1307 0.030193708754187584
1308 0.030307887408654463
1309 0.030419071844761857
1310 0.030526285335175034
1311 0.030629741199470772
1312 0.03072766399214195
1313 0.030816713120675566
1314 0.030895131830743466
1315 0.030960976295081127
1316 0.031015908177957994
1317 0.031059314742406616
1318 0.0310898488264946
1319 0.03110666373060615
1320 0.03111064626688504
1321 0.031103491744333862
1322 0.031083197412925003
1323 0.031050642806919087
1324 0.031006506929592538
1325 0.030951991519768265
1326 0.030886398426079036
1327 0.03080972014660638
1328 0.030723510983132075
1329 0.03062805357788383
1330 0.030525990555606553
1331 0.030418118300698283
1332 0.030303756073258404
1333 0.030184075018600976
1334 0.030059057666184677
1335 0.029929782953632203
1336 0.029796510125349406
1337 0.029658469461629925
1338 0.029516762372776142
1339 0.029371941565707736
1340 0.029224223029455525
1341 0.02907520704818416
1342 0.02892586476972667
1343 0.02877596176465863
1344 0.028626456725589083
1345 0.02847802838151708
1346 0.028330618284041806
1347 0.028179877684506867
1348 0.02802448644076919
1349 0.027867113255193355
1350 0.027707319335773455
1351 0.027541868985321554
1352 0.027368776361442523
1353 0.02718883989326116
1354 0.026999577306593303
1355 0.026796988595429224
1356 0.026579043967812667
1357 0.02634447438047709
1358 0.02609356967798928
1359 0.025825894887678256
1360 0.025543638554947807
1361 0.025247905609031642
1362 0.02494056163234806
1363 0.024620680033885626
1364 0.024285947617770906
1365 0.023939107216887686
1366 0.023579010254878727
1367 0.023206047150813612
1368 0.022825323421612427
1369 0.022436481668965773
1370 0.02204069742949597
1371 0.021641302159497805
1372 0.02124538257806626
1373 0.020858562068293732
1374 0.020481110038536574
1375 0.020121510151804675
1376 0.019786970142752693
1377 0.019489688656349258
1378 0.019243459159383688
1379 0.019058545029461506
1380 0.018947942490512928
1381 0.01891428722766639
1382 0.018950599606106008
1383 0.019047406546181717
1384 0.01919498669863285
1385 0.019383152800963976
1386 0.019592420582189407
1387 0.01980907477056691
1388 0.020029762524373336
1389 0.020247931485278252
1390 0.02045850537982672
1391 0.02065197054631827
1392 0.020832576414871
1393 0.021007200929770275
1394 0.02118773008272255
1395 0.02138769579985045
1396 0.021598579503153463
1397 0.021820227642570356
1398 0.022053978485799333
1399 0.02229790483965921
1400 0.02254732975279988
1401 0.02279221211910918
1402 0.02303298526232294
1403 0.023269714862622453
1404 0.023499196680963435
1405 0.023720644389248438
1406 0.0239318542235764
1407 0.024136658947871713
1408 0.02433945234573448
1409 0.024543111579622898
1410 0.024749462469289253
1411 0.024956359165864087
1412 0.025162718466349602
1413 0.025367257226275496
1414 0.02557073329942787
1415 0.025773858999820983
1416 0.025974803877950894
1417 0.026175168935229597
1418 0.026375912513912303
1419 0.0265748292484834
1420 0.02676994770450281
1421 0.026959752415250487
1422 0.027144766365307788
1423 0.02732523655230598
1424 0.02750049495224604
1425 0.027669944143035398
1426 0.027833719731293977
1427 0.02799259939906621
1428 0.028146157245781924
1429 0.028294831431763583
1430 0.02843717220393831
1431 0.028573882279817053
1432 0.028704707457837323
1433 0.02882783798481342
1434 0.028942521267373567
1435 0.029045972346060905
1436 0.02913868386486891
1437 0.029222697246732345
1438 0.029296878207107184
1439 0.029361005411137557
1440 0.029414263614968284
1441 0.02945882766200978
1442 0.029496601815994502
1443 0.02952818491043915
1444 0.029555591137995336
1445 0.0295799645181191
1446 0.029601340687437742
1447 0.02961860135411813
1448 0.02962875245527631
1449 0.029631274213839733
1450 0.029626174668520022
1451 0.02961204278140295
1452 0.029591619110714524
1453 0.02956652480937182
1454 0.02953837649540206
1455 0.02950805187811487
1456 0.029475067774177247
1457 0.029440427664573523
1458 0.029404184576013705
1459 0.02936715999615985
1460 0.02933000661487219
1461 0.029292101765979833
1462 0.02925353344645486
1463 0.02921373654374242
1464 0.029172037487773996
1465 0.02912811212216724
1466 0.02908261657309139
1467 0.029037430205087488
1468 0.028994636148147568
1469 0.028954704716065347
1470 0.028919125589482564
1471 0.028888705808268546
1472 0.02886204557149957
1473 0.028837603251877078
1474 0.028814716423399365
1475 0.02879296242523253
1476 0.028770466740354415
1477 0.028746397871254704
1478 0.028720634142882246
1479 0.02869517142677143
1480 0.028673391480270902
1481 0.028654697125398573
1482 0.028636160749688243
1483 0.02861623090268619
1484 0.028594550758124632
1485 0.02857165657835646
1486 0.028547139266848064
1487 0.028522068575797775
1488 0.028499103354695045
1489 0.028476327172705145
1490 0.02845440625756729
1491 0.028431178173096552
1492 0.028406051598741485
1493 0.028379537276944745
1494 0.0283492918601914
1495 0.02831881938981259
1496 0.0282881196559347
1497 0.028257779382577383
1498 0.02822869901094104
1499 0.02819980462632483
1500 0.028172695361287383
1501 0.0281459160069851
1502 0.0281187869568817
1503 0.028091649108698005
1504 0.02806524636502647
1505 0.0280401751819495
1506 0.028017276273132854
1507 0.027997604519565487
1508 0.027983800383079713
1509 0.02797647930485343
1510 0.027974647243750223
1511 0.027979244769863326
1512 0.027989482483214402
1513 0.02800481651160177
1514 0.028024637479100077
1515 0.02804761342894751
1516 0.028075429755471757
1517 0.02810782884247781
1518 0.02814622587765409
1519 0.02819076221670651
1520 0.028237897724317642
1521 0.02828682917139497
1522 0.028333830259122592
1523 0.028377898389093756
1524 0.028417210343311988
1525 0.02844831748163263
1526 0.028471159043715423
1527 0.02848260161058073
1528 0.02848309279382609
1529 0.028475701914710827
1530 0.02845881797946062
1531 0.028435789854615055
1532 0.02840654529352048
1533 0.028373493492785663
1534 0.028340852237942582
1535 0.02830895029594691
1536 0.02828166040410401
1537 0.02826066099951721
1538 0.028249446600525138
1539 0.028253928046521052
1540 0.028278959584755292
1541 0.02832943757224418
1542 0.028410053096213733
1543 0.028524434156720048
1544 0.028677759278216933
1545 0.028874126476390354
1546 0.029115889232738904
1547 0.029408094243435167
1548 0.02975517086151362
1549 0.030159005049305923
1550 0.030621191370579472
1551 0.03114181300444611
1552 0.03172014701556523
1553 0.03235399722012579
1554 0.03304039737440669
1555 0.033779208096996534
1556 0.03456580731984962
1557 0.03539346645315798
1558 0.03625723026792061
1559 0.03714942462744184
1560 0.03806201263000534
1561 0.03898480535269431
1562 0.039910413598192855
1563 0.04083389146944641
1564 0.041746628506646226
1565 0.042639578665368064
1566 0.043503760278476036
1567 0.04432862699340842
1568 0.045102207657416134
1569 0.04581173981972822
1570 0.04644539803070185
1571 0.046989919984766336
1572 0.047431547236459384
1573 0.047759424846425966
1574 0.04796778621416922
1575 0.048052479241112556
1576 0.04800959488680511
1577 0.0478400512109531
1578 0.04755120265969858
1579 0.04714953178298392
1580 0.04664448537003064
1581 0.04604652049084274
1582 0.04536370671177476
1583 0.04460995668904586
1584 0.04379776851163754
1585 0.04294031946183795
1586 0.042050675164597116
1587 0.04113850616022561
1588 0.040216203063957005
1589 0.03929103687586681
1590 0.03837370431681988
1591 0.03747410298955501
1592 0.03659719059133327
1593 0.03575276021567879
1594 0.034949245422759415
1595 0.0341945049131186
1596 0.03349573641379208
1597 0.03285956100932254
1598 0.032290356439139134
1599 0.03178862602321021
1600 0.03135641225800145
1601 0.030993289262196307
1602 0.030697455768715347
1603 0.03046547216295419
1604 0.030293962370768236
1605 0.030179795138382332
1606 0.030119114197607356
1607 0.030106741952808144
1608 0.030135935256779114
1609 0.030202221995928823
1610 0.030300888659512176
1611 0.03042542797204903
1612 0.0305715397248611
1613 0.030734483903130463
1614 0.030911734308985486
1615 0.031098790954834542
1616 0.03129146501555549
1617 0.03148591731294017
1618 0.03167569277995906
1619 0.031859818619831975
1620 0.032037236437941465
1621 0.032204007975261906
1622 0.0323588278561857
1623 0.03250142087558606
1624 0.03263185008265033
1625 0.03274879521667543
1626 0.032849947739895954
1627 0.03293551316812221
1628 0.0330077051542106
1629 0.03307005068453342
1630 0.03312476092591492
1631 0.03317255074769639
1632 0.03321305613112589
1633 0.03324712499816635
1634 0.03327517889538236
1635 0.03329836512757608
1636 0.03331799611763636
1637 0.03333345307744069
1638 0.03334717323145452
1639 0.03336135688819474
1640 0.03337753874639919
1641 0.033397531206215726
1642 0.033420208079811234
1643 0.03344558960455291
1644 0.03347611939373651
1645 0.033510396182229216
1646 0.03354549310147789
1647 0.03358409631062539
1648 0.033626280032451134
1649 0.03366935349311006
1650 0.03371077938887695
1651 0.0337506339023767
1652 0.033789694410593554
1653 0.033821465705649735
1654 0.03384356992228849
1655 0.03385711252724677
1656 0.0338607537669083
1657 0.033853242096194905
1658 0.03383210996281597
1659 0.03379632784702622
1660 0.0337437614543705
1661 0.03367108338804853
1662 0.03357724479384847
1663 0.03346097738800096
1664 0.033321145391565166
1665 0.0331552402277799
1666 0.032963641280974475
1667 0.032749363932769136
1668 0.032512987675958595
1669 0.032255179650967095
1670 0.03197961245679322
1671 0.03168912812682461
1672 0.03138701008437847
1673 0.031077753606395784
1674 0.03076842859657836
1675 0.030468903779661015
1676 0.030183611062635996
1677 0.02992172514660527
1678 0.029692278458846418
1679 0.029501188212697396
1680 0.029355099898029043
1681 0.029261493285453723
1682 0.029233334006299197
1683 0.02928107423676523
1684 0.029413243319766344
1685 0.029639875686193022
1686 0.02997028443515486
1687 0.030410665731736695
1688 0.030966078776464095
1689 0.03164066811809437
1690 0.03243917629775456
1691 0.03336395138778812
1692 0.034411496890145284
1693 0.035578590918094975
1694 0.03686013855070809
1695 0.03824837566431014
1696 0.039730332039374386
1697 0.04129258580881794
1698 0.04292363460265544
1699 0.04460784084336276
1700 0.04632750404115927
1701 0.048064288561517676
1702 0.04980197781994962
1703 0.05152244592083811
1704 0.05320626477972901
1705 0.05483285010467019
1706 0.0563778672786263
1707 0.057816709408256235
1708 0.059123055776712806
1709 0.060272205540664515
1710 0.061239576951328985
1711 0.06200451909026243
1712 0.06255089130280996
1713 0.06286443743450151
1714 0.06293766283153082
1715 0.06276800037386394
1716 0.06236109907282411
1717 0.06173088700222991
1718 0.060891786371394904
1719 0.059861242769472064
1720 0.058660645301156805
1721 0.05731678540285216
1722 0.05585503474977777
1723 0.05429721317672807
1724 0.05266818538657231
1725 0.05099228156060426
1726 0.04929196341182953
1727 0.04758507439804924
1728 0.045887033940599356
1729 0.04421442299354573
1730 0.042582713931351455
1731 0.041006384697592636
1732 0.039497886524111694
1733 0.038069474295112433
1734 0.036733629049632496
1735 0.0354988321143567
1736 0.03437353067017857
1737 0.03336385935979459
1738 0.0324731102679872
1739 0.03170426057669832
1740 0.03105227689958072
1741 0.030512680742679713
1742 0.030079335802130715
1743 0.02974752396313647
1744 0.02951216813376167
1745 0.029359958020527026
1746 0.029284510924078654
1747 0.029276938313566533
1748 0.029329473920825057
1749 0.02943371699967941
1750 0.02957702920906893
1751 0.02975211179339559
1752 0.029947743556290565
1753 0.03015908253207023
1754 0.030381448965266115
1755 0.030606356746452658
1756 0.03082937946885616
1757 0.03104592961300308
1758 0.031252010167270264
1759 0.03144204097594963
1760 0.03161167458900417
1761 0.03175952481679976
1762 0.03188624493563486
1763 0.031992957021378166
1764 0.03207787827060603
1765 0.03214283836508953
1766 0.03218709136573115
1767 0.0322112559604657
1768 0.03221816480772998
1769 0.03220955900796305
1770 0.03218855875588301
1771 0.03215594680235853
1772 0.03211592573360362
1773 0.03206869372785492
1774 0.03201562028487643
1775 0.03195651810134229
1776 0.031893059705881514
1777 0.031827525458457365
1778 0.031759129785941205
1779 0.031691633534510856
1780 0.03162438042695866
1781 0.03155627579413084
1782 0.03149000937150007
1783 0.031426054929544894
1784 0.031363956714456326
1785 0.03130340186358436
1786 0.031244943194031278
1787 0.031189211983456245
1788 0.031134745319688108
1789 0.03108152825843846
1790 0.031028614431208856
1791 0.03097571395325322
1792 0.030922590145169414
1793 0.030868626127475762
1794 0.03081606178102851
1795 0.03076353854295327
1796 0.030711060394419388
1797 0.030659456867699223
1798 0.030608246656424094
1799 0.03055672454954233
1800 0.030505151032390564
1801 0.030454114441921976
1802 0.030402554932700523
1803 0.030349524594827003
1804 0.030297564633021704
1805 0.0302485215666875
1806 0.030198297406469368
1807 0.030144483630247826
1808 0.030086353181048985
1809 0.030027954292209152
1810 0.029968499274583598
1811 0.029904258343447343
1812 0.029835571804026437
1813 0.029765544820648693
1814 0.029698356813149224
1815 0.02963283978169818
1816 0.029569596377936484
1817 0.029509977991510273
1818 0.029456336374913458
1819 0.029409162115672623
1820 0.029366447748900175
1821 0.02932919125578961
1822 0.02929748472420812
1823 0.029269235891938587
1824 0.029245098072635874
1825 0.02922687597389571
1826 0.02921423762329652
1827 0.029208123184153445
1828 0.02920860837695108
1829 0.029217230329841765
1830 0.029234281813846796
1831 0.029256016777036
1832 0.02928268834689962
1833 0.02931272461231604
1834 0.029345749432511614
1835 0.02937915899357759
1836 0.02941312475505153
1837 0.029447943227951523
1838 0.029481027038246566
1839 0.02951316023823568
1840 0.029542324370512723
1841 0.02957062084532227
1842 0.029597917661446545
1843 0.029622131317265134
1844 0.029645048141195802
1845 0.029665926534301723
1846 0.02968460722476608
1847 0.029699961342164585
1848 0.02971134401494964
1849 0.02971737222457416
1850 0.029714891841721394
1851 0.02970247809935891
1852 0.029679433453430597
1853 0.02964512553105723
1854 0.029597951856817423
1855 0.02953782765649606
1856 0.029465791869167098
1857 0.029380582445219072
1858 0.029282960045467665
1859 0.029172409397313255
1860 0.02904852849823702
1861 0.028914271249853078
1862 0.028768173093298103
1863 0.028611211213624026
1864 0.02844132732526733
1865 0.02826064269786666
1866 0.028068567476208624
1867 0.027863807821520713
1868 0.027648584113211572
1869 0.027419785085267368
1870 0.02718027815250259
1871 0.026931254246896182
1872 0.026674127898680473
1873 0.026410327214252585
1874 0.02614217152954241
1875 0.02587526421815564
1876 0.025608709823621373
1877 0.02533960316175223
1878 0.02507058388563715
1879 0.024805662030733346
1880 0.024544143946686605
1881 0.024286002972394933
1882 0.02403283459839586
1883 0.023785492803376274
1884 0.02354220844307182
1885 0.023299336077740606
1886 0.02305412256938145
1887 0.02280394412780962
1888 0.022552967915932722
1889 0.022299675299598982
1890 0.02203885747488161
1891 0.021771398822298157
1892 0.021500913244893286
1893 0.021239247745992017
1894 0.020988017358469172
1895 0.020746541273687923
1896 0.0205160295631136
1897 0.02029855370236901
1898 0.020092087815193522
1899 0.019881410950326577
1900 0.019659389216276003
1901 0.019424666496076524
1902 0.01917597008246483
1903 0.018920112451125216
1904 0.01866701377223969
1905 0.018422272311644693
1906 0.018192418073713468
1907 0.017990568782468463
1908 0.017831680608131145
1909 0.017727233462397466
1910 0.01768849184978435
1911 0.017726441882988993
1912 0.017840867209475506
1913 0.018026606558513028
1914 0.01827466908153121
1915 0.01857255642803387
1916 0.018904538591305097
1917 0.01925924373749315
1918 0.019629735922830557
1919 0.02000887990428126
1920 0.02039360500473192
1921 0.020780023202945155
1922 0.0211631654346772
1923 0.021539553151636522
1924 0.021910667111102518
1925 0.022279195225420583
1926 0.022637746983291247
1927 0.02298373886152813
1928 0.02331754230570509
1929 0.023637346050287222
1930 0.023940142690581846
1931 0.02422300035700731
1932 0.024488812042867514
1933 0.024736254641708134
1934 0.02496522205815245
1935 0.025176102924459792
1936 0.025372476093118136
1937 0.025556665467723734
1938 0.025727761889416608
1939 0.025889603569952388
1940 0.026043360333722048
1941 0.026191751025154572
1942 0.026338038781931507
1943 0.026484922463006925
1944 0.02663138310743979
1945 0.026775645696050628
1946 0.026918490648953887
1947 0.02706079361234798
1948 0.027203436710863598
1949 0.027343826414306042
1950 0.027484097725307848
1951 0.027623564071571252
1952 0.027764506459122876
1953 0.027908889272314438
1954 0.028055414753238323
1955 0.02820375512126394
1956 0.028352069168658435
1957 0.02849895170327803
1958 0.028641278116377532
1959 0.02877592682694252
1960 0.02890064221651239
1961 0.02901720304796591
1962 0.029126226152130088
1963 0.0292244767407467
1964 0.029312722744562567
1965 0.029392249748468147
1966 0.02946116658329722
1967 0.029517669776414898
1968 0.02955953075501669
1969 0.02959093046210227
1970 0.02961448984247068
1971 0.029627679569441852
1972 0.02962974307685311
1973 0.029620343997216966
1974 0.029597769462267134
1975 0.02956035129454827
1976 0.029510975882909025
1977 0.029452164982045725
1978 0.029384270161279785
1979 0.02930836054112364
1980 0.029225300426892913
1981 0.029136209723538635
1982 0.029039146830730375
1983 0.028936565175882726
1984 0.028826668012786
1985 0.028708531210532438
1986 0.02858437560077823
1987 0.028451770816574167
1988 0.02831203139956685
1989 0.02816674180040651
1990 0.028016753799137345
1991 0.027861979006587982
1992 0.02769965374002812
1993 0.027528250635315946
1994 0.0273478648675872
1995 0.027158853652892452
1996 0.026964499424425165
1997 0.0267640840844753
1998 0.026561356982237293
1999 0.026359496140493106
2000 0.02615916075075624
2001 0.025960829530455982
2002 0.025760914930824403
2003 0.025560066527804834
2004 0.02535630818598588
2005 0.025146744423600598
2006 0.024932199434301666
2007 0.024714041533033256
2008 0.024497373821420268
2009 0.02428635661552521
2010 0.024082481901658986
2011 0.023885784373342312
2012 0.023699470894024265
2013 0.023525657144731364
2014 0.02336236069879745
2015 0.02320599470911327
2016 0.023054756897084704
2017 0.022910182788865575
2018 0.022769166054622193
2019 0.022630026861582622
2020 0.022493629670498477
2021 0.0223615263142993
2022 0.022237189483883785
2023 0.02211845663681173
2024 0.022005749268807044
2025 0.02190339521298382
2026 0.02180847242425783
2027 0.021721255084778953
2028 0.02164351109190207
2029 0.021574533246159454
2030 0.02151677405502908
2031 0.0214702339552233
2032 0.021434811372870313
2033 0.021409517075101844
2034 0.02139475388553763
2035 0.021392072198999596
2036 0.021397884281949164
2037 0.021410572576690802
2038 0.02143208293511504
2039 0.0214639152441227
2040 0.02150401648542281
2041 0.02155184737167684
2042 0.02160791372256526
2043 0.021669538734483726
2044 0.021737997787766666
2045 0.021812619854984304
2046 0.021893712918519315
2047 0.021982165729342973
2048 0.022078615741670672
2049 0.022185861321431386
2050 0.02229901554525828
2051 0.022417244372560388
2052 0.0225409665119954
2053 0.022667850245623455
2054 0.02279927672200663
2055 0.022935204117889355
2056 0.023078593202277297
2057 0.023228723920283103
2058 0.023382359728702815
2059 0.02353808024049618
2060 0.023695331565741745
2061 0.023854594858324137
2062 0.02401688655300635
2063 0.024183601826203518
2064 0.024354678602504513
2065 0.02453060795466963
2066 0.024713330190200333
2067 0.024904669102873075
2068 0.025105118640545796
2069 0.025313117913932155
2070 0.02552793226802259
2071 0.02574783241287813
2072 0.025968971972371812
2073 0.0261892184577846
2074 0.026406679825061116
2075 0.026620525643971715
2076 0.02683271263566191
2077 0.02704474647224536
2078 0.027257491495740433
2079 0.02747015063965775
2080 0.027680877175597397
2081 0.027891222924600608
2082 0.02809797916904303
2083 0.02829832383527014
2084 0.028491214492499223
2085 0.028678782046609046
2086 0.02886237940010801
2087 0.029037079238596237
2088 0.029205546005389407
2089 0.02937076733673246
2090 0.029532266051521705
2091 0.029690301185042584
2092 0.029841462098194937
2093 0.02998796748211913
2094 0.030133150614218954
2095 0.030273239229582548
2096 0.03040492057908684
2097 0.030530180445132178
2098 0.03065275346327834
2099 0.03077130754687485
2100 0.03088432857725554
2101 0.03099287265199193
2102 0.03109686484547178
2103 0.031192621151130254
2104 0.03127675020633321
2105 0.031349024845506564
2106 0.03140969857900061
2107 0.03145768402932575
2108 0.03149273239377647
2109 0.03151414055674065
2110 0.03152374043247518
2111 0.03152290384632272
2112 0.031511526006496406
2113 0.03149060377475867
2114 0.031461425426121625
2115 0.031425021010526924
2116 0.03137875168008006
2117 0.03132174541383125
2118 0.03125629035125735
2119 0.031183257931835597
2120 0.031102275207515483
2121 0.031013845967161707
2122 0.030920324552944016
2123 0.030822107885151374
2124 0.03071795558095567
2125 0.030607184157762365
2126 0.03049085479614662
2127 0.030369663323752533
2128 0.030242802070049122
2129 0.030112633148537023
2130 0.02998053948985761
2131 0.029845023778614747
2132 0.02970838044147425
2133 0.029571586080611733
2134 0.029433879071687107
2135 0.029290598224620178
2136 0.029141073669904764
2137 0.028988554370212548
2138 0.02883160850950343
2139 0.02866938945667197
2140 0.028500931993727472
2141 0.02832429194785896
2142 0.02813770691187477
2143 0.02794174743430441
2144 0.02773542383133424
2145 0.027514194756243966
2146 0.027276996277502418
2147 0.027025191308962918
2148 0.026757802303935502
2149 0.026472656537816847
2150 0.02617196267831339
2151 0.02585720358363532
2152 0.02552745173204731
2153 0.025186628901434215
2154 0.024832658997080745
2155 0.024463309401279415
2156 0.024082405085056408
2157 0.023691939207495717
2158 0.023294471324375572
2159 0.022888811163580304
2160 0.022484103203005593
2161 0.022088143109555387
2162 0.021701117629743503
2163 0.02132899715812754
2164 0.020978786534226957
2165 0.02066389943734867
2166 0.020398790954564764
2167 0.020192656330760013
2168 0.02005173022597084
2169 0.01997998263356445
2170 0.019974600466089794
2171 0.020025900913220044
2172 0.02012254976879033
2173 0.020254893077353658
2174 0.02041109986869992
2175 0.020579145967936727
2176 0.020753663406334832
2177 0.02093052039335183
2178 0.021106830256964148
2179 0.02127526115581876
2180 0.02143419071758781
2181 0.021589497133710403
2182 0.021755466783815108
2183 0.021939109091624456
2184 0.022130509794335257
2185 0.022330285437150432
2186 0.022537723757505297
2187 0.022749539235050503
2188 0.02296076970212833
2189 0.023166867830081365
2190 0.02336621376359999
2191 0.023555658227861636
2192 0.023733685850387987
2193 0.023902235643444767
2194 0.02406080865795027
2195 0.024208190676686808
2196 0.024348760673518877
2197 0.024487508446894672
2198 0.024627943058173833
2199 0.024767094583954364
2200 0.024900896040242808
2201 0.025031430028032146
2202 0.025160403541710254
2203 0.025288724604210045
2204 0.02541749415056714
2205 0.025548793072005447
2206 0.025682083555191002
2207 0.02581593411053637
2208 0.02595009726755528
2209 0.026082688154726495
2210 0.026213546499671038
2211 0.026345092860680444
2212 0.026480897233496333
2213 0.026619629775307633
2214 0.026760306992285272
2215 0.026900192728096593
2216 0.027039441411795206
2217 0.02718076888049536
2218 0.027322409501334518
2219 0.027464818717698996
2220 0.02760586833365142
2221 0.027746868215302197
2222 0.02788701076439082
2223 0.0280223701374034
2224 0.02815224879056672
2225 0.028275698178725876
2226 0.02839417028413182
2227 0.02850872623559476
2228 0.028616484676935592
2229 0.028717924658796738
2230 0.02881205745326981
2231 0.028897967048800204
2232 0.02897742696313923
2233 0.029050096474704187
2234 0.029117678930866298
2235 0.02917757038987903
2236 0.029231533786690855
2237 0.02927978337405397
2238 0.02932240246332133
2239 0.02935746898666977
2240 0.029381389176466217
2241 0.029395252622175225
2242 0.029397123683430677
2243 0.02938779002642097
2244 0.029365525246058396
2245 0.02933199744662342
2246 0.02928920636637923
2247 0.029236829023645265
2248 0.029177844952456726
2249 0.029113084618264045
2250 0.02904352976158748
2251 0.028966663994899916
2252 0.028883020586799805
2253 0.028793225965922143
2254 0.028697015062595692
2255 0.028594990860144304
2256 0.028490400507862536
2257 0.028385235747282567
2258 0.028276934887504854
2259 0.028169850369142158
2260 0.02806418806629714
2261 0.027959260078530848
2262 0.027851593831245563
2263 0.02774089174052864
2264 0.02763121109060434
2265 0.027521877816986735
2266 0.02741491666890027
2267 0.0273094462660835
2268 0.027207496199841814
2269 0.02710793237926343
2270 0.02700722438185139
2271 0.026906178150298752
2272 0.026802833721861482
2273 0.026700643425532467
2274 0.02660116176367726
2275 0.02650266497351591
2276 0.026405806026558946
2277 0.02630862897354862
2278 0.026208991498647315
2279 0.026105933793575554
2280 0.026001215854490604
2281 0.02589757795588035
2282 0.025794065867970457
2283 0.02568932120027501
2284 0.02558386821690807
2285 0.02547699111925208
2286 0.025370147778221358
2287 0.02526339152891848
2288 0.02515615902736078
2289 0.025050289817404276
2290 0.024945684301249278
2291 0.02484363801722538
2292 0.024745189415673774
2293 0.024651375444262047
2294 0.024564488434219527
2295 0.02448585598484825
2296 0.024415355420039142
2297 0.024351723054656427
2298 0.024296498716112405
2299 0.024252849778721216
2300 0.024220120250867512
2301 0.024195607429011515
2302 0.02418330641306498
2303 0.024184398322478633
2304 0.024196007264093287
2305 0.024218897485778344
2306 0.024253415557449736
2307 0.024300855723383412
2308 0.02435835495770063
2309 0.024426164205196717
2310 0.024502930152368964
2311 0.02458567529042216
2312 0.024673459703238053
2313 0.02476703244134493
2314 0.024866766273781364
2315 0.024966725604253052
2316 0.02506822205829984
2317 0.02517209212416689
2318 0.02527823623331459
2319 0.025386175779963785
2320 0.02549444231611414
2321 0.02560620986083341
2322 0.02572024357174658
2323 0.025838643016804892
2324 0.02596577436196903
2325 0.026104709376006865
2326 0.02625494080372333
2327 0.026416886602973935
2328 0.026591122965255815
2329 0.02677775975630129
2330 0.026976007289173033
2331 0.027183087601951386
2332 0.02740462969950787
2333 0.02764075525384281
2334 0.027890905433281547
2335 0.028154599846809673
2336 0.02842820542652942
2337 0.028714228730785264
2338 0.029013496375167275
2339 0.029326660806506383
2340 0.029650713196162477
2341 0.029980424499903086
2342 0.030315419055878184
2343 0.030652014404145177
2344 0.030981354984125933
2345 0.031301010014605266
2346 0.031608770341398494
2347 0.03190154499494368
2348 0.03217863745366998
2349 0.03243882988127982
2350 0.03268216932087157
2351 0.03290745569144192
2352 0.03311416761187952
2353 0.033303881289973185
2354 0.033475918268791115
2355 0.033628685788467914
2356 0.03376398670550467
2357 0.03388154075511959
2358 0.033979677835087124
2359 0.03405801024353751
2360 0.03411641813692698
2361 0.034154815049372934
2362 0.034170374519191075
2363 0.03416306742779885
2364 0.034137648768411064
2365 0.034097307853864715
2366 0.034042991345834925
2367 0.03397315266921903
2368 0.03389049260513347
2369 0.033798802275444566
2370 0.03369724031500535
2371 0.033589096393066495
2372 0.03347898228394259
2373 0.03336815256260628
2374 0.03325691598679299
2375 0.03314635767620872
2376 0.033036688028823535
2377 0.03292460553166686
2378 0.03280883364136897
2379 0.0326892424915316
2380 0.032566548298280706
2381 0.03244569635420026
2382 0.032326902596476324
2383 0.032209221859528785
2384 0.032097296376235034
2385 0.031996536318434896
2386 0.03191051247703288
2387 0.03183715099860941
2388 0.03177518233260876
2389 0.031726513352196534
2390 0.03169165337168058
2391 0.031667721038587254
2392 0.03165388065108799
2393 0.03165057437503241
2394 0.03165653366552396
2395 0.03167053801966701
2396 0.031692568227576434
2397 0.03172544874597719
2398 0.03176683145057246
2399 0.03181502142512818
2400 0.03187083964743367
2401 0.03193477966597795
2402 0.03200306769310413
2403 0.03207170677485179
2404 0.03214277634083238
2405 0.03221427466800767
2406 0.032285215520005316
2407 0.0323573774352481
2408 0.03243176066099833
2409 0.032506660274135006
2410 0.032578852606550114
2411 0.03264825714421938
2412 0.03271247473154341
2413 0.03276843990139467
2414 0.03281858523244778
2415 0.03286669502759941
2416 0.032914236975423075
2417 0.03296373710530007
2418 0.03301466292024793
2419 0.03306466039922547
2420 0.03311729461095592
2421 0.0331732609593492
2422 0.03322848180299751
2423 0.03328309919943013
2424 0.033338105006265044
2425 0.03339574907344311
2426 0.03345632473229831
2427 0.03352009551616828
2428 0.03358920739288423
2429 0.03366647255974937
2430 0.03374912031432525
2431 0.033834322280005026
2432 0.03392218587664328
2433 0.034011989738650925
2434 0.03410571154110021
2435 0.034200123468376205
2436 0.0342961121472577
2437 0.03439406609266902
2438 0.03449167186968742
2439 0.03458559077259537
2440 0.03467347617032194
2441 0.0347562892276426
2442 0.03483089189719983
2443 0.034895207626190236
2444 0.0349431441817955
2445 0.034975255645279174
2446 0.03499490862767552
2447 0.03499838341239116
2448 0.03498256062521209
2449 0.03494144641579773
2450 0.034876556707777284
2451 0.034785977384788634
2452 0.034661854357585294
2453 0.03450371049943207
2454 0.03431077521946433
2455 0.03408495419598226
2456 0.03382535915480993
2457 0.033534561254725245
2458 0.03321572575327034
2459 0.03286954990216404
2460 0.03250227134544508
2461 0.0321176251527366
2462 0.031724413402665304
2463 0.03133092410553957
2464 0.0309441022633605
2465 0.030571853561158734
2466 0.030226490495373806
2467 0.029919809090550763
2468 0.029660716162639798
2469 0.029461393843222414
2470 0.029335973200040978
2471 0.02929753656644464
2472 0.02935739950306255
2473 0.02953076325327273
2474 0.029833455345629294
2475 0.030279293111879452
2476 0.030878785400212733
2477 0.03164133114095305
2478 0.032577728352682404
2479 0.03369257622528385
2480 0.03498787666397637
2481 0.03646190496778964
2482 0.03811020879148408
2483 0.03992691228770748
2484 0.041900623060998406
2485 0.04401805545770414
2486 0.04626215088139929
2487 0.04861424487938776
2488 0.051052972475274044
2489 0.05355486802234356
2490 0.05609699669454349
2491 0.058653442418867885
2492 0.06119701953026762
2493 0.06369738949985602
2494 0.06612336496624362
2495 0.0684472589901354
2496 0.0706484749715136
2497 0.07270896119921855
2498 0.074695422311274
2499 0.07646354829905347
2500 0.07796035358520327
2501 0.07913541026226725
2502 0.07993264058188285
