0
1
200
0 0.08028374206533351
1 0.07993264058188283
2 0.0791354102622672
3 0.07796035358520327
4 0.07646354829905344
5 0.07469542231127399
6 0.07270896119921853
7 0.0706484749715136
8 0.06844725899013542
9 0.06612336496624363
10 0.06369738949985601
11 0.06119701953026762
12 0.05865344241886787
13 0.05609699669454349
14 0.05355486802234356
15 0.05105297247527403
16 0.04861424487938775
17 0.04626215088139929
18 0.04401805545770413
19 0.041900623060998406
20 0.039926912287707464
21 0.03811020879148407
22 0.03646190496778965
23 0.034987876663976375
24 0.033692576225283835
25 0.03257772835268242
26 0.031641331140953056
27 0.030878785400212768
28 0.030279293111879452
29 0.029833455345629294
30 0.02953076325327274
31 0.02935739950306255
32 0.029297536566444633
33 0.029335973200040968
34 0.029461393843222425
35 0.029660716162639808
36 0.02991980909055073
37 0.03022649049537383
38 0.03057185356115873
39 0.030944102263360477
40 0.03133092410553957
41 0.03172441340266529
42 0.03211762515273661
43 0.032502271345445054
44 0.03286954990216406
45 0.03321572575327034
46 0.03353456125472524
47 0.03382535915480992
48 0.03408495419598225
49 0.03431077521946432
50 0.034503710499432086
51 0.034661854357585294
52 0.03478597738478861
53 0.034876556707777256
54 0.03494144641579773
55 0.03498256062521208
56 0.03499838341239112
57 0.0349949086276755
58 0.03497525564527921
59 0.034943144181795484
60 0.03489520762619024
61 0.034830891897199796
62 0.03475628922764265
63 0.03467347617032193
64 0.03458559077259534
65 0.03449167186968741
66 0.03439406609266901
67 0.03429611214725768
68 0.03420012346837621
69 0.03410571154110023
70 0.034011989738650925
71 0.033922185876643314
72 0.03383432228000504
73 0.03374912031432527
74 0.03366647255974939
75 0.03358920739288425
76 0.03352009551616827
77 0.03345632473229827
78 0.03339574907344311
79 0.03333810500626505
80 0.03328309919943014
81 0.03322848180299751
82 0.033173260959349186
83 0.03311729461095594
84 0.033064660399225454
85 0.033014662920247954
86 0.03296373710530004
87 0.032914236975423054
88 0.03286669502759944
89 0.032818585232447774
90 0.032768439901394684
91 0.032712474731543414
92 0.03264825714421938
93 0.032578852606550114
94 0.032506660274135006
95 0.032431760660998336
96 0.032357377435248094
97 0.032285215520005316
98 0.03221427466800767
99 0.032142776340832374
100 0.0320717067748518
101 0.032003067693104154
102 0.03193477966597795
103 0.03187083964743365
104 0.031815021425128175
105 0.031766831450572464
106 0.03172544874597723
107 0.03169256822757645
108 0.03167053801966704
109 0.03165653366552399
110 0.03165057437503242
111 0.031653880651088
112 0.03166772103858725
113 0.0316916533716806
114 0.03172651335219648
115 0.031775182332608745
116 0.031837150998609426
117 0.03191051247703286
118 0.03199653631843488
119 0.03209729637623506
120 0.032209221859528736
121 0.03232690259647632
122 0.03244569635420028
123 0.032566548298280686
124 0.0326892424915316
125 0.03280883364136903
126 0.03292460553166682
127 0.033036688028823535
128 0.03314635767620873
129 0.033256915986792986
130 0.033368152562606265
131 0.03347898228394259
132 0.03358909639306647
133 0.03369724031500536
134 0.03379880227544458
135 0.033890492605133486
136 0.033973152669218985
137 0.034042991345834966
138 0.034097307853864695
139 0.03413764876841103
140 0.03416306742779887
141 0.034170374519191096
142 0.03415481504937293
143 0.03411641813692697
144 0.034058010243537516
145 0.03397967783508711
146 0.03388154075511957
147 0.03376398670550461
148 0.03362868578846792
149 0.03347591826879113
150 0.033303881289973206
151 0.03311416761187955
152 0.032907455691441906
153 0.032682169320871535
154 0.032438829881279795
155 0.03217863745366996
156 0.03190154499494371
157 0.03160877034139851
158 0.031301010014605245
159 0.030981354984125898
160 0.03065201440414517
161 0.0303154190558782
162 0.029980424499903083
163 0.029650713196162467
164 0.029326660806506363
165 0.029013496375167282
166 0.02871422873078527
167 0.02842820542652944
168 0.028154599846809732
169 0.027890905433281557
170 0.027640755253842818
171 0.02740462969950787
172 0.02718308760195137
173 0.02697600728917312
174 0.026777759756301284
175 0.02659112296525586
176 0.026416886602974005
177 0.02625494080372334
178 0.02610470937600685
179 0.02596577436196905
180 0.025838643016804927
181 0.02572024357174662
182 0.025606209860833447
183 0.025494442316114137
184 0.025386175779963778
185 0.025278236233314606
186 0.025172092124166913
187 0.025068222058299817
188 0.024966725604253056
189 0.024866766273781375
190 0.024767032441344934
191 0.02467345970323806
192 0.02458567529042218
193 0.024502930152368988
194 0.024426164205196728
195 0.024358354957700636
196 0.02430085572338344
197 0.024253415557449746
198 0.024218897485778313
199 0.024196007264093294
