0
1
29
0 0.48060899585176736
1 0.48060899585176736
2 -0.0658632667353326
3 0.12864537036048085
4 0.012331532553091919
5 0.08179790128997408
6 0.03697320979283735
7 0.0706168317980883
8 0.021750302520536356
9 0.05437819867738153
10 0.033667049512514806
11 0.024148467235391182
12 0.019875194760653157
13 0.018104136335669287
14 0.0167849531767442
15 0.015814604872244793
16 0.015026441248595085
17 0.014222075841500956
18 0.013676594855078878
19 0.013133165509282084
20 0.012647402086893559
21 0.012240001114137734
22 0.011839321599705117
23 0.011502167956781394
24 0.011193172360040683
25 0.01090364100103123
26 0.01061577685835813
27 0.01037243467129395
28 0.010121057624718391
