0
1
2500
0 -1.353
1 -1.347
2 -1.343
3 -1.341
4 -1.339
5 -1.339
6 -1.339
7 -1.337
8 -1.337
9 -1.339
10 -1.341
11 -1.341
12 -1.34
13 -1.337
14 -1.337
15 -1.335
16 -1.336
17 -1.339
18 -1.338
19 -1.339
20 -1.337
21 -1.336
22 -1.338
23 -1.335
24 -1.325
25 -1.319
26 -1.322
27 -1.323
28 -1.322
29 -1.321
30 -1.321
31 -1.32
32 -1.322
33 -1.324
34 -1.323
35 -1.321
36 -1.319
37 -1.321
38 -1.319
39 -1.316
40 -1.315
41 -1.317
42 -1.317
43 -1.313
44 -1.313
45 -1.312
46 -1.31
47 -1.313
48 -1.313
49 -1.313
50 -1.313
51 -1.313
52 -1.317
53 -1.317
54 -1.317
55 -1.314
56 -1.31
57 -1.31
58 -1.311
59 -1.311
60 -1.311
61 -1.31
62 -1.31
63 -1.31
64 -1.31
65 -1.31
66 -1.308
67 -1.304
68 -1.302
69 -1.304
70 -1.303
71 -1.302
72 -1.302
73 -1.302
74 -1.302
75 -1.298
76 -1.299
77 -1.299
78 -1.297
79 -1.296
80 -1.295
81 -1.296
82 -1.297
83 -1.298
84 -1.3
85 -1.298
86 -1.296
87 -1.296
88 -1.297
89 -1.296
90 -1.292
91 -1.291
92 -1.292
93 -1.294
94 -1.294
95 -1.292
96 -1.29
97 -1.288
98 -1.288
99 -1.29
100 -1.29
101 -1.288
102 -1.286
103 -1.285
104 -1.284
105 -1.283
106 -1.283
107 -1.282
108 -1.283
109 -1.281
110 -1.278
111 -1.277
112 -1.275
113 -1.277
114 -1.274
115 -1.274
116 -1.276
117 -1.273
118 -1.274
119 -1.273
120 -1.269
121 -1.266
122 -1.263
123 -1.264
124 -1.264
125 -1.262
126 -1.26
127 -1.26
128 -1.263
129 -1.262
130 -1.259
131 -1.259
132 -1.26
133 -1.261
134 -1.26
135 -1.261
136 -1.259
137 -1.256
138 -1.256
139 -1.256
140 -1.256
141 -1.254
142 -1.254
143 -1.254
144 -1.25
145 -1.248
146 -1.246
147 -1.243
148 -1.242
149 -1.245
150 -1.242
151 -1.238
152 -1.236
153 -1.234
154 -1.231
155 -1.229
156 -1.227
157 -1.222
158 -1.22
159 -1.222
160 -1.225
161 -1.224
162 -1.22
163 -1.22
164 -1.22
165 -1.222
166 -1.213
167 -1.202
168 -1.208
169 -1.212
170 -1.21
171 -1.213
172 -1.212
173 -1.212
174 -1.21
175 -1.21
176 -1.212
177 -1.212
178 -1.212
179 -1.21
180 -1.21
181 -1.209
182 -1.208
183 -1.213
184 -1.212
185 -1.211
186 -1.211
187 -1.213
188 -1.216
189 -1.212
190 -1.212
191 -1.208
192 -1.206
193 -1.207
194 -1.207
195 -1.206
196 -1.206
197 -1.2
198 -1.196
199 -1.198
200 -1.198
201 -1.196
202 -1.194
203 -1.194
204 -1.196
205 -1.198
206 -1.196
207 -1.191
208 -1.193
209 -1.196
210 -1.197
211 -1.196
212 -1.19
213 -1.19
214 -1.192
215 -1.192
216 -1.194
217 -1.192
218 -1.192
219 -1.195
220 -1.2
221 -1.202
222 -1.202
223 -1.204
224 -1.206
225 -1.21
226 -1.212
227 -1.216
228 -1.218
229 -1.22
230 -1.222
231 -1.226
232 -1.23
233 -1.23
234 -1.232
235 -1.236
236 -1.24
237 -1.246
238 -1.25
239 -1.253
240 -1.256
241 -1.259
242 -1.259
243 -1.261
244 -1.266
245 -1.271
246 -1.274
247 -1.274
248 -1.276
249 -1.279
250 -1.284
251 -1.284
252 -1.282
253 -1.284
254 -1.285
255 -1.29
256 -1.296
257 -1.296
258 -1.295
259 -1.295
260 -1.298
261 -1.302
262 -1.305
263 -1.304
264 -1.304
265 -1.308
266 -1.312
267 -1.315
268 -1.317
269 -1.319
270 -1.317
271 -1.317
272 -1.321
273 -1.323
274 -1.323
275 -1.323
276 -1.326
277 -1.329
278 -1.328
279 -1.328
280 -1.327
281 -1.329
282 -1.328
283 -1.324
284 -1.321
285 -1.325
286 -1.323
287 -1.321
288 -1.321
289 -1.318
290 -1.317
291 -1.316
292 -1.315
293 -1.315
294 -1.317
295 -1.319
296 -1.319
297 -1.319
298 -1.319
299 -1.321
300 -1.315
301 -1.308
302 -1.312
303 -1.315
304 -1.313
305 -1.312
306 -1.313
307 -1.317
308 -1.319
309 -1.319
310 -1.319
311 -1.318
312 -1.315
313 -1.314
314 -1.313
315 -1.31
316 -1.309
317 -1.313
318 -1.312
319 -1.31
320 -1.31
321 -1.312
322 -1.31
323 -1.31
324 -1.311
325 -1.312
326 -1.312
327 -1.312
328 -1.311
329 -1.31
330 -1.312
331 -1.314
332 -1.315
333 -1.313
334 -1.314
335 -1.314
336 -1.313
337 -1.311
338 -1.308
339 -1.308
340 -1.308
341 -1.307
342 -1.309
343 -1.312
344 -1.313
345 -1.315
346 -1.315
347 -1.315
348 -1.317
349 -1.319
350 -1.32
351 -1.321
352 -1.323
353 -1.321
354 -1.32
355 -1.323
356 -1.325
357 -1.323
358 -1.324
359 -1.323
360 -1.323
361 -1.325
362 -1.326
363 -1.325
364 -1.321
365 -1.32
366 -1.318
367 -1.319
368 -1.317
369 -1.319
370 -1.321
371 -1.321
372 -1.321
373 -1.319
374 -1.319
375 -1.319
376 -1.318
377 -1.316
378 -1.319
379 -1.321
380 -1.319
381 -1.317
382 -1.319
383 -1.323
384 -1.323
385 -1.323
386 -1.321
387 -1.321
388 -1.321
389 -1.321
390 -1.323
391 -1.325
392 -1.324
393 -1.325
394 -1.329
395 -1.331
396 -1.331
397 -1.331
398 -1.329
399 -1.328
400 -1.326
401 -1.324
402 -1.325
403 -1.325
404 -1.327
405 -1.327
406 -1.327
407 -1.329
408 -1.327
409 -1.327
410 -1.327
411 -1.33
412 -1.33
413 -1.331
414 -1.333
415 -1.335
416 -1.335
417 -1.335
418 -1.339
419 -1.333
420 -1.327
421 -1.327
422 -1.331
423 -1.335
424 -1.339
425 -1.337
426 -1.335
427 -1.335
428 -1.333
429 -1.333
430 -1.334
431 -1.335
432 -1.333
433 -1.335
434 -1.337
435 -1.333
436 -1.334
437 -1.335
438 -1.331
439 -1.334
440 -1.333
441 -1.331
442 -1.331
443 -1.329
444 -1.331
445 -1.331
446 -1.333
447 -1.335
448 -1.335
449 -1.335
450 -1.334
451 -1.339
452 -1.337
453 -1.335
454 -1.337
455 -1.339
456 -1.337
457 -1.339
458 -1.342
459 -1.341
460 -1.337
461 -1.336
462 -1.336
463 -1.339
464 -1.342
465 -1.341
466 -1.341
467 -1.341
468 -1.337
469 -1.339
470 -1.341
471 -1.343
472 -1.345
473 -1.343
474 -1.347
475 -1.345
476 -1.339
477 -1.339
478 -1.331
479 -1.328
480 -1.337
481 -1.339
482 -1.341
483 -1.341
484 -1.341
485 -1.345
486 -1.346
487 -1.341
488 -1.341
489 -1.343
490 -1.342
491 -1.345
492 -1.345
493 -1.343
494 -1.339
495 -1.339
496 -1.339
497 -1.338
498 -1.339
499 -1.339
500 -1.341
501 -1.339
502 -1.337
503 -1.335
504 -1.335
505 -1.336
506 -1.338
507 -1.341
508 -1.341
509 -1.341
510 -1.342
511 -1.343
512 -1.345
513 -1.344
514 -1.345
515 -1.347
516 -1.345
517 -1.344
518 -1.341
519 -1.339
520 -1.339
521 -1.338
522 -1.335
523 -1.329
524 -1.326
525 -1.319
526 -1.315
527 -1.313
528 -1.31
529 -1.307
530 -1.301
531 -1.3
532 -1.3
533 -1.298
534 -1.298
535 -1.293
536 -1.288
537 -1.284
538 -1.28
539 -1.28
540 -1.28
541 -1.274
542 -1.27
543 -1.27
544 -1.267
545 -1.262
546 -1.264
547 -1.266
548 -1.265
549 -1.266
550 -1.262
551 -1.256
552 -1.252
553 -1.25
554 -1.25
555 -1.249
556 -1.246
557 -1.246
558 -1.246
559 -1.244
560 -1.236
561 -1.226
562 -1.218
563 -1.212
564 -1.214
565 -1.222
566 -1.231
567 -1.24
568 -1.245
569 -1.245
570 -1.252
571 -1.262
572 -1.272
573 -1.282
574 -1.288
575 -1.29
576 -1.29
577 -1.294
578 -1.298
579 -1.299
580 -1.298
581 -1.298
582 -1.303
583 -1.3
584 -1.298
585 -1.3
586 -1.298
587 -1.298
588 -1.3
589 -1.302
590 -1.305
591 -1.307
592 -1.308
593 -1.313
594 -1.321
595 -1.327
596 -1.337
597 -1.339
598 -1.339
599 -1.343
600 -1.347
601 -1.351
602 -1.353
603 -1.356
604 -1.357
605 -1.358
606 -1.359
607 -1.36
608 -1.361
609 -1.365
610 -1.365
611 -1.363
612 -1.363
613 -1.365
614 -1.365
615 -1.365
616 -1.365
617 -1.367
618 -1.371
619 -1.369
620 -1.367
621 -1.369
622 -1.369
623 -1.369
624 -1.367
625 -1.367
626 -1.365
627 -1.366
628 -1.367
629 -1.365
630 -1.363
631 -1.363
632 -1.361
633 -1.361
634 -1.361
635 -1.362
636 -1.364
637 -1.363
638 -1.361
639 -1.359
640 -1.361
641 -1.362
642 -1.361
643 -1.362
644 -1.363
645 -1.363
646 -1.367
647 -1.368
648 -1.371
649 -1.372
650 -1.367
651 -1.367
652 -1.367
653 -1.365
654 -1.367
655 -1.362
656 -1.358
657 -1.361
658 -1.361
659 -1.358
660 -1.353
661 -1.351
662 -1.35
663 -1.35
664 -1.351
665 -1.352
666 -1.351
667 -1.351
668 -1.353
669 -1.354
670 -1.352
671 -1.347
672 -1.349
673 -1.35
674 -1.35
675 -1.349
676 -1.345
677 -1.345
678 -1.345
679 -1.342
680 -1.342
681 -1.349
682 -1.353
683 -1.351
684 -1.349
685 -1.345
686 -1.345
687 -1.351
688 -1.347
689 -1.333
690 -1.329
691 -1.333
692 -1.329
693 -1.321
694 -1.317
695 -1.314
696 -1.31
697 -1.306
698 -1.302
699 -1.296
700 -1.292
701 -1.294
702 -1.295
703 -1.29
704 -1.284
705 -1.276
706 -1.265
707 -1.251
708 -1.238
709 -1.218
710 -1.199
711 -1.185
712 -1.16
713 -1.139
714 -1.121
715 -1.084
716 -1.038
717 -0.988
718 -0.936
719 -0.895
720 -0.877
721 -0.846
722 -0.796
723 -0.755
724 -0.75
725 -0.782
726 -0.79
727 -0.807
728 -0.857
729 -0.921
730 -1.012
731 -1.079
732 -1.12
733 -1.166
734 -1.204
735 -1.223
736 -1.237
737 -1.28
738 -1.292
739 -1.261
740 -1.249
741 -1.276
742 -1.312
743 -1.318
744 -1.321
745 -1.344
746 -1.371
747 -1.387
748 -1.41
749 -1.431
750 -1.443
751 -1.448
752 -1.448
753 -1.458
754 -1.466
755 -1.466
756 -1.459
757 -1.45
758 -1.449
759 -1.442
760 -1.428
761 -1.417
762 -1.406
763 -1.393
764 -1.386
765 -1.375
766 -1.365
767 -1.361
768 -1.356
769 -1.351
770 -1.344
771 -1.337
772 -1.326
773 -1.319
774 -1.316
775 -1.317
776 -1.317
777 -1.313
778 -1.312
779 -1.31
780 -1.31
781 -1.312
782 -1.312
783 -1.31
784 -1.306
785 -1.304
786 -1.31
787 -1.31
788 -1.31
789 -1.31
790 -1.311
791 -1.31
792 -1.31
793 -1.308
794 -1.306
795 -1.306
796 -1.302
797 -1.299
798 -1.302
799 -1.3
800 -1.296
801 -1.296
802 -1.295
803 -1.292
804 -1.294
805 -1.29
806 -1.29
807 -1.291
808 -1.29
809 -1.29
810 -1.292
811 -1.29
812 -1.289
813 -1.291
814 -1.286
815 -1.288
816 -1.29
817 -1.286
818 -1.288
819 -1.286
820 -1.29
821 -1.29
822 -1.288
823 -1.286
824 -1.285
825 -1.288
826 -1.288
827 -1.286
828 -1.288
829 -1.291
830 -1.29
831 -1.292
832 -1.294
833 -1.292
834 -1.294
835 -1.29
836 -1.286
837 -1.285
838 -1.286
839 -1.285
840 -1.282
841 -1.278
842 -1.276
843 -1.277
844 -1.275
845 -1.274
846 -1.277
847 -1.278
848 -1.277
849 -1.277
850 -1.272
851 -1.273
852 -1.276
853 -1.272
854 -1.271
855 -1.271
856 -1.268
857 -1.266
858 -1.268
859 -1.271
860 -1.267
861 -1.264
862 -1.267
863 -1.266
864 -1.263
865 -1.262
866 -1.262
867 -1.264
868 -1.262
869 -1.26
870 -1.26
871 -1.26
872 -1.26
873 -1.262
874 -1.262
875 -1.261
876 -1.261
877 -1.262
878 -1.258
879 -1.256
880 -1.259
881 -1.262
882 -1.26
883 -1.262
884 -1.26
885 -1.254
886 -1.254
887 -1.254
888 -1.251
889 -1.248
890 -1.249
891 -1.254
892 -1.252
893 -1.252
894 -1.252
895 -1.252
896 -1.251
897 -1.247
898 -1.246
899 -1.236
900 -1.23
901 -1.232
902 -1.232
903 -1.23
904 -1.228
905 -1.226
906 -1.222
907 -1.222
908 -1.223
909 -1.222
910 -1.22
911 -1.218
912 -1.22
913 -1.219
914 -1.214
915 -1.21
916 -1.209
917 -1.207
918 -1.208
919 -1.208
920 -1.209
921 -1.208
922 -1.204
923 -1.204
924 -1.204
925 -1.203
926 -1.199
927 -1.196
928 -1.197
929 -1.197
930 -1.196
931 -1.194
932 -1.194
933 -1.198
934 -1.194
935 -1.191
936 -1.192
937 -1.193
938 -1.194
939 -1.191
940 -1.186
941 -1.185
942 -1.183
943 -1.183
944 -1.183
945 -1.183
946 -1.181
947 -1.179
948 -1.178
949 -1.177
950 -1.179
951 -1.181
952 -1.18
953 -1.179
954 -1.181
955 -1.179
956 -1.179
957 -1.182
958 -1.181
959 -1.179
960 -1.177
961 -1.175
962 -1.177
963 -1.176
964 -1.171
965 -1.168
966 -1.169
967 -1.171
968 -1.166
969 -1.165
970 -1.167
971 -1.167
972 -1.167
973 -1.167
974 -1.169
975 -1.167
976 -1.159
977 -1.16
978 -1.163
979 -1.163
980 -1.165
981 -1.161
982 -1.159
983 -1.165
984 -1.165
985 -1.164
986 -1.166
987 -1.167
988 -1.168
989 -1.169
990 -1.174
991 -1.175
992 -1.177
993 -1.177
994 -1.177
995 -1.185
996 -1.188
997 -1.19
998 -1.192
999 -1.192
1000 -1.194
1001 -1.196
1002 -1.202
1003 -1.206
1004 -1.211
1005 -1.212
1006 -1.214
1007 -1.221
1008 -1.227
1009 -1.23
1010 -1.23
1011 -1.234
1012 -1.236
1013 -1.239
1014 -1.242
1015 -1.244
1016 -1.245
1017 -1.248
1018 -1.25
1019 -1.252
1020 -1.257
1021 -1.26
1022 -1.267
1023 -1.269
1024 -1.258
1025 -1.258
1026 -1.268
1027 -1.274
1028 -1.276
1029 -1.278
1030 -1.282
1031 -1.284
1032 -1.283
1033 -1.282
1034 -1.286
1035 -1.291
1036 -1.29
1037 -1.291
1038 -1.292
1039 -1.294
1040 -1.298
1041 -1.3
1042 -1.298
1043 -1.298
1044 -1.3
1045 -1.302
1046 -1.301
1047 -1.301
1048 -1.298
1049 -1.3
1050 -1.298
1051 -1.296
1052 -1.299
1053 -1.303
1054 -1.306
1055 -1.307
1056 -1.303
1057 -1.302
1058 -1.302
1059 -1.302
1060 -1.302
1061 -1.302
1062 -1.302
1063 -1.304
1064 -1.306
1065 -1.303
1066 -1.302
1067 -1.306
1068 -1.305
1069 -1.302
1070 -1.304
1071 -1.304
1072 -1.308
1073 -1.308
1074 -1.307
1075 -1.305
1076 -1.306
1077 -1.31
1078 -1.308
1079 -1.306
1080 -1.306
1081 -1.302
1082 -1.302
1083 -1.306
1084 -1.304
1085 -1.302
1086 -1.304
1087 -1.3
1088 -1.3
1089 -1.298
1090 -1.294
1091 -1.294
1092 -1.294
1093 -1.296
1094 -1.297
1095 -1.296
1096 -1.298
1097 -1.3
1098 -1.303
1099 -1.299
1100 -1.296
1101 -1.296
1102 -1.294
1103 -1.29
1104 -1.291
1105 -1.293
1106 -1.294
1107 -1.296
1108 -1.298
1109 -1.298
1110 -1.3
1111 -1.302
1112 -1.298
1113 -1.3
1114 -1.3
1115 -1.299
1116 -1.303
1117 -1.3
1118 -1.294
1119 -1.288
1120 -1.288
1121 -1.29
1122 -1.292
1123 -1.293
1124 -1.294
1125 -1.295
1126 -1.293
1127 -1.294
1128 -1.296
1129 -1.298
1130 -1.302
1131 -1.3
1132 -1.301
1133 -1.3
1134 -1.299
1135 -1.298
1136 -1.296
1137 -1.297
1138 -1.301
1139 -1.304
1140 -1.308
1141 -1.312
1142 -1.313
1143 -1.308
1144 -1.31
1145 -1.313
1146 -1.31
1147 -1.306
1148 -1.306
1149 -1.308
1150 -1.304
1151 -1.302
1152 -1.301
1153 -1.301
1154 -1.302
1155 -1.302
1156 -1.301
1157 -1.302
1158 -1.302
1159 -1.301
1160 -1.304
1161 -1.303
1162 -1.3
1163 -1.3
1164 -1.3
1165 -1.302
1166 -1.305
1167 -1.306
1168 -1.306
1169 -1.304
1170 -1.302
1171 -1.306
1172 -1.304
1173 -1.302
1174 -1.304
1175 -1.306
1176 -1.308
1177 -1.311
1178 -1.312
1179 -1.309
1180 -1.308
1181 -1.307
1182 -1.31
1183 -1.311
1184 -1.31
1185 -1.311
1186 -1.31
1187 -1.31
1188 -1.31
1189 -1.312
1190 -1.31
1191 -1.311
1192 -1.314
1193 -1.317
1194 -1.317
1195 -1.315
1196 -1.314
1197 -1.314
1198 -1.317
1199 -1.315
1200 -1.315
1201 -1.317
1202 -1.317
1203 -1.316
1204 -1.316
1205 -1.317
1206 -1.319
1207 -1.317
1208 -1.313
1209 -1.312
1210 -1.317
1211 -1.319
1212 -1.317
1213 -1.317
1214 -1.317
1215 -1.321
1216 -1.323
1217 -1.323
1218 -1.323
1219 -1.321
1220 -1.321
1221 -1.323
1222 -1.325
1223 -1.323
1224 -1.322
1225 -1.325
1226 -1.329
1227 -1.331
1228 -1.329
1229 -1.327
1230 -1.33
1231 -1.333
1232 -1.33
1233 -1.327
1234 -1.327
1235 -1.329
1236 -1.329
1237 -1.323
1238 -1.323
1239 -1.327
1240 -1.329
1241 -1.327
1242 -1.323
1243 -1.325
1244 -1.328
1245 -1.331
1246 -1.327
1247 -1.327
1248 -1.327
1249 -1.327
1250 -1.328
1251 -1.325
1252 -1.321
1253 -1.321
1254 -1.322
1255 -1.32
1256 -1.321
1257 -1.324
1258 -1.323
1259 -1.328
1260 -1.327
1261 -1.325
1262 -1.332
1263 -1.327
1264 -1.327
1265 -1.333
1266 -1.329
1267 -1.329
1268 -1.332
1269 -1.334
1270 -1.333
1271 -1.333
1272 -1.335
1273 -1.333
1274 -1.334
1275 -1.334
1276 -1.333
1277 -1.334
1278 -1.332
1279 -1.333
1280 -1.331
1281 -1.33
1282 -1.331
1283 -1.329
1284 -1.331
1285 -1.332
1286 -1.331
1287 -1.331
1288 -1.33
1289 -1.329
1290 -1.331
1291 -1.334
1292 -1.333
1293 -1.334
1294 -1.335
1295 -1.338
1296 -1.337
1297 -1.333
1298 -1.329
1299 -1.328
1300 -1.321
1301 -1.317
1302 -1.321
1303 -1.315
1304 -1.31
1305 -1.309
1306 -1.308
1307 -1.302
1308 -1.297
1309 -1.298
1310 -1.298
1311 -1.298
1312 -1.294
1313 -1.29
1314 -1.292
1315 -1.297
1316 -1.294
1317 -1.288
1318 -1.279
1319 -1.274
1320 -1.27
1321 -1.266
1322 -1.265
1323 -1.268
1324 -1.271
1325 -1.27
1326 -1.268
1327 -1.264
1328 -1.266
1329 -1.268
1330 -1.268
1331 -1.26
1332 -1.25
1333 -1.247
1334 -1.246
1335 -1.246
1336 -1.244
1337 -1.24
1338 -1.242
1339 -1.244
1340 -1.246
1341 -1.24
1342 -1.229
1343 -1.227
1344 -1.224
1345 -1.224
1346 -1.23
1347 -1.238
1348 -1.246
1349 -1.252
1350 -1.256
1351 -1.259
1352 -1.265
1353 -1.27
1354 -1.277
1355 -1.284
1356 -1.294
1357 -1.296
1358 -1.296
1359 -1.305
1360 -1.306
1361 -1.304
1362 -1.307
1363 -1.31
1364 -1.315
1365 -1.315
1366 -1.313
1367 -1.314
1368 -1.317
1369 -1.315
1370 -1.316
1371 -1.315
1372 -1.315
1373 -1.32
1374 -1.323
1375 -1.325
1376 -1.333
1377 -1.338
1378 -1.339
1379 -1.341
1380 -1.347
1381 -1.355
1382 -1.362
1383 -1.363
1384 -1.365
1385 -1.369
1386 -1.372
1387 -1.371
1388 -1.371
1389 -1.376
1390 -1.376
1391 -1.374
1392 -1.375
1393 -1.376
1394 -1.374
1395 -1.374
1396 -1.375
1397 -1.377
1398 -1.381
1399 -1.383
1400 -1.378
1401 -1.376
1402 -1.379
1403 -1.381
1404 -1.383
1405 -1.379
1406 -1.379
1407 -1.382
1408 -1.385
1409 -1.388
1410 -1.387
1411 -1.389
1412 -1.389
1413 -1.383
1414 -1.383
1415 -1.389
1416 -1.393
1417 -1.395
1418 -1.395
1419 -1.393
1420 -1.391
1421 -1.389
1422 -1.39
1423 -1.391
1424 -1.39
1425 -1.387
1426 -1.385
1427 -1.383
1428 -1.381
1429 -1.385
1430 -1.387
1431 -1.387
1432 -1.385
1433 -1.387
1434 -1.387
1435 -1.386
1436 -1.387
1437 -1.387
1438 -1.387
1439 -1.385
1440 -1.387
1441 -1.389
1442 -1.385
1443 -1.384
1444 -1.387
1445 -1.385
1446 -1.385
1447 -1.384
1448 -1.381
1449 -1.385
1450 -1.385
1451 -1.383
1452 -1.381
1453 -1.377
1454 -1.375
1455 -1.377
1456 -1.376
1457 -1.378
1458 -1.383
1459 -1.383
1460 -1.379
1461 -1.377
1462 -1.379
1463 -1.379
1464 -1.379
1465 -1.38
1466 -1.383
1467 -1.383
1468 -1.383
1469 -1.381
1470 -1.377
1471 -1.377
1472 -1.375
1473 -1.367
1474 -1.361
1475 -1.361
1476 -1.359
1477 -1.358
1478 -1.353
1479 -1.345
1480 -1.333
1481 -1.325
1482 -1.326
1483 -1.325
1484 -1.325
1485 -1.323
1486 -1.317
1487 -1.307
1488 -1.296
1489 -1.284
1490 -1.259
1491 -1.242
1492 -1.222
1493 -1.191
1494 -1.173
1495 -1.157
1496 -1.127
1497 -1.083
1498 -1.032
1499 -0.977
1500 -0.938
1501 -0.916
1502 -0.88
1503 -0.833
1504 -0.789
1505 -0.783
1506 -0.815
1507 -0.822
1508 -0.842
1509 -0.895
1510 -0.967
1511 -1.065
1512 -1.143
1513 -1.193
1514 -1.24
1515 -1.292
1516 -1.319
1517 -1.332
1518 -1.372
1519 -1.391
1520 -1.371
1521 -1.354
1522 -1.369
1523 -1.397
1524 -1.408
1525 -1.415
1526 -1.433
1527 -1.458
1528 -1.47
1529 -1.491
1530 -1.511
1531 -1.518
1532 -1.524
1533 -1.521
1534 -1.53
1535 -1.542
1536 -1.538
1537 -1.526
1538 -1.516
1539 -1.508
1540 -1.499
1541 -1.49
1542 -1.484
1543 -1.47
1544 -1.456
1545 -1.448
1546 -1.438
1547 -1.429
1548 -1.427
1549 -1.423
1550 -1.417
1551 -1.412
1552 -1.407
1553 -1.399
1554 -1.393
1555 -1.393
1556 -1.388
1557 -1.387
1558 -1.389
1559 -1.387
1560 -1.386
1561 -1.386
1562 -1.384
1563 -1.384
1564 -1.383
1565 -1.381
1566 -1.383
1567 -1.382
1568 -1.381
1569 -1.384
1570 -1.38
1571 -1.381
1572 -1.382
1573 -1.381
1574 -1.383
1575 -1.383
1576 -1.383
1577 -1.383
1578 -1.381
1579 -1.38
1580 -1.377
1581 -1.379
1582 -1.381
1583 -1.377
1584 -1.373
1585 -1.374
1586 -1.375
1587 -1.375
1588 -1.373
1589 -1.373
1590 -1.375
1591 -1.373
1592 -1.372
1593 -1.372
1594 -1.368
1595 -1.364
1596 -1.366
1597 -1.371
1598 -1.372
1599 -1.374
1600 -1.373
1601 -1.37
1602 -1.371
1603 -1.372
1604 -1.371
1605 -1.372
1606 -1.375
1607 -1.373
1608 -1.372
1609 -1.375
1610 -1.377
1611 -1.377
1612 -1.375
1613 -1.376
1614 -1.377
1615 -1.377
1616 -1.377
1617 -1.378
1618 -1.381
1619 -1.381
1620 -1.379
1621 -1.379
1622 -1.379
1623 -1.378
1624 -1.379
1625 -1.379
1626 -1.374
1627 -1.374
1628 -1.373
1629 -1.375
1630 -1.377
1631 -1.373
1632 -1.373
1633 -1.371
1634 -1.369
1635 -1.37
1636 -1.371
1637 -1.37
1638 -1.371
1639 -1.372
1640 -1.371
1641 -1.367
1642 -1.367
1643 -1.368
1644 -1.367
1645 -1.37
1646 -1.368
1647 -1.367
1648 -1.369
1649 -1.369
1650 -1.367
1651 -1.365
1652 -1.366
1653 -1.366
1654 -1.367
1655 -1.369
1656 -1.366
1657 -1.367
1658 -1.369
1659 -1.367
1660 -1.366
1661 -1.366
1662 -1.365
1663 -1.365
1664 -1.369
1665 -1.369
1666 -1.366
1667 -1.367
1668 -1.368
1669 -1.367
1670 -1.365
1671 -1.363
1672 -1.361
1673 -1.359
1674 -1.357
1675 -1.359
1676 -1.356
1677 -1.355
1678 -1.355
1679 -1.355
1680 -1.357
1681 -1.353
1682 -1.349
1683 -1.347
1684 -1.345
1685 -1.345
1686 -1.347
1687 -1.345
1688 -1.343
1689 -1.343
1690 -1.341
1691 -1.337
1692 -1.339
1693 -1.34
1694 -1.338
1695 -1.337
1696 -1.339
1697 -1.343
1698 -1.341
1699 -1.337
1700 -1.329
1701 -1.327
1702 -1.329
1703 -1.329
1704 -1.328
1705 -1.327
1706 -1.326
1707 -1.323
1708 -1.322
1709 -1.323
1710 -1.323
1711 -1.323
1712 -1.321
1713 -1.319
1714 -1.319
1715 -1.318
1716 -1.315
1717 -1.315
1718 -1.317
1719 -1.313
1720 -1.313
1721 -1.314
1722 -1.316
1723 -1.317
1724 -1.316
1725 -1.315
1726 -1.315
1727 -1.315
1728 -1.315
1729 -1.313
1730 -1.313
1731 -1.312
1732 -1.313
1733 -1.313
1734 -1.31
1735 -1.308
1736 -1.308
1737 -1.308
1738 -1.306
1739 -1.304
1740 -1.302
1741 -1.302
1742 -1.304
1743 -1.305
1744 -1.304
1745 -1.304
1746 -1.305
1747 -1.306
1748 -1.306
1749 -1.306
1750 -1.307
1751 -1.307
1752 -1.306
1753 -1.31
1754 -1.312
1755 -1.31
1756 -1.31
1757 -1.311
1758 -1.308
1759 -1.31
1760 -1.312
1761 -1.312
1762 -1.315
1763 -1.317
1764 -1.317
1765 -1.321
1766 -1.326
1767 -1.327
1768 -1.325
1769 -1.323
1770 -1.325
1771 -1.328
1772 -1.332
1773 -1.331
1774 -1.333
1775 -1.341
1776 -1.345
1777 -1.349
1778 -1.353
1779 -1.353
1780 -1.356
1781 -1.36
1782 -1.363
1783 -1.365
1784 -1.366
1785 -1.369
1786 -1.375
1787 -1.381
1788 -1.38
1789 -1.38
1790 -1.383
1791 -1.387
1792 -1.391
1793 -1.397
1794 -1.398
1795 -1.401
1796 -1.405
1797 -1.411
1798 -1.411
1799 -1.411
1800 -1.417
1801 -1.421
1802 -1.421
1803 -1.423
1804 -1.427
1805 -1.432
1806 -1.435
1807 -1.436
1808 -1.441
1809 -1.449
1810 -1.451
1811 -1.452
1812 -1.457
1813 -1.458
1814 -1.46
1815 -1.46
1816 -1.46
1817 -1.463
1818 -1.466
1819 -1.472
1820 -1.474
1821 -1.474
1822 -1.476
1823 -1.476
1824 -1.478
1825 -1.483
1826 -1.485
1827 -1.485
1828 -1.488
1829 -1.49
1830 -1.489
1831 -1.49
1832 -1.492
1833 -1.491
1834 -1.492
1835 -1.491
1836 -1.49
1837 -1.488
1838 -1.489
1839 -1.492
1840 -1.49
1841 -1.486
1842 -1.489
1843 -1.494
1844 -1.497
1845 -1.498
1846 -1.5
1847 -1.501
1848 -1.5
1849 -1.498
1850 -1.5
1851 -1.501
1852 -1.5
1853 -1.498
1854 -1.495
1855 -1.498
1856 -1.5
1857 -1.499
1858 -1.494
1859 -1.492
1860 -1.496
1861 -1.498
1862 -1.5
1863 -1.497
1864 -1.497
1865 -1.498
1866 -1.501
1867 -1.502
1868 -1.5
1869 -1.504
1870 -1.504
1871 -1.506
1872 -1.508
1873 -1.51
1874 -1.512
1875 -1.512
1876 -1.512
1877 -1.511
1878 -1.51
1879 -1.51
1880 -1.51
1881 -1.51
1882 -1.508
1883 -1.506
1884 -1.507
1885 -1.51
1886 -1.509
1887 -1.507
1888 -1.51
1889 -1.509
1890 -1.51
1891 -1.512
1892 -1.512
1893 -1.516
1894 -1.516
1895 -1.517
1896 -1.52
1897 -1.518
1898 -1.518
1899 -1.519
1900 -1.517
1901 -1.518
1902 -1.518
1903 -1.518
1904 -1.521
1905 -1.522
1906 -1.522
1907 -1.522
1908 -1.522
1909 -1.521
1910 -1.523
1911 -1.524
1912 -1.526
1913 -1.53
1914 -1.531
1915 -1.53
1916 -1.529
1917 -1.53
1918 -1.536
1919 -1.542
1920 -1.54
1921 -1.538
1922 -1.541
1923 -1.542
1924 -1.544
1925 -1.544
1926 -1.543
1927 -1.546
1928 -1.548
1929 -1.55
1930 -1.551
1931 -1.549
1932 -1.547
1933 -1.548
1934 -1.55
1935 -1.552
1936 -1.552
1937 -1.552
1938 -1.55
1939 -1.549
1940 -1.55
1941 -1.55
1942 -1.55
1943 -1.554
1944 -1.556
1945 -1.558
1946 -1.558
1947 -1.557
1948 -1.56
1949 -1.563
1950 -1.563
1951 -1.565
1952 -1.567
1953 -1.569
1954 -1.571
1955 -1.567
1956 -1.569
1957 -1.572
1958 -1.574
1959 -1.574
1960 -1.576
1961 -1.581
1962 -1.582
1963 -1.583
1964 -1.581
1965 -1.581
1966 -1.581
1967 -1.582
1968 -1.584
1969 -1.583
1970 -1.583
1971 -1.581
1972 -1.581
1973 -1.582
1974 -1.583
1975 -1.583
1976 -1.581
1977 -1.58
1978 -1.581
1979 -1.583
1980 -1.587
1981 -1.585
1982 -1.584
1983 -1.585
1984 -1.589
1985 -1.59
1986 -1.591
1987 -1.59
1988 -1.588
1989 -1.586
1990 -1.586
1991 -1.591
1992 -1.591
1993 -1.591
1994 -1.594
1995 -1.593
1996 -1.592
1997 -1.59
1998 -1.589
1999 -1.595
2000 -1.599
2001 -1.599
2002 -1.598
2003 -1.599
2004 -1.599
2005 -1.599
2006 -1.597
2007 -1.597
2008 -1.601
2009 -1.603
2010 -1.603
2011 -1.607
2012 -1.607
2013 -1.607
2014 -1.608
2015 -1.607
2016 -1.607
2017 -1.605
2018 -1.608
2019 -1.613
2020 -1.615
2021 -1.618
2022 -1.619
2023 -1.62
2024 -1.622
2025 -1.621
2026 -1.621
2027 -1.623
2028 -1.621
2029 -1.623
2030 -1.624
2031 -1.625
2032 -1.626
2033 -1.626
2034 -1.628
2035 -1.629
2036 -1.631
2037 -1.633
2038 -1.635
2039 -1.635
2040 -1.635
2041 -1.635
2042 -1.635
2043 -1.637
2044 -1.639
2045 -1.639
2046 -1.64
2047 -1.641
2048 -1.642
2049 -1.644
2050 -1.644
2051 -1.645
2052 -1.649
2053 -1.648
2054 -1.649
2055 -1.651
2056 -1.653
2057 -1.654
2058 -1.654
2059 -1.654
2060 -1.655
2061 -1.656
2062 -1.656
2063 -1.657
2064 -1.661
2065 -1.662
2066 -1.661
2067 -1.661
2068 -1.664
2069 -1.664
2070 -1.665
2071 -1.667
2072 -1.663
2073 -1.665
2074 -1.666
2075 -1.664
2076 -1.661
2077 -1.659
2078 -1.661
2079 -1.661
2080 -1.661
2081 -1.659
2082 -1.655
2083 -1.655
2084 -1.654
2085 -1.654
2086 -1.655
2087 -1.655
2088 -1.653
2089 -1.651
2090 -1.651
2091 -1.645
2092 -1.639
2093 -1.637
2094 -1.636
2095 -1.634
2096 -1.631
2097 -1.629
2098 -1.632
2099 -1.635
2100 -1.633
2101 -1.63
2102 -1.624
2103 -1.617
2104 -1.614
2105 -1.611
2106 -1.61
2107 -1.609
2108 -1.607
2109 -1.608
2110 -1.607
2111 -1.606
2112 -1.607
2113 -1.609
2114 -1.607
2115 -1.603
2116 -1.598
2117 -1.595
2118 -1.597
2119 -1.595
2120 -1.593
2121 -1.592
2122 -1.593
2123 -1.593
2124 -1.591
2125 -1.585
2126 -1.574
2127 -1.569
2128 -1.563
2129 -1.566
2130 -1.577
2131 -1.585
2132 -1.593
2133 -1.599
2134 -1.603
2135 -1.607
2136 -1.613
2137 -1.62
2138 -1.627
2139 -1.635
2140 -1.643
2141 -1.647
2142 -1.648
2143 -1.651
2144 -1.655
2145 -1.659
2146 -1.659
2147 -1.663
2148 -1.663
2149 -1.662
2150 -1.663
2151 -1.662
2152 -1.663
2153 -1.665
2154 -1.665
2155 -1.668
2156 -1.67
2157 -1.673
2158 -1.677
2159 -1.678
2160 -1.685
2161 -1.693
2162 -1.698
2163 -1.702
2164 -1.708
2165 -1.714
2166 -1.721
2167 -1.723
2168 -1.726
2169 -1.73
2170 -1.736
2171 -1.739
2172 -1.738
2173 -1.74
2174 -1.74
2175 -1.742
2176 -1.74
2177 -1.74
2178 -1.742
2179 -1.743
2180 -1.744
2181 -1.744
2182 -1.746
2183 -1.746
2184 -1.748
2185 -1.748
2186 -1.748
2187 -1.751
2188 -1.752
2189 -1.75
2190 -1.751
2191 -1.754
2192 -1.754
2193 -1.754
2194 -1.754
2195 -1.754
2196 -1.755
2197 -1.756
2198 -1.758
2199 -1.758
2200 -1.76
2201 -1.762
2202 -1.762
2203 -1.762
2204 -1.762
2205 -1.763
2206 -1.764
2207 -1.765
2208 -1.764
2209 -1.766
2210 -1.768
2211 -1.767
2212 -1.768
2213 -1.77
2214 -1.77
2215 -1.771
2216 -1.77
2217 -1.771
2218 -1.77
2219 -1.77
2220 -1.77
2221 -1.766
2222 -1.764
2223 -1.766
2224 -1.768
2225 -1.767
2226 -1.766
2227 -1.766
2228 -1.767
2229 -1.768
2230 -1.768
2231 -1.768
2232 -1.77
2233 -1.773
2234 -1.772
2235 -1.772
2236 -1.773
2237 -1.771
2238 -1.768
2239 -1.768
2240 -1.769
2241 -1.77
2242 -1.771
2243 -1.773
2244 -1.77
2245 -1.767
2246 -1.767
2247 -1.77
2248 -1.77
2249 -1.768
2250 -1.77
2251 -1.77
2252 -1.771
2253 -1.77
2254 -1.766
2255 -1.765
2256 -1.763
2257 -1.755
2258 -1.75
2259 -1.747
2260 -1.739
2261 -1.737
2262 -1.73
2263 -1.724
2264 -1.718
2265 -1.716
2266 -1.718
2267 -1.712
2268 -1.704
2269 -1.696
2270 -1.695
2271 -1.686
2272 -1.671
2273 -1.653
2274 -1.627
2275 -1.607
2276 -1.587
2277 -1.565
2278 -1.548
2279 -1.526
2280 -1.481
2281 -1.433
2282 -1.391
2283 -1.348
2284 -1.319
2285 -1.293
2286 -1.25
2287 -1.199
2288 -1.171
2289 -1.191
2290 -1.206
2291 -1.213
2292 -1.254
2293 -1.31
2294 -1.389
2295 -1.484
2296 -1.546
2297 -1.583
2298 -1.626
2299 -1.667
2300 -1.689
2301 -1.714
2302 -1.76
2303 -1.772
2304 -1.745
2305 -1.738
2306 -1.769
2307 -1.8
2308 -1.813
2309 -1.821
2310 -1.843
2311 -1.865
2312 -1.877
2313 -1.901
2314 -1.911
2315 -1.91
2316 -1.911
2317 -1.913
2318 -1.922
2319 -1.924
2320 -1.915
2321 -1.903
2322 -1.899
2323 -1.893
2324 -1.883
2325 -1.875
2326 -1.867
2327 -1.855
2328 -1.841
2329 -1.834
2330 -1.827
2331 -1.819
2332 -1.815
2333 -1.81
2334 -1.801
2335 -1.794
2336 -1.789
2337 -1.784
2338 -1.782
2339 -1.78
2340 -1.78
2341 -1.781
2342 -1.781
2343 -1.782
2344 -1.784
2345 -1.783
2346 -1.782
2347 -1.782
2348 -1.784
2349 -1.785
2350 -1.787
2351 -1.79
2352 -1.79
2353 -1.787
2354 -1.788
2355 -1.79
2356 -1.792
2357 -1.793
2358 -1.791
2359 -1.79
2360 -1.788
2361 -1.787
2362 -1.784
2363 -1.784
2364 -1.788
2365 -1.789
2366 -1.79
2367 -1.79
2368 -1.786
2369 -1.782
2370 -1.784
2371 -1.783
2372 -1.782
2373 -1.784
2374 -1.786
2375 -1.789
2376 -1.79
2377 -1.79
2378 -1.789
2379 -1.792
2380 -1.794
2381 -1.794
2382 -1.792
2383 -1.792
2384 -1.791
2385 -1.792
2386 -1.794
2387 -1.794
2388 -1.794
2389 -1.796
2390 -1.796
2391 -1.794
2392 -1.793
2393 -1.793
2394 -1.792
2395 -1.79
2396 -1.789
2397 -1.789
2398 -1.789
2399 -1.788
2400 -1.788
2401 -1.786
2402 -1.788
2403 -1.79
2404 -1.79
2405 -1.79
2406 -1.79
2407 -1.792
2408 -1.79
2409 -1.791
2410 -1.793
2411 -1.793
2412 -1.793
2413 -1.793
2414 -1.792
2415 -1.792
2416 -1.794
2417 -1.791
2418 -1.793
2419 -1.794
2420 -1.794
2421 -1.793
2422 -1.793
2423 -1.792
2424 -1.79
2425 -1.79
2426 -1.79
2427 -1.79
2428 -1.792
2429 -1.792
2430 -1.792
2431 -1.792
2432 -1.792
2433 -1.792
2434 -1.792
2435 -1.79
2436 -1.792
2437 -1.792
2438 -1.792
2439 -1.794
2440 -1.792
2441 -1.793
2442 -1.791
2443 -1.788
2444 -1.786
2445 -1.784
2446 -1.783
2447 -1.781
2448 -1.78
2449 -1.782
2450 -1.782
2451 -1.782
2452 -1.781
2453 -1.782
2454 -1.782
2455 -1.782
2456 -1.782
2457 -1.781
2458 -1.78
2459 -1.78
2460 -1.778
2461 -1.778
2462 -1.778
2463 -1.777
2464 -1.777
2465 -1.778
2466 -1.777
2467 -1.777
2468 -1.776
2469 -1.773
2470 -1.772
2471 -1.773
2472 -1.772
2473 -1.772
2474 -1.769
2475 -1.768
2476 -1.77
2477 -1.771
2478 -1.77
2479 -1.768
2480 -1.766
2481 -1.766
2482 -1.766
2483 -1.764
2484 -1.764
2485 -1.763
2486 -1.762
2487 -1.762
2488 -1.762
2489 -1.76
2490 -1.761
2491 -1.761
2492 -1.76
2493 -1.759
2494 -1.758
2495 -1.756
2496 -1.755
2497 -1.753
2498 -1.752
2499 -1.751
