0
1
2506
-3 -0.017142124999554566
-2 -0.10669367852045546
-1 -0.3155458453242179
0 -1.9379273705419995
1 -2.1392510771155533
2 -2.2227086137472596
3 -2.236125116223555
4 -2.2330493971536267
5 -2.2324243569454847
6 -2.2319824827710653
7 -2.2297149699429997
8 -2.229847457114934
9 -2.2324116872300377
10 -2.234991482069322
11 -2.2350799319845978
12 -2.233548338652804
13 -2.2296991671259674
14 -2.228963708766095
15 -2.2266930628364436
16 -2.2279561733208255
17 -2.2314645903039647
18 -2.230779111576628
19 -2.2316855273911744
20 -2.229351770977141
21 -2.2278799169352923
22 -2.228802871321482
23 -2.223514287925216
24 -2.2104532643438684
25 -2.2020505923786815
26 -2.2040977665650425
27 -2.2050167513112893
28 -2.2039267940610627
29 -2.202635449137054
30 -2.202430314866877
31 -2.2015806060244354
32 -2.2040310467933706
33 -2.206361670105818
34 -2.205174339821265
35 -2.2025752336614057
36 -2.199963833188057
37 -2.2013885018223567
38 -2.198635077563212
39 -2.1948106319724596
40 -2.1932981118683887
41 -2.1950543738344823
42 -2.194628064384242
43 -2.189856298823869
44 -2.1890136927229555
45 -2.187438062134503
46 -2.185296770275201
47 -2.1885211396867486
48 -2.188840063303095
49 -2.1890641334918906
50 -2.1893671169821
51 -2.1899858909870704
52 -2.19474788184073
53 -2.195117246226012
54 -2.1946531657222836
55 -2.1904977402945476
56 -2.185299903376787
57 -2.184637092115157
58 -2.185521438909501
59 -2.1855592099629892
60 -2.1854707600477137
61 -2.184283429763161
62 -2.184128736261918
63 -2.184037153245057
64 -2.1838413174958884
65 -2.1832416167186413
66 -2.1801156949726295
67 -2.1748167384241466
68 -2.1718959509483122
69 -2.1734753130838547
70 -2.172246840551376
71 -2.170999294791174
72 -2.1707530182730705
73 -2.1704218003432345
74 -2.1698566002087842
75 -2.165185954279133
76 -2.165622023386782
77 -2.165123442240256
78 -2.1625307395926727
79 -2.1609582421058056
80 -2.1597046682352854
81 -2.160904668235285
82 -2.1624422896773976
83 -2.1640021174488178
84 -2.1661938500770552
85 -2.1638854330939155
86 -2.161374776849332
87 -2.1609960131592936
88 -2.1616058489959076
89 -2.1598628551907653
90 -2.1549112947911078
91 -2.1533261275887936
92 -2.1543778375998275
93 -2.156657782050488
94 -2.1565535293181806
95 -2.1538568120311417
96 -2.1508887168879585
97 -2.1481793298854734
98 -2.1479961638517517
99 -2.1500805106460956
100 -2.149910014327821
101 -2.1472542011958553
102 -2.144336546821607
103 -2.1424737355599777
104 -2.1407938522392174
105 -2.1392940018505935
106 -2.138946605701768
107 -2.1376518895833216
108 -2.138163738890798
109 -2.1352965252854847
110 -2.1311788709112363
111 -2.129180063974129
112 -2.1265119565286748
113 -2.1280595757210476
114 -2.124718283861746
115 -2.124484677059089
116 -2.126300779098874
117 -2.1230099280085066
118 -2.123420657685261
119 -2.1213464459502833
120 -2.1157698453424842
121 -2.1110996605492325
122 -2.106887290056538
123 -2.107215973330293
124 -2.1066920527528743
125 -2.104048909336356
126 -2.101538253091772
127 -2.101456206688773
128 -2.1045449558268006
129 -2.1033322861113537
130 -2.0998552366694265
131 -2.0995711890978352
132 -2.100660908255209
133 -2.101863803263942
134 -2.1008689375341194
135 -2.101485039573904
136 -2.098722078700898
137 -2.094866265568933
138 -2.0942570281778243
139 -2.0939004708170947
140 -2.093553074668269
141 -2.0911023958064816
142 -2.090502695029234
143 -2.0895936072495007
144 -2.0842883844978473
145 -2.080748823017043
146 -2.0772821467273337
147 -2.073195621801445
148 -2.071588385578928
149 -2.0740552276104
150 -2.070038454774022
151 -2.064480551991988
152 -2.060767599184176
153 -2.0571333215849252
154 -2.0525355457970647
155 -2.0488476943272937
156 -2.045033621888759
157 -2.0384148478837885
158 -2.035579001819687
159 -2.0376602155124455
160 -2.0409540989206514
161 -2.0397065531604492
162 -2.035001269278895
163 -2.0343727205672106
164 -2.033668904366761
165 -2.0339733228408314
166 -2.0222292217072377
167 -2.008937263288419
168 -2.014389077911315
169 -2.0191512060740804
170 -2.0180259116427
171 -2.0214774843446284
172 -2.0205272693662746
173 -2.0202619196204483
174 -2.017966172352756
175 -2.0179535026373094
176 -2.0201956760344815
177 -2.0203472364341386
178 -2.0201576668881405
179 -2.01770409301762
180 -2.017237117505159
181 -2.0160684850463713
182 -2.0153830063190346
183 -2.0209411321446145
184 -2.0203063322790644
185 -2.019440683310486
186 -2.01974053369911
187 -2.022260726557555
188 -2.025487990977836
189 -2.020994244878736
190 -2.019860949601102
191 -2.0145908409870557
192 -2.0116634119060937
193 -2.0122228069737726
194 -2.01196362264737
195 -2.010356386424853
196 -2.0090465667186255
197 -2.001294036299622
198 -1.9958372531483108
199 -1.9970631910247092
200 -1.9965897112162252
201 -1.9939874719547803
202 -1.9914612509860166
203 -1.991435911555123
204 -1.993791636205612
205 -1.9958604182757762
206 -1.9932993212622572
207 -1.9876685483384338
208 -1.989705587465428
209 -1.9932708487297783
210 -1.994451912811161
211 -1.992727854924636
212 -1.9856099013276356
213 -1.9849628928830385
214 -1.987059909392829
215 -1.9874701779331845
216 -1.989731287248974
217 -1.9879280930174887
218 -1.988571831051395
219 -1.9929706379885022
220 -1.9997441054947156
221 -2.0032741303616586
222 -2.0044452974765274
223 -2.007640834002943
224 -2.0111775004750148
225 -2.0170190754266817
226 -2.0209722766422797
227 -2.0268391910248407
228 -2.03053368409974
229 -2.0341584250851295
230 -2.037934726470176
231 -2.0438460535113534
232 -2.0496058201528737
233 -2.051139948140748
234 -2.054815367987924
235 -2.0610423482347584
236 -2.0678247539093286
237 -2.076789355598274
238 -2.0835339902193564
239 -2.088863715863547
240 -2.0937582089384463
241 -2.098267534811032
242 -2.099672308728557
243 -2.1034517432151887
244 -2.1107713376281296
245 -2.1181667122408996
246 -2.123067233426117
247 -2.124497346774536
248 -2.1279547245432355
249 -2.1326502487673813
250 -2.139139668702003
251 -2.1399729762819075
252 -2.1383811825237706
253 -2.141097073822279
254 -2.143644902674846
255 -2.1508222352091386
256 -2.1588210421462457
257 -2.1599764064440823
258 -2.159486626156808
259 -2.1601750149421837
260 -2.1645136064036423
261 -2.1701628541096847
262 -2.1744763442331014
263 -2.174359061432694
264 -2.1753755350463204
265 -2.180990144800459
266 -2.18701815619654
267 -2.1919184392889046
268 -2.19527507282884
269 -2.1979751613103162
270 -2.1963453584058388
271 -2.196945059183086
272 -2.201947298444531
273 -2.2049787421649483
274 -2.2057898434155443
275 -2.206623150995449
276 -2.2106463273441035
277 -2.214543044631142
278 -2.2139649517376983
279 -2.2140121220959426
280 -2.212976352211047
281 -2.2147513120029054
282 -2.2130276295183386
283 -2.2079683078828305
284 -2.2041695771249286
285 -2.207785978387465
286 -2.2054079466239216
287 -2.202714124345616
288 -2.201779935227842
289 -2.1977885018223566
290 -2.1958781448005253
291 -2.194195366471032
292 -2.19289424684031
293 -2.1931025142120726
294 -2.195732987913144
295 -2.1984297052001827
296 -2.198896918805496
297 -2.1991112142875777
298 -2.198959791197026
299 -2.200018603949587
300 -2.192348119933582
301 -2.1839446114300394
302 -2.187608558452778
303 -2.1909246481902915
304 -2.189127243976272
305 -2.188312273869481
306 -2.1900143635195493
307 -2.1951868610064165
308 -2.198246539166461
309 -2.1987293174959546
310 -2.198546389555085
311 -2.1968287351808367
312 -2.1928150954460435
313 -2.1907186773817573
314 -2.1886729381792582
315 -2.1849116030728872
316 -2.183695800255855
317 -2.1878425256080867
318 -2.1868729993091582
319 -2.184677758177378
320 -2.184529706281264
321 -2.1864878321068444
322 -2.1844507929798502
323 -2.1844948302365084
324 -2.1857423759967105
325 -2.187059060351613
326 -2.187201084137409
327 -2.1870843997825067
328 -2.1859002025995387
329 -2.185000052988163
330 -2.187529407058512
331 -2.1901947568043383
332 -2.191580817846793
333 -2.1896353617366597
334 -2.1905259747341743
335 -2.190235660959412
336 -2.1885684473540983
337 -2.1855623430645745
338 -2.1815740427606753
339 -2.1809239012144928
340 -2.180715633842729
341 -2.1799984121722225
342 -2.1827993821915688
343 -2.1869297062812643
344 -2.189022991243965
345 -2.1918270943648963
346 -2.1923985607025176
347 -2.1929982614797647
348 -2.195811901214558
349 -2.1987675647351472
350 -2.20067128015185
351 -2.202348030371025
352 -2.2046566854470164
353 -2.202714362438468
354 -2.201921360568133
355 -2.2054490888718474
356 -2.2079657732267495
357 -2.206149671186965
358 -2.2070814264324055
359 -2.206074129079989
360 -2.206323300606825
361 -2.2087074977897934
362 -2.2097718775162734
363 -2.2081487011676186
364 -2.203011079725507
365 -2.200870249002604
366 -2.198085457202248
367 -2.1987075873523505
368 -2.196758998140632
369 -2.1991999022957054
370 -2.2017641324108097
371 -2.202048179982401
372 -2.201896619582744
373 -2.1995092892981907
374 -2.1991083192788445
375 -2.198726660580074
376 -2.19741600433549
377 -2.195432539079016
378 -2.19880846889022
379 -2.201110857763042
380 -2.199067415123771
381 -2.197102885785914
382 -2.199705125047359
383 -2.2046313460161224
384 -2.2052247805902003
385 -2.205205707362477
386 -2.2028563862242643
387 -2.2025723386526725
388 -2.2025976780835657
389 -2.203001543111646
390 -2.20565735624361
391 -2.2083289721926076
392 -2.2080158536430328
393 -2.2099702479215226
394 -2.2151934242701774
395 -2.218240432714775
396 -2.2186823068891943
397 -2.21846450290357
398 -2.2157773222303927
399 -2.2138387307689347
400 -2.2109084066792395
401 -2.2082874695920296
402 -2.2091654128740967
403 -2.2094716667749967
404 -2.211937910360964
405 -2.212367114819937
406 -2.2126765018224224
407 -2.214792454250831
408 -2.2127398503996565
409 -2.212761681327007
410 -2.2131312838051413
411 -2.2167975273911087
412 -2.217574127998907
413 -2.2194147329312286
414 -2.222316822581297
415 -2.2251431320315374
416 -2.2257866319725914
417 -2.2260897527719057
418 -2.22958946967954
419 -2.2221307615388426
420 -2.214583228080911
421 -2.214242711630066
422 -2.2194276407395277
423 -2.22523134385396
424 -2.2304732180283797
425 -2.2286729188056276
426 -2.226146697836864
427 -2.2254587852371928
428 -2.2229798719357787
429 -2.222840743158716
430 -2.2239558017469836
431 -2.2251335954176756
432 -2.2233457278175175
433 -2.22557233649051
434 -2.2276220453329505
435 -2.2234088383018995
436 -2.2240756192034716
437 -2.2247579648292226
438 -2.2205007205415126
439 -2.223273679164779
440 -2.221950728606706
441 -2.2194369392605373
442 -2.218922417987874
443 -2.2167119875338717
444 -2.2189350877033203
445 -2.2195538617082913
446 -2.2223703964518173
447 -2.22509245316975
448 -2.2255314323354365
449 -2.2258404439359643
450 -2.225281424270243
451 -2.2307101960254743
452 -2.228865859546063
453 -2.226891555501493
454 -2.2291152691657516
455 -2.231527938881199
456 -2.2300399216696647
457 -2.2326355193259806
458 -2.2360054210268676
459 -2.2346916316806986
460 -2.229844324013349
461 -2.2282340554729934
462 -2.228451859458618
463 -2.2323327739286243
464 -2.2362294912156626
465 -2.2356416236155052
466 -2.235484035105529
467 -2.23499485326376
468 -2.230649397153626
469 -2.232897836753969
470 -2.2357587841561113
471 -2.238777558161083
472 -2.2415750196768847
473 -2.240052501822554
474 -2.2439940929046087
475 -2.241076200437508
476 -2.2332384905139198
477 -2.2309062698674946
478 -2.2210409201216685
479 -2.2176774219330584
480 -2.2279252669160123
481 -2.2317268069482057
482 -2.2350450559398425
483 -2.2358786016125993
484 -2.2366580972291312
485 -2.2413069122314315
486 -2.242377558161082
487 -2.2369170434626815
488 -2.236541650967081
489 -2.2386671400093507
490 -2.2381519195074366
491 -2.2415465471444067
492 -2.241395362146707
493 -2.2385626491841912
494 -2.233478601612599
495 -2.232673766565174
496 -2.2322950028751363
497 -2.2312243569454853
498 -2.2323768111852833
499 -2.2326168215002156
500 -2.2346031817654226
501 -2.2320833643089353
502 -2.2292097471913457
503 -2.2264847954646805
504 -2.2263427716788846
505 -2.2278930628364435
506 -2.2308864974105207
507 -2.2348747977144203
508 -2.235562948406943
509 -2.2360332951138417
510 -2.2375458152179126
511 -2.23915632185112
512 -2.2417141484539482
513 -2.241164290000131
514 -2.2425189835013737
515 -2.24461913311275
516 -2.242203330295718
517 -2.2402425325049515
518 -2.2360586345447357
519 -2.232998718291839
520 -2.2320484882641805
521 -2.2297784407800343
522 -2.224782828074412
523 -2.216074039517431
524 -2.209961309753166
525 -2.1998724882640484
526 -2.1931687577980394
527 -2.188909439990648
528 -2.183772178901188
529 -2.1785305277703153
530 -2.170462344145656
531 -2.1679649560620233
532 -2.1670020563189176
533 -2.1640652279332
534 -2.162587806917431
535 -2.155366199033627
536 -2.1476836437476803
537 -2.1411601843066603
538 -2.1352708255019386
539 -2.133875588198275
540 -2.1323667996412943
541 -2.1244593376281955
542 -2.1184690972856037
543 -2.11668290276216
544 -2.1121262692222245
545 -2.1060407143156823
546 -2.1077243291835326
547 -2.1099253603327783
548 -2.108917586794657
549 -2.1090538055136814
550 -2.1031491200776324
551 -2.094632658766277
552 -2.0883301364124667
553 -2.084758969297598
554 -2.0837551653994186
555 -2.0819079188619694
556 -2.078102546498939
557 -2.0773383775137346
558 -2.076160944195695
559 -2.071721593456167
560 -2.0596593044608364
561 -2.0446795991841102
562 -2.032283059941105
563 -2.024035081477161
564 -2.0267980423501673
565 -2.0382603924753977
566 -2.052077868805613
567 -2.065687553949769
568 -2.074367747714471
569 -2.077723422456249
570 -2.088904735851673
571 -2.1043363281023857
572 -2.120316704175706
573 -2.135675411235323
574 -2.1455715451261623
575 -2.150004492353414
576 -2.1517344560904568
577 -2.1574153094305637
578 -2.1629478727817033
579 -2.164940276206534
580 -2.1645038316969285
581 -2.165015457960859
582 -2.1703906558455692
583 -2.167349214374892
584 -2.16499325163155
585 -2.1666644348768056
586 -2.1645611521638446
587 -2.16483879622316
588 -2.1676651056733993
589 -2.1709583906361005
590 -2.1754392439762062
591 -2.179048420237416
592 -2.182161311915328
593 -2.190248208415058
594 -2.202329195236154
595 -2.21279005307574
596 -2.2266715772124397
597 -2.2314329846699006
598 -2.2334152530353646
599 -2.2393835251415006
600 -2.245616908900611
601 -2.251821444725284
602 -2.2556988657410524
603 -2.2601575127518507
604 -2.2622383660919567
605 -2.2640507365846516
606 -2.265781298767199
607 -2.2676345734149668
608 -2.269661614791701
609 -2.2745627344224233
610 -2.274976374157216
611 -2.2729865053884657
612 -2.2730371842502533
613 -2.275304697078319
614 -2.2756140840808046
615 -2.2759297372864604
616 -2.2765040986328144
617 -2.279365046034957
618 -2.2840578982939164
619 -2.2822322596402707
620 -2.2801225734150328
621 -2.2821060386715066
622 -2.28212511189923
623 -2.2818975332068914
624 -2.279403055181297
625 -2.278863194477741
626 -2.2765263049621227
627 -2.277388445427158
628 -2.278168777582047
629 -2.2756296488049843
630 -2.2728666879319785
631 -2.2721280964705204
632 -2.2695829395831395
633 -2.269339796166621
634 -2.269481819952417
635 -2.2708742845071477
636 -2.27311645790432
637 -2.271875553749246
638 -2.269301787020281
639 -2.2669144567357273
640 -2.2689610324765837
641 -2.2702368126764116
642 -2.269519591005905
643 -2.2708618528845532
644 -2.272440616574591
645 -2.2733719106836325
646 -2.2786169179596376
647 -2.2809153371925164
648 -2.2847584806090344
649 -2.285766016054304
650 -2.2801067705980005
651 -2.2793304080830543
652 -2.2787716114608805
653 -2.276235753094508
654 -2.2773259333882807
655 -2.271082789971763
656 -2.266042541563978
657 -2.268455809724929
658 -2.2677709294430968
659 -2.2634003569456165
660 -2.2565986549997765
661 -2.253084432949866
662 -2.251284732172618
663 -2.2511424702939697
664 -2.2523393371923843
665 -2.253552006907831
666 -2.2527181008824226
667 -2.2529926118401526
668 -2.2552978957217067
669 -2.2561793475073175
670 -2.253438217561662
671 -2.24759604416449
672 -2.2492447829875855
673 -2.2502806901815866
674 -2.250084854432418
675 -2.248357663444308
676 -2.243377630512172
677 -2.2424938821633327
678 -2.2418408456084165
679 -2.2387045507101866
680 -2.239562959628133
681 -2.2482251762723737
682 -2.253577468598525
683 -2.251685586358912
684 -2.2487871059961333
685 -2.2439426933375164
686 -2.2436519033770495
687 -2.2489647265319888
688 -2.2426622041781785
689 -2.2252364131661215
690 -2.218334190035064
691 -2.22033792541027
692 -2.214173817554966
693 -2.203301155407417
694 -2.19626957820601
695 -2.1905357494408877
696 -2.1839455702281962
697 -2.1772104722209753
698 -2.1703209188053645
699 -2.161712874477148
700 -2.1559813422752545
701 -2.1570618851714194
702 -2.156957992791764
703 -2.1495970180380457
704 -2.1395715300768567
705 -2.1259310758369927
706 -2.107752447790107
707 -2.0850682404670313
708 -2.0619426201059343
709 -2.030681497903002
710 -1.9996612225533597
711 -1.9729459602951755
712 -1.9343585012904274
713 -1.8983047263486226
714 -1.8622183468842812
715 -1.8022391001116747
716 -1.7281581921281557
717 -1.6473751195448476
718 -1.5657968807794802
719 -1.4991863125462563
720 -1.4585385905824704
721 -1.4046652846681906
722 -1.331889722662451
723 -1.2741211265256023
724 -1.2637692783875414
725 -1.3010435128280575
726 -1.3214958592127488
727 -1.3583170620661
728 -1.4386596525067428
729 -1.5434567134600983
730 -1.6797479205190526
731 -1.7889691920987962
732 -1.8652465667110716
733 -1.9396946218243365
734 -2.0003867653324563
735 -2.0377980014668355
736 -2.0676912235739433
737 -2.1228477441762648
738 -2.1398193602736653
739 -2.107889897063708
740 -2.096671631242056
741 -2.131318231354404
742 -2.1789255668981333
743 -2.1956608384766585
744 -2.2084650936928423
745 -2.242910770832763
746 -2.2834082329334384
747 -2.3134476715098304
748 -2.3497095829410406
749 -2.3820570531069096
750 -2.4023320992180817
751 -2.4126347335768275
752 -2.416546071839195
753 -2.4301781863562057
754 -2.4408107374050756
755 -2.4410190047768383
756 -2.431728477513765
757 -2.419151206109373
758 -2.4139456279142637
759 -2.401672298798237
760 -2.3810141590044327
761 -2.3625205920304473
762 -2.343988777817269
763 -2.3238428627328998
764 -2.310149057666062
765 -2.292990411736346
766 -2.2776470313080566
767 -2.2692893553976856
768 -2.260542918047017
769 -2.2516918525620824
770 -2.2402362663017805
771 -2.2281555025242312
772 -2.2120766787853747
773 -2.2010248202440463
774 -2.1956286129210363
775 -2.1954838163863073
776 -2.1946407340996887
777 -2.189581787866139
778 -2.1874916360050234
779 -2.184804455331846
780 -2.1846621934531982
781 -2.1867338705320956
782 -2.1864182173264393
783 -2.18347546161415
784 -2.1784794885558756
785 -2.1762563883864265
786 -2.182856687609179
787 -2.1836143522983607
788 -2.1840400482537903
789 -2.1842045164617465
790 -2.1852244835296104
791 -2.184021350428025
792 -2.18349102633833
793 -2.1806773866035365
794 -2.1776523463953947
795 -2.176430976604444
796 -2.1711824608248955
797 -2.167219261859038
798 -2.169515845665087
799 -2.1666990728287083
800 -2.161646154705476
801 -2.1606048178466613
802 -2.1587322318783175
803 -2.154971272173905
804 -2.156234843794686
805 -2.151586404194343
806 -2.151150558130242
807 -2.1519815691469177
808 -2.1509927315274138
809 -2.1510685117272423
810 -2.153064646699163
811 -2.1508758090796594
812 -2.149502417752651
813 -2.151024935606982
814 -2.14563393490524
815 -2.147450036945024
816 -2.149341919184637
817 -2.145148023474161
818 -2.1470426634134014
819 -2.1453058500769893
820 -2.149720444781823
821 -2.1497775271558863
822 -2.1472795406267493
823 -2.14466486974271
824 -2.1434617366411244
825 -2.1466420687960137
826 -2.14687567559867
827 -2.1451571846860644
828 -2.1477089831785743
829 -2.1514890161107103
830 -2.151276779099005
831 -2.1539483950480025
832 -2.1564019689185225
833 -2.1544249071743256
834 -2.1557769287103814
835 -2.1505068200963353
836 -2.145094074201683
837 -2.143086106052672
838 -2.143411656224842
839 -2.1414950329998397
840 -2.1370553219076593
841 -2.1314691846859986
842 -2.128248546821541
843 -2.1284985548867343
844 -2.126126789326361
845 -2.125175960853198
846 -2.128589899810743
847 -2.1299443552191337
848 -2.128766561548442
849 -2.128046906005601
850 -2.1222960775324378
851 -2.1228963767551896
852 -2.1256348347356586
853 -2.121109107600537
854 -2.1192776638801187
855 -2.1183247769365794
856 -2.1144689638046144
857 -2.112049652484039
858 -2.114102631737171
859 -2.11706202680485
860 -2.112555235588345
861 -2.1089203595435904
862 -2.1114632198677428
863 -2.1099475666620866
864 -2.1062242407020557
865 -2.1046390734997424
866 -2.1044245399248087
867 -2.106278413018081
868 -2.1038657433026344
869 -2.1012888434720836
870 -2.1008976481594512
871 -2.1008723087285577
872 -2.1011436865847024
873 -2.103477442998735
874 -2.1036448062154247
875 -2.102592858111539
876 -2.10232788376767
877 -2.1027483881511384
878 -2.098017764838691
879 -2.0957027062504228
880 -2.0990979473822033
881 -2.102776622590765
882 -2.101114975959371
883 -2.1027354803428393
884 -2.0996222283122745
885 -2.092181979904489
886 -2.090909931251751
887 -2.0898369887588713
888 -2.0858264821256634
889 -2.0822229736221205
890 -2.08340114269477
891 -2.089009709289285
892 -2.0874114112351254
893 -2.0874332421624757
894 -2.0872471811200213
895 -2.086789504128569
896 -2.0847777893831627
897 -2.078929948228325
898 -2.075125873540051
899 -2.061897862143971
900 -2.0533180522553813
901 -2.053956959069979
902 -2.0532749737968796
903 -2.0504388896399264
904 -2.04718048072198
905 -2.0437325022580364
906 -2.0385188625232433
907 -2.037805372399827
908 -2.038402538520993
909 -2.036890018416923
910 -2.0342119989556497
911 -2.0316288329219283
912 -2.033037698739196
913 -2.030938147573324
914 -2.02418024479129
915 -2.0182913621722736
916 -2.0158855571055017
917 -2.013169903899846
918 -2.0139971683201265
919 -2.014044475987476
920 -2.0148657122974383
921 -2.013214301509157
922 -2.0083131818784343
923 -2.0075239115551886
924 -2.006788590504422
925 -2.0047330765952087
926 -1.9993805461762055
927 -1.9952375523710633
928 -1.9956042447911593
929 -1.995222347999536
930 -1.9937918742984642
931 -1.9914641459947497
932 -1.9914043059210587
933 -1.9952543139862524
934 -1.990662581358015
935 -1.9869423884995703
936 -1.9876469404546298
937 -1.988644838502291
938 -1.9892197982941495
939 -1.9849883545737317
940 -1.9783160066982406
941 -1.9758470911470873
942 -1.9729231705696684
943 -1.9724588519730881
944 -1.9721558684828788
945 -1.9716759851621188
946 -1.9688876848582193
947 -1.965982700199418
948 -1.9643439591265834
949 -1.9632606434814857
950 -1.9656448406644533
951 -1.9680797167092088
952 -1.9672613754079793
953 -1.9662414083401158
954 -1.9681744328276547
955 -1.9661909675711808
956 -1.9663738955120502
957 -1.9695542276669389
958 -1.96832575513446
959 -1.9655532576475927
960 -1.9626260666594828
961 -1.9599513176089005
962 -1.961360183426168
963 -1.959352215277157
964 -1.952932172030088
965 -1.9487416324647437
966 -1.9490991636729358
967 -1.950577406177756
968 -1.9448928212905594
969 -1.9433738976742128
970 -1.945313325674028
971 -1.945518459944206
972 -1.945745425141734
973 -1.9458463066796041
974 -1.9474196407048279
975 -1.9441957324296797
976 -1.9347722568582726
977 -1.935116981041912
978 -1.938398194734671
979 -1.9388462343285144
980 -1.9407823919176386
981 -1.936417862579782
982 -1.9344470670387552
983 -1.9410571409682214
984 -1.941792599328094
985 -1.941353021716903
986 -1.9439079533109975
987 -1.9456353823919603
988 -1.9476084744962157
989 -1.9499198015373933
990 -1.9564405890132268
991 -1.95880235682334
992 -1.9618022956934402
993 -1.9628092326932043
994 -1.9644160077793225
995 -1.974663254316772
996 -1.979942676501133
997 -1.9836714321259779
998 -1.986838734212767
999 -1.9878365100006277
1000 -1.9911518639835313
1001 -1.9951430743454692
1002 -2.0037476101701426
1003 -2.010498648303501
1004 -2.017916091936473
1005 -2.021079662476173
1006 -2.025534577939881
1007 -2.0355004488709256
1008 -2.044443219632521
1009 -2.0497507389474023
1010 -2.051490239298307
1011 -2.057111115255617
1012 -2.0608560490994514
1013 -2.065639647836915
1014 -2.070300534109158
1015 -2.0737674484917186
1016 -2.076135482505002
1017 -2.080565895076173
1018 -2.084200172675424
1019 -2.0881818464235002
1020 -2.095614854780652
1021 -2.101222123700412
1022 -2.1100234691217157
1023 -2.112193471606349
1024 -2.1005430270092975
1025 -2.1010323096348142
1026 -2.113414957230353
1027 -2.122515078409071
1028 -2.127105376053447
1029 -2.131077513187662
1030 -2.136625879355834
1031 -2.13963222173821
1032 -2.1392055519353184
1033 -2.1389713466871565
1034 -2.144295642666534
1035 -2.1507597231702613
1036 -2.150831771823
1037 -2.152596834648345
1038 -2.154548333918102
1039 -2.157882523035877
1040 -2.1632477231703273
1041 -2.1661276064910875
1042 -2.1644851338711635
1043 -2.1647881173613728
1044 -2.16732411303685
1045 -2.1698154579608584
1046 -2.16888394080827
1047 -2.1685301411471682
1048 -2.165040797391752
1049 -2.166560182144498
1050 -2.164210861006285
1051 -2.162363016023331
1052 -2.166376655758124
1053 -2.171962554886932
1054 -2.1762317696608378
1055 -2.1775138160638368
1056 -2.172963225683526
1057 -2.171248704410863
1058 -2.170841706281198
1059 -2.170724783833444
1060 -2.170737453548891
1061 -2.170895280151719
1062 -2.171299145179798
1063 -2.173797131708935
1064 -2.1760268734835124
1065 -2.172966358785111
1066 -2.171974626156874
1067 -2.1761184565003733
1068 -2.175101384441242
1069 -2.1719590614326947
1070 -2.1741443905486553
1071 -2.1748484813673157
1072 -2.179651376376049
1073 -2.1800209788541833
1074 -2.178893488643321
1075 -2.1767838024180834
1076 -2.1780691192317736
1077 -2.182436781671216
1078 -2.180336393966987
1079 -2.177639676679948
1080 -2.176680386224133
1081 -2.17196219453428
1082 -2.171779028500558
1083 -2.175897519413163
1084 -2.1738380358640086
1085 -2.1714380358640084
1086 -2.1728027271155117
1087 -2.167971121481447
1088 -2.166885133871163
1089 -2.1636267249532173
1090 -2.1584919985198385
1091 -2.1578858942303145
1092 -2.1579585413285582
1093 -2.1604216518129395
1094 -2.16193417191701
1095 -2.161501235910948
1096 -2.1642955643251653
1097 -2.16711247447065
1098 -2.17032417416675
1099 -2.165656661338684
1100 -2.1614787914887867
1101 -2.160226054156624
1102 -2.157049453548825
1103 -2.1522019077886227
1104 -2.153051616631064
1105 -2.155628516461615
1106 -2.1575953423626997
1107 -2.1606299191847027
1108 -2.163588715806877
1109 -2.164434455009376
1110 -2.1670620337017144
1111 -2.169310473302057
1112 -2.165249064763515
1113 -2.1671725526371928
1114 -2.1673145764229886
1115 -2.166540409687524
1116 -2.1702734953049623
1117 -2.165900403200707
1118 -2.1575858057488384
1119 -2.1494674194480963
1120 -2.148558331668363
1121 -2.1508731521637783
1122 -2.1537401276762393
1123 -2.1555775995069753
1124 -2.157124995655801
1125 -2.15835346818828
1126 -2.1564995950950077
1127 -2.1579616744301426
1128 -2.1609455723903586
1129 -2.164194820096401
1130 -2.169193550854302
1131 -2.1676459316619296
1132 -2.1685932516315503
1133 -2.1672198603045425
1134 -2.165631560000643
1135 -2.164030828074149
1136 -2.161854898262944
1137 -2.1635347815837043
1138 -2.1691240519069495
1139 -2.17428014813128
1140 -2.1804435417080277
1141 -2.185960540334988
1142 -2.187479326642229
1143 -2.182419781963174
1144 -2.184377907788755
1145 -2.1872396917292543
1146 -2.1835794762536054
1147 -2.178621274248819
1148 -2.177860851860011
1149 -2.1791939374774496
1150 -2.174277015029695
1151 -2.1712487044108624
1152 -2.1695659260813693
1153 -2.169370090332201
1154 -2.17042493344482
1155 -2.17047850731534
1156 -2.1694867746871034
1157 -2.1705165164616806
1158 -2.1706363339181682
1159 -2.169849735560109
1160 -2.1729542875151693
1161 -2.1716880439292017
1162 -2.1681447509013076
1163 -2.1678229322762275
1164 -2.1681323192787127
1165 -2.171024634222068
1166 -2.1750633752949016
1167 -2.1767021163677365
1168 -2.176689684745142
1169 -2.174324185387939
1170 -2.1720884155030435
1171 -2.1760300065850977
1172 -2.1739393935875833
1173 -2.171936855103386
1174 -2.174425543111514
1175 -2.177497890987005
1176 -2.180806740673886
1177 -2.1848172473070933
1178 -2.186096160608507
1179 -2.182691996357676
1180 -2.1811888755583615
1181 -2.180165775388912
1182 -2.183607948786084
1183 -2.185091996357676
1184 -2.184321200816649
1185 -2.185316066546471
1186 -2.184242525608087
1187 -2.184248553718405
1188 -2.184384549393883
1189 -2.1865667454082587
1190 -2.184867565816228
1191 -2.1865534772473065
1192 -2.190639764080343
1193 -2.194599591851764
1194 -2.194899442240388
1195 -2.1926194977897273
1196 -2.19132151126059
1197 -2.1913659239192067
1198 -2.194590293330754
1199 -2.1927741912909697
1200 -2.1929602523334246
1201 -2.1951995307218635
1202 -2.195341554507659
1203 -2.194365624696455
1204 -2.1944981118683886
1205 -2.1957580892511857
1206 -2.1977130819751802
1207 -2.195067043549929
1208 -2.190304677294312
1209 -2.189259370795554
1210 -2.1949912633501003
1211 -2.1977384214060742
1212 -2.196017035484736
1213 -2.196193798006181
1214 -2.1968379114420453
1215 -2.2019219590136374
1216 -2.204915393587714
1217 -2.205357267762134
1218 -2.205256386224264
1219 -2.2030395522579855
1220 -2.2031466999990266
1221 -2.205578442942196
1222 -2.207924869071676
1223 -2.206061459364542
1224 -2.2054642932433755
1225 -2.209528373747103
1226 -2.2148524316336275
1227 -2.2176534016529734
1228 -2.2157931250474245
1229 -2.21389170619395
1230 -2.2173025120499097
1231 -2.2205459546891806
1232 -2.2171446854470824
1233 -2.213449832019531
1234 -2.213058398614046
1235 -2.214824197194001
1236 -2.2142180929044764
1237 -2.2074408938511736
1238 -2.2072639940206225
1239 -2.211792753473583
1240 -2.2141864872704122
1241 -2.211912570930071
1242 -2.2075324768680344
1243 -2.209818687521865
1244 -2.2136368669094475
1245 -2.2171639817183517
1246 -2.213052132410875
1247 -2.212682768025593
1248 -2.2124840372676915
1249 -2.2123386422874587
1250 -2.212809587439862
1251 -2.20875817665158
1252 -2.203601243888893
1253 -2.202831284886223
1254 -2.2035231671258364
1255 -2.201567936308989
1256 -2.2029859783874652
1257 -2.2067847091453667
1258 -2.206771578293521
1259 -2.212629792600578
1260 -2.212265995189215
1261 -2.210781486481224
1262 -2.2181717552564733
1263 -2.2134562355318064
1264 -2.213784320360057
1265 -2.220161025579719
1266 -2.2164499081987366
1267 -2.2168124936697837
1268 -2.220466681035114
1269 -2.2231507286067056
1270 -2.2225659941081335
1271 -2.2227713664711635
1272 -2.224887318899572
1273 -2.2229260599724063
1274 -2.223895586271335
1275 -2.2238293426853675
1276 -2.2227051228851966
1277 -2.2234946162519886
1278 -2.2211926027811257
1279 -2.221773828776155
1280 -2.2192949154747414
1281 -2.2178739783875314
1282 -2.2186352373146967
1283 -2.2166613086720846
1284 -2.218893945455395
1285 -2.220116151784703
1286 -2.2190990797255727
1287 -2.218840371584875
1288 -2.2176026005313867
1289 -2.2167306853596367
1290 -2.2193202549056346
1291 -2.223074948406877
1292 -2.222717792600643
1293 -2.2243279238318934
1294 -2.226001540949482
1295 -2.229339461614347
1296 -2.227786037355203
1297 -2.222269038728243
1298 -2.2161529528188453
1299 -2.212759384763779
1300 -2.203459220103097
1301 -2.197617407058577
1302 -2.2000502095836514
1303 -2.1922629404289977
1304 -2.185252119523732
1305 -2.182316365769223
1306 -2.179307726823619
1307 -2.1711162172389282
1308 -2.1642638364313007
1309 -2.16422955883205
1310 -2.1636613629051205
1311 -2.162805848995908
1312 -2.157595580455552
1313 -2.1527794022365625
1314 -2.1547943723433534
1315 -2.1598125366816303
1316 -2.1554801106395964
1317 -2.1463984491937906
1318 -2.133445785293797
1319 -2.1247216550561836
1320 -2.1178289685389875
1321 -2.1120469955681584
1322 -2.1105500401882678
1323 -2.1140521909682364
1324 -2.1176614894892456
1325 -2.116562609119968
1326 -2.1137837081208244
1327 -2.1090879608531323
1328 -2.110932059239691
1329 -2.1126944866252084
1330 -2.1111476889218874
1331 -2.09994718003894
1332 -2.0862046473701965
1333 -2.0803477307378966
1334 -2.0777366906172006
1335 -2.0767075472881276
1336 -2.073742347153677
1337 -2.0690875040410583
1338 -2.071102098745892
1339 -2.073293730590382
1340 -2.074402746019026
1341 -2.065797834792395
1342 -2.05131938262738
1343 -2.0464575698177545
1344 -2.0422423043163263
1345 -2.0430658371895167
1346 -2.0518852819910816
1347 -2.064061122239729
1348 -2.0765272762631386
1349 -2.086464314309052
1350 -2.093748672324585
1351 -2.0998143325143532
1352 -2.1091452662707417
1353 -2.1179960936628244
1354 -2.129375661630445
1355 -2.1409451745460224
1356 -2.1549784971752324
1357 -2.160086687286708
1358 -2.162580343823251
1359 -2.1736997436253023
1360 -2.176244677469137
1361 -2.1753217230829476
1362 -2.1795879055390146
1363 -2.1842802966615755
1364 -2.1907979510358238
1365 -2.1916030241761013
1366 -2.189900336080528
1367 -2.1911985607025173
1368 -2.1945649538998606
1369 -2.1927583884739374
1370 -2.193769057020792
1371 -2.1929984995726173
1372 -2.1938822479214566
1373 -2.2005265994501735
1374 -2.205790081508397
1375 -2.210566815597185
1376 -2.2216033324578803
1377 -2.229374575751955
1378 -2.2327115376186617
1379 -2.2372456044766365
1380 -2.246598506469481
1381 -2.2584462618898784
1382 -2.268844470381481
1383 -2.2723456623632927
1384 -2.276270253737305
1385 -2.2819324092516466
1386 -2.28620499521999
1387 -2.2860906074283163
1388 -2.2869334516220823
1389 -2.292785399725968
1390 -2.293315723815663
1391 -2.291442539401815
1392 -2.2924187073058726
1393 -2.2933441963481425
1394 -2.2912313770213197
1395 -2.291338762855212
1396 -2.2930186461759723
1397 -2.296235912845992
1398 -2.3013643730762006
1399 -2.303660358436745
1400 -2.2981747424003025
1401 -2.295806348034367
1402 -2.299182277845572
1403 -2.301894935258748
1404 -2.304196948729611
1405 -2.3001135719546135
1406 -2.300353444960441
1407 -2.3043639515936483
1408 -2.3088005295842433
1409 -2.3130411345165647
1410 -2.312775323634339
1411 -2.314859908521535
1412 -2.314288918369619
1413 -2.307656876203697
1414 -2.3079725294093527
1415 -2.315526329070455
1416 -2.3214625193568215
1417 -2.3247209282747674
1418 -2.324904094308489
1419 -2.3222580558832386
1420 -2.319343534610575
1421 -2.3167099278079184
1422 -2.31749315497154
1423 -2.3183112581799166
1424 -2.316684948729677
1425 -2.3125419549245345
1426 -2.309233105237654
1427 -2.3062932445340976
1428 -2.3041646223902426
1429 -2.3087814563565208
1430 -2.3115352560176228
1431 -2.311907378102532
1432 -2.309987261423292
1433 -2.31204963998118
1434 -2.3121380898964556
1435 -2.311199931138739
1436 -2.3122452376374962
1437 -2.312226539811731
1438 -2.312128553282594
1439 -2.310132418310674
1440 -2.312254774251358
1441 -2.3141846656373115
1442 -2.3098198982066025
1443 -2.3084905441362538
1444 -2.3113741590041035
1445 -2.309217064327769
1446 -2.3087909929703825
1447 -2.307297408784929
1448 -2.3041108104268693
1449 -2.3082226597343465
1450 -2.308137480229762
1451 -2.3053647446500425
1452 -2.301980114763333
1453 -2.296548671042915
1454 -2.293640553282528
1455 -2.295481994753206
1456 -2.2950488206542907
1457 -2.298124063538515
1458 -2.304102232611165
1459 -2.3042695958278543
1460 -2.299649253358033
1461 -2.2970032149327815
1462 -2.2988415233018746
1463 -2.2990719970029456
1464 -2.2995325690031305
1465 -2.301221988937752
1466 -2.3049513430081014
1467 -2.305298501064075
1468 -2.3049355401910696
1469 -2.301929435901546
1470 -2.2965862040035514
1471 -2.2949195888437424
1472 -2.290594265543236
1473 -2.2796806992406133
1474 -2.270965507171356
1475 -2.269043078879582
1476 -2.2655569904855515
1477 -2.2625161324110725
1478 -2.2540951229727733
1479 -2.2412564714624965
1480 -2.224091061667851
1481 -2.212129892303243
1482 -2.2110160306059847
1483 -2.2090802333695123
1484 -2.2080568800579052
1485 -2.203873342450343
1486 -2.1939236346889825
1487 -2.1780496920781456
1488 -2.159152159292335
1489 -2.1370652038248674
1490 -2.1000060827905274
1491 -2.0694289792900604
1492 -2.034800465001312
1493 -1.9888392392675978
1494 -1.9558836127685768
1495 -1.9233905059646657
1496 -1.872448492929943
1497 -1.801692850945147
1498 -1.720125937703407
1499 -1.6349952446982414
1500 -1.56936770901775
1501 -1.5234052276884489
1502 -1.463260305825172
1503 -1.392541317310549
1504 -1.3310875416691157
1505 -1.3191787607683674
1506 -1.3562196264990785
1507 -1.3761318891366663
1508 -1.4174684459729212
1509 -1.503649493312952
1510 -1.6206222572058488
1511 -1.7690982426818074
1512 -1.894806187717735
1513 -1.985333715097382
1514 -2.065874367165286
1515 -2.1453900585959027
1516 -2.194482538521651
1517 -2.2254923800256448
1518 -2.27934971720782
1519 -2.3055107409375717
1520 -2.285982983501571
1521 -2.268569120023603
1522 -2.288003968865185
1523 -2.3249382246069294
1524 -2.3458398932109144
1525 -2.362578997120277
1526 -2.3912736076941825
1527 -2.4281619943173953
1528 -2.452372527657567
1529 -2.484946587619006
1530 -2.5147491239410398
1531 -2.5286296035451423
1532 -2.5387875421529067
1533 -2.5389692882520714
1534 -2.5512306683579564
1535 -2.5653598032128753
1536 -2.5603541927569933
1537 -2.5440534580834644
1538 -2.5281364305873777
1539 -2.5140794416039878
1540 -2.49926034210577
1541 -2.4843785075251286
1542 -2.471894239072152
1543 -2.450633503492367
1544 -2.42914229421151
1545 -2.414204689980866
1546 -2.398286948206223
1547 -2.3845823088507685
1548 -2.37894668965833
1549 -2.371791685713146
1550 -2.3625203539375956
1551 -2.3539224446687452
1552 -2.345065827259196
1553 -2.333293613945776
1554 -2.3241176117834823
1555 -2.3217817818497677
1556 -2.315235416850188
1557 -2.313350161166398
1558 -2.3148886191468665
1559 -2.312488381054014
1560 -2.310966324336082
1561 -2.3103824263758663
1562 -2.307799260342145
1563 -2.307215362381929
1564 -2.3056933056639974
1565 -2.3033437464329323
1566 -2.3051851879036107
1567 -2.3041427764135864
1568 -2.3031070065286903
1569 -2.3059715481688174
1570 -2.3017649827428945
1571 -2.302646059126548
1572 -2.3037515811009532
1573 -2.3030312263288613
1574 -2.305355446129033
1575 -2.3055859198301043
1576 -2.3055605803992107
1577 -2.3051722800953116
1578 -2.3024441952670607
1579 -2.300628554363675
1580 -2.297132569003131
1581 -2.2989706392793714
1582 -2.3005975471751157
1583 -2.2956615514996384
1584 -2.2906215411847057
1585 -2.2910924863371087
1586 -2.291999039460761
1587 -2.291885250114592
1588 -2.2896713111570466
1589 -2.289538823985112
1590 -2.291430706224725
1591 -2.2891093814332866
1592 -2.2874168283970806
1593 -2.286296578236851
1594 -2.280982056964188
1595 -2.2762038878915387
1596 -2.278585190065773
1597 -2.2848534348203327
1598 -2.2871138449068713
1599 -2.2896843412251457
1600 -2.2885381531885187
1601 -2.2851368839464197
1602 -2.2859330189183407
1603 -2.2870258711773
1604 -2.28633688394642
1605 -2.287780027362938
1606 -2.291143525551548
1607 -2.2893305566133493
1608 -2.2886291377598744
1609 -2.2922640138046297
1610 -2.2949166938350096
1611 -2.295181668178878
1612 -2.2931731015843626
1613 -2.2942437475140136
1614 -2.2954786235587687
1615 -2.2957784739473928
1616 -2.296210811507951
1617 -2.297862222296232
1618 -2.3014844286255403
1619 -2.30170536571275
1620 -2.2995040964706517
1621 -2.2991791447439867
1622 -2.2989582076567765
1623 -2.2978242131498914
1624 -2.2985383017188132
1625 -2.2978406144124284
1626 -2.2918532841278756
1627 -2.2910956194386944
1628 -2.2899555968214904
1629 -2.29218196740163
1630 -2.2941809973822838
1631 -2.289652375238429
1632 -2.2887622233773137
1633 -2.285892114763267
1634 -2.283340316270758
1635 -2.28419956172706
1636 -2.2853206484256465
1637 -2.284524513453725
1638 -2.2856865043073853
1639 -2.286567956092996
1640 -2.284970119175235
1641 -2.2801479128459268
1642 -2.2796020240320516
1643 -2.280543077798501
1644 -2.2797660160543036
1645 -2.282927274981469
1646 -2.2809155752853685
1647 -2.279876296896929
1648 -2.2818692987672646
1649 -2.281657898293916
1650 -2.2791345723338856
1651 -2.2766178879789836
1652 -2.277467596821425
1653 -2.277713635246676
1654 -2.27907786536178
1655 -2.281272731091603
1656 -2.2783102029223383
1657 -2.2793555094210953
1658 -2.281361181006878
1659 -2.2791314392323003
1660 -2.2777009655312286
1661 -2.2773351096494903
1662 -2.2763085009764983
1663 -2.276721902618439
1664 -2.281269597990017
1665 -2.2814905350772268
1666 -2.278363776792859
1667 -2.2792134856352995
1668 -2.28005692827457
1669 -2.2785726426101265
1670 -2.2756296488049843
1671 -2.272399474326665
1672 -2.269128395693273
1673 -2.2660462731110678
1674 -2.263277046034891
1675 -2.2646795083398827
1676 -2.2610763752382974
1677 -2.259544781906504
1678 -2.2592985053884003
1679 -2.2591879864529223
1680 -2.260666228957742
1681 -2.2553990153524284
1682 -2.2496708543449726
1683 -2.2461283978554354
1684 -2.243210505388334
1685 -2.242869512751785
1686 -2.2446698119745374
1687 -2.2422191331127497
1688 -2.239459067248477
1689 -2.2384935105894908
1690 -2.235462066869073
1691 -2.230677631593253
1692 -2.232335907030209
1693 -2.2332046891003734
1694 -2.2310696634442424
1695 -2.230200881374078
1696 -2.2327619783875967
1697 -2.237104063303293
1698 -2.234268592641149
1699 -2.228104823662444
1700 -2.2176273415167755
1701 -2.21399619701911
1702 -2.215427269165686
1703 -2.215269204470006
1704 -2.213917405977496
1705 -2.2122219579325555
1706 -2.210283366471098
1707 -2.2063613097531656
1708 -2.204773009449266
1709 -2.2055815760437816
1710 -2.205474190209889
1711 -2.2050858899059893
1712 -2.202376502903504
1713 -2.199562863168711
1714 -2.1987675647351472
1715 -2.196970997059485
1716 -2.193272772437495
1717 -2.1927868610064167
1718 -2.1943693562435445
1719 -2.18993231711655
1720 -2.1897458806721373
1721 -2.1910692066321684
1722 -2.193649001471452
1723 -2.1950036949726948
1724 -2.193948851860076
1725 -2.1926857413756946
1726 -2.1924521345730374
1727 -2.1922407340996894
1728 -2.19190600766631
1729 -2.18945243379579
1730 -2.189054596878029
1731 -2.1878387940609967
1732 -2.1886346909400656
1733 -2.188126573179679
1734 -2.184270760047714
1735 -2.181394009828539
1736 -2.180728065465324
1737 -2.180090355541736
1738 -2.1772231419364223
1739 -2.174229707362345
1740 -2.171532990075307
1741 -2.171428737342999
1742 -2.1737593606554473
1743 -2.1751013844412426
1744 -2.1742674784158336
1745 -2.1744253050186617
1746 -2.1757264246493837
1747 -2.1770811181506264
1748 -2.1773682988238034
1749 -2.1775892359110136
1750 -2.17878634090228
1751 -2.179076654677042
1752 -2.178668820009021
1753 -2.1835036960537764
1754 -2.1861595091857415
1755 -2.1843494352562756
1756 -2.1842045164617465
1757 -2.184991114819806
1758 -2.1819623430645745
1759 -2.184311902295639
1760 -2.1870592984444652
1761 -2.188059731148207
1762 -2.1921776236153074
1763 -2.195395366471032
1764 -2.1968661458816716
1765 -2.202651013861234
1766 -2.2092919941955134
1767 -2.211113901302069
1768 -2.209111600910725
1769 -2.2070906026936146
1770 -2.2097777833667918
1771 -2.214107213616346
1772 -2.2195575932553813
1773 -2.220090452001157
1774 -2.2241919432057213
1775 -2.2350201926946536
1776 -2.2420613065099215
1777 -2.248692151784835
1778 -2.2547266674769375
1779 -2.2564281586815014
1780 -2.2611866560809233
1781 -2.2671106528375478
1782 -2.2719417973352134
1783 -2.2755383038809756
1784 -2.278234660815362
1785 -2.2834728034426917
1786 -2.2920903843847698
1787 -2.300313261510672
1788 -2.30072630279996
1789 -2.3018248228165854
1790 -2.3063943641648197
1791 -2.312674680189321
1792 -2.3193245986919573
1793 -2.3278504593080687
1794 -2.3310993466614582
1795 -2.336318416061065
1796 -2.3426529194508974
1797 -2.3507591122218976
1798 -2.352438397097153
1799 -2.3540796728260687
1800 -2.361999804554614
1801 -2.3679111315957915
1802 -2.3695650770401535
1803 -2.3732940707578503
1804 -2.3794390046016853
1805 -2.386783938445519
1806 -2.392034988881148
1807 -2.395409721801344
1808 -2.403209199535045
1809 -2.4141258989392527
1810 -2.4186059157410016
1811 -2.4215736505315326
1812 -2.428249369601462
1813 -2.430623807127021
1814 -2.433560397419887
1815 -2.434236116489816
1816 -2.4351201029315073
1817 -2.439632323812826
1818 -2.4447570524959445
1819 -2.4529545901909535
1820 -2.4566519782745857
1821 -2.4577315623725933
1822 -2.4605359035863765
1823 -2.4615365743829707
1824 -2.464975016233053
1825 -2.4716571388152575
1826 -2.4751871636822007
1827 -2.4764370060056313
1828 -2.480488654886764
1829 -2.4833149643370045
1830 -2.482897593055122
1831 -2.4843692090041185
1832 -2.486781878719566
1833 -2.4860206197924
1834 -2.4869648066604353
1835 -2.4856040850488745
1836 -2.484097831147974
1837 -2.4818176486044616
1838 -2.4829102627705684
1839 -2.4859834471844167
1840 -2.483731737173383
1841 -2.47966705822415
1842 -2.4835386741731478
1843 -2.490268104422702
1844 -2.4950894742136533
1845 -2.4974857426665635
1846 -2.5003656259873237
1847 -2.5017174244798333
1848 -2.500653044753353
1849 -2.4985528951419766
1850 -2.500653044753353
1851 -2.5016920850489393
1852 -2.5002838176771767
1853 -2.4975806968778618
1854 -2.494201633965072
1855 -2.497372191413247
1856 -2.4995009508662074
1857 -2.497915783663894
1858 -2.491912513253202
1859 -2.489474742199714
1860 -2.4940253325800255
1861 -2.496958927080411
1862 -2.4994565382075904
1863 -2.496453343976105
1864 -2.4965131840497965
1865 -2.49804477738159
1866 -2.5018343469275877
1867 -2.5035202583586664
1868 -2.5021304657691212
1869 -2.5068831581017723
1870 -2.5078493282555687
1871 -2.510956176773857
1872 -2.5141581168125495
1873 -2.5173093779894544
1874 -2.520163921879321
1875 -2.52055222218322
1876 -2.520489111698838
1877 -2.519159757628489
1878 -2.5178050641272463
1879 -2.517558787609143
1880 -2.5173220477049014
1881 -2.516880173530482
1882 -2.5142750392603035
1883 -2.511906406801516
1884 -2.5130370301139635
1885 -2.516384725485541
1886 -2.515566384184312
1887 -2.513633597789626
1888 -2.5168328658631314
1889 -2.516238970152656
1890 -2.5178177338426933
1891 -2.5206091672481783
1892 -2.521603571841602
1893 -2.5266529814612904
1894 -2.5276251797254052
1895 -2.5294217474010674
1896 -2.532930402477059
1897 -2.531101630721828
1898 -2.5310385202374457
1899 -2.5319008987953335
1900 -2.5297849463669255
1901 -2.530779812096748
1902 -2.5310260886148517
1903 -2.5315973168596204
1904 -2.5353646800763094
1905 -2.537028760580038
1906 -2.537369515123735
1907 -2.537432863700969
1908 -2.537435996802555
1909 -2.5366369668219004
1910 -2.539220132855622
1911 -2.5412503073339416
1912 -2.5445971661671622
1913 -2.5498739163863378
1914 -2.551629579906926
1915 -2.550862155560337
1916 -2.5502525578165756
1917 -2.552544573537178
1918 -2.5605906881416347
1919 -2.568368557991532
1920 -2.5672088637011012
1921 -2.5655286200276883
1922 -2.5690499448191266
1923 -2.5708529160070652
1924 -2.573552766395689
1925 -2.5740357828180347
1926 -2.5736028468119723
1927 -2.577528036631489
1928 -2.580676164706809
1929 -2.583568479650164
1930 -2.5848191585119507
1931 -2.5825138746303975
1932 -2.5802085907488435
1933 -2.5814212604642903
1934 -2.5841275143651905
1935 -2.586852466091856
1936 -2.587161853094341
1937 -2.586956718824163
1938 -2.5844936083397814
1939 -2.5831389148385386
1940 -2.5841024130271486
1941 -2.584455837286293
1942 -2.5852860117646115
1943 -2.5905405556544787
1944 -2.593856046946488
1945 -2.5968021738532157
1946 -2.597376773292422
1947 -2.596997411156879
1948 -2.600957477021152
1949 -2.605113140541741
1950 -2.6062304956932367
1951 -2.609334449202792
1952 -2.6124730406642502
1953 -2.6153846669281804
1954 -2.6178036028467977
1955 -2.6140042736433915
1956 -2.616539893916911
1957 -2.6205443724398005
1958 -2.623686097002844
1959 -2.624872828841893
1960 -2.6282957059677954
1961 -2.63482603005749
1962 -2.6369541910649463
1963 -2.638356054924433
1964 -2.6362530103043236
1965 -2.636114119620113
1966 -2.6362688131213567
1967 -2.637686617106981
1968 -2.6400612776760872
1969 -2.6391044210926053
1970 -2.638798167191705
1971 -2.6364361763380457
1972 -2.6363350567073236
1973 -2.637531923605738
1974 -2.638716120788706
1975 -2.63857409700291
1976 -2.6361898998199425
1977 -2.635031042067868
1978 -2.6364928833101517
1979 -2.6394296109121225
1980 -2.6442296109121233
1981 -2.6425557707509864
1982 -2.641769035083822
1983 -2.6434302205788165
1984 -2.648501598434962
1985 -2.6504370567948348
1986 -2.651756874251322
1987 -2.6503866160258993
1988 -2.64766479740082
1989 -2.64523305445765
1990 -2.6455519780739967
1991 -2.651432160617509
1992 -2.6523663497352836
1993 -2.6530827348674335
1994 -2.6564998069265644
1995 -2.6554640370416682
1996 -2.654008462002556
1997 -2.6517189809380333
1998 -2.651323815985459
1999 -2.6588300698863594
2000 -2.664413074006434
2001 -2.6653281898964853
2002 -2.6646238760342777
2003 -2.6656945219639288
2004 -2.66565048470727
2005 -2.6654453504370927
2006 -2.663348333927302
2007 -2.6637902081017213
2008 -2.6688177867940595
2009 -2.6720761957120054
2010 -2.67326933106333
2011 -2.6782651668124986
2012 -2.6789628541188835
2013 -2.6793162783780278
2014 -2.6803869243076788
2015 -2.6792471397833277
2016 -2.6791113822007024
2017 -2.6774784461946393
2018 -2.681700353301196
2019 -2.6885527341088227
2020 -2.6924425867471866
2021 -2.696967477343951
2022 -2.6991019045545785
2023 -2.7009238116611343
2024 -2.7034534038243354
2025 -2.7027488518692757
2026 -2.7029415545168587
2027 -2.7051364202466806
2028 -2.7034214378376182
2029 -2.705878144809725
2030 -2.7075013211583796
2031 -2.709143195332799
2032 -2.710734628738283
2033 -2.7113692055602865
2034 -2.7141606389657706
2035 -2.7161499092890162
2036 -2.7192789641366133
2037 -2.722389321158445
2038 -2.7252438650483115
2039 -2.725711078653625
2040 -2.725894244687346
2041 -2.7260774107210684
2042 -2.726519284895488
2043 -2.72924134161342
2044 -2.7320296419173196
2045 -2.7327051228943953
2046 -2.734309226015327
2047 -2.7359764396206407
2048 -2.7377194334257826
2049 -2.7404699626761935
2050 -2.7412652611097577
2051 -2.7431756181315894
2052 -2.7480925405793433
2053 -2.7478900782743523
2054 -2.7496675727222915
2055 -2.752582332087807
2056 -2.755499986462056
2057 -2.757167200067369
2058 -2.7575586334728532
2059 -2.7578711535769243
2060 -2.75925118650906
2061 -2.7607228024580577
2062 -2.761376077105826
2063 -2.7633273382827306
2064 -2.768383151414696
2065 -2.7701514846507314
2066 -2.769582552969191
2067 -2.770021532134878
2068 -2.773659541281219
2069 -2.7743474538808894
2070 -2.775815936728301
2071 -2.7779350222582946
2072 -2.7738609440043063
2073 -2.7757715240696843
2074 -2.7765078189679144
2075 -2.773773092534535
2076 -2.76977838871836
2077 -2.7671038777606296
2078 -2.768945081138455
2079 -2.7689008057889435
2080 -2.7684335921836305
2081 -2.765427487894107
2082 -2.7602518573056547
2083 -2.7593585723429532
2084 -2.757934502154158
2085 -2.7578584838614773
2086 -2.7588344136726826
2087 -2.7585345632840585
2088 -2.7558154015748593
2089 -2.7526452044793364
2090 -2.750852368350764
2091 -2.7424212238530994
2092 -2.733866753395403
2093 -2.729815941052626
2094 -2.727299617050376
2095 -2.723977859555196
2096 -2.7199042424376065
2097 -2.7175324768772335
2098 -2.7208926038714063
2099 -2.7242020520037915
2100 -2.7214892938068687
2101 -2.7163867714530583
2102 -2.707308618510796
2103 -2.6970809063374683
2104 -2.6914195873614837
2105 -2.686569506945201
2106 -2.6843434967177138
2107 -2.682496250180264
2108 -2.6799130841465426
2109 -2.6805165164708797
2110 -2.679262942600359
2111 -2.6782109944964736
2112 -2.6793289480934743
2113 -2.681167018369715
2114 -2.678141978161574
2115 -2.6722308892132483
2116 -2.6651480347045493
2117 -2.6606358138232307
2118 -2.661735292638013
2119 -2.6590196394323575
2120 -2.65631628054019
2121 -2.654829099867013
2122 -2.6555080742983277
2123 -2.6547249693945054
2124 -2.6506583542346966
2125 -2.6410527722114723
2126 -2.6256592041564053
2127 -2.6169447113164
2128 -2.6094606637448083
2129 -2.6139948528625827
2130 -2.629041638263633
2131 -2.6421516676300554
2132 -2.654999718445088
2133 -2.6650663486542023
2134 -2.672530739601872
2135 -2.6799288869635745
2136 -2.689736570939138
2137 -2.701094546072261
2138 -2.7128437165180164
2139 -2.7255814864904235
2140 -2.737694454347541
2141 -2.7447547421742793
2142 -2.747984556299946
2143 -2.7529893302174715
2144 -2.759039786035712
2145 -2.7649349348578998
2146 -2.7664627966426036
2147 -2.771524875977739
2148 -2.7720932092137756
2149 -2.771259303188365
2150 -2.7722921780645287
2151 -2.771467808652981
2152 -2.7729140851710854
2153 -2.7756392749906023
2154 -2.7766368126856107
2155 -2.7809407661951657
2156 -2.784571910692831
2157 -2.7894537340522843
2158 -2.7956080672008743
2159 -2.7993270631683105
2160 -2.809804184961327
2161 -2.821718422060543
2162 -2.830524598701157
2163 -2.838131013434622
2164 -2.8477995686331234
2165 -2.8575094033886557
2166 -2.867844501395876
2167 -2.8726059088533367
2168 -2.8781092639173873
2169 -2.884708741651089
2170 -2.893174762193509
2171 -2.8979837003618663
2172 -2.898030647676563
2173 -2.900657850966944
2174 -2.901115903360354
2175 -2.9033516732452487
2176 -2.90143155656601
2177 -2.901642957039358
2178 -2.9041567463855267
2179 -2.905820826889255
2180 -2.9074404947343666
2181 -2.908021497685849
2182 -2.9106328981591973
2183 -2.911264341879615
2184 -2.9138348381978894
2185 -2.9143809651046166
2186 -2.915018436935353
2187 -2.918678652411002
2188 -2.9201375986445517
2189 -2.9184444471628406
2190 -2.919903393396391
2191 -2.923538269441146
2192 -2.924043254099948
2193 -2.924267324288743
2194 -2.9243842467364973
2195 -2.9246305232546006
2196 -2.9261177039277775
2197 -2.927807123862399
2198 -2.930585887552437
2199 -2.931416062030756
2200 -2.9342706059206227
2201 -2.9370053323540013
2202 -2.9374598762438686
2203 -2.93769661614811
2204 -2.937955562381661
2205 -2.9393638297534235
2206 -2.9408323126008358
2207 -2.942256382789631
2208 -2.941719194051261
2209 -2.9442992269833965
2210 -2.94689192963098
2211 -2.9464083147631293
2212 -2.9479335045826476
2213 -2.950500867799337
2214 -2.9509649483030653
2215 -2.9522089855597238
2216 -2.951277468407136
2217 -2.9522343249906173
2218 -2.9510847657595525
2219 -2.9506933323540676
2220 -2.9499138367375366
2221 -2.9449496066224317
2222 -2.9423600370764342
2223 -2.9444161494311514
2224 -2.946721433312705
2225 -2.9457959442704347
2226 -2.9446779906734344
2227 -2.944703330104328
2228 -2.945979110304157
2229 -2.9473464735208466
2230 -2.947737906926331
2231 -2.948312268272685
2232 -2.9511227749058926
2233 -2.9548901381225825
2234 -2.9543276099533182
2235 -2.954381183823839
2236 -2.9550448316238254
2237 -2.95233544462134
2238 -2.9485712145062353
2239 -2.9482209233486767
2240 -2.949443129677985
2241 -2.951008985559724
2242 -2.9525025697451768
2243 -2.9544733652862036
2244 -2.950835594232716
2245 -2.94711540137427
2246 -2.9469166706163685
2247 -2.9501727829710864
2248 -2.950421954497923
2249 -2.9485427419737564
2250 -2.950724937988132
2251 -2.9509396088721718
2252 -2.9518144190526536
2253 -2.9500840949629588
2254 -2.944807106650931
2255 -2.942032074507983
2256 -2.937592961861307
2257 -2.9264930964233775
2258 -2.9180910229036967
2259 -2.9117035440888483
2260 -2.9003577775347735
2261 -2.894901815872513
2262 -2.8842735090817975
2263 -2.8747215009290925
2264 -2.865851377265741
2265 -2.8618476344974613
2266 -2.8619053002677246
2267 -2.853026015392469
2268 -2.8411871830911233
2269 -2.8290365814896226
2270 -2.823379116320528
2271 -2.8079509167403063
2272 -2.7836308633531295
2273 -2.7535013017847483
2274 -2.713711662049824
2275 -2.679540586659675
2276 -2.645688196793021
2277 -2.609882756839696
2278 -2.577508869046768
2279 -2.536095298594316
2280 -2.4665348504312212
2281 -2.390587875824688
2282 -2.320600595508585
2283 -2.2520003965994637
2284 -2.199641538377273
2285 -2.1501898291256074
2286 -2.082611141674515
2287 -2.009853065554226
2288 -1.9693620220151327
2289 -1.9884109492855282
2290 -2.011512189013888
2291 -2.0342556931047713
2292 -2.10088529804036
2293 -2.194380932047539
2294 -2.319920207569463
2295 -2.462956900837162
2296 -2.5670871228875334
2297 -2.638018709469679
2298 -2.7087696296414703
2299 -2.7735001388204665
2300 -2.8166264051104566
2301 -2.860859188698368
2302 -2.9218824006397037
2303 -2.941085456629405
2304 -2.915269184320113
2305 -2.911083945733035
2306 -2.9513225738682554
2307 -2.995331982931667
2308 -3.020665985268094
2309 -3.0397359656320617
2310 -3.0731296946680966
2311 -3.107200471916574
2312 -3.1309248557328146
2313 -3.1648106315207416
2314 -3.181533821837621
2315 -3.1840238476108196
2316 -3.1869665818470563
2317 -3.1909924301608967
2318 -3.201716549177322
2319 -3.203416104171309
2320 -3.191349708226932
2321 -3.17466104865146
2322 -3.1657419192030356
2323 -3.154835953303698
2324 -3.1395712480839713
2325 -3.1257663256361505
2326 -3.1113179032472758
2327 -3.092305607267834
2328 -3.071370061507566
2329 -3.0582445896767636
2330 -3.046116417448118
2331 -3.033728462447566
2332 -3.0256801735396808
2333 -3.016523467648657
2334 -3.003106247059231
2335 -2.991802083889481
2336 -2.983128394420802
2337 -2.975335320199377
2338 -2.9714452294681615
2339 -2.9684075195445736
2340 -2.968069660009609
2341 -2.969203416423642
2342 -2.969607281451721
2343 -2.9711039987387595
2344 -2.9734504248682394
2345 -2.9724967013863424
2346 -2.971432321659862
2347 -2.9716376940228924
2348 -2.974283970540996
2349 -2.9762888055884207
2350 -2.979402057618985
2351 -2.9832169665958777
2352 -2.9834537065001197
2353 -2.9803902967929847
2354 -2.9816187693254643
2355 -2.984325023226364
2356 -2.987072181282338
2357 -2.988325755152858
2358 -2.985938424868305
2359 -2.984106981147887
2360 -2.9810790459310126
2361 -2.979064674269726
2362 -2.975442467940418
2363 -2.975584491726214
2364 -2.980394028340075
2365 -2.9822788078381604
2366 -2.983582822477616
2367 -2.982996029508668
2368 -2.977775986261598
2369 -2.9726003556731455
2370 -2.9739210096679902
2371 -2.9727178765664046
2372 -2.9719248746960694
2373 -2.974650064515587
2374 -2.977810862306353
2375 -2.981982090551122
2376 -2.983775763218052
2377 -2.984223903595643
2378 -2.9837247240036118
2379 -2.9874667477894077
2380 -2.9901320975352346
2381 -2.9903054888622425
2382 -2.9880224113099962
2383 -2.9876752532540234
2384 -2.986629946755266
2385 -2.987959300825615
2386 -2.9904730901717844
2387 -2.9909685382167246
2388 -2.9913977426756975
2389 -2.993677925219209
2390 -2.993611681633242
2391 -2.991176805588487
2392 -2.9896011750000344
2393 -2.9890141439382334
2394 -2.9873469303329205
2395 -2.984624873614989
2396 -2.9830365733110886
2397 -2.9826704793364978
2398 -2.9823988633875005
2399 -2.981079045931013
2400 -2.980772792030113
2401 -2.9787484226185654
2402 -2.981135752903118
2403 -2.9837126527336695
2404 -2.9841545269080894
2405 -2.9844195012519585
2406 -2.98463441022885
2407 -2.986816606243225
2408 -2.9850131739188877
2409 -2.9863456610908217
2410 -2.9887932068510232
2411 -2.9891308282931353
2412 -2.9892097415945496
2413 -2.9891057269550942
2414 -2.988000204980688
2415 -2.9879815071549234
2416 -2.9899963399526093
2417 -2.9870686878281005
2418 -2.989279118282102
2419 -2.9905488703716125
2420 -2.9906306786817596
2421 -2.9894306786817597
2422 -2.9890014742227864
2423 -2.987425843634334
2424 -2.984858480417645
2425 -2.9845081892600858
2426 -2.984495519544639
2427 -2.984779567116231
2428 -2.9871795671162307
2429 -2.987488954118716
2430 -2.98762144129065
2431 -2.9876467807215437
2432 -2.98762144129065
2433 -2.987514293549609
2434 -2.9873373937190584
2435 -2.985246780721544
2436 -2.9873627331499524
2437 -2.9876467807215437
2438 -2.987943498008583
2439 -2.9901003545920646
2440 -2.987993938777518
2441 -2.9884835817556863
2442 -2.9855092204093316
2443 -2.981186193672054
2444 -2.977801325692492
2445 -2.9745680181125875
2446 -2.972537843634268
2447 -2.9698031172008896
2448 -2.968511534184029
2449 -2.970599014079958
2450 -2.9707632441950618
2451 -2.9707946117362742
2452 -2.9697746446684103
2453 -2.970819951167168
2454 -2.970895731366997
2455 -2.970870391936103
2456 -2.9706621245643396
2457 -2.9692820916322034
2458 -2.967794910959027
2459 -2.9672645868693315
2460 -2.9647730038524704
2461 -2.964384703548571
2462 -2.964110192590841
2463 -2.962938427030467
2464 -2.9628721834445
2465 -2.9638385766418436
2466 -2.9626763476953313
2467 -2.962221803805465
2468 -2.9604505755606962
2469 -2.956582092713284
2470 -2.9549402185388645
2471 -2.95558142191669
2472 -2.954220462212277
2473 -2.953614357922754
2474 -2.949951247438372
2475 -2.9486374580922026
2476 -2.950747144317441
2477 -2.9518397584835476
2478 -2.9504723952668583
2479 -2.947699897779991
2480 -2.944911597476091
2481 -2.94432456641429
2482 -2.9438446830935305
2483 -2.9413404303612225
2484 -2.940810106271527
2485 -2.9393229255983497
2486 -2.93791755323532
2487 -2.9375767986916235
2488 -2.9372547419736907
2489 -2.93498409604404
2490 -2.9357957957401406
2491 -2.935584395266792
2492 -2.9341790229037623
2493 -2.932537148729342
2494 -2.9307152416227864
2495 -2.9277817844315055
2496 -2.925805183823707
2497 -2.900699724600482
2498 -2.7829515420513777
2499 -2.5105833709868124
2500 -0.409137094468709
2501 -0.13818986049135357
2502 -0.022184671747391013
