0
1
2506
-3 2.313985077596802
-2 2.2244335240759012
-1 2.0155813572721386
0 0.39319983205435705
1 0.19187612548080324
2 0.10841858884909694
3 0.09500208637280139
4 0.09807780544272982
5 0.09870284565087184
6 0.09914471982529127
7 0.10141223265335686
8 0.10127974548142271
9 0.09871551536631884
10 0.09613572052703434
11 0.09604727061175877
12 0.09757886394355264
13 0.10142803547038914
14 0.10216349383026158
15 0.10443413975991289
16 0.10317102927553101
17 0.09966261229239182
18 0.10034809101972852
19 0.0994416752051821
20 0.10177543161921543
21 0.10324728566106423
22 0.1023243312748745
23 0.10761291467114065
24 0.12067393825248818
25 0.12907661021767503
26 0.127029436031314
27 0.12611045128506726
28 0.1272004085352938
29 0.12849175345930242
30 0.1286968877294794
31 0.12954659657192114
32 0.12709615580298594
33 0.12476553249053834
34 0.12595286277509166
35 0.1285519689349508
36 0.13116336940829942
37 0.12973870077399985
38 0.13249212503314434
39 0.1363165706238969
40 0.13782909072796778
41 0.1360728287618742
42 0.13649913821211435
43 0.14127090377248752
44 0.142113509873401
45 0.14368914046185344
46 0.14583043232115545
47 0.14260606290960798
48 0.14228713929326142
49 0.14206306910446598
50 0.14176008561425668
51 0.1411413116092861
52 0.1363793207556263
53 0.13600995637034474
54 0.1364740368740729
55 0.14062946230180895
56 0.14582729921956972
57 0.1464901104811993
58 0.14560576368685574
59 0.14556799263336728
60 0.14565644254864285
61 0.14684377283319572
62 0.14699846633443858
63 0.14709004935129943
64 0.14728588510046814
65 0.14788558587771528
66 0.15101150762372706
67 0.15631046417220995
68 0.1592312516480443
69 0.15765188951250186
70 0.15888036204498057
71 0.1601279078051827
72 0.16037418432328598
73 0.16070540225312202
74 0.1612706023875723
75 0.16594124831722334
76 0.16550517920957475
77 0.16600376035610065
78 0.1685964630036838
79 0.17016896049055097
80 0.17142253436107113
81 0.1702225343610717
82 0.16868491291895893
83 0.16712508514753877
84 0.1649333525193013
85 0.16724176950244107
86 0.16975242574702465
87 0.17013118943706296
88 0.16952135360044895
89 0.17126434740559127
90 0.17621590780524876
91 0.17780107500756293
92 0.17674936499652905
93 0.17446942054586856
94 0.17457367327817597
95 0.17727039056521487
96 0.18023848570839807
97 0.18294787271088309
98 0.1831310387446048
99 0.1810466919502609
100 0.1812171882685356
101 0.18387300140050122
102 0.1867906557747494
103 0.18865346703637886
104 0.19033335035713916
105 0.19183320074576304
106 0.19218059689458844
107 0.1934753130130349
108 0.1929634637055586
109 0.19583067731087178
110 0.19994833168512027
111 0.20194713862222757
112 0.20461524606768178
113 0.20306762687530888
114 0.2064089187346103
115 0.20664252553726747
116 0.2048264234974826
117 0.2081172745878499
118 0.20770654491109575
119 0.2097807566460732
120 0.21535735725387228
121 0.22002754204712405
122 0.22423991253981868
123 0.22391122926606366
124 0.22443514984348223
125 0.2270782932600004
126 0.22958894950458442
127 0.22967099590758355
128 0.22658224676955596
129 0.22779491648500283
130 0.23127196592693
131 0.23155601349852128
132 0.23046629434114774
133 0.22926339933241469
134 0.23025826506223712
135 0.22964216302245255
136 0.2324051238954583
137 0.23626093702742335
138 0.2368701744185322
139 0.2372267317792618
140 0.23757412792808763
141 0.24002480678987492
142 0.2406245075671225
143 0.2415335953468558
144 0.24683881809850927
145 0.25037837957931375
146 0.25384505586902284
147 0.2579315807949114
148 0.2595388170174284
149 0.2570719749859567
150 0.2610887478223347
151 0.2666466506043683
152 0.2703596034121807
153 0.2739938810114313
154 0.2785916567992919
155 0.2822795082690628
156 0.2860935807075977
157 0.29271235471256807
158 0.29554820077666966
159 0.29346698708391106
160 0.29017310367570515
161 0.2914206494359073
162 0.2961259333174615
163 0.2967544820291459
164 0.29745829822959546
165 0.2971538797555251
166 0.3088979808891188
167 0.3221899393079375
168 0.31673812468504137
169 0.31197599652227614
170 0.31310129095365635
171 0.30964971825172816
172 0.31059993323008195
173 0.3108652829759082
174 0.31316103024360054
175 0.3131736999590471
176 0.31093152656187506
177 0.3107799661622179
178 0.31096953570821606
179 0.31342310957873654
180 0.3138900850911974
181 0.31505871754998527
182 0.315744196277322
183 0.31018607045174207
184 0.3108208703172921
185 0.31168651928587066
186 0.31138666889724664
187 0.30886647603880135
188 0.3056392116185207
189 0.3101329577176206
190 0.31126625299525434
191 0.3165363616093009
192 0.31946379069026287
193 0.3189043956225839
194 0.3191635799489867
195 0.3207708161715037
196 0.32208063587773106
197 0.3298331662967344
198 0.3352899494480457
199 0.33406401157164733
200 0.33453749138013134
201 0.3371397306415762
202 0.33966595161033997
203 0.3396912910412335
204 0.33733556639074447
205 0.3352667843205803
206 0.33782788133409936
207 0.34345865425792277
208 0.3414216151309286
209 0.3378563538665782
210 0.33667528978519545
211 0.3383993476717204
212 0.34551730126872093
213 0.346164309713318
214 0.3440672932035276
215 0.34365702466317205
216 0.34139591534738245
217 0.3431991095788678
218 0.34255537154496163
219 0.33815656460785437
220 0.33138309710164093
221 0.32785307223469795
222 0.3266819051198291
223 0.3234863685934135
224 0.3199497021213418
225 0.31410812716967484
226 0.3101549259540768
227 0.30428801157151586
228 0.3005935184966164
229 0.2969687775112271
230 0.2931924761261806
231 0.28728114908500313
232 0.2815213824434828
233 0.27998725445560835
234 0.27631183460843234
235 0.2700848543615981
236 0.2633024486870279
237 0.2543378469980824
238 0.24759321237700016
239 0.2422634867328095
240 0.2373689936579102
241 0.23285966778532474
242 0.2314548938677996
243 0.22767545938116784
244 0.2203558649682269
245 0.21296049035545694
246 0.2080599691702396
247 0.20662985582182047
248 0.203172478053121
249 0.19847695382897523
250 0.19198753389435375
251 0.191154226314449
252 0.1927460200725859
253 0.19003012877407732
254 0.18748229992151044
255 0.1803049673872179
256 0.17230616045011082
257 0.17115079615227424
258 0.17164057643954855
259 0.17095218765417286
260 0.1666135961927142
261 0.16096434848667185
262 0.1566508583632551
263 0.15676814116366256
264 0.1557516675500361
265 0.15013705779589737
266 0.1441090463998167
267 0.1392087633074519
268 0.1358521297675166
269 0.1331520412860403
270 0.13478184419051775
271 0.13418214341327062
272 0.12917990415182556
273 0.12614846043140826
274 0.12533735918081224
275 0.1245040516009075
276 0.12048087525225304
277 0.11658415796521471
278 0.11716225085865828
279 0.11711508050041397
280 0.1181508503853097
281 0.1163758905934511
282 0.11809957307801788
283 0.12315889471352603
284 0.12695762547142797
285 0.12334122420889138
286 0.12571925597243494
287 0.12841307825074066
288 0.12934726736851454
289 0.1333387007739999
290 0.13524905779583118
291 0.13693183612532467
292 0.13823295575604666
293 0.13802468838428394
294 0.13539421468321233
295 0.13269749739617387
296 0.13223028379086044
297 0.1320159883087788
298 0.13216741139933053
299 0.13110859864676971
300 0.1387790826627744
301 0.14718259116631716
302 0.14351864414357873
303 0.140202554406065
304 0.1419999586200844
305 0.1428149287268754
306 0.14111283907680727
307 0.13594034158994006
308 0.13288066342989557
309 0.13239788510040196
310 0.13258081304127156
311 0.13429846741551987
312 0.13831210715031306
313 0.14040852521459923
314 0.1424542644170983
315 0.1462155995234693
316 0.14743140234050145
317 0.14328467698826985
318 0.1442542032871983
319 0.14644944441897856
320 0.14659749631509245
321 0.14463937048951214
322 0.1466764096165063
323 0.14663237235984816
324 0.14538482659964602
325 0.1440681422447434
326 0.14392611845894754
327 0.14404280281384985
328 0.14522699999681787
329 0.14612714960819373
330 0.14359779553784469
331 0.14093244579201825
332 0.1395463847495635
333 0.1414918408596968
334 0.1406012278621822
335 0.1408915416369445
336 0.14255875524225825
337 0.145564859531782
338 0.14955315983568118
339 0.15020330138186377
340 0.15041156875362738
341 0.15112879042413407
342 0.14832782040478776
343 0.14419749631509227
344 0.14210421135239137
345 0.13930010823146022
346 0.13872864189383893
347 0.1381289411165918
348 0.13531530138179848
349 0.1323596378612093
350 0.13045592244450654
351 0.12877917222533153
352 0.1264705171493401
353 0.12841284015788856
354 0.12920584202822338
355 0.1256781137245091
356 0.12316142936960706
357 0.1249775314093915
358 0.12404577616395107
359 0.12505307351636752
360 0.12480390198953151
361 0.12241970480656317
362 0.12135532508008318
363 0.1229785014287379
364 0.1281161228708494
365 0.13025695359375256
366 0.13304174539410862
367 0.13241961524400603
368 0.13436820445572462
369 0.13192730030065114
370 0.12936307018554682
371 0.12907902261395554
372 0.12923058301361268
373 0.13161791329816586
374 0.132018883317512
375 0.1324005420162826
376 0.13371119826086675
377 0.1356946635173406
378 0.13231873370613645
379 0.1300163448333147
380 0.13205978747258573
381 0.13402431681044247
382 0.1314220775489976
383 0.1264958565802341
384 0.1259024220061562
385 0.12592149523387963
386 0.12827081637209226
387 0.12855486394368398
388 0.12852952451279087
389 0.12812565948471066
390 0.12546984635274638
391 0.12279823040374893
392 0.12311134895332376
393 0.1211569546748339
394 0.11593377832617913
395 0.11288676988158164
396 0.1124448957071622
397 0.11266269969278664
398 0.11534988036596383
399 0.11728847182742186
400 0.12021879591711704
401 0.12283973300432693
402 0.1219617897222598
403 0.1216555358213598
404 0.11918929223539232
405 0.11876008777641944
406 0.11845070077393416
407 0.11633474834552571
408 0.11838735219670005
409 0.11836552126934974
410 0.11799591879121518
411 0.11432967520524784
412 0.11355307459744957
413 0.11171246966512793
414 0.1088103800150595
415 0.10598407056481918
416 0.10534057062376512
417 0.10503744982445085
418 0.10153773291681656
419 0.10899644105751394
420 0.11654397451544574
421 0.1168844909662905
422 0.11169956185682883
423 0.1058958587423966
424 0.1006539845679768
425 0.10245428379072896
426 0.10498050475949272
427 0.10566841735916377
428 0.1081473306605778
429 0.10828645943764048
430 0.10717140084937293
431 0.1059936071786809
432 0.10778147477883904
433 0.10555486610584675
434 0.10350515726340603
435 0.10771836429445703
436 0.1070515833928849
437 0.10636923776713392
438 0.11062648205484393
439 0.10785352343157761
440 0.10917647398965036
441 0.11169026333581922
442 0.11220478460848238
443 0.11441521506248487
444 0.11219211489303627
445 0.11157334088806525
446 0.1087568061445392
447 0.10603474942660673
448 0.10559577026092004
449 0.10528675866039228
450 0.10584577832611375
451 0.10041700657088226
452 0.10226134305029344
453 0.10423564709486355
454 0.10201193343060488
455 0.0995992637151577
456 0.10108728092669184
457 0.09849168327037594
458 0.09512178156948892
459 0.09643557091565791
460 0.10128287858300755
461 0.10289314712336317
462 0.10267534313773874
463 0.09879442866773225
464 0.09489771138069392
465 0.0954855789808513
466 0.09564316749082735
467 0.09613234933259651
468 0.10047780544273044
469 0.0982293658423874
470 0.09536841844024524
471 0.0923496444352736
472 0.08955218291947187
473 0.09107470077380242
474 0.08713310969174781
475 0.09005100215884854
476 0.09788871208243677
477 0.1002209327288619
478 0.11008628247468799
479 0.11344978066329814
480 0.10320193568034419
481 0.09940039564815084
482 0.09608214665651404
483 0.0952486009837572
484 0.0944691053672253
485 0.089820290364925
486 0.08874964443527444
487 0.09421015913367503
488 0.09458555162927551
489 0.09246006258700579
490 0.09297528308891989
491 0.08958065545194982
492 0.08973184044964944
493 0.0925645534121653
494 0.09764860098375738
495 0.0984534360311824
496 0.09883219972122026
497 0.09990284565087126
498 0.09875039141107322
499 0.09851038109614096
500 0.09652402083093392
501 0.09904383828742125
502 0.10191745540501085
503 0.10464240713167605
504 0.10478443091747192
505 0.10323413975991302
506 0.10024070518583583
507 0.0962524048819362
508 0.0955642541894135
509 0.09509390748251478
510 0.0935813873784439
511 0.09197088074523663
512 0.0894130541424083
513 0.08996291259622557
514 0.08860821909498284
515 0.08650806948360668
516 0.0889238723006387
517 0.090884670091405
518 0.09506856805162078
519 0.09812848430451737
520 0.09907871433217608
521 0.10134876181632224
522 0.10634437452194456
523 0.11505316307892555
524 0.12116589284319046
525 0.13125471433230818
526 0.1379584447983171
527 0.1422177626057084
528 0.14735502369516862
529 0.15259667482604122
530 0.16066485845070044
531 0.1631622465343332
532 0.1641251462774389
533 0.1670619746631563
534 0.16853939567892562
535 0.17576100356272972
536 0.18344355884867625
537 0.1899670182896962
538 0.19585637709441794
539 0.19725161439808137
540 0.19876040295506225
541 0.20666786496816103
542 0.2126581053107528
543 0.21444429983419644
544 0.21900093337413207
545 0.22508648828067424
546 0.22340287341282394
547 0.2212018422635782
548 0.22220961580169973
549 0.22207339708267515
550 0.2279780825187241
551 0.23649454383007962
552 0.24279706618388985
553 0.24636823329875845
554 0.2473720371969379
555 0.24921928373438718
556 0.25302465609741764
557 0.2537888250826219
558 0.25496625840066134
559 0.2594056091401895
560 0.2714678981355201
561 0.2864476034122463
562 0.2988441426552515
563 0.3070921211191955
564 0.3043291602461893
565 0.29286681012095883
566 0.2790493337907436
567 0.2654396486465873
568 0.2567594548818857
569 0.25340378014010767
570 0.24222246674468373
571 0.22679087449397084
572 0.21081049842065047
573 0.1954517913610334
574 0.1855556574701942
575 0.18112271024294246
576 0.17939274650589976
577 0.17371189316579283
578 0.16817932981465322
579 0.16618692638982235
580 0.16662337089942802
581 0.1661117446354976
582 0.1607365467507873
583 0.16377798822146472
584 0.16613395096480632
585 0.16446276771955093
586 0.16656605043251194
587 0.16628840637319664
588 0.1634620969229572
589 0.160168811960256
590 0.15568795862015028
591 0.15207878235894068
592 0.1489658906810285
593 0.14087899418129846
594 0.12879800736020242
595 0.11833714952061669
596 0.10445562538391684
597 0.09969421792645594
598 0.09771194956099194
599 0.0917436774548559
600 0.0855102936957457
601 0.07930575787107275
602 0.07542833685530415
603 0.0709696898445058
604 0.06888883650439981
605 0.06707646601170492
606 0.0653459038291575
607 0.06349262918138976
608 0.06146558780465572
609 0.056564468173933236
610 0.05615082843914054
611 0.058140697207890835
612 0.05809001834610328
613 0.05582250551803769
614 0.05551311851555196
615 0.05519746530989611
616 0.054623103963542086
617 0.051762156561399486
618 0.04706930430244016
619 0.048894942956085874
620 0.05100462918132376
621 0.0490211639248499
622 0.049002090697126466
623 0.04922966938946516
624 0.051724147415059374
625 0.052264008118615646
626 0.054600897634233814
627 0.053738757169198514
628 0.05295842501430936
629 0.05549755379137222
630 0.05826051466437798
631 0.05899910612583614
632 0.061544263013217027
633 0.06178740642973546
634 0.061645382643939595
635 0.06025291808920885
636 0.058010744692036376
637 0.05925164884711043
638 0.06182541557607557
639 0.0642127458606292
640 0.06216617011977288
641 0.06089038991994489
642 0.06160761159045158
643 0.06026534971180331
644 0.058686586021765574
645 0.057755291912723994
646 0.05251028463671892
647 0.05021186540384015
648 0.046368721987322115
649 0.04536118654205268
650 0.05102043199835604
651 0.05179679451330221
652 0.052355591135476054
653 0.054891449501848655
654 0.05380126920807582
655 0.06004441262459359
656 0.06508466103237831
657 0.06267139287142731
658 0.06335627315325976
659 0.06772684565074005
660 0.07452854759658001
661 0.07804276964649048
662 0.07984247042373838
663 0.07998473230238679
664 0.0787878654039722
665 0.07757519568852533
666 0.07840910171393389
667 0.07813459075620388
668 0.07582930687464984
669 0.074947855089039
670 0.07768898503469446
671 0.08353115843186654
672 0.08188241960877107
673 0.08084651241476992
674 0.08104234816393863
675 0.08276953915204865
676 0.08774957208418455
677 0.08863332043302385
678 0.08928635698794007
679 0.09242265188616994
680 0.09156424296822374
681 0.0829020263239828
682 0.07754973399783172
683 0.07944161623744472
684 0.08234009660022323
685 0.08718450925884014
686 0.08747529921930708
687 0.08216247606436777
688 0.08846499841817801
689 0.105890789430235
690 0.11279301256129237
691 0.11078927718608655
692 0.11695338504139041
693 0.12782604718893964
694 0.13485762439034632
695 0.14059145315546884
696 0.1471816323681603
697 0.15391673037538123
698 0.16080628379099204
699 0.16941432811920842
700 0.17514586032110202
701 0.17406531742493714
702 0.17416920980459238
703 0.18153018455831083
704 0.1915556725194998
705 0.20519612675936383
706 0.2233747548062497
707 0.2460589621293252
708 0.2691845824904222
709 0.30044570469335463
710 0.3314659800429969
711 0.358181242301181
712 0.3967687013059291
713 0.43282247624773396
714 0.4689088557120753
715 0.5288881024846819
716 0.6029690104682008
717 0.6837520830515089
718 0.7653303218168763
719 0.8319408900501002
720 0.8725886120138862
721 0.9264619179281659
722 0.9992374799339054
723 1.0570060760707543
724 1.0673579242088151
725 1.030083689768299
726 1.0096313433836077
727 0.9728101405302565
728 0.8924675500896138
729 0.7876704891362583
730 0.6513792820773039
731 0.5421580104975603
732 0.46588063588528494
733 0.39143258077202003
734 0.33074043726390023
735 0.293329201129521
736 0.2634359790224132
737 0.20827945842009177
738 0.19130784232269127
739 0.22323730553264864
740 0.2344555713543004
741 0.19980897124195263
742 0.1522016356982232
743 0.13546636411969804
744 0.12266210890351426
745 0.0882164317635934
746 0.04771896966291811
747 0.01767953108652609
748 -0.01858238034468407
749 -0.0509298505105531
750 -0.07120489662172513
751 -0.08150753098047092
752 -0.08541886924283837
753 -0.09905098375984922
754 -0.10968353480871906
755 -0.10989180218048178
756 -0.10060127491740856
757 -0.08802400351301642
758 -0.08281842531790717
759 -0.07054509620188032
760 -0.049886956408076166
761 -0.03139338943409076
762 -0.012861575220912691
763 0.007284339863456779
764 0.020978144930294373
765 0.03813679086001054
766 0.05348017128829996
767 0.061837847198670914
768 0.0705842845493394
769 0.07943535003427415
770 0.09089093629457601
771 0.1029717000721253
772 0.1190505238109818
773 0.1301023823523102
774 0.13549858967532025
775 0.13564338621004923
776 0.1364864684966678
777 0.14154541473021753
778 0.14363556659133314
779 0.14632274726451033
780 0.1464650091431583
781 0.14439333206426097
782 0.14470898526991727
783 0.14765174098220646
784 0.15264771404048094
785 0.15487081420992999
786 0.14827051498717747
787 0.14751285029799588
788 0.14708715434256625
789 0.14692268613461001
790 0.14590271906674612
791 0.14710585216833172
792 0.14763617625802672
793 0.15044981599282004
794 0.1534748562009618
795 0.15469622599191268
796 0.159944741771461
797 0.16390794073731874
798 0.1616113569312696
799 0.1644281297676482
800 0.16948104789088037
801 0.17052238474969528
802 0.172394970718039
803 0.1761559304224516
804 0.17489235880167042
805 0.17954079840201365
806 0.1799766444661146
807 0.1791456334494388
808 0.18013447106894276
809 0.1800586908691142
810 0.17806255589719333
811 0.18025139351669717
812 0.18162478484370537
813 0.18010226698937437
814 0.18549326769111651
815 0.18367716565133252
816 0.1817852834117195
817 0.18597917912219541
818 0.1840845391829551
819 0.18582135251936727
820 0.18140675781453375
821 0.1813496754404702
822 0.18384766196960722
823 0.18646233285364655
824 0.18766546595523215
825 0.18448513380034282
826 0.18425152699768654
827 0.1859700179102921
828 0.18341821941778225
829 0.17963818648564622
830 0.17985042349735147
831 0.17717880754835402
832 0.174725233677834
833 0.17670229542203097
834 0.17535027388597513
835 0.18062038250002121
836 0.18603312839467367
837 0.18804109654368473
838 0.18771554637151455
839 0.18963216959651685
840 0.19407188068869718
841 0.19965801791035798
842 0.20287865577481545
843 0.2026286477096222
844 0.20500041326999563
845 0.2059512417431586
846 0.20253730278561344
847 0.2011828473772228
848 0.2023606410479144
849 0.20308029659075544
850 0.20883112506391877
851 0.20823082584116692
852 0.2054923678606979
853 0.21001809499581947
854 0.2118495387162378
855 0.21280242565977714
856 0.21665823879174217
857 0.21907755011231744
858 0.21702457085918558
859 0.2140651757915064
860 0.21857196700801174
861 0.22220684305276617
862 0.21966398272861376
863 0.22117963593426992
864 0.2249029618943008
865 0.2264881290966141
866 0.22670266267154782
867 0.22484878957827537
868 0.2272614592937221
869 0.22983835912427297
870 0.2302295544369053
871 0.23025489386779885
872 0.22998351601165412
873 0.22764975959762168
874 0.22748239638093182
875 0.22853434448481735
876 0.22879931882868654
877 0.22837881444521813
878 0.23310943775766546
879 0.23542449634593376
880 0.23202925521415318
881 0.22835058000559139
882 0.2300122266369855
883 0.22839172225351723
884 0.231504974284082
885 0.23894522269186735
886 0.24021727134460535
887 0.24129021383748528
888 0.24530072047069318
889 0.24890422897423603
890 0.24772605990158647
891 0.24211749330707155
892 0.24371579136123112
893 0.2436939604338808
894 0.24388002147633525
895 0.2443376984677874
896 0.2463494132131938
897 0.2521972543680313
898 0.2560013290563057
899 0.26922934045238556
900 0.2778091503409752
901 0.27717024352637765
902 0.2778522287994769
903 0.28068831295643015
904 0.28394672187437653
905 0.28739470033832015
906 0.2926083400731132
907 0.29332183019652946
908 0.29272466407536335
909 0.29423718417943334
910 0.2969152036407068
911 0.2994983696744282
912 0.2980895038571605
913 0.3001890550230324
914 0.3069469578050663
915 0.31283584042408297
916 0.31524164549085487
917 0.31795729869651046
918 0.31713003427623
919 0.3170827266088807
920 0.31626149029891826
921 0.3179129010871997
922 0.3228140207179222
923 0.3236032910411679
924 0.3243386120919345
925 0.3263941260011478
926 0.331746656420151
927 0.33588965022529327
928 0.33552295780519725
929 0.3359048545968206
930 0.33733532829789237
931 0.3396630566016068
932 0.33972289667529787
933 0.3358728886101041
934 0.34046462123834154
935 0.34418481409678625
936 0.3434802621417268
937 0.3424823640940655
938 0.341907404302207
939 0.34613884802262485
940 0.35281119589811594
941 0.3552801114492692
942 0.35820403202668816
943 0.3586683506232684
944 0.3589713341134777
945 0.3594512174342377
946 0.36223951773813723
947 0.36514450239693863
948 0.3667832434697731
949 0.3678665591148709
950 0.3654823619319032
951 0.36304748588714775
952 0.36386582718837723
953 0.3648857942562407
954 0.36295276976870183
955 0.3649362350251757
956 0.3647533070843063
957 0.36157297492941765
958 0.3628014474618966
959 0.36557394494876383
960 0.3685011359368737
961 0.371175884987456
962 0.3697670191701885
963 0.37177498731919956
964 0.37819503056626846
965 0.3823855701316128
966 0.38202803892342074
967 0.38054979641860043
968 0.3862343813057971
969 0.38775330492214377
970 0.3858138769223285
971 0.3856087426521506
972 0.38538177745462243
973 0.3852808959167524
974 0.38370756189152866
975 0.38693147016667684
976 0.39635494573808394
977 0.39601022155444454
978 0.39272900786168563
979 0.3922809682678421
980 0.39034481067871796
981 0.39470934001657443
982 0.3966801355576013
983 0.3900700616281352
984 0.3893346032682625
985 0.3897741808794535
986 0.387219249285359
987 0.3854918202043962
988 0.38351872810014087
989 0.3812074010589632
990 0.3746866135831297
991 0.3723248457730166
992 0.3693249069029163
993 0.36831796990315224
994 0.36671119481703407
995 0.3564639482795846
996 0.35118452609522355
997 0.3474557704703787
998 0.3442884683835896
999 0.34329069259572886
1000 0.33997533861282525
1001 0.3359841282508873
1002 0.32737959242621395
1003 0.32062855429285575
1004 0.3132111106598834
1005 0.31004754012018365
1006 0.30559262465647574
1007 0.2956267537254309
1008 0.2866839829638357
1009 0.2813764636489542
1010 0.2796369632980493
1011 0.27401608734073957
1012 0.2702711534969051
1013 0.26548755475944175
1014 0.2608266684871987
1015 0.25735975410463796
1016 0.2549917200913545
1017 0.25056130752018335
1018 0.24692702992093274
1019 0.24294535617285629
1020 0.23551234781570463
1021 0.22990507889594447
1022 0.22110373347464085
1023 0.21893373099000746
1024 0.23058417558705901
1025 0.23009489296154229
1026 0.21771224536600364
1027 0.20861212418728536
1028 0.20402182654290968
1029 0.2000496894086945
1030 0.1945013232405226
1031 0.1914949808581463
1032 0.19192165066103817
1033 0.19215585590920004
1034 0.1868315599298227
1035 0.1803674794260952
1036 0.18029543077335664
1037 0.17853036794801147
1038 0.17657886867825434
1039 0.1732446795604794
1040 0.1678794794260292
1041 0.16499959610526904
1042 0.16664206872519305
1043 0.16633908523498375
1044 0.16380308955950662
1045 0.16131174463549813
1046 0.16224326178808646
1047 0.16259706144918828
1048 0.1660864052046045
1049 0.16456702045185834
1050 0.1669163415900714
1051 0.1687641865730254
1052 0.16475054683823265
1053 0.1591646477094244
1054 0.15489543293551877
1055 0.15361338653251977
1056 0.15816397691283068
1057 0.1598784981854937
1058 0.16028549631515832
1059 0.16040241876291272
1060 0.16038974904746572
1061 0.16023192244463758
1062 0.1598280574165587
1063 0.15733007088742168
1064 0.1551003291128441
1065 0.1581608438112454
1066 0.15915257643948255
1067 0.15500874609598325
1068 0.1560258181551144
1069 0.15916814116366185
1070 0.15698281204770126
1071 0.15627872122904085
1072 0.1514758262203073
1073 0.1511062237421732
1074 0.15223371395303564
1075 0.15434340017827308
1076 0.15305808336458293
1077 0.14869042092514073
1078 0.15079080862936944
1079 0.15348752591640835
1080 0.15444681637222368
1081 0.15916500806207656
1082 0.1593481740957987
1083 0.1552296831831934
1084 0.15728916673234794
1085 0.15968916673234812
1086 0.15832447548084483
1087 0.1631560811149093
1088 0.1642420687251933
1089 0.16750047764313925
1090 0.172635204076518
1091 0.173241308366042
1092 0.17316866126779829
1093 0.17070555078341698
1094 0.16919303067934655
1095 0.16962596668540852
1096 0.16683163827119118
1097 0.16401472812570672
1098 0.1608030284296067
1099 0.16547054125767247
1100 0.16964841110756979
1101 0.1709011484397327
1102 0.1740777490475316
1103 0.17892529480773378
1104 0.1780755859652925
1105 0.17549868613474162
1106 0.17353186023365685
1107 0.17049728341165382
1108 0.16753848678947936
1109 0.1666927475869806
1110 0.16406516889464218
1111 0.16181672929429958
1112 0.16587813783284133
1113 0.16395464995916376
1114 0.1638126261733679
1115 0.1645867929088327
1116 0.16085370729139425
1117 0.16522679939564933
1118 0.17354139684751813
1119 0.18165978314826026
1120 0.18256887092799357
1121 0.18025405043257825
1122 0.17738707492011718
1123 0.17554960308938128
1124 0.17400220694055557
1125 0.17277373440807642
1126 0.17462760750134887
1127 0.1731655281662139
1128 0.17018163020599797
1129 0.16693238249995535
1130 0.16193365174205443
1131 0.16348127093442688
1132 0.16253395096480627
1133 0.16390734229181403
1134 0.16549564259571348
1135 0.16709637452220738
1136 0.16927230433341256
1137 0.16759242101265226
1138 0.16200315068940707
1139 0.1568470544650764
1140 0.15068366088832885
1141 0.14516666226136854
1142 0.14364787595412754
1143 0.14870742063318243
1144 0.14674929480760168
1145 0.14388751086710228
1146 0.14754772634275115
1147 0.15250592834753762
1148 0.15326635073634565
1149 0.15193326511890692
1150 0.1568501875666617
1151 0.15987849818549416
1152 0.1615612765149872
1153 0.16175711226415546
1154 0.16070226915153674
1155 0.16064869528101644
1156 0.16164042790925315
1157 0.16061068613467588
1158 0.1604908686781883
1159 0.16127746703624757
1160 0.15817291508118725
1161 0.15943915866715486
1162 0.16298245169504888
1163 0.16330427032012906
1164 0.16299488331764378
1165 0.1601025683742887
1166 0.15606382730145496
1167 0.15442508622862006
1168 0.1544375178512145
1169 0.15680301720841738
1170 0.15903878709331298
1171 0.15509719601125882
1172 0.15718780900877327
1173 0.15919034749297056
1174 0.15670165948484271
1175 0.15362931160935167
1176 0.15032046192247073
1177 0.14630995528926327
1178 0.14503104198784955
1179 0.14843520623868045
1180 0.14993832703799503
1181 0.15096142720744465
1182 0.1475192538102723
1183 0.14603520623868071
1184 0.1468060017797077
1185 0.14581113604988571
1186 0.14688467698826946
1187 0.14687864887795143
1188 0.1467426532024736
1189 0.14456045718809785
1190 0.14625963678012832
1191 0.14457372534905
1192 0.14048743851601353
1193 0.13652761074459274
1194 0.13622776035596873
1195 0.13850770480662922
1196 0.13980569133576637
1197 0.13976127867714983
1198 0.13653690926560236
1199 0.1383530113053868
1200 0.1381669502629319
1201 0.13592767187449306
1202 0.13578564808869764
1203 0.13676157789990162
1204 0.13662909072796792
1205 0.13536911334517088
1206 0.1334141206211763
1207 0.13606015904642765
1208 0.14082252530204453
1209 0.14186783180080242
1210 0.13613593924625622
1211 0.1333887811902823
1212 0.1351101671116206
1213 0.13493340459017533
1214 0.1342892911543112
1215 0.12920524358271912
1216 0.12621180900864237
1217 0.1257699348342225
1218 0.12587081637209252
1219 0.128087650338371
1220 0.12798050259732996
1221 0.12554875965416068
1222 0.12320233352468035
1223 0.12506574323181452
1224 0.12566290935298108
1225 0.12159882884925333
1226 0.11627477096272898
1227 0.11347380094338311
1228 0.11533407754893199
1229 0.11723549640240671
1230 0.11382469054644684
1231 0.11058124790717594
1232 0.1139825171492741
1233 0.1176773705768257
1234 0.11806880398231057
1235 0.11630300540235572
1236 0.11690910969188018
1237 0.12368630874518294
1238 0.12386320857573407
1239 0.11933444912277347
1240 0.1169407153259443
1241 0.11921463166628543
1242 0.12359472572832209
1243 0.12130851507449147
1244 0.11749033568690903
1245 0.11396322087800481
1246 0.11807507018548158
1247 0.11844443457076359
1248 0.11864316532866503
1249 0.11878856030889784
1250 0.11831761515649442
1251 0.1223690259447765
1252 0.12752595870746353
1253 0.1282959177101337
1254 0.12760403547052013
1255 0.1295592662873677
1256 0.1281412242088913
1257 0.1243424934509898
1258 0.12435562430283564
1259 0.11849740999577874
1260 0.11886120740714157
1261 0.12034571611513245
1262 0.11295544733988327
1263 0.11767096706455016
1264 0.1173428822362994
1265 0.11096617701663769
1266 0.11467729439761998
1267 0.1143147089265728
1268 0.1106605215612424
1269 0.10797647398965093
1270 0.10856120848822304
1271 0.10835583612519306
1272 0.10623988369678461
1273 0.1082011426239502
1274 0.10723161632502132
1275 0.10729785991098906
1276 0.10842207971115991
1277 0.1076325863443679
1278 0.1099345998152308
1279 0.1093533738202015
1280 0.11183228712161508
1281 0.11325322420882511
1282 0.11249196528165983
1283 0.11446589392427198
1284 0.11223325714096166
1285 0.11101105081165352
1286 0.11202812287078379
1287 0.11228683101148151
1288 0.11352460206496984
1289 0.11439651723671984
1290 0.11180694769072197
1291 0.1080522541894795
1292 0.10840940999571336
1293 0.10679927876446316
1294 0.10512566164687431
1295 0.10178774098200938
1296 0.10334116524115355
1297 0.10885816386811342
1298 0.11497424977751125
1299 0.11836781783257733
1300 0.1276679824932594
1301 0.1335097955377793
1302 0.13107699301270515
1303 0.1388642621673588
1304 0.14587508307262453
1305 0.14881083682713347
1306 0.15181947577273736
1307 0.1600109853574283
1308 0.16686336616505582
1309 0.16689764376430638
1310 0.16746583969123607
1311 0.16832135360044864
1312 0.1735316221408043
1313 0.17834780035979403
1314 0.17633283025300317
1315 0.17131466591472622
1316 0.1756470919567601
1317 0.1847287534025659
1318 0.1976814173025594
1319 0.20640554754017293
1320 0.21329823405736903
1321 0.21908020702819808
1322 0.22057716240808878
1323 0.21707501162812015
1324 0.21346571310711093
1325 0.21456459347638868
1326 0.21734349447553214
1327 0.2220392417432242
1328 0.22019514335666557
1329 0.2184327159711481
1330 0.2199795136744691
1331 0.23118002255741654
1332 0.24492255522616002
1333 0.25077947185845995
1334 0.25339051197915596
1335 0.25441965530822896
1336 0.2573848554426794
1337 0.2620396985552982
1338 0.2600251038504644
1339 0.2578334720059745
1340 0.25672445657733034
1341 0.26532936780396144
1342 0.27980781996897663
1343 0.284669632778602
1344 0.2888848982800303
1345 0.2880613654068398
1346 0.279241920605275
1347 0.2670660803566274
1348 0.25459992633321793
1349 0.24466288828730454
1350 0.23737853027177147
1351 0.2313128700820033
1352 0.2219819363256148
1353 0.21313110893353215
1354 0.2017515409659114
1355 0.19018202805033413
1356 0.17614870542112415
1357 0.17104051530964837
1358 0.1685468587731056
1359 0.15742745897105426
1360 0.15488252512721967
1361 0.15580547951340895
1362 0.15153929705734193
1363 0.146846905934781
1364 0.14032925156053278
1365 0.13952417842025522
1366 0.1412268665158285
1367 0.13992864189383925
1368 0.1365622486964959
1369 0.13836881412241908
1370 0.13735814557556436
1371 0.13812870302373925
1372 0.13724495467489994
1373 0.13060060314618305
1374 0.1253371210879597
1375 0.1205603869991716
1376 0.1095238701384762
1377 0.10175262684440156
1378 0.09841566497769483
1379 0.09388159811972008
1380 0.08452869612687541
1381 0.07268094070647813
1382 0.06228273221487557
1383 0.05878154023306381
1384 0.05485694885905135
1385 0.049194793344709886
1386 0.04492220737636643
1387 0.04503659516804026
1388 0.04419375097427425
1389 0.03834180287038835
1390 0.03781147878069335
1391 0.039684663194541336
1392 0.038708495290483924
1393 0.03778300624821407
1394 0.03989582557503679
1395 0.03978843974114454
1396 0.03810855642038424
1397 0.034891289750364596
1398 0.029762829520155965
1399 0.027466844159611536
1400 0.03295246019605402
1401 0.035320854561989634
1402 0.03194492475078459
1403 0.02923226733760842
1404 0.026930253866745524
1405 0.031013630641743006
1406 0.03077375763591572
1407 0.026763251002708266
1408 0.02232667301211322
1409 0.01808606807979185
1410 0.0183518789620174
1411 0.016267294074821415
1412 0.01683828422673761
1413 0.02347032639265967
1414 0.023154673187003816
1415 0.015600873525901449
1416 0.009664683239535066
1417 0.006406274321589134
1418 0.006223108287867429
1419 0.008869146713117892
1420 0.011783667985781676
1421 0.014417274788438128
1422 0.01363404762481668
1423 0.012815944416439962
1424 0.014442253866679522
1425 0.018585247671822014
1426 0.021894097358702513
1427 0.024833958062258965
1428 0.026962580206113973
1429 0.022345746239835762
1430 0.019591946578733754
1431 0.019219824493824422
1432 0.021139941173064614
1433 0.019077562615176458
1434 0.01898911269990089
1435 0.019927271457617746
1436 0.018881964958860298
1437 0.01890066278462532
1438 0.018998649313762606
1439 0.020994784285682577
1440 0.018872428344998582
1441 0.016942536959045018
1442 0.021307304389754034
1443 0.022636658460102765
1444 0.01975304359225305
1445 0.021910138268587342
1446 0.022336209625974046
1447 0.023829793811427358
1448 0.027016392169487258
1449 0.022904542862010047
1450 0.022989722366594467
1451 0.025762457946314044
1452 0.029147087833023555
1453 0.03457853155344148
1454 0.03748664931382839
1455 0.035645207843150395
1456 0.03607838194206581
1457 0.03300313905784158
1458 0.02702496998519166
1459 0.02685760676850224
1460 0.0314779492383237
1461 0.03412398766357505
1462 0.032285679294481895
1463 0.03205520559341091
1464 0.03159463359322601
1465 0.029905213658604435
1466 0.02617585958825508
1467 0.02582870153228134
1468 0.02619166240528692
1469 0.029197766694810667
1470 0.03454099859280513
1471 0.036207613752614165
1472 0.040532937053120666
1473 0.05144650335574319
1474 0.060161695425000605
1475 0.06208412371677463
1476 0.06557021211080505
1477 0.068611070185284
1478 0.07703207962358327
1479 0.08987073113386002
1480 0.10703614092850566
1481 0.11899731029311367
1482 0.1201111719903718
1483 0.12204696922684422
1484 0.1230703225384513
1485 0.1272538601460136
1486 0.13720356790737398
1487 0.15307751051821095
1488 0.17197504330402147
1489 0.1940619987714891
1490 0.23112111980582917
1491 0.2616982233062961
1492 0.2963267375950447
1493 0.34228796332875877
1494 0.3752435898277797
1495 0.4077366966316909
1496 0.45867870966641355
1497 0.5294343516512094
1498 0.6110012648929495
1499 0.6961319578981151
1500 0.7617594935786065
1501 0.8077219749079076
1502 0.8678668967711844
1503 0.9385858852858076
1504 1.0000396609272408
1505 1.0119484418279892
1506 0.9749075760972781
1507 0.9549953134596902
1508 0.9136587566234353
1509 0.8274777092834045
1510 0.7105049453905077
1511 0.5620289599145492
1512 0.4363210148786216
1513 0.34579348749897454
1514 0.26525283543107037
1515 0.18573714400045382
1516 0.13664466407470544
1517 0.10563482257071177
1518 0.05177748538853644
1519 0.02561646165878484
1520 0.0451442190947855
1521 0.06255808257275364
1522 0.04312323373117133
1523 0.00618897798942708
1524 -0.014712690614557822
1525 -0.03145179452392055
1526 -0.06014640509782598
1527 -0.0970347917210388
1528 -0.12124532506121044
1529 -0.1538193850226497
1530 -0.18362192134468325
1531 -0.1975024009487858
1532 -0.20766033955655017
1533 -0.20784208565571483
1534 -0.2201034657615999
1535 -0.23423260061651874
1536 -0.22922699016063675
1537 -0.21292625548710786
1538 -0.19700922799102116
1539 -0.18295223900763125
1540 -0.16813313950941344
1541 -0.15325130492877204
1542 -0.14076703647579558
1543 -0.11950630089601066
1544 -0.09801509161515343
1545 -0.08307748738450949
1546 -0.06715974560986648
1547 -0.053455106254411966
1548 -0.047819487061973476
1549 -0.040664483116789274
1550 -0.0313931513412391
1551 -0.0227952420723887
1552 -0.013938624662839683
1553 -0.002166411349419306
1554 0.007009590812874222
1555 0.00934542074658884
1556 0.015891785746168452
1557 0.01777704142995873
1558 0.01623858344949003
1559 0.01863882154234231
1560 0.020160878260274462
1561 0.020744776220490202
1562 0.023327942254211642
1563 0.023911840214427382
1564 0.02543389693235909
1565 0.02778345616342426
1566 0.02594201469274582
1567 0.026984426182770083
1568 0.02802019606766626
1569 0.025155654427539087
1570 0.02936221985346199
1571 0.02848114346980868
1572 0.02737562149540329
1573 0.02809597626749527
1574 0.02577175646732366
1575 0.025541282766252227
1576 0.025566622197145783
1577 0.02595492250104492
1578 0.02868300732929585
1579 0.030498648232681447
1580 0.03399463359322574
1581 0.03215656331698513
1582 0.030529655421240864
1583 0.035465651096718176
1584 0.040505661411650795
1585 0.040034716259247816
1586 0.03912816313559553
1587 0.03924195248176465
1588 0.041455891439309944
1589 0.041588378611244536
1590 0.03969649637163153
1591 0.04201782116306996
1592 0.043710374199275925
1593 0.04483062435950558
1594 0.05014514563216865
1595 0.054923314704817816
1596 0.05254201253058355
1597 0.04627376777602388
1598 0.04401335768948522
1599 0.04144286137121078
1600 0.04258904940783781
1601 0.04599031864993686
1602 0.045194183678015865
1603 0.04410133141905659
1604 0.044790318649936545
1605 0.04334717523341869
1606 0.03998367704480854
1607 0.04179664598300725
1608 0.04249806483648211
1609 0.03886318879172679
1610 0.036210508761346905
1611 0.03594553441747861
1612 0.037954101011993924
1613 0.03688345508234292
1614 0.03564857903758778
1615 0.03534872864896377
1616 0.03491639108840561
1617 0.03326498030012459
1618 0.029642773970816272
1619 0.029421836883606556
1620 0.03162310612570485
1621 0.03194805785236987
1622 0.03216899493958003
1623 0.03330298944646515
1624 0.03258890087754329
1625 0.033286588183928156
1626 0.03927391846848094
1627 0.04003158315766209
1628 0.041171605774866116
1629 0.03894523519472637
1630 0.03694620521407277
1631 0.04147482735792751
1632 0.04236497921904281
1633 0.045235087833089604
1634 0.047786886325598577
1635 0.04692764086929646
1636 0.04580655417071
1637 0.04660268914263144
1638 0.04544069828897124
1639 0.044559246503360406
1640 0.04615708342112157
1641 0.05097928975042976
1642 0.05152517856430494
1643 0.050584124797855345
1644 0.051361186542052906
1645 0.04819992761488745
1646 0.05021162731098805
1647 0.051250905699427474
1648 0.0492579038290919
1649 0.04946930430244034
1650 0.05199263026247092
1651 0.05450931461737296
1652 0.053659605774931673
1653 0.0534135673496805
1654 0.0520493372345765
1655 0.04985447150475375
1656 0.052816999674018206
1657 0.0517716931752612
1658 0.049766021589478626
1659 0.0519957633640562
1660 0.053426237065127946
1661 0.053792092946866266
1662 0.054818701619858246
1663 0.054405299977917654
1664 0.04985760460633948
1665 0.04963666751912976
1666 0.052763425803497466
1667 0.051913716961057066
1668 0.051070274321786346
1669 0.05255455998623004
1670 0.05549755379137222
1671 0.058727728269691415
1672 0.06199880690308346
1673 0.06508092948528876
1674 0.06785015656146554
1675 0.06644769425647379
1676 0.07005082735805912
1677 0.07158242068985254
1678 0.07182869720795626
1679 0.07193921614343424
1680 0.07046097363861437
1681 0.07572818724392816
1682 0.08145634825138393
1683 0.08499880474092114
1684 0.08791669720802231
1685 0.08825768984457172
1686 0.08645739062181912
1687 0.08890806948360686
1688 0.09166813534787943
1689 0.09263369200686578
1690 0.09566513572728352
1691 0.1004495710031037
1692 0.09879129556614741
1693 0.09792251349598313
1694 0.10005753915211413
1695 0.1009263212222784
1696 0.09836522420875982
1697 0.09402313929306372
1698 0.09685860995520734
1699 0.10302237893391242
1700 0.11349986107958099
1701 0.11713100557724632
1702 0.11569993343067031
1703 0.11585799812635056
1704 0.11720979661886055
1705 0.11890524466380104
1706 0.12084383612525862
1707 0.12476589284319095
1708 0.1263541931470904
1709 0.12554562655257495
1710 0.12565301238646764
1711 0.12604131269036722
1712 0.1287506996928527
1713 0.13156433942764556
1714 0.1323596378612093
1715 0.13415620553687146
1716 0.13785443015886134
1717 0.1383403415899398
1718 0.13675784635281207
1719 0.1411948854798064
1720 0.14138132192421926
1721 0.1400579959641881
1722 0.1374782011249045
1723 0.13612350762366177
1724 0.13717835073628049
1725 0.13844146122066192
1726 0.13867506802331908
1727 0.13888646849666708
1728 0.13922119493004637
1729 0.1416747688005664
1730 0.1420726057183277
1731 0.14328840853535985
1732 0.14249251165629095
1733 0.14300062941667768
1734 0.14685644254864272
1735 0.1497331927678176
1736 0.15039913713103248
1737 0.15103684705462062
1738 0.15390406065993423
1739 0.15689749523401142
1740 0.15959421252104944
1741 0.15969846525335774
1742 0.15736784194090925
1743 0.15602581815511396
1744 0.15685972418052296
1745 0.15670189757769482
1746 0.15540077794697282
1747 0.1540460844457301
1748 0.15375890377255308
1749 0.15353796668534292
1750 0.15234086169407668
1751 0.15205054791931438
1752 0.15245838258733535
1753 0.14762350654258016
1754 0.144967693410615
1755 0.14677776734008097
1756 0.14692268613461001
1757 0.14613608777655074
1758 0.14916485953178205
1759 0.14681530030071732
1760 0.1440679041518913
1761 0.14306747144814969
1762 0.1389495789810491
1763 0.13573183612532436
1764 0.1342610567146849
1765 0.12847618873512268
1766 0.12183520840084316
1767 0.12001330129428744
1768 0.12201560168563175
1769 0.12403659990274196
1770 0.12134941922956477
1771 0.11701998898001031
1772 0.11156960934097526
1773 0.11103675059519968
1774 0.1069352593906352
1775 0.09610700990170296
1776 0.089065896086435
1777 0.08243505081152147
1778 0.07640053511941902
1779 0.07469904391485516
1780 0.06994054651543324
1781 0.06401654975880877
1782 0.05918540526114313
1783 0.055588898715380974
1784 0.05289254178099467
1785 0.04765439915366487
1786 0.03903681821158678
1787 0.030813941085684693
1788 0.030400899796396708
1789 0.029302379779771126
1790 0.02473283843153684
1791 0.01845252240703532
1792 0.011802603904399245
1793 0.0032767432882878644
1794 2.7855934898290968e-05
1795 -0.005191213464708522
1796 -0.011525716854540846
1797 -0.019631909625541066
1798 -0.02131119450079666
1799 -0.02295247022971214
1800 -0.030872601958257473
1801 -0.036783928999434945
1802 -0.03843787444379698
1803 -0.04216686816149373
1804 -0.04831180200532881
1805 -0.05565673584916242
1806 -0.06090778628479132
1807 -0.0642825192049874
1808 -0.07208199693868833
1809 -0.08299869634289614
1810 -0.08747871314464506
1811 -0.09044644793517609
1812 -0.09712216700510545
1813 -0.09949660453066445
1814 -0.10243319482353064
1815 -0.10310891389345933
1816 -0.10399290033515074
1817 -0.10850512121646938
1818 -0.11362984989958802
1819 -0.12182738759459699
1820 -0.12552477567822917
1821 -0.12660435977623674
1822 -0.12940870099002
1823 -0.13040937178661416
1824 -0.1338478136366965
1825 -0.14052993621890097
1826 -0.14405996108584418
1827 -0.1453098034092748
1828 -0.14936145229040765
1829 -0.15218776174064796
1830 -0.15177039045876528
1831 -0.15324200640776198
1832 -0.1556546761232096
1833 -0.15489341719604344
1834 -0.15583760406407876
1835 -0.154476882452518
1836 -0.15297062855161725
1837 -0.1506904460081051
1838 -0.15178306017421184
1839 -0.15485624458806013
1840 -0.15260453457702639
1841 -0.14853985562779348
1842 -0.15241147157679125
1843 -0.15914090182634544
1844 -0.16396227161729682
1845 -0.166358540070207
1846 -0.16923842339096717
1847 -0.17059022188347672
1848 -0.1695258421569963
1849 -0.16742569254562012
1850 -0.1695258421569963
1851 -0.17056488245258272
1852 -0.16915661508082014
1853 -0.16645349428150524
1854 -0.16307443136871536
1855 -0.16624498881689043
1856 -0.16837374826985085
1857 -0.16678858106753758
1858 -0.16078531065684531
1859 -0.15834753960335757
1860 -0.16289812998366893
1861 -0.16583172448405437
1862 -0.16832933561123387
1863 -0.16532614137974866
1864 -0.16538598145343997
1865 -0.1669175747852334
1866 -0.17070714433123113
1867 -0.1723930557623099
1868 -0.1710032631727647
1869 -0.17575595550541578
1870 -0.1767221256592122
1871 -0.17982897417750054
1872 -0.183030914216193
1873 -0.1861821753930979
1874 -0.1890367192829645
1875 -0.18942501958686364
1876 -0.18936190910248163
1877 -0.18803255503213245
1878 -0.18667786153088972
1879 -0.18643158501278645
1880 -0.1861948451085449
1881 -0.18575297093412546
1882 -0.18314783666394696
1883 -0.18077920420515925
1884 -0.18190982751760698
1885 -0.1852575228891844
1886 -0.18443918158795558
1887 -0.18250639519326928
1888 -0.18570566326677485
1889 -0.18511176755629943
1890 -0.18669053124633672
1891 -0.18948196465182177
1892 -0.19047636924524536
1893 -0.19552577886493383
1894 -0.1964979771290487
1895 -0.19829454480471087
1896 -0.2018031998807026
1897 -0.19997442812547161
1898 -0.19991131764108916
1899 -0.200773696198977
1900 -0.198657743770569
1901 -0.19965260950039143
1902 -0.19989888601849515
1903 -0.2004701142632639
1904 -0.2042374774799529
1905 -0.20590155798368137
1906 -0.20624231252737868
1907 -0.20630566110461235
1908 -0.20630879420619852
1909 -0.2055097642255439
1910 -0.20809293025926534
1911 -0.2101231047375851
1912 -0.21346996357080572
1913 -0.21874671378998123
1914 -0.22050237731056965
1915 -0.2197349529639805
1916 -0.21912535522021903
1917 -0.22141737094082137
1918 -0.22946348554527818
1919 -0.23724135539517555
1920 -0.2360816611047447
1921 -0.2344014174313318
1922 -0.2379227422227701
1923 -0.2397257134107087
1924 -0.24242556379933244
1925 -0.24290858022167816
1926 -0.24247564421561574
1927 -0.24640083403513247
1928 -0.24954896211045252
1929 -0.2524412770538076
1930 -0.2536919559155941
1931 -0.25138667203404097
1932 -0.24908138815248693
1933 -0.2502940578679338
1934 -0.253000311768834
1935 -0.2557252634954996
1936 -0.25603465049798446
1937 -0.2558295162278066
1938 -0.25336640574342484
1939 -0.2520117122421821
1940 -0.2529752104307921
1941 -0.2533286346899364
1942 -0.25415880916825495
1943 -0.2594133530581222
1944 -0.26272884435013166
1945 -0.2656749712568591
1946 -0.26624957069606525
1947 -0.2658702085605227
1948 -0.26983027442479557
1949 -0.2739859379453846
1950 -0.2751032930968802
1951 -0.27820724660643537
1952 -0.2813458380678937
1953 -0.28425746433182386
1954 -0.28667640025044117
1955 -0.28287707104703497
1956 -0.2854126913205546
1957 -0.289417169843444
1958 -0.29255889440648764
1959 -0.2937456262455367
1960 -0.29716850337143885
1961 -0.30369882746113364
1962 -0.3058269884685898
1963 -0.3072288523280764
1964 -0.30512580770796704
1965 -0.30498691702375647
1966 -0.3051416105250002
1967 -0.3065594145106245
1968 -0.3089340750797307
1969 -0.3079772184962488
1970 -0.3076709645953484
1971 -0.3053089737416892
1972 -0.30520785411096707
1973 -0.30640472100938165
1974 -0.3075889181923497
1975 -0.3074468944065534
1976 -0.3050626972235859
1977 -0.30390383947151145
1978 -0.3053656807137952
1979 -0.30830240831576594
1980 -0.31310240831576674
1981 -0.3114285681546298
1982 -0.3106418324874656
1983 -0.31230301798245996
1984 -0.3173743958386055
1985 -0.31930985419847824
1986 -0.32062967165496525
1987 -0.3192594134295428
1988 -0.3165375948044633
1989 -0.3141058518612936
1990 -0.31442477547764014
1991 -0.32030495802115233
1992 -0.3212391471389271
1993 -0.321955532271077
1994 -0.32537260433020787
1995 -0.3243368344453117
1996 -0.3228812594061994
1997 -0.32059177834167674
1998 -0.3201966133891023
1999 -0.32770286729000286
2000 -0.3332858714100775
2001 -0.3342009873001288
2002 -0.3334966734379212
2003 -0.3345673193675722
2004 -0.33452328211091364
2005 -0.3343181478407362
2006 -0.33222113133094533
2007 -0.33266300550536476
2008 -0.3376905841977029
2009 -0.34094899311564886
2010 -0.34214212846697345
2011 -0.34713796421614207
2012 -0.34783565152252693
2013 -0.34818907578167124
2014 -0.34925972171132225
2015 -0.3481199371869712
2016 -0.3479841796043459
2017 -0.34635124359828273
2018 -0.3505731507048395
2019 -0.35742553151246614
2020 -0.3613153841508301
2021 -0.3658402747475944
2022 -0.367974701958222
2023 -0.36979660906477774
2024 -0.3723262012279789
2025 -0.3716216492729192
2026 -0.37181435192050216
2027 -0.374009217650324
2028 -0.3722942352412617
2029 -0.37475094221336835
2030 -0.3763741185620231
2031 -0.3780159927364424
2032 -0.37960742614192666
2033 -0.38024200296392996
2034 -0.3830334363694141
2035 -0.3850227066926597
2036 -0.38815176154025677
2037 -0.39126211856208837
2038 -0.394116662451955
2039 -0.3945838760572684
2040 -0.3947670420909897
2041 -0.3949502081247118
2042 -0.39539208229913125
2043 -0.3981141390170633
2044 -0.40090243932096303
2045 -0.40157792029803874
2046 -0.40318202341897047
2047 -0.4048492370242842
2048 -0.4065922308294261
2049 -0.40934276007983694
2050 -0.4101380585134011
2051 -0.41204841553523286
2052 -0.41696533798298674
2053 -0.41676287567799575
2054 -0.4185403701259349
2055 -0.42145512949145036
2056 -0.42437278386569943
2057 -0.4260399974710123
2058 -0.4264314308764967
2059 -0.4267439509805677
2060 -0.42812398391270357
2061 -0.42959559986170115
2062 -0.43024887450946947
2063 -0.43220013568637405
2064 -0.4372559488183394
2065 -0.4390242820543748
2066 -0.43845535037283456
2067 -0.43889432953852126
2068 -0.4425323386848623
2069 -0.4432202512845329
2070 -0.4446887341319443
2071 -0.44680781966193805
2072 -0.44273374140794974
2073 -0.4446443214733278
2074 -0.4453806163715579
2075 -0.44264588993817844
2076 -0.43865118612200327
2077 -0.4359766751642731
2078 -0.4378178785420985
2079 -0.43777360319258696
2080 -0.43730638958727397
2081 -0.43430028529775067
2082 -0.42912465470929817
2083 -0.4282313697465967
2084 -0.4268072995578014
2085 -0.4267312812651207
2086 -0.42770721107632603
2087 -0.427407360687702
2088 -0.42468819897850274
2089 -0.42151800188297983
2090 -0.41972516575440766
2091 -0.41129402125674286
2092 -0.40273955079904633
2093 -0.3986887384562694
2094 -0.3961724144540195
2095 -0.3928506569588395
2096 -0.38877703984125
2097 -0.386405274280877
2098 -0.38976540127504977
2099 -0.393074849407435
2100 -0.39036209121051213
2101 -0.38525956885670176
2102 -0.37618141591443965
2103 -0.3659537037411118
2104 -0.36029238476512715
2105 -0.3554423043488444
2106 -0.35321629412135724
2107 -0.3513690475839075
2108 -0.3487858815501861
2109 -0.3493893138745232
2110 -0.3481357400040026
2111 -0.34708379190011707
2112 -0.3482017454971178
2113 -0.3500398157733584
2114 -0.34701477556521754
2115 -0.3411036866168917
2116 -0.3340208321081928
2117 -0.32950861122687414
2118 -0.3306080900416566
2119 -0.327892436836001
2120 -0.32518907794383356
2121 -0.3237018972706567
2122 -0.32438087170197116
2123 -0.3235977667981489
2124 -0.3195311516383401
2125 -0.30992556961511575
2126 -0.2945320015600488
2127 -0.28581750872004363
2128 -0.2783334611484518
2129 -0.2828676502662262
2130 -0.2979144356672765
2131 -0.31102446503369885
2132 -0.32387251584873145
2133 -0.3339391460578458
2134 -0.3414035370055153
2135 -0.3488016843672179
2136 -0.35860936834278156
2137 -0.36996734347590454
2138 -0.38171651392165984
2139 -0.394454283894067
2140 -0.4065672517511847
2141 -0.41362753957792275
2142 -0.41685735370358934
2143 -0.42186212762111497
2144 -0.42791258343935556
2145 -0.43380773226154323
2146 -0.4353355940462471
2147 -0.4403976733813826
2148 -0.440966006617419
2149 -0.4401321005920087
2150 -0.4411649754681721
2151 -0.4403406060566244
2152 -0.44178688257472887
2153 -0.4445120723942457
2154 -0.44550961008925416
2155 -0.4498135635988092
2156 -0.4534447080964745
2157 -0.4583265314559277
2158 -0.46448086460451776
2159 -0.46819986057195395
2160 -0.47867698236497036
2161 -0.4905912194641866
2162 -0.4993973961048006
2163 -0.5070038108382655
2164 -0.5166723660367669
2165 -0.5263822007922991
2166 -0.5367172987995197
2167 -0.5414787062569801
2168 -0.5469820613210308
2169 -0.5535815390547323
2170 -0.5620475595971524
2171 -0.5668564977655097
2172 -0.5669034450802064
2173 -0.5695306483705873
2174 -0.5699887007639974
2175 -0.5722244706488921
2176 -0.5703043539696533
2177 -0.5705157544430013
2178 -0.5730295437891701
2179 -0.5746936242928986
2180 -0.5763132921380101
2181 -0.5768942950894926
2182 -0.5795056955628408
2183 -0.5801371392832584
2184 -0.5827076356015328
2185 -0.5832537625082601
2186 -0.5838912343389966
2187 -0.5875514498146455
2188 -0.5890103960481952
2189 -0.587317244566484
2190 -0.5887761908000346
2191 -0.5924110668447895
2192 -0.5929160515035914
2193 -0.5931401216923864
2194 -0.5932570441401408
2195 -0.5935033206582441
2196 -0.594990501331421
2197 -0.5966799212660425
2198 -0.5994586849560806
2199 -0.6002888594343996
2200 -0.6031434033242662
2201 -0.6058781297576448
2202 -0.6063326736475121
2203 -0.6065694135517536
2204 -0.6068283597853044
2205 -0.608236627157067
2206 -0.6097051100044792
2207 -0.6111291801932746
2208 -0.6105919914549043
2209 -0.61317202438704
2210 -0.6157647270346236
2211 -0.6152811121667727
2212 -0.616806301986291
2213 -0.6193736652029806
2214 -0.6198377457067088
2215 -0.6210817829633672
2216 -0.6201502658107794
2217 -0.6211071223942608
2218 -0.619957563163196
2219 -0.6195661297577111
2220 -0.6187866341411801
2221 -0.6138224040260751
2222 -0.6112328344800777
2223 -0.6132889468347948
2224 -0.6155942307163484
2225 -0.6146687416740781
2226 -0.6135507880770779
2227 -0.6135761275079714
2228 -0.6148519077078003
2229 -0.61621927092449
2230 -0.6166107043299744
2231 -0.6171850656763285
2232 -0.6199955723095361
2233 -0.623762935526226
2234 -0.6232004073569617
2235 -0.6232539812274824
2236 -0.6239176290274688
2237 -0.6212082420249834
2238 -0.6174440119098787
2239 -0.6170937207523202
2240 -0.6183159270816283
2241 -0.6198817829633674
2242 -0.6213753671488202
2243 -0.6233461626898471
2244 -0.6197083916363595
2245 -0.6159881987779134
2246 -0.615789468020012
2247 -0.6190455803747299
2248 -0.6192947519015664
2249 -0.6174155393773999
2250 -0.6195977353917757
2251 -0.6198124062758152
2252 -0.6206872164562971
2253 -0.6189568923666022
2254 -0.6136799040545746
2255 -0.6109048719116266
2256 -0.6064657592649505
2257 -0.595365893827021
2258 -0.5869638203073402
2259 -0.5805763414924918
2260 -0.569230574938417
2261 -0.5637746132761565
2262 -0.5531463064854409
2263 -0.543594298332736
2264 -0.5347241746693845
2265 -0.5307204319011047
2266 -0.5307780976713681
2267 -0.5218988127961124
2268 -0.5100599804947668
2269 -0.49790937889326603
2270 -0.49225191372417143
2271 -0.47682371414394975
2272 -0.45250366075677295
2273 -0.42237409918839175
2274 -0.3825844594534673
2275 -0.34841338406331834
2276 -0.3145609941966643
2277 -0.27875555424333953
2278 -0.24638166645041126
2279 -0.2049680959979594
2280 -0.1354076478348647
2281 -0.05946067322833137
2282 0.010526607087771644
2283 0.07912680599689281
2284 0.13148566421908336
2285 0.18093737347074912
2286 0.2485160609218413
2287 0.32127413704213037
2288 0.36176518058122387
2289 0.34271625331082833
2290 0.3196150135824687
2291 0.29687150949158525
2292 0.2302419045559967
2293 0.1367462705488176
2294 0.011206995026893374
2295 -0.13182969824080537
2296 -0.23595992029117685
2297 -0.3068915068733227
2298 -0.37764242704511375
2299 -0.44237293622411
2300 -0.48549920251410006
2301 -0.5297319861020116
2302 -0.5907551980433472
2303 -0.6099582540330486
2304 -0.5841419817237563
2305 -0.5799567431366786
2306 -0.6201953712718988
2307 -0.6642047803353104
2308 -0.6895387826717374
2309 -0.7086087630357052
2310 -0.7420024920717401
2311 -0.7760732693202175
2312 -0.7997976531364581
2313 -0.8336834289243851
2314 -0.8504066192412645
2315 -0.852896645014463
2316 -0.8558393792506997
2317 -0.8598652275645402
2318 -0.8705893465809655
2319 -0.8722889015749526
2320 -0.8602225056305755
2321 -0.8435338460551036
2322 -0.8346147166066791
2323 -0.8237087507073415
2324 -0.8084440454876147
2325 -0.794639123039794
2326 -0.7801907006509192
2327 -0.7611784046714773
2328 -0.7402428589112096
2329 -0.7271173870804071
2330 -0.7149892148517614
2331 -0.7026012598512095
2332 -0.6945529709433242
2333 -0.6853962650523004
2334 -0.6719790444628746
2335 -0.6606748812931245
2336 -0.6520011918244455
2337 -0.6442081176030205
2338 -0.640318026871805
2339 -0.6372803169482171
2340 -0.6369424574132525
2341 -0.6380762138272855
2342 -0.6384800788553644
2343 -0.639976796142403
2344 -0.6423232222718829
2345 -0.6413694987899858
2346 -0.6403051190635054
2347 -0.6405104914265358
2348 -0.6431567679446393
2349 -0.6451616029920642
2350 -0.6482748550226285
2351 -0.6520897639995211
2352 -0.6523265039037631
2353 -0.6492630941966282
2354 -0.6504915667291078
2355 -0.6531978206300075
2356 -0.6559449786859815
2357 -0.6571985525565016
2358 -0.6548112222719484
2359 -0.6529797785515306
2360 -0.649951843334656
2361 -0.6479374716733695
2362 -0.6443152653440616
2363 -0.6444572891298574
2364 -0.6492668257437186
2365 -0.6511516052418038
2366 -0.6524556198812594
2367 -0.6518688269123114
2368 -0.6466487836652415
2369 -0.641473153076789
2370 -0.6427938070716337
2371 -0.6415906739700481
2372 -0.6407976720997128
2373 -0.6435228619192306
2374 -0.6466836597099963
2375 -0.6508548879547655
2376 -0.6526485606216954
2377 -0.6530967009992863
2378 -0.6525975214072552
2379 -0.6563395451930512
2380 -0.659004894938878
2381 -0.6591782862658859
2382 -0.6568952087136397
2383 -0.6565480506576669
2384 -0.6555027441589094
2385 -0.6568320982292586
2386 -0.6593458875754279
2387 -0.6598413356203681
2388 -0.6602705400793409
2389 -0.6625507226228526
2390 -0.6624844790368853
2391 -0.6600496029921303
2392 -0.6584739724036779
2393 -0.6578869413418769
2394 -0.656219727736564
2395 -0.6534976710186324
2396 -0.6519093707147321
2397 -0.6515432767401412
2398 -0.651271660791144
2399 -0.6499518433346565
2400 -0.6496455894337565
2401 -0.6476212200222089
2402 -0.6500085503067616
2403 -0.652585450137313
2404 -0.6530273243117328
2405 -0.653292298655602
2406 -0.6535072076324933
2407 -0.6556894036468686
2408 -0.6538859713225311
2409 -0.6552184584944651
2410 -0.6576660042546667
2411 -0.6580036256967787
2412 -0.658082538998193
2413 -0.6579785243587377
2414 -0.6568730023843314
2415 -0.6568543045585669
2416 -0.6588691373562527
2417 -0.655941485231744
2418 -0.6581519156857456
2419 -0.659421667775256
2420 -0.659503476085403
2421 -0.6583034760854032
2422 -0.6578742716264299
2423 -0.6562986410379774
2424 -0.6537312778212883
2425 -0.6533809866637292
2426 -0.6533683169482827
2427 -0.6536523645198744
2428 -0.6560523645198741
2429 -0.6563617515223594
2430 -0.6564942386942936
2431 -0.6565195781251871
2432 -0.6564942386942936
2433 -0.6563870909532525
2434 -0.6562101911227018
2435 -0.6541195781251874
2436 -0.6562355305535958
2437 -0.6565195781251871
2438 -0.6568162954122263
2439 -0.658973151995708
2440 -0.6568667361811613
2441 -0.6573563791593298
2442 -0.6543820178129751
2443 -0.6500589910756975
2444 -0.6466741230961355
2445 -0.643440815516231
2446 -0.6414106410379117
2447 -0.6386759146045331
2448 -0.6373843315876724
2449 -0.6394718114836015
2450 -0.6396360415987052
2451 -0.6396674091399177
2452 -0.6386474420720538
2453 -0.6396927485708113
2454 -0.6397685287706403
2455 -0.6397431893397463
2456 -0.6395349219679831
2457 -0.6381548890358468
2458 -0.6366677083626704
2459 -0.636137384272975
2460 -0.6336458012561139
2461 -0.6332575009522143
2462 -0.6329829899944843
2463 -0.6318112244341103
2464 -0.6317449808481435
2465 -0.632711374045487
2466 -0.6315491450989748
2467 -0.6310946012091083
2468 -0.6293233729643397
2469 -0.6254548901169277
2470 -0.6238130159425079
2471 -0.6244542193203335
2472 -0.6230932596159207
2473 -0.6224871553263975
2474 -0.6188240448420155
2475 -0.617510255495846
2476 -0.6196199417210844
2477 -0.6207125558871911
2478 -0.6193451926705018
2479 -0.6165726951836343
2480 -0.6137843948797346
2481 -0.6131973638179335
2482 -0.612717480497174
2483 -0.610213227764866
2484 -0.6096829036751705
2485 -0.6081957230019932
2486 -0.6067903506389634
2487 -0.6064495960952669
2488 -0.6061275393773342
2489 -0.6038568934476833
2490 -0.6046685931437841
2491 -0.6044571926704356
2492 -0.6030518203074058
2493 -0.6014099461329856
2494 -0.5995880390264299
2495 -0.596654581835149
2496 -0.5946779812273504
2497 -0.5695725220041257
2498 -0.4518243394550212
2499 -0.17945616839045586
2500 1.9219901081276476
2501 2.192937342105003
2502 2.3089425308489657
