0
1
2506
-3 1.0
-2 0.943789169351859
-1 0.8126942489721296
0 -0.2056623241430965
1 -0.33203168716057696
2 -0.38441734964739205
3 -0.3928387864503772
4 -0.3909081809280436
5 -0.3905158479320565
6 -0.3902384868656148
7 -0.3888151862688123
8 -0.38889834746135277
9 -0.3905078952478054
10 -0.3921272128935247
11 -0.3921827322342052
12 -0.3912213627212219
13 -0.38880526696046935
14 -0.3883436253284691
15 -0.3869183581075746
16 -0.3877112029744245
17 -0.3899134096936666
18 -0.38948313989777483
19 -0.39005209022688747
20 -0.3885872090338145
21 -0.3876633374198415
22 -0.3882426688848837
23 -0.3849230652156218
24 -0.37672475981770204
25 -0.37145046638272816
26 -0.3727354620860124
27 -0.3733123018381831
28 -0.37262814394256494
29 -0.3718175765321978
30 -0.37168881530732023
31 -0.37115545951431805
32 -0.37269358259158847
33 -0.3741564971605694
34 -0.37341121895014884
35 -0.37177977973503484
36 -0.3701406234726299
37 -0.3710348771643164
38 -0.3693065736492118
39 -0.3669059981709243
40 -0.3659566007782594
41 -0.36705899308825785
42 -0.36679140188108184
43 -0.36379620084591313
44 -0.3632673033898741
45 -0.36227829202503103
46 -0.3609342193725853
47 -0.3629581315864281
48 -0.36315831752048855
49 -0.36329896467780154
50 -0.3634891451156357
51 -0.3638775448634386
52 -0.36686661038937163
53 -0.3670984576113594
54 -0.3668071578005071
55 -0.36419882878994525
56 -0.3609361859966774
57 -0.3605201443970144
58 -0.3610752421696005
59 -0.361098950773277
60 -0.36104343143259643
61 -0.3602981532221762
62 -0.36020105328522534
63 -0.36014356732045305
64 -0.3600206427066571
65 -0.359644215079173
66 -0.3576820977179884
67 -0.3543559828997892
68 -0.35252262676348256
69 -0.3535139803921199
70 -0.35274287750485467
71 -0.35195980249727077
72 -0.35180521659554786
73 -0.35159731361419655
74 -0.35124254177841285
75 -0.34831081276817555
76 -0.34858453003825285
77 -0.34827157443569945
78 -0.34664415465665266
79 -0.34565710991590126
80 -0.34487025110921077
81 -0.3456234820038818
82 -0.3465886353159724
83 -0.34756772737247255
84 -0.3489434613128459
85 -0.3474944854882749
86 -0.3459185656138414
87 -0.34568081851957755
88 -0.3460636078469238
89 -0.34496954386087864
90 -0.3418614869693337
91 -0.3408664895443312
92 -0.3415266399381196
93 -0.34295774377009647
94 -0.34289230512107327
95 -0.3411995961420796
96 -0.339336545341938
97 -0.3376358836786938
98 -0.3375209117491491
99 -0.33882924041640683
100 -0.3387222211711133
101 -0.3370551874198876
102 -0.3352237979076734
103 -0.334054525413339
104 -0.3330000753994723
105 -0.33205863069105856
106 -0.33184057276440426
107 -0.33102788928086846
108 -0.33134917320737456
109 -0.3295494449830876
110 -0.3269648245762017
111 -0.3257101886282743
112 -0.3240354378297583
113 -0.3250068666538265
114 -0.3229095631067097
115 -0.3227629298892374
116 -0.32390288335943895
117 -0.3218372411002489
118 -0.3220950530018236
119 -0.3207930860344277
120 -0.31729269614689604
121 -0.3143612565884776
122 -0.3117171835927275
123 -0.3119234955896891
124 -0.31159463461863435
125 -0.30993555355166014
126 -0.3083596336772263
127 -0.30830813377261335
128 -0.3102469181698235
129 -0.309485734590901
130 -0.3073032170392679
131 -0.3071249225338687
132 -0.3078089309804096
133 -0.30856397905009625
134 -0.3079395093803028
135 -0.30832623195583264
136 -0.30659194238056897
137 -0.30417167773467224
138 -0.30378926404702866
139 -0.3035654556971753
140 -0.3033473977705208
141 -0.3018091252441736
142 -0.3014326976166891
143 -0.30086207011530297
144 -0.29753202204892004
145 -0.2953102661648108
146 -0.2931342597621158
147 -0.29056917907376223
148 -0.28956032909223317
149 -0.29110874711754875
150 -0.2885874492865178
151 -0.2850987958823442
152 -0.2827682035779263
153 -0.2804869951049529
154 -0.2776010061297953
155 -0.2752861697448028
156 -0.27289210541545317
157 -0.2687375511942931
158 -0.26695751213761487
159 -0.2682638741807808
160 -0.27033141980286945
161 -0.26954834479528567
162 -0.26659487380546365
163 -0.26620033854842473
164 -0.2657585584598007
165 -0.2659496396261162
166 -0.2585779564561419
167 -0.25023469501302276
168 -0.25365675768467866
169 -0.2566459093984953
170 -0.25593957062239747
171 -0.25810609661764494
172 -0.25750965388574865
173 -0.2573430958637073
174 -0.2559020727233877
175 -0.2558941200391368
176 -0.2573015152674373
177 -0.257396648580296
178 -0.25727765721468376
179 -0.25573756751332155
180 -0.25544445052745435
181 -0.25471090880039193
182 -0.25428063900450026
183 -0.25776943241141537
184 -0.25737097335252745
185 -0.2568276120632992
186 -0.2570158258770415
187 -0.2585977318116345
188 -0.2606234612004923
189 -0.25780277087161607
190 -0.25709141002503355
191 -0.25378340283638845
192 -0.25194587781493816
193 -0.252297005854357
194 -0.25213431781930595
195 -0.2511254678377769
196 -0.2503033039467937
197 -0.24543709942723213
198 -0.24201191804799016
199 -0.24278142995086605
200 -0.24248423026773835
201 -0.24085082442853223
202 -0.23926513469483235
203 -0.23924922932633041
204 -0.24072789981473663
205 -0.2420264586227283
206 -0.24041887746036716
207 -0.23688448402111428
208 -0.2381631180245365
209 -0.24040100546777332
210 -0.2411423504300103
211 -0.24006017237639976
212 -0.23559228691298406
213 -0.2351861646216642
214 -0.23650244597317283
215 -0.23675996842292912
216 -0.23817924958366432
217 -0.23704739824679077
218 -0.23745146772613512
219 -0.24021256546340553
220 -0.24446421962151665
221 -0.24667998944546665
222 -0.24741512215691874
223 -0.24942093618754158
224 -0.2516408748966359
225 -0.25530758716924806
226 -0.2577889815762825
227 -0.26147159921739693
228 -0.26379060448753366
229 -0.2660658269003481
230 -0.2684361826260211
231 -0.272146677755956
232 -0.27576203957303214
233 -0.2767250000704048
234 -0.27903203322022285
235 -0.2829406614722433
236 -0.2871979260508112
237 -0.2928249385095928
238 -0.2970584944844845
239 -0.3004039228305905
240 -0.3034761589953987
241 -0.306306628629876
242 -0.30718839455879987
243 -0.3095607169085648
244 -0.3141551707821413
245 -0.31879719131214757
246 -0.3218732112760624
247 -0.3227708825734885
248 -0.32494105236510085
249 -0.32788839729202157
250 -0.3319617569447332
251 -0.33248481778968997
252 -0.3314856609258784
253 -0.33319040528638344
254 -0.3347896581247908
255 -0.33929481529659067
256 -0.34431560571787534
257 -0.3450408191209845
258 -0.34473338775100437
259 -0.34516548416824633
260 -0.3478887851083535
261 -0.35143477502822273
262 -0.3541423200489042
263 -0.3540687025250039
264 -0.35470673529950536
265 -0.35823098323978964
266 -0.3620147202539228
267 -0.3650905907687606
268 -0.36719752417240215
269 -0.36889234922456426
270 -0.3678693343079994
271 -0.36824576193548364
272 -0.37138562956403287
273 -0.3732884437854297
274 -0.373797565885976
275 -0.3743206267309328
276 -0.3768459439980313
277 -0.379291883871696
278 -0.37892901934891954
279 -0.37895862782487155
280 -0.37830848292731
281 -0.3794226117206664
282 -0.37834066930401655
283 -0.375164971502396
284 -0.3727805370295706
285 -0.37505052466163014
286 -0.37355785216762094
287 -0.3718669603636424
288 -0.37128057694283145
289 -0.368775184480302
290 -0.3675760678730553
291 -0.36651980068417356
292 -0.3657030977645708
293 -0.3658338256135405
294 -0.3674849539962638
295 -0.3691776629752572
296 -0.3694709294102013
297 -0.3696054410582783
298 -0.3695103939333031
299 -0.3701750026640539
300 -0.3653602980491052
301 -0.36008547952535275
302 -0.3623853112703246
303 -0.36446679563682316
304 -0.36333857864997976
305 -0.3628270280977559
306 -0.36389541685603244
307 -0.3671421542807982
308 -0.36906269104571254
309 -0.3693657273399229
310 -0.3692509048594549
311 -0.368172746241912
312 -0.3656534150349726
313 -0.3643375093231662
314 -0.3630534143483638
315 -0.3606924528422545
316 -0.35992930263924017
317 -0.36253217067842214
318 -0.36192360637713095
319 -0.3605456701757055
320 -0.3604527391238991
321 -0.36168183984680013
322 -0.3604032058433779
323 -0.3604308476952375
324 -0.3612139227028214
325 -0.36204039548169076
326 -0.36212954273439046
327 -0.3620563008501928
328 -0.3613129892638641
329 -0.3607479721829351
330 -0.36233562854072665
331 -0.3640086483521111
332 -0.3648786683513423
333 -0.3636575203126925
334 -0.3642165513334624
335 -0.3640343235798794
336 -0.3629878262502636
337 -0.3611009173973688
338 -0.3585974915589317
339 -0.35818940264351984
340 -0.35805867479454956
341 -0.3576084801940883
342 -0.35936662782210516
343 -0.3619592009132422
344 -0.3632731400009568
345 -0.3650332542530652
346 -0.36539195933703283
347 -0.36576838696451697
348 -0.36753448727678506
349 -0.36938973484175275
350 -0.37058468256385513
351 -0.37163716595362994
352 -0.3730862912272773
353 -0.3718671098127191
354 -0.3713693485558287
355 -0.3735836768444659
356 -0.37516338051800635
357 -0.3740234270478051
358 -0.37460828274542
359 -0.37397600984045265
360 -0.37413241291719046
361 -0.37562895539819086
362 -0.37629705847622974
363 -0.37527820299847414
364 -0.37205335700236997
365 -0.37070957380174285
366 -0.36896158111902944
367 -0.369352087493666
368 -0.3681289728309244
369 -0.36966110984803546
370 -0.3712706576344884
371 -0.3714489521398876
372 -0.3713538188270289
373 -0.3698553097219369
374 -0.3696036238832632
375 -0.36936405961398466
376 -0.3685413706342223
377 -0.36729636454281933
378 -0.3694154100695205
379 -0.37086060209498484
380 -0.36957794865549487
381 -0.3683448284965263
382 -0.3699782343357325
383 -0.37307038585877506
384 -0.3734428802380765
385 -0.3734309081177578
386 -0.371956257065419
387 -0.3717779625600196
388 -0.3717938679285214
389 -0.37204737094221085
390 -0.37371440469343564
391 -0.3753913577530039
392 -0.37519481561530854
393 -0.376421574074415
394 -0.3797001222361851
395 -0.3816127063168482
396 -0.38189006738329
397 -0.38175335347416095
398 -0.38006663055532663
399 -0.3788497914045629
400 -0.37701044920809745
401 -0.3753653068855335
402 -0.37591638522205195
403 -0.3761086184718616
404 -0.37765666085747507
405 -0.377926069239666
406 -0.37812026911356733
407 -0.379448436397511
408 -0.37816003253482255
409 -0.3781737356422722
410 -0.3784057323133373
411 -0.38070700559362214
412 -0.38119447190246736
413 -0.38234980565239185
414 -0.3841714253053401
415 -0.3859454783018592
416 -0.3863493983321269
417 -0.3865396649578444
418 -0.3887364107057063
419 -0.3840546362007805
420 -0.37931710671821306
421 -0.37910336712577963
422 -0.38235790778571965
423 -0.3860008481934625
424 -0.3892911328385905
425 -0.3881610986767322
426 -0.38657540894303233
427 -0.38614361142394404
428 -0.3845876163540797
429 -0.3845002862763952
430 -0.3852002000914384
431 -0.3859394922416999
432 -0.3848172613150155
433 -0.3862148866840499
434 -0.3875014733717229
435 -0.38485687528719403
436 -0.3852754085997282
437 -0.38570371177152785
438 -0.38303147183513875
439 -0.3847720369223804
440 -0.3839416308953276
441 -0.3823637443968023
442 -0.3820407832980226
443 -0.3806533128742915
444 -0.3820487359822732
445 -0.3824371357300764
446 -0.3842050532173592
447 -0.3859136675648549
448 -0.3861892114562818
449 -0.386383175693223
450 -0.38603228329076433
451 -0.3894398821292313
452 -0.3882822061155129
453 -0.38704295044730863
454 -0.3884387586413276
455 -0.38995317311492184
456 -0.3890191560019798
457 -0.3906483929560415
458 -0.3927636546836365
459 -0.3919389990797826
460 -0.3888963808372612
461 -0.3878856274928334
462 -0.38802234140196246
463 -0.39045836196728445
464 -0.39290430184094927
465 -0.3925353018089368
466 -0.39243638469697084
467 -0.3921293289666935
468 -0.38940171913870025
469 -0.39081304761518454
470 -0.3926088425912876
471 -0.39450370412843405
472 -0.3962596494953977
473 -0.39530397659075545
474 -0.3977780834050597
475 -0.39594654444376853
476 -0.3910268733955019
477 -0.38956295619210346
478 -0.38337055101269046
479 -0.3812593087211632
480 -0.38769180325863406
481 -0.39007800109161606
482 -0.3921608408055439
483 -0.3926840510995774
484 -0.39317333458343806
485 -0.3960913604862254
486 -0.396763396812448
487 -0.3933358731694121
488 -0.39310024214831707
489 -0.39443439549241976
490 -0.39411099549274486
491 -0.3962417775028044
492 -0.396146879826906
493 -0.3943688073943199
494 -0.3911775893102343
495 -0.3906724004578719
496 -0.3904346533636083
497 -0.38976261703738546
498 -0.39048600381914467
499 -0.39063665647268364
500 -0.39188347973910176
501 -0.3903018094414695
502 -0.3884980617811151
503 -0.3867876302586045
504 -0.3866984830059048
505 -0.38767158900224596
506 -0.38955054517088994
507 -0.39205397100932726
508 -0.392485917977492
509 -0.3927811510365279
510 -0.39373054842919286
511 -0.3947414512226971
512 -0.39634697957308285
513 -0.39600183759382324
514 -0.3968521684254456
515 -0.3981704164010462
516 -0.3966540353033605
517 -0.3954232574081865
518 -0.39279705640503026
519 -0.39087637019103927
520 -0.39027991801280837
521 -0.3888550264316166
522 -0.38571931824187655
523 -0.38025287774497685
524 -0.37641596365395835
525 -0.37008328695693415
526 -0.3658754062098105
527 -0.3632018647408509
528 -0.35997724493537175
529 -0.3566871002929859
530 -0.3516227626513394
531 -0.3500551711008588
532 -0.3494507662383768
533 -0.34760734134465143
534 -0.34667997538338946
535 -0.34214702691065246
536 -0.3373247452511553
537 -0.33323001925856144
538 -0.32953331342395986
539 -0.32865753355519534
540 -0.3277104784263246
541 -0.32274702452073534
542 -0.31898699611027903
543 -0.31786581536115344
544 -0.3150056510628403
545 -0.31118579442381755
546 -0.31224258670147853
547 -0.3136241572529337
548 -0.3129915854498123
549 -0.31307708890614727
550 -0.30937076266135666
551 -0.30402504451720047
552 -0.3000689990578276
553 -0.2978274045570327
554 -0.2971973244667824
555 -0.29603782183171423
556 -0.2936492184737446
557 -0.2931695554000733
558 -0.2924304894404376
559 -0.2896439426660248
560 -0.2820725353895758
561 -0.2726698880499895
562 -0.2648886744292903
563 -0.2597114809312673
564 -0.2614457705065313
565 -0.2686406007064188
566 -0.27731372575501056
567 -0.2858564218527856
568 -0.2913049136155422
569 -0.29341124518885553
570 -0.30042967076588667
571 -0.31011596413022835
572 -0.3201467249359732
573 -0.3297872688189003
574 -0.335998996972555
575 -0.33878152431090014
576 -0.3398674094220684
577 -0.34343323795862357
578 -0.3469059859942949
579 -0.34815660250615477
580 -0.3478826495991175
581 -0.34820379352288233
582 -0.3515777644493294
583 -0.349668674715955
584 -0.34818985477847175
585 -0.34923884382095827
586 -0.34791862922126604
587 -0.3480929042905979
588 -0.3498669572871165
589 -0.3519341272695028
590 -0.3547467249113857
591 -0.3570121774649341
592 -0.3589661159512417
593 -0.3640421995225811
594 -0.3716253432823883
595 -0.3781915443736735
596 -0.38690487174441535
597 -0.38989357107698097
598 -0.39113782588897883
599 -0.3948840650041019
600 -0.39879671269218964
601 -0.4026912527507227
602 -0.4051250805013271
603 -0.40792373939880044
604 -0.4092298752513406
605 -0.4103674864577479
606 -0.4114537472086186
607 -0.4126170336427937
608 -0.41388939213423825
609 -0.41696578773785575
610 -0.4172254262607804
611 -0.4159764007333099
612 -0.4160082114703142
613 -0.4174315120671166
614 -0.4176257119410184
615 -0.41782384506310344
616 -0.41818436732208586
617 -0.41998016229818913
618 -0.4229258300528367
619 -0.42177989052247633
620 -0.42045565648671623
621 -0.42170066257811933
622 -0.4217126346984379
623 -0.4215697852800726
624 -0.420004020350942
625 -0.41966515388366066
626 -0.4181983060664961
627 -0.41873946509467197
628 -0.419229273667312
629 -0.4176354818002843
630 -0.41590119222502064
631 -0.41543758396892827
632 -0.413840008302794
633 -0.41368738902516256
634 -0.41377653627786226
635 -0.4146505757131608
636 -0.41605797094146146
637 -0.41527906481902144
638 -0.4136635309724097
639 -0.4121650218673175
640 -0.4134496419308993
641 -0.4142504394819998
642 -0.41380024488153855
643 -0.41464277247798653
644 -0.4156337504669215
645 -0.4162183167127179
646 -0.41951056798193775
647 -0.4209532682945305
648 -0.4233655802561761
649 -0.4239980026102207
650 -0.4204457371783733
651 -0.41995842031860475
652 -0.4196076679188886
653 -0.4180159288638361
654 -0.41870022676219587
655 -0.4147814530112075
656 -0.41161772732990565
657 -0.4131325174432018
658 -0.4127026232870121
659 -0.4099592480932591
660 -0.40568987139163093
661 -0.4034840208760241
662 -0.4023543623538679
663 -0.4022650656520912
664 -0.4030163299226708
665 -0.4037775135015933
666 -0.4032540770169346
667 -0.4034263854621747
668 -0.4048733946626537
669 -0.4054266752602248
670 -0.40370608879241077
671 -0.4000390008800959
672 -0.40107390172909574
673 -0.4017241328145409
674 -0.40160120820074496
675 -0.40051706352304284
676 -0.3973911346389044
677 -0.3968364125060204
678 -0.3964265064155932
679 -0.3944578779054705
680 -0.39499669466985265
681 -0.40043390233050247
682 -0.4037934956116441
683 -0.40260597548501353
684 -0.40078662135431076
685 -0.39774582028680416
686 -0.3975632936350675
687 -0.40089811241692275
688 -0.39694206695754986
689 -0.3860040301622415
690 -0.38167155707538447
691 -0.3829292865665104
692 -0.37906012283759205
693 -0.372235435306876
694 -0.36782176765157004
695 -0.3642226868426981
696 -0.36008608135568065
697 -0.35585851144094804
698 -0.3515339910383418
699 -0.34613078692941335
700 -0.3425331476558544
701 -0.343211396232862
702 -0.3431461837744644
703 -0.33852575577496635
704 -0.33223283305286266
705 -0.3236708234271808
706 -0.3122602365374675
707 -0.2980215317234063
708 -0.2835057552947212
709 -0.2638833860902634
710 -0.24441219462812447
711 -0.22764322721802843
712 -0.2034221719936572
713 -0.18079149103057401
714 -0.15814034445609026
715 -0.1204918263658803
716 -0.07399180253379567
717 -0.02328488083693203
718 0.02792116063886918
719 0.06973210889294146
720 0.0952463755438917
721 0.1290622408878277
722 0.1747429089543302
723 0.21100381841439209
724 0.21750159494317112
725 0.19410484081331725
726 0.18126705817542388
727 0.15815466853533233
728 0.10772423413714094
729 0.04194391415310972
730 -0.04360504237095053
731 -0.11216240579525649
732 -0.1600411350639197
733 -0.20677161436351654
734 -0.24486761232530896
735 -0.2683503613788628
736 -0.28711411007248777
737 -0.321735439539365
738 -0.3323883941869199
739 -0.3123465124035729
740 -0.30530489206898526
741 -0.3270523000689425
742 -0.35693506335604974
743 -0.3674396663424353
744 -0.37547680018584206
745 -0.3970980903605651
746 -0.42251804003557836
747 -0.4413735676975157
748 -0.4641348943557061
749 -0.4844391559335365
750 -0.4971656485350562
751 -0.5036325339479822
752 -0.5060876512969205
753 -0.5146444261418472
754 -0.521318397757831
755 -0.5214491256068007
756 -0.5156175321381886
757 -0.5077228743111417
758 -0.5044553723768213
759 -0.49675149681793596
760 -0.4837845392186563
761 -0.4721762675540879
762 -0.46054398838768984
763 -0.4478985503518771
764 -0.43930305281691795
765 -0.42853270096275853
766 -0.4189017774900208
767 -0.4136557277372349
768 -0.40816565537820826
769 -0.40260990873319713
770 -0.3954193241600026
771 -0.38783632040293736
772 -0.3777437647445341
773 -0.3708065969971446
774 -0.3674194386056915
775 -0.36732855091952543
776 -0.36679935456533264
777 -0.36362389240067305
778 -0.36231191993705014
779 -0.36062519701821594
780 -0.36053590031643956
781 -0.36183627629944637
782 -0.361638143177361
783 -0.35979099774572165
784 -0.35665506336535613
785 -0.3552596402573741
786 -0.3594025979979185
787 -0.35987817837432956
788 -0.3601453844954682
789 -0.3602486199416547
790 -0.3608888455308735
791 -0.36013364801211
792 -0.3598007676049877
793 -0.3580346672927197
794 -0.3561358725073899
795 -0.3553692279570877
796 -0.35207477442681556
797 -0.3495871045078037
798 -0.3510286527369024
799 -0.34926058580054264
800 -0.3460889074349893
801 -0.3454352681901397
802 -0.34425986018656907
803 -0.3418991343174207
804 -0.34269226863608937
805 -0.3397744783702621
806 -0.3395009011029272
807 -0.34002252041257097
808 -0.33940183454188455
809 -0.3394494011983139
810 -0.340702359973968
811 -0.3393284432086101
812 -0.3384663758936298
813 -0.3394220487982723
814 -0.3360381585634825
815 -0.33717811203368353
816 -0.3383656321603141
817 -0.33573315564518025
818 -0.33692240675894214
819 -0.3358322222062229
820 -0.33860322980550106
821 -0.3386390599785726
822 -0.33707109278839
823 -0.3354298837140096
824 -0.3346746861952461
825 -0.33667095655722923
826 -0.336817589774701
827 -0.33573890606837875
828 -0.33734065061965757
829 -0.3397133486091246
830 -0.33958012904728363
831 -0.3412570821068519
832 -0.3427971718082139
833 -0.34155618515287867
834 -0.3424048388122274
835 -0.3390968316235826
836 -0.33569929209620053
837 -0.3344389057250743
838 -0.33464325109794446
839 -0.33344020124251394
840 -0.3306534282774758
841 -0.3271470523297847
842 -0.32512548237973626
843 -0.3252824105452534
844 -0.3237936712994275
845 -0.32319684348149447
846 -0.32533974706094915
847 -0.3261899284434947
848 -0.32545063629323345
849 -0.3249989139695756
850 -0.32138916257295647
851 -0.32176596584014305
852 -0.3234848751356838
853 -0.32064411055316167
854 -0.3194945272264357
855 -0.31889640732226665
856 -0.3164761426763699
857 -0.3149575593176318
858 -0.31624619881728055
859 -0.3181037886460425
860 -0.3152749099959542
861 -0.312993325883279
862 -0.3145894600141006
863 -0.3136380959973438
864 -0.31130099254398746
865 -0.3103059951189856
866 -0.31017133402183195
867 -0.31133499609570936
868 -0.30982058162211545
869 -0.3082030811514116
870 -0.30795753082197386
871 -0.3079416254534718
872 -0.3081119672746201
873 -0.3095768484676925
874 -0.3096819010888946
875 -0.30902160124602984
876 -0.30885527886094855
877 -0.3091192262717595
878 -0.30614984991343575
879 -0.3046967052037206
880 -0.30682787229981767
881 -0.30913694881527665
882 -0.30809394583294925
883 -0.30911112413843167
884 -0.30715695946149824
885 -0.30248677199085305
886 -0.3016883167035468
887 -0.30101483884201097
888 -0.2984974742591634
889 -0.29623557931409683
890 -0.2969751071013186
891 -0.3004955617961611
892 -0.29949232223508926
893 -0.2995060253425389
894 -0.2993892362379793
895 -0.2991019558631943
896 -0.297839217781939
897 -0.29416857226114324
898 -0.29178078344377156
899 -0.2834776610616101
900 -0.2780921794961987
901 -0.27849321645584124
902 -0.2780651394746668
903 -0.27628495096891226
904 -0.274239672415187
905 -0.27207540249585016
906 -0.2688028403942393
907 -0.2683549880575725
908 -0.2687298247006671
909 -0.2677804273080028
910 -0.2660994548123672
911 -0.26447802109347973
912 -0.26536235547682363
913 -0.2640444831409251
914 -0.2598025988420798
915 -0.2561061919056321
916 -0.2545960863199239
917 -0.2528914914084961
918 -0.2534107590080109
919 -0.2534404536718462
920 -0.2539559374722542
921 -0.25291935945098143
922 -0.24984296384736393
923 -0.24934754485426724
924 -0.24888598941015083
925 -0.24759575892611208
926 -0.24423601619589375
927 -0.24163549042050558
928 -0.24186566047022073
929 -0.24162594675186522
930 -0.2407280492638133
931 -0.2392669518698476
932 -0.23922939070964455
933 -0.24164601155917653
934 -0.23876381582946027
935 -0.23642867900019626
936 -0.23687092091640627
937 -0.23749729394909858
938 -0.23785819184778334
939 -0.2352021467317148
940 -0.23101396459853518
941 -0.22946424504064888
942 -0.2276289222802509
943 -0.22733747302032192
944 -0.22714729258248778
945 -0.22684607346329277
946 -0.22509587851952695
947 -0.22327244169156368
948 -0.22224381635454205
949 -0.2215638273440681
950 -0.22306036982506816
951 -0.22458872304307254
952 -0.22407505641767944
953 -0.22343483082846094
954 -0.22464817563193662
955 -0.22340316954053352
956 -0.22351799202100142
957 -0.22551426238298422
958 -0.22474315949571877
959 -0.22300288386029588
960 -0.22116550828792236
961 -0.2194865886042625
962 -0.2203709229876062
963 -0.21911053661648006
964 -0.2150807241841306
965 -0.21245035429583015
966 -0.21267477392234635
967 -0.2136026555260524
968 -0.21003448472570307
969 -0.20908106789697112
970 -0.21029843213651422
971 -0.21042719336139248
972 -0.21056965769372027
973 -0.210632980269575
974 -0.2116205500991054
975 -0.20959692733708146
976 -0.20368188322410996
977 -0.2038982639784913
978 -0.20595785691632884
979 -0.20623908796976143
980 -0.2074543993973289
981 -0.20471481744901754
982 -0.20347776404186568
983 -0.20762685729164598
984 -0.20808849892364645
985 -0.2078125793925174
986 -0.20941629056788758
987 -0.21050058469466681
988 -0.21173907963713134
989 -0.2131898820830519
990 -0.21728293090337247
991 -0.21876539463722067
992 -0.22064843350312513
993 -0.22128048021746682
994 -0.22228904074717737
995 -0.228721159644946
996 -0.23203501289100825
997 -0.2343755245037693
998 -0.23636361599087508
999 -0.23698991228201838
1000 -0.239070934820931
1001 -0.24157618728071817
1002 -0.24697718912859434
1003 -0.25121476453955327
1004 -0.25587063762608586
1005 -0.2578563868493978
1006 -0.26065270348307656
1007 -0.2669082050477194
1008 -0.27252151439905137
1009 -0.27585300400074664
1010 -0.27694487517207456
1011 -0.28047305636054276
1012 -0.2828237229186068
1013 -0.2858263515492476
1014 -0.288751954496584
1015 -0.2909281103483553
1016 -0.292414507330387
1017 -0.2951954436843428
1018 -0.2974766521573162
1019 -0.29997591855694417
1020 -0.30464156150274246
1021 -0.3081612016569879
1022 -0.3136857393953223
1023 -0.31504783348943877
1024 -0.3077349378168074
1025 -0.30804205680827834
1026 -0.3158145507472694
1027 -0.3215266277614901
1028 -0.3244079227627247
1029 -0.3269012031021936
1030 -0.3303838704462079
1031 -0.33227092874817965
1032 -0.3320031113503783
1033 -0.3318561024932035
1034 -0.33519812267990534
1035 -0.33925557696411457
1036 -0.3393008013567498
1037 -0.3404087178993215
1038 -0.34163365918341304
1039 -0.34372650439356767
1040 -0.34709419980803724
1041 -0.34890188071657535
1042 -0.3478709131157597
1043 -0.3480610935535938
1044 -0.3496529187965294
1045 -0.3512167171015679
1046 -0.35063201085302964
1047 -0.3504099334903078
1048 -0.34821969889138404
1049 -0.34917340517193507
1050 -0.34769875411959594
1051 -0.34653887584482546
1052 -0.3490582070517646
1053 -0.3525644335503786
1054 -0.3552441872701233
1055 -0.35604891806940775
1056 -0.3531925470165369
1057 -0.3521163550230858
1058 -0.35186088538530513
1059 -0.3517874940520307
1060 -0.35179544673628194
1061 -0.3518945132973246
1062 -0.3521480163110132
1063 -0.3537159835011958
1064 -0.35511557549432204
1065 -0.3531945136406287
1066 -0.35257201059492704
1067 -0.35517306145909444
1068 -0.3545346530448905
1069 -0.35256224073566134
1070 -0.35393395523996685
1071 -0.3543759077043581
1072 -0.35739064845805946
1073 -0.35762264512912423
1074 -0.35691492807890657
1075 -0.3555906940431468
1076 -0.3563974776544069
1077 -0.35913902622681027
1078 -0.3578206288021326
1079 -0.35612791982313896
1080 -0.3555257804829026
1081 -0.35256420735975313
1082 -0.3524492354302081
1083 -0.35503438092587325
1084 -0.3537416587289641
1085 -0.35223519693962113
1086 -0.3530918032832212
1087 -0.35005904108784947
1088 -0.34937737490510246
1089 -0.3473320963513775
1090 -0.34410906753028814
1091 -0.34372862046673625
1092 -0.343774220499074
1093 -0.345320296260595
1094 -0.34626969365325966
1095 -0.34599794300727504
1096 -0.34775192175014746
1097 -0.3495200748743912
1098 -0.3515360344039824
1099 -0.348606272017837
1100 -0.3459838548137877
1101 -0.3451975210958764
1102 -0.3432035929976879
1103 -0.3401608253060895
1104 -0.34069418109909144
1105 -0.3423116815697953
1106 -0.34354624326407623
1107 -0.3454510241095651
1108 -0.34730823829862467
1109 -0.34783910237875537
1110 -0.34948841358646354
1111 -0.3508997420629476
1112 -0.3483504267403541
1113 -0.34955778548367067
1114 -0.3496469327363704
1115 -0.3491609941507211
1116 -0.3515042236669781
1117 -0.3487592669351708
1118 -0.3435402572039171
1119 -0.3384444077234199
1120 -0.33787378022203374
1121 -0.33932677548267165
1122 -0.34112635425788196
1123 -0.3422797213837143
1124 -0.34325101020504023
1125 -0.3440221130923058
1126 -0.34285845101842827
1127 -0.34377618712316527
1128 -0.34564915723165013
1129 -0.34768868536217656
1130 -0.35082635072967294
1131 -0.3498549219056051
1132 -0.35044954746248624
1133 -0.3495874801475062
1134 -0.34859051609841185
1135 -0.3475857488141434
1136 -0.34621993418211305
1137 -0.34727438419597967
1138 -0.3507827267677619
1139 -0.3540191692444826
1140 -0.35788788462617094
1141 -0.36135086280257656
1142 -0.3623041934434248
1143 -0.3591283556390624
1144 -0.3603574563619637
1145 -0.3621537764268461
1146 -0.3598562869456683
1147 -0.35674406116897883
1148 -0.35626674980543716
1149 -0.35710351753235137
1150 -0.3540172026203908
1151 -0.3521163550230856
1152 -0.35106008783420406
1153 -0.35093716322040847
1154 -0.35159928023828835
1155 -0.35163290815030757
1156 -0.3510104051046061
1157 -0.35165676620306074
1158 -0.3517319747113502
1159 -0.3512382328905268
1160 -0.35318693659608025
1161 -0.3523921251051383
1162 -0.35016802695723503
1163 -0.3499660238481591
1164 -0.35016022372206057
1165 -0.35197570786577315
1166 -0.35451079499213733
1167 -0.3555394203291592
1168 -0.35553161709398506
1169 -0.35404681109634273
1170 -0.3526434353041099
1171 -0.35511754211841384
1172 -0.3538052802029725
1173 -0.35254830199125087
1174 -0.35411043257035113
1175 -0.35603892201951626
1176 -0.3581158618611685
1177 -0.36063322644401585
1178 -0.3614359906192085
1179 -0.35929922254899005
1180 -0.3583557250286009
1181 -0.35771353281528995
1182 -0.359874158938262
1183 -0.36080568433833293
1184 -0.36032186182585246
1185 -0.3609463314956456
1186 -0.36027247799440787
1187 -0.3602762617935146
1188 -0.3603616252471076
1189 -0.3617313731273216
1190 -0.3606648109903944
1191 -0.3617230448033677
1192 -0.36428797604264473
1193 -0.3667735298884882
1194 -0.36696174370223067
1195 -0.3655306398702537
1196 -0.3647159035747425
1197 -0.36474378106356287
1198 -0.36676769327740555
1199 -0.3656277398072043
1200 -0.3657445289117641
1201 -0.36715010696504935
1202 -0.36723925421774883
1203 -0.36662667048039066
1204 -0.3667098316729308
1205 -0.36750070991568917
1206 -0.3687278440144981
1207 -0.36706694577250876
1208 -0.3640776446096158
1209 -0.3634215136518947
1210 -0.3670193791160794
1211 -0.36874374938300036
1212 -0.3676632485016632
1213 -0.36777420099514047
1214 -0.3681785061114453
1215 -0.3713697241955308
1216 -0.37324868036417447
1217 -0.37352604143061663
1218 -0.3734627188547619
1219 -0.3720712289949635
1220 -0.37213848481900214
1221 -0.37366487141291416
1222 -0.3751377052902384
1223 -0.3739680571562015
1224 -0.3735932205131067
1225 -0.3761442130079732
1226 -0.3794860837455978
1227 -0.3812442313736143
1228 -0.38007654986366934
1229 -0.3788830436768793
1230 -0.3810239806322421
1231 -0.38305986496640354
1232 -0.3809249140712
1233 -0.3786056826104378
1234 -0.37835998283192307
1235 -0.3794683612020806
1236 -0.37908791413852827
1237 -0.37483391771662333
1238 -0.37472287903526225
1239 -0.37756554698068345
1240 -0.37906807552184263
1241 -0.37764075548897325
1242 -0.37489140368139573
1243 -0.37632644076155597
1244 -0.37872308299166
1245 -0.38093702619425995
1246 -0.37835604958373914
1247 -0.37812420236175104
1248 -0.3779994605729403
1249 -0.37790819724707236
1250 -0.3782038059458107
1251 -0.3756607661351946
1252 -0.3724237985696951
1253 -0.37194050114599375
1254 -0.3723747903779533
1255 -0.37114750683006714
1256 -0.37203760108294426
1257 -0.3744220355557695
1258 -0.3744137934196997
1259 -0.3780909500894346
1260 -0.3778625972147346
1261 -0.37693078236284494
1262 -0.3815695979973813
1263 -0.3786097020465048
1264 -0.3788156384037643
1265 -0.3828182478851494
1266 -0.3804888076642259
1267 -0.3807163998131857
1268 -0.3830101054952565
1269 -0.3846948617899988
1270 -0.38432782838207813
1271 -0.38445673905603306
1272 -0.38578490633997664
1273 -0.3845538389929839
1274 -0.3851624032942753
1275 -0.38512082269800474
1276 -0.38441515845976293
1277 -0.38491071745560124
1278 -0.38346576106709807
1279 -0.38383059221396654
1280 -0.3822745971441026
1281 -0.38138268571621003
1282 -0.38186052216853117
1283 -0.3806215021372875
1284 -0.38202291130542854
1285 -0.38279008094451017
1286 -0.3821516725303068
1287 -0.38198928339340965
1288 -0.38121234389506176
1289 -0.38066504935764933
1290 -0.3822905025126043
1291 -0.3846472951335693
1292 -0.38442311114401384
1293 -0.385433778300558
1294 -0.3864842950662405
1295 -0.38857948254018937
1296 -0.3876044099197564
1297 -0.38414143174335114
1298 -0.38030241102549833
1299 -0.37817229410696007
1300 -0.3723346513169954
1301 -0.368667789595306
1302 -0.3701948412807399
1303 -0.36530683152040033
1304 -0.360906192434688
1305 -0.359063442078818
1306 -0.3571749422415341
1307 -0.3520331938305452
1308 -0.3477320063919127
1309 -0.3477104906029538
1310 -0.34735383833096223
1311 -0.3468168387415954
1312 -0.3435463927131531
1313 -0.34052331418916404
1314 -0.3417880956360594
1315 -0.3449379593145001
1316 -0.3422185283613841
1317 -0.33651803838144423
1318 -0.32838774953330163
1319 -0.3229116791798782
1320 -0.31858519215318015
1321 -0.31495589159169357
1322 -0.31401626405829497
1323 -0.31621453752935347
1324 -0.3184800668244503
1325 -0.3177903079547103
1326 -0.31604601288322
1327 -0.31309852795355764
1328 -0.31425605451819916
1329 -0.3153623168151882
1330 -0.31439140363356466
1331 -0.30736092919466595
1332 -0.29873484571372455
1333 -0.2950585035845883
1334 -0.2934195735128091
1335 -0.29277358805405673
1336 -0.29091235442892993
1337 -0.28799054472703567
1338 -0.28925509053697096
1339 -0.2906307612161506
1340 -0.2913268817857524
1341 -0.2859256443009157
1342 -0.2768376297361552
1343 -0.2737859067258891
1344 -0.27114001655512354
1345 -0.271656941890844
1346 -0.27719284047283443
1347 -0.2848355230093893
1348 -0.29266043329952696
1349 -0.29889783668095016
1350 -0.3034701729352396
1351 -0.3072775418114998
1352 -0.31313449812937055
1353 -0.3186900953253049
1354 -0.3258329637929932
1355 -0.33309505926325444
1356 -0.3419036693959322
1357 -0.3451100415691146
1358 -0.34667529085580095
1359 -0.35365485374005845
1360 -0.3552522894034511
1361 -0.35467295793840925
1362 -0.3573508082952551
1363 -0.3602961865980844
1364 -0.36438726879431316
1365 -0.36489260709575255
1366 -0.36382384269777324
1367 -0.3646387284423611
1368 -0.3667517879089036
1369 -0.3656178204988614
1370 -0.36625220947699777
1371 -0.36576853641359397
1372 -0.36632325854647785
1373 -0.3704938675852172
1374 -0.3737977153350529
1375 -0.3767960350778077
1376 -0.383723572968673
1377 -0.38860152341792764
1378 -0.39069610906154784
1379 -0.39354210842482495
1380 -0.3994128540380292
1381 -0.40684960021732486
1382 -0.4133764767882502
1383 -0.41557414842898066
1384 -0.41803758465553686
1385 -0.4215916767087339
1386 -0.4242735465016474
1387 -0.4242017461527624
1388 -0.4247307930578783
1389 -0.42840401647942916
1390 -0.4287368968865515
1391 -0.4275611132432786
1392 -0.42817384642971423
1393 -0.42875476887914565
1394 -0.4274285682192941
1395 -0.42749597349240875
1396 -0.4285504235062755
1397 -0.4305698773831551
1398 -0.4337889729560611
1399 -0.43523014554545736
1400 -0.43178686598299587
1401 -0.43030024281033874
1402 -0.43241928833704046
1403 -0.43412200281226043
1404 -0.4355669592007636
1405 -0.43300385458283686
1406 -0.43315442104849256
1407 -0.4356717856313398
1408 -0.43845659197228626
1409 -0.4411183875115535
1410 -0.44095154003769343
1411 -0.4422600181540278
1412 -0.4419016119682141
1413 -0.4377387294231003
1414 -0.4379368625451854
1415 -0.44267832527593654
1416 -0.44640442687621973
1417 -0.44844970542994467
1418 -0.44856467735948935
1419 -0.44690377911750057
1420 -0.44507435622937763
1421 -0.44342126122256276
1422 -0.44391288697021747
1423 -0.44442640414653345
1424 -0.4434055820446863
1425 -0.440805056269298
1426 -0.438728116427646
1427 -0.43688278817102155
1428 -0.43554666820282695
1429 -0.43844461985196814
1430 -0.4401731590040331
1431 -0.4404067372131525
1432 -0.4392014945430044
1433 -0.44049603391492886
1434 -0.44055155325560935
1435 -0.4399626781219269
1436 -0.4406188090796477
1437 -0.44060707259628984
1438 -0.44054556719545
1439 -0.43929260841979645
1440 -0.440624795139807
1441 -0.4418361733191909
1442 -0.43909644192180264
1443 -0.4382620164586827
1444 -0.4400720396310147
1445 -0.43871804767022604
1446 -0.4384506059121275
1447 -0.43751309445189734
1448 -0.4355128908417306
1449 -0.43809386745225165
1450 -0.4380404009235469
1451 -0.4362999758390472
1452 -0.4341754693409655
1453 -0.43076619333022537
1454 -0.4289407898781701
1455 -0.43009664871687336
1456 -0.4298247486218113
1457 -0.43175505524599156
1458 -0.4355075066118994
1459 -0.43561255923310116
1460 -0.43271240532290767
1461 -0.43105150708091833
1462 -0.43220539929553003
1463 -0.43235006588891
1464 -0.4326391634387099
1465 -0.4336995995127356
1466 -0.4360404867651989
1467 -0.4362583952427769
1468 -0.4360305674568562
1469 -0.4341436586039614
1470 -0.4307897524848252
1471 -0.42974363079491185
1472 -0.42702865817875857
1473 -0.4201782954202745
1474 -0.4147078354873074
1475 -0.4135011418355118
1476 -0.41131295060222894
1477 -0.40940422706222157
1478 -0.40411842333451564
1479 -0.3960596991982981
1480 -0.3852851017174451
1481 -0.37777716646592774
1482 -0.37707800393028945
1483 -0.3758629186933472
1484 -0.37522056758462485
1485 -0.37259459277209483
1486 -0.3663492367064205
1487 -0.35638528337748343
1488 -0.3445234454380337
1489 -0.33065963108192553
1490 -0.3073979020048966
1491 -0.28820488614979733
1492 -0.2664688304840821
1493 -0.2376193178344126
1494 -0.21693332114081543
1495 -0.19653764455034373
1496 -0.16456172950491843
1497 -0.12014894990886604
1498 -0.0689500173783103
1499 -0.01551412733140689
1500 0.025679778848344048
1501 0.054530079625836336
1502 0.09228259071335487
1503 0.13667236320429788
1504 0.175246431877079
1505 0.1827214832873434
1506 0.1594712129258853
1507 0.1469724367580154
1508 0.12102579368433974
1509 0.06693060419129249
1510 -0.006492312141409551
1511 -0.09968956162248122
1512 -0.1785954848780854
1513 -0.2354189269118926
1514 -0.2859736830906692
1515 -0.33588507925458966
1516 -0.3667000564013507
1517 -0.3861646986177456
1518 -0.41997054050970695
1519 -0.4363916166009425
1520 -0.4241341914305704
1521 -0.41320364145790633
1522 -0.42540274860853133
1523 -0.4485861006888474
1524 -0.46170591947443607
1525 -0.4722129279858095
1526 -0.4902243173148366
1527 -0.513378877697495
1528 -0.5285756457710711
1529 -0.5490221360442689
1530 -0.567728961958706
1531 -0.5764416336842622
1532 -0.5828176946722158
1533 -0.5829317753196132
1534 -0.5906281505754989
1535 -0.5994969013152527
1536 -0.5963549176135352
1537 -0.5861230701452481
1538 -0.5761320727607582
1539 -0.5673086074371365
1540 -0.5580067711260797
1541 -0.5486655564798051
1542 -0.5408292758996764
1543 -0.527484073497897
1544 -0.5139942045027369
1545 -0.5046179836703233
1546 -0.49462653793860323
1547 -0.48602423980288745
1548 -0.4824868043975973
1549 -0.4779956627117564
1550 -0.4721761181050116
1551 -0.4667792756959446
1552 -0.46122004414997986
1553 -0.4538307151780373
1554 -0.44807100824619406
1555 -0.4466048255205505
1556 -0.44249572188265096
1557 -0.4413123611948294
1558 -0.44227803959569856
1559 -0.4407714283572788
1560 -0.4398160449044548
1561 -0.43944953658531305
1562 -0.4378281028664256
1563 -0.4374615945472837
1564 -0.4365062110944601
1565 -0.4350314105930444
1566 -0.4361872694317479
1567 -0.43553295564904226
1568 -0.4348828107514805
1569 -0.4366808618034944
1570 -0.4340404326041094
1571 -0.43459347756472033
1572 -0.43528740531960397
1573 -0.4348352440950508
1574 -0.43629413922796456
1575 -0.43643880582134476
1576 -0.4364229004528427
1577 -0.4361791672984201
1578 -0.4344667691518175
1579 -0.43332710513343475
1580 -0.4311327016493671
1581 -0.43228644441490194
1582 -0.43330764215645157
1583 -0.4302093551241729
1584 -0.42704577889194784
1585 -0.42734138759068585
1586 -0.42791042410768243
1587 -0.4278389993984999
1588 -0.4264493267137166
1589 -0.426366165521176
1590 -0.4275536856478066
1591 -0.4260966076899081
1592 -0.4250342049917911
1593 -0.4243310324664198
1594 -0.4209951477889542
1595 -0.4179959273177183
1596 -0.419490652623703
1597 -0.42342518229411696
1598 -0.42484402455395687
1599 -0.4264575055885933
1600 -0.425738052055018
1601 -0.4236031011598139
1602 -0.42410282904079666
1603 -0.4247888041114297
1604 -0.42435633205448564
1605 -0.42526218222678813
1606 -0.4273734245183154
1607 -0.4262354376722062
1608 -0.42579516238008763
1609 -0.4280767464927634
1610 -0.42974181361989694
1611 -0.4299081360049777
1612 -0.4286473739941493
1613 -0.42931941032037213
1614 -0.4300945326437049
1615 -0.43028274645744735
1616 -0.43055412146373007
1617 -0.4315906994850026
1618 -0.43386433091342724
1619 -0.4340030114466482
1620 -0.43262129144611605
1621 -0.43241732171294867
1622 -0.4322786411797275
1623 -0.43156684143224944
1624 -0.4320150694086192
1625 -0.4315771363802948
1626 -0.4278189345911887
1627 -0.427343354214778
1628 -0.4266277706681927
1629 -0.4280252465881501
1630 -0.42928002253881914
1631 -0.4264374407812819
1632 -0.4258786992123307
1633 -0.42407715381302835
1634 -0.4224754092617502
1635 -0.4230147511149108
1636 -0.4237184487290614
1637 -0.4232187208480783
1638 -0.4239480936899971
1639 -0.4245013742875683
1640 -0.4234984241783146
1641 -0.4204715618552186
1642 -0.4201289115888299
1643 -0.4207196038975273
1644 -0.4202318481368632
1645 -0.42221614637852733
1646 -0.42095341774360717
1647 -0.4203010705849931
1648 -0.42155206273655543
1649 -0.4214193682634936
1650 -0.41983549570480894
1651 -0.4182557920312684
1652 -0.41878914782427035
1653 -0.4189435842769166
1654 -0.4197999011686979
1655 -0.421177601733163
1656 -0.41931804528030925
1657 -0.4199741762380298
1658 -0.42123312107384325
1659 -0.419833529080717
1660 -0.4189356315926651
1661 -0.41870598663172964
1662 -0.41806159215736693
1663 -0.4183210812312149
1664 -0.42117563510907097
1665 -0.4213143156422918
1666 -0.4193516731923287
1667 -0.4198850289853301
1668 -0.42041445153014845
1669 -0.41948277668100087
1670 -0.4176354818002843
1671 -0.41560792579007655
1672 -0.41355469455210103
1673 -0.41162006959369957
1674 -0.40988184677025197
1675 -0.41076216171752866
1676 -0.4085005024094224
1677 -0.4075391328964393
1678 -0.40738454699471616
1679 -0.40731517509750925
1680 -0.4082430567012151
1681 -0.4049368666875848
1682 -0.40134134348719464
1683 -0.3991177704280705
1684 -0.397286231466779
1685 -0.3970721929761919
1686 -0.39820222713805054
1687 -0.3966639546117031
1688 -0.3949314822114546
1689 -0.3943254096230344
1690 -0.39242259540163726
1691 -0.3894194416822174
1692 -0.390460328591376
1693 -0.3910056565046963
1694 -0.3896655171004346
1695 -0.38912018918711433
1696 -0.39072777034947515
1697 -0.3934532641042996
1698 -0.391673460684582
1699 -0.3878045096659333
1700 -0.38122787362386135
1701 -0.3789486317749797
1702 -0.3798469049027339
1703 -0.37974768889261445
1704 -0.37889917523600714
1705 -0.37783495536287415
1706 -0.3766181162121106
1707 -0.37415627096994364
1708 -0.3731593069208493
1709 -0.3736668380370063
1710 -0.3735994327638912
1711 -0.37335569960946835
1712 -0.3716550379462238
1713 -0.36988893763395614
1714 -0.36938973484175275
1715 -0.3682620429436887
1716 -0.3659406954097574
1717 -0.36563569249145544
1718 -0.3666290127441847
1719 -0.3638439169514194
1720 -0.36372689220989907
1721 -0.36455753387391254
1722 -0.3661768515196313
1723 -0.36702718235125353
1724 -0.36636506533337365
1725 -0.36557222046652404
1726 -0.3654255872490517
1727 -0.3652928927759902
1728 -0.3650827875335865
1729 -0.3635426978322245
1730 -0.3632929786176422
1731 -0.3625298284146279
1732 -0.36302940684653395
1733 -0.3627104651838218
1734 -0.36029020053792504
1735 -0.35848448625347884
1736 -0.358066478029724
1737 -0.3576661923494864
1738 -0.3558664641251992
1739 -0.3539875079565553
1740 -0.3522947989775622
1741 -0.35222936032853847
1742 -0.35369227489751986
1743 -0.35453465304489074
1744 -0.3540112165602318
1745 -0.35411028312127446
1746 -0.35492698604087725
1747 -0.35577731687249947
1748 -0.3559575780019907
1749 -0.3560962585352119
1750 -0.3568476722548679
1751 -0.3570299000084509
1752 -0.35677390528189135
1753 -0.3598087202892386
1754 -0.36147575404046395
1755 -0.36033958436936964
1756 -0.3602486199416547
1757 -0.3607423617624782
1758 -0.35884122471335433
1759 -0.3603160252147698
1760 -0.3620405449307674
1761 -0.3626685089478491
1762 -0.36525327880381164
1763 -0.3672730315788453
1764 -0.36819622865496215
1765 -0.37182734639146386
1766 -0.37599583935703473
1767 -0.37713943662360083
1768 -0.3758826078609564
1769 -0.37461404261495357
1770 -0.3763007655337879
1771 -0.3790183160506959
1772 -0.3824394779938707
1773 -0.38277394938538234
1774 -0.3853484242933001
1775 -0.39214523433519544
1776 -0.3965648880506605
1777 -0.4007270193163699
1778 -0.40451483902776275
1779 -0.40558285214633716
1780 -0.4085697248575525
1781 -0.41228817267173856
1782 -0.4153206454152918
1783 -0.4175781452845887
1784 -0.41927062807295656
1785 -0.42255857045429024
1786 -0.42796776062337805
1787 -0.4331291982019755
1788 -0.4333884610851977
1789 -0.4340779937643122
1790 -0.43694626019595284
1791 -0.4408883669109154
1792 -0.4450624702969428
1793 -0.4504140883133745
1794 -0.4524533902532748
1795 -0.45572936051429014
1796 -0.4597054802273093
1797 -0.4647936759217093
1798 -0.46584775029587344
1799 -0.46687796661728476
1800 -0.47184937320712494
1801 -0.47555986833705977
1802 -0.476598037342722
1803 -0.4789386984045595
1804 -0.48279582675196697
1805 -0.48740618599404506
1806 -0.49070223050870654
1807 -0.4928205247560037
1808 -0.4977161977487753
1809 -0.5045685271313511
1810 -0.5073805996844549
1811 -0.5092434242939712
1812 -0.5134337225003198
1813 -0.5149241389184184
1814 -0.5167674143630676
1815 -0.5171915580960584
1816 -0.5177464296780191
1817 -0.5205787164875115
1818 -0.5237954697966233
1819 -0.5289410020067189
1820 -0.5312618244518705
1821 -0.53193947119855
1822 -0.533699734899735
1823 -0.5343278483658935
1824 -0.5364861322250714
1825 -0.5406804498674866
1826 -0.5428962196914369
1827 -0.5436807362343334
1828 -0.5462239254940255
1829 -0.5479979784905447
1830 -0.5477359977038257
1831 -0.5486597198687221
1832 -0.5501741343423165
1833 -0.5496962978899949
1834 -0.5502889568227843
1835 -0.5494348421920554
1836 -0.5484893780475738
1837 -0.5470581247665205
1838 -0.5477439503880766
1839 -0.5496729649260211
1840 -0.5482595836375614
1841 -0.5457082155029922
1842 -0.5481383994572322
1843 -0.552362411763483
1844 -0.5553887489978
1845 -0.5568928685233487
1846 -0.5587005494318869
1847 -0.559549063088494
1848 -0.5588809600104547
1849 -0.5575627120348541
1850 -0.5588809600104547
1851 -0.5595331577199917
1852 -0.5586491989763505
1853 -0.5569524705612896
1854 -0.5548314584104963
1855 -0.5568215932632432
1856 -0.5581577994193214
1857 -0.5571628019943193
1858 -0.5533945947089856
1859 -0.5518644243159666
1860 -0.5547207953688378
1861 -0.5565621903772783
1862 -0.5581299219305007
1863 -0.5562448396989558
1864 -0.5562824008591589
1865 -0.5572437703721419
1866 -0.5596224544217683
1867 -0.5606806882347419
1868 -0.5598083259717161
1869 -0.5627915548865671
1870 -0.5633980125610245
1871 -0.5653481578018904
1872 -0.5673579912685811
1873 -0.5693360139982674
1874 -0.5711277895383033
1875 -0.5713715226927261
1876 -0.5713319087205475
1877 -0.5704974832574272
1878 -0.5696471524258051
1879 -0.5694925665240821
1880 -0.5693439666825185
1881 -0.5690666056160767
1882 -0.5674313826018551
1883 -0.5659446099801213
1884 -0.5666542936544309
1885 -0.5687556166376149
1886 -0.5682419500122222
1887 -0.5670287546578234
1888 -0.5690369109522406
1889 -0.5686641271211215
1890 -0.5696551051100562
1891 -0.571407266677914
1892 -0.5720314468958889
1893 -0.5752009230003895
1894 -0.5758111644739539
1895 -0.5769388563720179
1896 -0.579141212540337
1897 -0.5779933063858849
1898 -0.5779536924137061
1899 -0.5784950008909588
1900 -0.5771668336070155
1901 -0.5777913032768089
1902 -0.5779458891785322
1903 -0.5783044448134229
1904 -0.5806691901186387
1905 -0.5817137208241627
1906 -0.5819276098656732
1907 -0.581967373286928
1908 -0.5819693399110204
1909 -0.5814677948550222
1910 -0.5830892285739098
1911 -0.5843635536894464
1912 -0.5864643515838512
1913 -0.5897765276576409
1914 -0.5908785443279366
1915 -0.590396837888625
1916 -0.5900141980103557
1917 -0.5914528788868809
1918 -0.5965033639720012
1919 -0.601385473860065
1920 -0.6006575425534595
1921 -0.599602866348967
1922 -0.601813175201537
1923 -0.6029448865356686
1924 -0.6046395621387537
1925 -0.6049427478820408
1926 -0.6046709972360559
1927 -0.6071348091023142
1928 -0.6091108652079089
1929 -0.6109263493516215
1930 -0.6117113909832966
1931 -0.6102643817828183
1932 -0.6088173725823394
1933 -0.6095785561612619
1934 -0.6112772512004145
1935 -0.6129876827229255
1936 -0.6131818825968266
1937 -0.6130531213719483
1938 -0.611507045610427
1939 -0.6106567147788048
1940 -0.6112614952809889
1941 -0.6114833370067505
1942 -0.6120044312276149
1943 -0.6153026685569944
1944 -0.6173837772837909
1945 -0.6192330387885993
1946 -0.6195937104966585
1947 -0.6193555877626924
1948 -0.6218412910576125
1949 -0.6244497695172517
1950 -0.6251511248676074
1951 -0.6270994529334581
1952 -0.6290695229788936
1953 -0.6308971286920011
1954 -0.6324154764137787
1955 -0.6300306663012512
1956 -0.6316222559072264
1957 -0.6341358366909671
1958 -0.6361078733604943
1959 -0.6368527759312126
1960 -0.6390012899311242
1961 -0.6431003248116038
1962 -0.6444361553279798
1963 -0.6453160946355536
1964 -0.6439960294849378
1965 -0.6439088488563299
1966 -0.6440059487932813
1967 -0.6448958935970819
1968 -0.6463864500179226
1969 -0.6457858384008823
1970 -0.6455936051510724
1971 -0.6441110014144829
1972 -0.6440475293895513
1973 -0.6447987936601309
1974 -0.6455421052464596
1975 -0.6454529579937597
1976 -0.64395641551276
1977 -0.6432290092949331
1978 -0.6441465959505941
1979 -0.6459899575831265
1980 -0.6490028811618129
1981 -0.6479522243933877
1982 -0.647458396384681
1983 -0.6485011099151892
1984 -0.6516843753150239
1985 -0.6528992478416958
1986 -0.6537276872446565
1987 -0.6528675865537682
1988 -0.6511591216553498
1989 -0.6496327350614375
1990 -0.6498329209954979
1991 -0.6535238669605656
1992 -0.6541102503813772
1993 -0.6545599198930594
1994 -0.6567047900966061
1995 -0.6560546451990443
1996 -0.6551409917915676
1997 -0.6537039018994312
1998 -0.6534558598571225
1999 -0.6581674784749614
2000 -0.6616718877985599
2001 -0.6622462990990527
2002 -0.6618042066319194
2003 -0.6624762429581421
2004 -0.6624486011062823
2005 -0.6623198398814044
2006 -0.6610035585298955
2007 -0.6612809195963374
2008 -0.6644366925933882
2009 -0.6664819711471133
2010 -0.6672308931538986
2011 -0.6703667413463803
2012 -0.6708046743747046
2013 -0.6710265161004662
2014 -0.671698552426689
2015 -0.670983118329181
2016 -0.6708979043246649
2017 -0.6698729227840081
2018 -0.6725229818399178
2019 -0.6768241692785497
2020 -0.6792658002643289
2021 -0.6821060397580717
2022 -0.6834458035226318
2023 -0.6845894007891979
2024 -0.6861772065960663
2025 -0.6857349646798561
2026 -0.6858559226695599
2027 -0.6872336232340244
2028 -0.6861571417887545
2029 -0.6876991981142091
2030 -0.6887180535919648
2031 -0.689748645553078
2032 -0.6907475762262638
2033 -0.69114589528241
2034 -0.6928980568502672
2035 -0.6941467067380354
2036 -0.6961107907233117
2037 -0.69806313822523
2038 -0.699854913765266
2039 -0.7001481802002101
2040 -0.7002631521297545
2041 -0.7003781240592994
2042 -0.7006554851257413
2043 -0.7023640994732367
2044 -0.7041142944170027
2045 -0.7045382887009162
2046 -0.7055451720583534
2047 -0.7065916693879692
2048 -0.7076857333740142
2049 -0.7094122197141034
2050 -0.709911422506307
2051 -0.7111105391135539
2052 -0.7141968540255139
2053 -0.7140697699729092
2054 -0.7151854897506549
2055 -0.7170150620878543
2056 -0.7188464516000691
2057 -0.7198929489296844
2058 -0.7201386487081988
2059 -0.7203348152061922
2060 -0.7212010514063163
2061 -0.7221247735712131
2062 -0.7225348291107171
2063 -0.7237596209457318
2064 -0.7269331164863002
2065 -0.7280430858408471
2066 -0.7276859717412691
2067 -0.727961515632696
2068 -0.730245066369464
2069 -0.730676863888552
2070 -0.7315986194293566
2071 -0.732928753337392
2072 -0.7303714853305476
2073 -0.7315707419405362
2074 -0.7320329086613161
2075 -0.7303163416295693
2076 -0.727808896355065
2077 -0.7261301261204818
2078 -0.7272858355101082
2079 -0.7272580442091711
2080 -0.7269647777742272
2081 -0.7250778689213326
2082 -0.7218291648724751
2083 -0.7212684566794316
2084 -0.7203745786274471
2085 -0.7203268625219411
2086 -0.7209394462593001
2087 -0.7207512324455577
2088 -0.7190444352730772
2089 -0.7170545266109558
2090 -0.715929176976686
2091 -0.7106370115491188
2092 -0.7052674353522093
2093 -0.7027247711812958
2094 -0.7011452936983809
2095 -0.6990602517234007
2096 -0.6965032731683749
2097 -0.6950145339225493
2098 -0.6971236601409081
2099 -0.6992009756222625
2100 -0.6974981978858494
2101 -0.694295383321148
2102 -0.6885970956022608
2103 -0.682177238276629
2104 -0.6786236713122111
2105 -0.6755793126362233
2106 -0.6741820629068916
2107 -0.6730225602718233
2108 -0.6714011265529358
2109 -0.6717798964442143
2110 -0.6709930376375234
2111 -0.6703327377946586
2112 -0.6710344687847171
2113 -0.6721882115502519
2114 -0.6702894167649225
2115 -0.6665790710840641
2116 -0.6621332170520514
2117 -0.659300930242559
2118 -0.6599910647520013
2119 -0.6582864698405735
2120 -0.6565895919764357
2121 -0.655656099952273
2122 -0.6560822870509048
2123 -0.6555907380447984
2124 -0.6530381545655422
2125 -0.6470088036145476
2126 -0.6373463777492938
2127 -0.6318763567172228
2128 -0.6271786768437945
2129 -0.6300247529486203
2130 -0.639469505973256
2131 -0.6476985719306223
2132 -0.6557631959391155
2133 -0.6620819433380638
2134 -0.6667672848978061
2135 -0.6714110458612785
2136 -0.6775672546742526
2137 -0.6846965694835682
2138 -0.6920714346223215
2139 -0.7000668361826846
2140 -0.7076700541961376
2141 -0.7121017432931144
2142 -0.7141290731126964
2143 -0.7172705317256349
2144 -0.7210683569332548
2145 -0.7247686971178864
2146 -0.7257277243670754
2147 -0.728905153155827
2148 -0.7292618916157032
2149 -0.7287384551310434
2150 -0.7293867828535903
2151 -0.7288693324290904
2152 -0.7297771492254855
2153 -0.7314877301970724
2154 -0.7321138770391389
2155 -0.734815435999661
2156 -0.7370946778485425
2157 -0.7401589613291002
2158 -0.7440219895487825
2159 -0.7463563750986422
2160 -0.7529327849500886
2161 -0.760411261174731
2162 -0.7659388314327683
2163 -0.7707133202452101
2164 -0.7767821989804999
2165 -0.782876988580518
2166 -0.7893642511792649
2167 -0.7923529505118302
2168 -0.7958073647273216
2169 -0.799949806825422
2170 -0.8052638636816505
2171 -0.8082823976807936
2172 -0.8083118661540031
2173 -0.809960941724751
2174 -0.8102484577364966
2175 -0.8116518335287289
2176 -0.8104465908585816
2177 -0.8105792853316433
2178 -0.8121571718301686
2179 -0.8132017025356926
2180 -0.8142183557523959
2181 -0.8145830468965225
2182 -0.8162222031589271
2183 -0.8166185555909811
2184 -0.8182320366256175
2185 -0.8185748363410827
2186 -0.8189749725722439
2187 -0.8212724620534219
2188 -0.8221882315340671
2189 -0.8211254531962473
2190 -0.8220412226768932
2191 -0.8243228067895687
2192 -0.8246397818281892
2193 -0.824780428985502
2194 -0.8248538203187763
2195 -0.8250084062204992
2196 -0.8259418982446619
2197 -0.8270023343186876
2198 -0.8287465432022942
2199 -0.8292676374231589
2200 -0.831059412963195
2201 -0.8327759799949412
2202 -0.8330612937456348
2203 -0.8332098935871983
2204 -0.8333724321731727
2205 -0.8342563909168138
2206 -0.8351781464576189
2207 -0.8360720245096033
2208 -0.8357348352145949
2209 -0.8373543023093903
2210 -0.8389817220884374
2211 -0.8386781607054477
2212 -0.839635510782364
2213 -0.8412470251929087
2214 -0.841538325003761
2215 -0.8423191977502923
2216 -0.8417344915017543
2217 -0.8423351031187942
2218 -0.8416135335120503
2219 -0.8413678337335355
2220 -0.8408785502496754
2221 -0.8377625406738791
2222 -0.8361370875189243
2223 -0.8374276936426649
2224 -0.8388747028431436
2225 -0.8382937803937119
2226 -0.8375920494036538
2227 -0.8376079547721559
2228 -0.838408752323257
2229 -0.8392670358391303
2230 -0.8395127356176448
2231 -0.8398732578766273
2232 -0.8416373915648031
2233 -0.8440021368700197
2234 -0.8436490422065089
2235 -0.8436826701185284
2236 -0.8440992368069704
2237 -0.842398575143726
2238 -0.8400357964626013
2239 -0.8398159213609319
2240 -0.8405830910000134
2241 -0.8415659668556209
2242 -0.8425034783158507
2243 -0.8437405317230026
2244 -0.8414571304353122
2245 -0.8391219936060474
2246 -0.8389972518172366
2247 -0.8410410888356492
2248 -0.8411974919123872
2249 -0.8400179244700074
2250 -0.8413876723502215
2251 -0.841522419635259
2252 -0.8420715313476858
2253 -0.8409854200458919
2254 -0.8376730945230257
2255 -0.8359312279032134
2256 -0.8331448305778772
2257 -0.8261775292657567
2258 -0.8209036114704861
2259 -0.8168942394851499
2260 -0.809772587908267
2261 -0.8063479221714689
2262 -0.7996766146441241
2263 -0.7936808916051481
2264 -0.788113182286154
2265 -0.7856000633299991
2266 -0.7856362596964386
2267 -0.7800627999542454
2268 -0.7726316547490719
2269 -0.765004814319826
2270 -0.7614536663607512
2271 -0.751769502549934
2272 -0.7365039895738663
2273 -0.7175918923936901
2274 -0.6926162374468627
2275 -0.6711673127068556
2276 -0.6499184244518326
2277 -0.6274436214767085
2278 -0.607122777754824
2279 -0.5811277938186235
2280 -0.5374652283155925
2281 -0.4897938886235331
2282 -0.4458634038167648
2283 -0.4028035794842991
2284 -0.36993832146540084
2285 -0.33889785879651246
2286 -0.2964792294552536
2287 -0.25080953714636944
2288 -0.22539361635375843
2289 -0.23735048346243504
2290 -0.25185095635294563
2291 -0.2661268812982295
2292 -0.3079497787459301
2293 -0.36663627878851746
2294 -0.4454363294700079
2295 -0.5352193765040736
2296 -0.6005811267685246
2297 -0.6451043454533057
2298 -0.689514161203163
2299 -0.7301450106543595
2300 -0.7572150407722343
2301 -0.7849796234020114
2302 -0.8232834305072612
2303 -0.8353370430435523
2304 -0.8191323648030433
2305 -0.8165053222985781
2306 -0.841762803857449
2307 -0.8693871759931129
2308 -0.8852891370310098
2309 -0.8972592190067756
2310 -0.9182202093386336
2311 -0.9396061776961531
2312 -0.9544977934023502
2313 -0.9757676377468313
2314 -0.9862646574169518
2315 -0.9878276277010363
2316 -0.9896747596523204
2317 -0.9922017540916919
2318 -0.998933202226113
2319 -1.0
2320 -0.992426014822797
2321 -0.9819506698370467
2322 -0.976352199958607
2323 -0.9695066079155948
2324 -0.9599250682743021
2325 -0.9512598232024334
2326 -0.9421906581002971
2327 -0.9302567841750021
2328 -0.9171157009554669
2329 -0.908876941880383
2330 -0.9012641801982891
2331 -0.8934883548414427
2332 -0.8884365049625585
2333 -0.8826889101537757
2334 -0.8742670225966275
2335 -0.867171485148408
2336 -0.8617270760829117
2337 -0.8568354225262074
2338 -0.8543936420913517
2339 -0.8524868946217713
2340 -0.8522748227552758
2341 -0.8529864730536771
2342 -0.8532399760673657
2343 -0.8541794541516877
2344 -0.8556522880290116
2345 -0.8550536430360629
2346 -0.8543855399580236
2347 -0.8545144506319788
2348 -0.8561754983230447
2349 -0.8574339180700786
2350 -0.8593880827470117
2351 -0.861782672165141
2352 -0.8619312720067049
2353 -0.8600083929779961
2354 -0.8607794958652619
2355 -0.8624781909044144
2356 -0.8642025611713353
2357 -0.8649894199780259
2358 -0.863490910872934
2359 -0.8623413275462083
2360 -0.8604407155858635
2361 -0.8591763097786704
2362 -0.856902678350246
2363 -0.8569918256029457
2364 -0.8600107352417906
2365 -0.8611937970314583
2366 -0.8620123171260765
2367 -0.8616439916319201
2368 -0.8583674100942416
2369 -0.8551187060453839
2370 -0.8559476705371242
2371 -0.8551924730183607
2372 -0.85469471176147
2373 -0.8564052927330575
2374 -0.8583893015229026
2375 -0.8610075498418079
2376 -0.8621334245648575
2377 -0.8624147188794835
2378 -0.8621013876372274
2379 -0.8644502275739416
2380 -0.8661232473853262
2381 -0.8662320838056349
2382 -0.864799013349566
2383 -0.8645811048719886
2384 -0.8639249739142677
2385 -0.864759399377388
2386 -0.8663372858759135
2387 -0.8666482748543749
2388 -0.8669176832365658
2389 -0.8683489365176188
2390 -0.8683073559213484
2391 -0.8667790027033444
2392 -0.8657899913385012
2393 -0.8654215163952675
2394 -0.8643750190656523
2395 -0.8626664047181573
2396 -0.8616694406690624
2397 -0.8614396462590499
2398 -0.8612691549888247
2399 -0.8604407155858638
2400 -0.8602484823360542
2401 -0.8589778010168829
2402 -0.8604763101219746
2403 -0.8620938105926786
2404 -0.8623711716591208
2405 -0.8625374940442021
2406 -0.862672390778316
2407 -0.8640421386585297
2408 -0.8629101378725796
2409 -0.8637465299597914
2410 -0.8652828358620464
2411 -0.865494758279465
2412 -0.8655442915599865
2413 -0.8654790023600399
2414 -0.8647850746051557
2415 -0.8647733381217981
2416 -0.8660380333808102
2417 -0.864200368356618
2418 -0.8655878387803486
2419 -0.8663848525323427
2420 -0.866436202987879
2421 -0.8656829720932077
2422 -0.8654135637110164
2423 -0.8644245523461733
2424 -0.8628130379356287
2425 -0.862593162833959
2426 -0.8625852101497081
2427 -0.8627635046551075
2428 -0.8642699664444503
2429 -0.8644641663183518
2430 -0.8645473275108921
2431 -0.8645632328793942
2432 -0.8645473275108921
2433 -0.8644800716868535
2434 -0.8643690330054927
2435 -0.8630567710900514
2436 -0.864384938373995
2437 -0.8645632328793942
2438 -0.864749480069045
2439 -0.8661033225807567
2440 -0.8647811413569724
2441 -0.8650884865390686
2442 -0.8632215024907428
2443 -0.8605079714099024
2444 -0.8583833154627438
2445 -0.8563537928284441
2446 -0.8550794677129079
2447 -0.8533629006811616
2448 -0.8525521838217178
2449 -0.8538624791130673
2450 -0.853965565110177
2451 -0.8539852542777863
2452 -0.8533450286885674
2453 -0.8540011596462883
2454 -0.8540487263027179
2455 -0.8540328209342156
2456 -0.8539020930852457
2457 -0.8530358568851213
2458 -0.852102364860959
2459 -0.8517694844538364
2460 -0.850205536699721
2461 -0.849961803545298
2462 -0.849789495100058
2463 -0.8490539867489032
2464 -0.8490124061526332
2465 -0.8496190038298328
2466 -0.8488894815388373
2467 -0.8486041677881444
2468 -0.8474923812585823
2469 -0.8450641639284344
2470 -0.8440335719673209
2471 -0.8444360504622759
2472 -0.8435817863824703
2473 -0.8432013393189188
2474 -0.8409020326627259
2475 -0.8400773770588716
2476 -0.841401611094632
2477 -0.842087436716188
2478 -0.8412291532003149
2479 -0.8394888775648919
2480 -0.8377386826211259
2481 -0.8373702076778923
2482 -0.8370689885586976
2483 -0.8354970881203311
2484 -0.8351642077132084
2485 -0.8342307156890455
2486 -0.8333485741204192
2487 -0.8331346850789094
2488 -0.8329325325207565
2489 -0.8315072652998623
2490 -0.8320167630401111
2491 -0.8318840685670492
2492 -0.8310019269984229
2493 -0.8299713350373091
2494 -0.828827737770743
2495 -0.8269864289501856
2496 -0.8257457317466687
2497 -0.8099872254867954
2498 -0.736077584747293
2499 -0.5651141504381285
2500 0.7539477320333574
2501 0.9240192549146296
2502 0.9968348316680871
