0
1
2506
-3 0.2471726436046156
-2 0.24656056101792515
-1 0.24558258123054338
0 0.2444096766539488
1 0.24316699641769815
2 0.24194348856163175
3 0.24082812545253773
4 0.2402431724313248
5 0.23978596242784747
6 0.23938809600576538
7 0.23900676647476043
8 0.23863133753185123
9 0.23826271117287726
10 0.23790277818471237
11 0.23755369639239887
12 0.23721710365808762
13 0.2368934268571141
14 0.23657906062085077
15 0.23627090735295575
16 0.23597068014481415
17 0.2356794537369436
18 0.23539929048236705
19 0.2351300941834682
20 0.23487330341033064
21 0.2346325521452747
22 0.2344093152772862
23 0.23420365433568638
24 0.23401286688112144
25 0.23383805384783166
26 0.23367911260890303
27 0.23353371464135303
28 0.23339863598980348
29 0.23327595503229287
30 0.23316886721472196
31 0.23307553340023032
32 0.2329950174681249
33 0.23292731321420454
34 0.2328720042964765
35 0.2328267138998353
36 0.2327914854836522
37 0.2327640545427619
38 0.2327403724207535
39 0.23271800582168364
40 0.23269606320525893
41 0.23267547304894928
42 0.23265327469274344
43 0.23262858975238634
44 0.2326017688160318
45 0.2325716920201118
46 0.23253780856010586
47 0.23249908414616624
48 0.23245613924803216
49 0.2324092091856671
50 0.23235662145176147
51 0.23230065907473543
52 0.2322417770542913
53 0.23218029608338306
54 0.23211646676204473
55 0.2320492418629355
56 0.23198135330958886
57 0.23191328685794238
58 0.23184361395931918
59 0.23177291616558027
60 0.2317005386795596
61 0.23162839876031938
62 0.23155767444632588
63 0.2314864686442507
64 0.23141627027682501
65 0.2313464449711064
66 0.2312774727468419
67 0.23120873742688125
68 0.23114061867572352
69 0.23107395268815165
70 0.23100784078964545
71 0.23094099836916587
72 0.23087409551150054
73 0.23080909392632637
74 0.23074323158610394
75 0.23067667830507765
76 0.23060975771891107
77 0.23054221322436805
78 0.23047435105730885
79 0.23040509538454157
80 0.23033650316745402
81 0.23026651577667326
82 0.2301953513914564
83 0.23012393525593072
84 0.23005211864227015
85 0.2299803494694949
86 0.22990880464508273
87 0.22983953531111792
88 0.22977279956139474
89 0.2297066151224435
90 0.2296397304054675
91 0.2295731609352306
92 0.22950681554557475
93 0.22944050692252801
94 0.22937314790535857
95 0.2293066900032456
96 0.22924227692976593
97 0.22917754062705678
98 0.22911275692054212
99 0.22904738720547096
100 0.2289817106989386
101 0.22891529939311064
102 0.22884886636818363
103 0.22878397154801755
104 0.2287197885710622
105 0.22865603126058762
106 0.22859166098479972
107 0.22852787219729026
108 0.2284664760811912
109 0.2284083304273181
110 0.22835326700293465
111 0.22829990720528032
112 0.22825054563324954
113 0.22820341241710354
114 0.228156384405636
115 0.2281107629187869
116 0.22806564658610884
117 0.22802364997585736
118 0.22798461517427557
119 0.22794997147171886
120 0.2279195552306175
121 0.22789058159357778
122 0.22786427859925334
123 0.22783988391552387
124 0.22781486754817476
125 0.22778778633829372
126 0.22775731217678238
127 0.2277247536117125
128 0.2276904165704031
129 0.22765018580926602
130 0.22760357327287353
131 0.22755284721032532
132 0.22750127447278917
133 0.22744842872229692
134 0.22739506541243695
135 0.227342364827886
136 0.22728917886741165
137 0.22723545021361408
138 0.22718032908381722
139 0.22712487827909147
140 0.22706721217964157
141 0.22701017526125036
142 0.22695799305333192
143 0.22691019454628636
144 0.2268658786751151
145 0.2268226651970003
146 0.22678117643689158
147 0.22674026744281492
148 0.22669944609260662
149 0.22665875424999773
150 0.22661731134520266
151 0.22657422801401955
152 0.2265285499698254
153 0.22647964882215818
154 0.2264260154010159
155 0.22636722296290024
156 0.2263019460339778
157 0.22622913434092495
158 0.2261477322957709
159 0.22605804923564743
160 0.22595971202041104
161 0.22585030591520686
162 0.22573192522753624
163 0.22560635021891556
164 0.22547742965581047
165 0.2253469527011731
166 0.22521115480546217
167 0.2250712400809939
168 0.22492808099858963
169 0.22478027807936957
170 0.22462340983304901
171 0.2244571069337318
172 0.22428885130487153
173 0.22411950707202888
174 0.2239466448945396
175 0.22377353953102344
176 0.22360154110319275
177 0.22342896531330866
178 0.2232557178892558
179 0.2230871870046087
180 0.2229271219906116
181 0.22277103164246204
182 0.2226200686680263
183 0.22247614967414595
184 0.22234326900732482
185 0.22222320334980616
186 0.22211206882688875
187 0.22201837707065594
188 0.22193984251703258
189 0.22187282058923377
190 0.2218154124503905
191 0.22176800627093765
192 0.22172956879660963
193 0.22168077591261742
194 0.22161614829393314
195 0.22155400159529381
196 0.22150741593815806
197 0.2214690077926182
198 0.22144171373586705
199 0.22144413022977527
200 0.22148473007063418
201 0.22155246938727743
202 0.22164883205621608
203 0.22179139942777498
204 0.2219749688462419
205 0.22218127856536138
206 0.22239323563716212
207 0.22259238312537669
208 0.2227669294986066
209 0.2229025411509446
210 0.22298188784599857
211 0.22299909313573418
212 0.2229648661634812
213 0.22289761414582016
214 0.2227978739149152
215 0.22266416460858934
216 0.2225092814797523
217 0.22234211861530662
218 0.2221658661342739
219 0.22198666119955146
220 0.22181078766189388
221 0.22164088146427513
222 0.22147903607181593
223 0.22132693961659378
224 0.22118219560196442
225 0.2210394908897292
226 0.22089836264605206
227 0.22076325876055108
228 0.22063732770090821
229 0.22051947170522399
230 0.22041043180888828
231 0.2203101977728303
232 0.22021846524436883
233 0.22013065942585813
234 0.22004182269264713
235 0.21995232579539326
236 0.21986194033378842
237 0.21977013725277122
238 0.21967376410776038
239 0.21957597131043455
240 0.21947836380914176
241 0.2193806300444389
242 0.2192835405257007
243 0.2191861566555036
244 0.21908951427146983
245 0.21899432661972296
246 0.21890075569041637
247 0.21880980829928834
248 0.21872135264469414
249 0.21863528405406257
250 0.2185524371583354
251 0.21847049690210865
252 0.21838812702666197
253 0.21830347331197253
254 0.21821623643489302
255 0.21812873235441166
256 0.2180401497042684
257 0.2179511668584666
258 0.21786181222592194
259 0.21777309925444724
260 0.21768434766679934
261 0.21759355571339561
262 0.21750077512839355
263 0.21740510895932702
264 0.21730783541337215
265 0.21721185041449775
266 0.21711798009679126
267 0.21702424721122812
268 0.21693091312434287
269 0.21683933292872
270 0.21674901397246707
271 0.2166584624691192
272 0.21656723758681112
273 0.21647548253467694
274 0.2163822941830814
275 0.21628852044783015
276 0.21619531570046954
277 0.21610137056510811
278 0.2160076484688536
279 0.21591395270097907
280 0.21582153486652256
281 0.2157319486262664
282 0.21564382064038723
283 0.2155567372760441
284 0.2154706397807161
285 0.2153869862444687
286 0.21530431514111836
287 0.21522118278411312
288 0.2151386040118615
289 0.2150579404779982
290 0.21497673344947207
291 0.21489445147614106
292 0.2148110267034726
293 0.21472580710233058
294 0.21463888337476145
295 0.2145505808009842
296 0.21446226867196436
297 0.21437520026255727
298 0.2142925544096663
299 0.2142140428653355
300 0.21413702332046466
301 0.21406100692870123
302 0.2139868058632079
303 0.2139133735752587
304 0.2138371638347735
305 0.21375756519130562
306 0.21367833644745543
307 0.21360147559593165
308 0.21352563315288253
309 0.21345108339172567
310 0.21338013115855067
311 0.21331419369120536
312 0.21325166395749295
313 0.2131909938951683
314 0.21313203881470247
315 0.21307320785789094
316 0.2130146789732152
317 0.21295598889514072
318 0.21289772405194723
319 0.21283934109416675
320 0.21278245743176702
321 0.2127278043615904
322 0.2126724870440405
323 0.21261788515981492
324 0.21256422747162632
325 0.2125127756703745
326 0.2124619717560401
327 0.21241437623550058
328 0.212371234905603
329 0.2123309852958449
330 0.2122932662583497
331 0.21225774780899584
332 0.21222542828747412
333 0.2121953633986542
334 0.21216808702048853
335 0.21214378537139889
336 0.21212278433625784
337 0.21210422628591555
338 0.2120865945746674
339 0.21206714540790175
340 0.21204485453352373
341 0.21201891215648042
342 0.21198879247565452
343 0.21195475651789955
344 0.21191687050550445
345 0.21187737090566522
346 0.21183637214213283
347 0.2117939296081276
348 0.2117504990378982
349 0.21170571557411116
350 0.2116602101662913
351 0.2116163927088618
352 0.21157443118070304
353 0.21153529026151752
354 0.21149874626853418
355 0.21146599040343694
356 0.2114356780131462
357 0.2114072220727637
358 0.21138334275205733
359 0.21136434557529163
360 0.21134989642618265
361 0.21133918576574706
362 0.21133356859800395
363 0.21133029385208718
364 0.2113283202585108
365 0.21132789876401212
366 0.21133009755381132
367 0.21133309396550645
368 0.2113360587599376
369 0.21133672187508082
370 0.21133051201013292
371 0.2113169509054536
372 0.21129212486431054
373 0.21125908828256812
374 0.2112198352366072
375 0.21117804445625654
376 0.21113619260855543
377 0.21109385131229091
378 0.21105353238749971
379 0.21101352469176657
380 0.21097184578002706
381 0.21092518946051586
382 0.21087479501597325
383 0.210821415027646
384 0.21076605272481147
385 0.21071048086012664
386 0.2106554846189728
387 0.21060243428578132
388 0.2105501390118286
389 0.21049859652040226
390 0.21044589849185172
391 0.21039076824446132
392 0.2103322058521705
393 0.2102701202458094
394 0.21020549463594151
395 0.21013694235810904
396 0.21006539655422055
397 0.20999279964420053
398 0.20992173025821909
399 0.20985430404447816
400 0.2097891526979198
401 0.2097250440508874
402 0.20965963196638254
403 0.20959289767090653
404 0.2095240860807882
405 0.20945065819001446
406 0.2093734541177342
407 0.20929383543152008
408 0.20921503482840073
409 0.209135567915565
410 0.20905619927747196
411 0.20897836350499585
412 0.20890232791822533
413 0.20882851120926646
414 0.20875539221770742
415 0.20868410025349093
416 0.20861173766133836
417 0.20854128244171496
418 0.20847373189130963
419 0.20840758028568757
420 0.20834115182150426
421 0.20827227862386244
422 0.20820231303894127
423 0.20812953688721236
424 0.20805468319505002
425 0.20797994502011363
426 0.2079055896775826
427 0.2078343048935627
428 0.2077657506688465
429 0.20769708257165997
430 0.20762820414192257
431 0.20755719794003444
432 0.20748447613744286
433 0.20741159650157487
434 0.20733935379573334
435 0.20726719872061
436 0.2071942644218537
437 0.20712115824305097
438 0.20704915602880614
439 0.20697613368887896
440 0.20690236004077892
441 0.2068293051688803
442 0.206755509172158
443 0.20668316292826594
444 0.2066100578215186
445 0.20653543296000357
446 0.20646201698812355
447 0.20638854318635702
448 0.20631600257609015
449 0.20624331725124986
450 0.20617279341546235
451 0.20610530985121306
452 0.20603845865414994
453 0.2059723528610492
454 0.20590828014164714
455 0.20584663900085365
456 0.20578507088208323
457 0.20572479760299592
458 0.2056679128798023
459 0.20561410317615736
460 0.20556221510014494
461 0.2055124910073553
462 0.2054652686704317
463 0.20541986370768275
464 0.20537545339981736
465 0.20533230830439295
466 0.20529134394028423
467 0.20525196941291848
468 0.20521409372205726
469 0.2051766801900289
470 0.2051381271446789
471 0.2051007177204703
472 0.2050619216590495
473 0.20502531853130448
474 0.20499358714917795
475 0.2049658320382514
476 0.2049447554749506
477 0.2049269790924545
478 0.20491027331791703
479 0.20489442940732913
480 0.20487637599453698
481 0.2048560303384586
482 0.20483131014121223
483 0.20480280143105922
484 0.20477675243275884
485 0.20475267116809814
486 0.20472982678673643
487 0.20470919257815742
488 0.20469033309723123
489 0.20467444592585937
490 0.20466086979518316
491 0.20464688005971868
492 0.20463361378259792
493 0.2046204859177677
494 0.2046072379416234
495 0.2045944686674449
496 0.2045797144114451
497 0.20456422241858876
498 0.2045491696943984
499 0.204536567928565
500 0.20452395626586403
501 0.20451013514981597
502 0.20449546526067514
503 0.20447861694512887
504 0.20445962605545534
505 0.20443584876783027
506 0.20440982682563372
507 0.20438358935460882
508 0.20435597298386224
509 0.20432667547639868
510 0.20429497530203036
511 0.20426260151694234
512 0.20422873025017987
513 0.20419247917538655
514 0.20415769027068517
515 0.20412452124317898
516 0.20409318922594497
517 0.2040616022957424
518 0.20403068250363338
519 0.2040004152248619
520 0.20396913847008458
521 0.2039376450352466
522 0.20390511336489006
523 0.20387360010659708
524 0.20384188077826432
525 0.20380920833859062
526 0.20377469734064071
527 0.20373741538459522
528 0.2036996020450463
529 0.2036579633895158
530 0.20361365068845724
531 0.20356797745943275
532 0.20352058358761754
533 0.20347319326582408
534 0.20342434302328
535 0.2033765212118705
536 0.20332973603015228
537 0.20328406504770963
538 0.20323931931030523
539 0.20319451735358507
540 0.20314985825936646
541 0.20310406838982967
542 0.20305706652177377
543 0.2030077006434299
544 0.20295675537657648
545 0.2029030168541115
546 0.20284736070518514
547 0.20279089729829153
548 0.2027348388825299
549 0.2026820303866182
550 0.2026325962262979
551 0.20258436796033946
552 0.20253563339041616
553 0.2024869913541426
554 0.20243716582334365
555 0.20238449710709805
556 0.202328892351222
557 0.2022730159498685
558 0.2022195294970298
559 0.20216805187721326
560 0.20211716425240037
561 0.2020668446806406
562 0.20201480554575543
563 0.2019579611187709
564 0.2018930630870079
565 0.20181925645213408
566 0.2017379130744391
567 0.20165176533879597
568 0.20156435151046534
569 0.20147801289085407
570 0.20139362688541596
571 0.20131211977296298
572 0.20123328305703095
573 0.2011576149491394
574 0.20108818282856966
575 0.20102477951999395
576 0.20096801142553522
577 0.2009170096609595
578 0.20087157998769592
579 0.20083153752166413
580 0.20079438715300632
581 0.2007616991556304
582 0.20073203094803588
583 0.20070434484412417
584 0.20067904020780689
585 0.2006547593360933
586 0.20063137447780846
587 0.20060715819600997
588 0.200582756855962
589 0.2005584038955968
590 0.20053237264916332
591 0.20050297245438103
592 0.20047042662574155
593 0.20043599003887536
594 0.2004000841166237
595 0.20036432621782388
596 0.200328711980426
597 0.20029414892862182
598 0.20026113195931644
599 0.20022986987809444
600 0.2002007624306222
601 0.200170976551095
602 0.20014177898940372
603 0.200114085250314
604 0.20008901324928985
605 0.20006746411630885
606 0.20004784698204306
607 0.20003016745578048
608 0.20001296205411168
609 0.19999663900152134
610 0.19998207785858502
611 0.19996617279801365
612 0.19995006979623683
613 0.19993500628022984
614 0.19991887332420086
615 0.19989910039182265
616 0.19987434107216304
617 0.19984833684361358
618 0.19982016532981509
619 0.19978737649598508
620 0.19975066027388144
621 0.1997123732827904
622 0.19967448401985766
623 0.1996343297191096
624 0.19959289729310778
625 0.19955111433779413
626 0.19950920529433186
627 0.1994682928430917
628 0.19942733192825107
629 0.1993874279001267
630 0.19934644801210158
631 0.19930583213999484
632 0.199265826277838
633 0.19922458291509268
634 0.19918220959889488
635 0.1991386073614624
636 0.1990966299142044
637 0.19905658145217572
638 0.19901779926473037
639 0.1989791526561484
640 0.19893992535072533
641 0.19889977598782463
642 0.1988577109206555
643 0.19881390546785435
644 0.1987662244098185
645 0.19871662617689517
646 0.19866555232691846
647 0.19861423168606154
648 0.1985637788836038
649 0.19851170043143218
650 0.19846122427605642
651 0.19841294804387657
652 0.19836691671070045
653 0.19832335574598342
654 0.19828074013528224
655 0.19824059579624695
656 0.1982029277706858
657 0.19816519970384408
658 0.1981288032267861
659 0.19809249841818669
660 0.19805529188777443
661 0.19801771081082883
662 0.1979794870227667
663 0.19794133837710629
664 0.1979034507166511
665 0.19786496769900302
666 0.1978273643723206
667 0.19779250851312588
668 0.19776153504868674
669 0.19773591909207386
670 0.1977129419257139
671 0.197692371041118
672 0.19767498372916525
673 0.19766164314856013
674 0.19765112306110186
675 0.1976396519655087
676 0.19762896485773654
677 0.1976194728050664
678 0.19760985840149017
679 0.19759828358863463
680 0.1975846162555611
681 0.19757199117315932
682 0.197559371465219
683 0.1975470750066733
684 0.197535656067115
685 0.1975256087293666
686 0.19752092429441812
687 0.19752132653921145
688 0.1975253218791535
689 0.19753201704078724
690 0.19754295524346854
691 0.19755910002922772
692 0.19757530203791934
693 0.1975888441014175
694 0.19760169915104686
695 0.1976142110362502
696 0.19762431325695656
697 0.19763335685142472
698 0.1976418719506915
699 0.1976463231583681
700 0.19764700115884165
701 0.19764838809114632
702 0.1976519683090352
703 0.19765793186021235
704 0.1976682957657683
705 0.19768957730652142
706 0.19772119927705006
707 0.19776105333976313
708 0.1978076878092395
709 0.1978578979434935
710 0.197912882814287
711 0.19797167947749603
712 0.19803488761557206
713 0.1981053593754544
714 0.19818682417171427
715 0.19828347807789296
716 0.19839188998459825
717 0.1985057706399318
718 0.19861616224881243
719 0.19871704696896691
720 0.19880856248814763
721 0.19888277687158665
722 0.1989259176959286
723 0.19893047300451108
724 0.1989038114890538
725 0.1988356873847199
726 0.19870901708111968
727 0.19852163601615452
728 0.19828207791741026
729 0.19801214354188948
730 0.19772162732961354
731 0.19742380559759032
732 0.19714077204864117
733 0.19689014870277577
734 0.1966846102015003
735 0.19651363518491957
736 0.19637674761639556
737 0.19628159986394308
738 0.196216699951441
739 0.19616237351141702
740 0.1961113561709692
741 0.19607713424650045
742 0.19604813183974124
743 0.19600544471385384
744 0.1959555619098889
745 0.1959169776072303
746 0.19589465460729955
747 0.19588202301132407
748 0.19588224904382243
749 0.1959052444739023
750 0.19595424994544894
751 0.19602420779036528
752 0.19611832651309544
753 0.19623705899286678
754 0.19637803243460586
755 0.19653853356743567
756 0.19671379125693
757 0.19690573129300784
758 0.19711344029520336
759 0.19733306069825238
760 0.19756143646962315
761 0.19779642228961936
762 0.19803680758619482
763 0.19828083987614678
764 0.1985261851766576
765 0.19877304368009455
766 0.1990219636012753
767 0.19927142101313686
768 0.1995235137710806
769 0.19977660964873314
770 0.20003161974977243
771 0.20028586510433266
772 0.20053331251725778
773 0.20076708025105192
774 0.20097954855519196
775 0.20116604131762175
776 0.20131937915067094
777 0.2014358352177008
778 0.2015105644450335
779 0.20153951819439733
780 0.20152376155633972
781 0.2014619643204321
782 0.20135619818980188
783 0.20121140342355306
784 0.20103308975580692
785 0.20082939165983452
786 0.20060434027482718
787 0.20036465973787007
788 0.20011687830672129
789 0.19986793273138878
790 0.19962335616164753
791 0.19938428606038977
792 0.19915301422074155
793 0.19893020058568942
794 0.1987177786914
795 0.1985143534766088
796 0.19831874825851364
797 0.19812980912185366
798 0.19794493928281015
799 0.19776479841681735
800 0.19759022129544385
801 0.19742488129260344
802 0.1972688760539304
803 0.19712242875261063
804 0.19698549347094735
805 0.1968587400040995
806 0.19674207730165932
807 0.19663159470478575
808 0.1965290080566186
809 0.19643524070296653
810 0.19635156794241845
811 0.19627730388015108
812 0.1962142712291055
813 0.19616173330836528
814 0.19611844080401636
815 0.19608270499368152
816 0.1960522921937814
817 0.19602816528168196
818 0.19600705582848194
819 0.19599112185049117
820 0.19598103382698814
821 0.1959739618361234
822 0.19596987581786857
823 0.19596722217612253
824 0.19596480253147225
825 0.1959607456771772
826 0.19595231664594157
827 0.1959391089852431
828 0.19592277525455612
829 0.1959032478927321
830 0.19588175238625105
831 0.19585955009950298
832 0.1958366761659628
833 0.1958163133259698
834 0.19579870357014148
835 0.19578223752902946
836 0.19576526691549626
837 0.19574718697374213
838 0.19573001734992942
839 0.19571119958835304
840 0.1956905616997424
841 0.19566884463302722
842 0.19564631161155258
843 0.19562354561832776
844 0.19559911337509048
845 0.19557296534535154
846 0.19554557774340492
847 0.19551742449743933
848 0.19549017979979788
849 0.1954626898291916
850 0.19543670685015838
851 0.19541275857072196
852 0.19538890694320274
853 0.19536704262672505
854 0.1953453320820129
855 0.19532489416623355
856 0.19530417930224975
857 0.19528033969988054
858 0.19525657273956504
859 0.1952323224335393
860 0.1952065314701758
861 0.19518006940480495
862 0.19515579098543998
863 0.19513424206425445
864 0.19511125277994945
865 0.19508566064918575
866 0.1950604265042056
867 0.19503416217878355
868 0.19500759649866894
869 0.1949816377692851
870 0.19495631183785483
871 0.19493160578443458
872 0.19490475679765093
873 0.19487819237939583
874 0.1948513839846749
875 0.19482380548804726
876 0.19479775278560696
877 0.19477319319556322
878 0.19474885106405837
879 0.1947239653149574
880 0.19470072735175414
881 0.19467844415743657
882 0.19465598466471942
883 0.19463507746601905
884 0.19461673573617874
885 0.19460026332994523
886 0.19458292830643956
887 0.194566229822625
888 0.1945481054950504
889 0.19452613126791263
890 0.19450233517337073
891 0.19447654204705309
892 0.19445041163534493
893 0.19442366808300057
894 0.19439761677077844
895 0.1943753532986862
896 0.19435589095483596
897 0.19434121577616345
898 0.19433019876840643
899 0.1943224631572461
900 0.19431847465922408
901 0.19431852470380695
902 0.19432197669191703
903 0.1943252306382558
904 0.19432957712522048
905 0.194336829080306
906 0.19434621818363457
907 0.1943568098904255
908 0.19437116424662046
909 0.1943904440018039
910 0.1944127527936437
911 0.1944397992596242
912 0.19447348149926402
913 0.19451289166724903
914 0.19455411526317173
915 0.19459705632439944
916 0.1946440176969177
917 0.19469408373931427
918 0.1947444045146642
919 0.19479663866827696
920 0.19485391637037433
921 0.19491607657399235
922 0.1949827690903104
923 0.19505482650430028
924 0.19513603266571586
925 0.19522438154791197
926 0.19531772201390796
927 0.1954156815183186
928 0.19551596022616782
929 0.1956191382523876
930 0.19572052254943306
931 0.19581764555312636
932 0.19591113370204002
933 0.19599614597918827
934 0.19606862828081298
935 0.19612330715962842
936 0.19615885382741505
937 0.19617602705645917
938 0.19616923974322628
939 0.19613591112659795
940 0.19607893026293924
941 0.19599926954562163
942 0.19589752369453392
943 0.19577454912789036
944 0.19563099903738976
945 0.19547081698844984
946 0.1952971313594144
947 0.19511499349957478
948 0.19492783472538747
949 0.1947372960145972
950 0.19454611343200023
951 0.19435283124139485
952 0.19415579809412137
953 0.19395646134276648
954 0.19375390386171093
955 0.1935467792021357
956 0.19333710950988595
957 0.19312685271576305
958 0.1929184782530919
959 0.19271161219164096
960 0.19250757197522267
961 0.19230899453705172
962 0.19211810380917937
963 0.19194092733934084
964 0.19177699883401447
965 0.19162369549691988
966 0.19148780589246958
967 0.19136917100935338
968 0.19126801279206362
969 0.19118219221179708
970 0.1911111765413623
971 0.19106134367674774
972 0.19102538560945104
973 0.19100013345581016
974 0.19098436955743753
975 0.19097736347768446
976 0.19097251773578502
977 0.19095535100041042
978 0.19092719413238265
979 0.19090537308767788
980 0.19089680832325914
981 0.19089474937716164
982 0.19091290628369922
983 0.19097046765151335
984 0.19107018944162127
985 0.19120438638949086
986 0.19137804250890528
987 0.19160376465590628
988 0.19186236744326285
989 0.19213263905852973
990 0.1923956050172901
991 0.1926370555356115
992 0.19284806875823796
993 0.19300319839773059
994 0.19309463367359678
995 0.19312631420145482
996 0.19311434512167205
997 0.19306992186105598
998 0.1929853609429567
999 0.19287028825079924
1000 0.19273716761868326
1001 0.192594244028096
1002 0.19244722909776393
1003 0.19230077280360983
1004 0.19216117859033133
1005 0.19202927767202257
1006 0.1919094611766857
1007 0.19180065179741732
1008 0.19169694249911762
1009 0.19159577443624384
1010 0.19149944744090533
1011 0.19141404830391917
1012 0.1913392993827888
1013 0.1912753190875924
1014 0.19122307767070715
1015 0.19117893297024646
1016 0.19114109236564317
1017 0.19110457285460467
1018 0.19106412795364625
1019 0.19101897682927704
1020 0.1909689727626808
1021 0.19091860530310803
1022 0.19087103326508742
1023 0.1908266810733365
1024 0.19078273089315895
1025 0.19073743233076138
1026 0.19069316097916705
1027 0.19064722574934131
1028 0.19059466007338327
1029 0.19054067489972878
1030 0.19049283555403165
1031 0.19045165274515277
1032 0.19041403215850214
1033 0.19037812429248166
1034 0.19034579301677507
1035 0.19031481039301865
1036 0.1902835581046137
1037 0.19025005458608243
1038 0.19021410273652706
1039 0.19017847771696897
1040 0.19014467838394983
1041 0.19011255747644318
1042 0.19008032017120613
1043 0.19004966955795913
1044 0.190020987763355
1045 0.18999167226145272
1046 0.18996036651274806
1047 0.18992743152371008
1048 0.18989619438166047
1049 0.18986744916708503
1050 0.18983792406740965
1051 0.18980838448636783
1052 0.18977824615749933
1053 0.18974901773169067
1054 0.1897218747982371
1055 0.18969459619803275
1056 0.18966969522804228
1057 0.18964915562042584
1058 0.18963218997602693
1059 0.18961672404306307
1060 0.18960002129243722
1061 0.18958304350161154
1062 0.18956715575075792
1063 0.18955182602131876
1064 0.18953676795223318
1065 0.1895220917071277
1066 0.18950743651704388
1067 0.18949445211724214
1068 0.18948214035400684
1069 0.18946979183304427
1070 0.18945455794186977
1071 0.18943809342997067
1072 0.18941996604727632
1073 0.189398858382912
1074 0.18937585591156172
1075 0.18935074909852675
1076 0.189327781744969
1077 0.18930513179093508
1078 0.1892824841700012
1079 0.1892611402766344
1080 0.18924172144692225
1081 0.189224728172415
1082 0.1892106219258597
1083 0.1892006827150365
1084 0.18919230868846054
1085 0.18918326344096273
1086 0.18917502067705105
1087 0.18916949830601487
1088 0.18916407675208433
1089 0.1891584884783754
1090 0.189155250455675
1091 0.18915313226667269
1092 0.18915019980943165
1093 0.18914388573271265
1094 0.18913495284212992
1095 0.1891237895305748
1096 0.18911094134419548
1097 0.18909752118549147
1098 0.18908319248689862
1099 0.18906997621099972
1100 0.18905895568591322
1101 0.1890499710148844
1102 0.18904104558901424
1103 0.18903025689370853
1104 0.18901781361575953
1105 0.18900329082215606
1106 0.18898569042236374
1107 0.18896539443921098
1108 0.18894556834364465
1109 0.18892898676531908
1110 0.18891588807845133
1111 0.1889041654818165
1112 0.18889543466065445
1113 0.1888904172576199
1114 0.18888742441892992
1115 0.18888663790153185
1116 0.18888997498108787
1117 0.1888996766896254
1118 0.18891193773818704
1119 0.1889236550007177
1120 0.1889353720041333
1121 0.18894567253342853
1122 0.18895244962382346
1123 0.18895392937616465
1124 0.18895412376077803
1125 0.18895503616674864
1126 0.18895501810099244
1127 0.18895195569371676
1128 0.1889450202951649
1129 0.18893635353057314
1130 0.18892649024649075
1131 0.1889167852740128
1132 0.1889086402975637
1133 0.18890328559688954
1134 0.18890233712730992
1135 0.18890308232346992
1136 0.1889039490755592
1137 0.18890292765370528
1138 0.18890116415931119
1139 0.1889009790530062
1140 0.18890025932598026
1141 0.18890351817126258
1142 0.18891389993419547
1143 0.188932395348743
1144 0.18895997697626365
1145 0.18899358876581704
1146 0.18903236202130302
1147 0.1890719926344946
1148 0.18911385323142646
1149 0.18915890396397128
1150 0.1892054610124448
1151 0.18925264363525043
1152 0.18929972023061228
1153 0.1893451721401094
1154 0.18938478103758724
1155 0.1894169599685294
1156 0.189438854627455
1157 0.1894532208788817
1158 0.18946379691755194
1159 0.18947433351097417
1160 0.18948663796479584
1161 0.18949885953240192
1162 0.18951281339635645
1163 0.18952624421726527
1164 0.18953667853099568
1165 0.18954185461129408
1166 0.189539140588886
1167 0.1895325947479281
1168 0.1895257725708967
1169 0.18951972528121902
1170 0.18951719592860217
1171 0.18951636971112176
1172 0.18951790298790258
1173 0.18952093714631843
1174 0.18952458777379558
1175 0.1895292669577538
1176 0.18953188361055162
1177 0.18953336841273893
1178 0.18953352366197948
1179 0.18953105033757728
1180 0.18952239760065892
1181 0.18950930558996573
1182 0.1894947915513804
1183 0.18948162192319898
1184 0.18947063016720064
1185 0.18946016769609086
1186 0.18945232484092592
1187 0.1894467969891063
1188 0.18944249324290116
1189 0.18943657748514262
1190 0.1894262810163984
1191 0.18941299176068843
1192 0.18939931179977496
1193 0.1893857601786377
1194 0.18936981976019912
1195 0.18935172539399345
1196 0.18933569893666066
1197 0.1893204828852189
1198 0.18930232561654464
1199 0.189281495758639
1200 0.18925880391436303
1201 0.18923540006661568
1202 0.1892113977006734
1203 0.18918895147940987
1204 0.18916899189151923
1205 0.18915202092088765
1206 0.1891379437852916
1207 0.1891262989119937
1208 0.18911426037002269
1209 0.18910022719057526
1210 0.1890850508848281
1211 0.189066926418433
1212 0.18904520460624508
1213 0.1890195987465148
1214 0.18899324867323775
1215 0.18896595237421826
1216 0.18893761069688056
1217 0.18890838840102916
1218 0.18887786302001813
1219 0.1888475381069403
1220 0.18881628449960658
1221 0.1887861986677096
1222 0.18875559281698967
1223 0.18872337225072605
1224 0.18869063852619505
1225 0.18865759813075508
1226 0.1886273872671303
1227 0.1885978483467503
1228 0.18856829777049136
1229 0.1885409162919303
1230 0.18851773434778438
1231 0.18849780279676742
1232 0.1884771742548105
1233 0.1884586280967097
1234 0.18844263446042755
1235 0.18842823506306058
1236 0.18841500800057806
1237 0.1883999514239732
1238 0.1883858107635504
1239 0.18837426602611146
1240 0.18836488481799743
1241 0.18835624720855434
1242 0.18834660265302924
1243 0.18833862009361965
1244 0.18833388751276844
1245 0.1883282427913095
1246 0.1883206804344491
1247 0.18831250812381098
1248 0.18830620642573542
1249 0.18830378439512147
1250 0.18830291651063533
1251 0.1883037843951211
1252 0.18830620642573506
1253 0.18831250812381095
1254 0.1883206804344491
1255 0.1883282427913092
1256 0.18833388751276808
1257 0.18833862009361982
1258 0.18834660265302894
1259 0.1883562472085541
1260 0.1883648848179977
1261 0.18837426602611157
1262 0.18838581076355007
1263 0.18839995142397337
1264 0.1884150080005779
1265 0.18842823506306067
1266 0.18844263446042717
1267 0.1884586280967095
1268 0.1884771742548105
1269 0.1884978027967667
1270 0.1885177343477844
1271 0.1885409162919303
1272 0.18856829777049147
1273 0.18859784834675095
1274 0.18862738726713002
1275 0.18865759813075478
1276 0.18869063852619491
1277 0.1887233722507261
1278 0.18875559281699011
1279 0.18878619866770943
1280 0.1888162844996068
1281 0.18884753810694097
1282 0.188877863020018
1283 0.188908388401029
1284 0.18893761069688036
1285 0.18896595237421906
1286 0.18899324867323739
1287 0.18901959874651536
1288 0.18904520460624485
1289 0.18906692641843348
1290 0.18908505088482758
1291 0.18910022719057543
1292 0.1891142603700224
1293 0.18912629891199365
1294 0.18913794378529172
1295 0.18915202092088798
1296 0.18916899189151937
1297 0.1891889514794091
1298 0.1892113977006731
1299 0.18923540006661557
1300 0.1892588039143634
1301 0.1892814957586386
1302 0.189302325616545
1303 0.18932048288521874
1304 0.18933569893666072
1305 0.18935172539399353
1306 0.189369819760199
1307 0.18938576017863737
1308 0.18939931179977446
1309 0.18941299176068874
1310 0.18942628101639875
1311 0.18943657748514225
1312 0.18944249324290072
1313 0.18944679698910627
1314 0.1894523248409264
1315 0.18946016769609106
1316 0.18947063016720045
1317 0.18948162192319948
1318 0.18949479155138002
1319 0.1895093055899661
1320 0.18952239760065903
1321 0.18953105033757747
1322 0.18953352366197976
1323 0.18953336841273843
1324 0.18953188361055134
1325 0.1895292669577534
1326 0.18952458777379583
1327 0.18952093714631793
1328 0.18951790298790233
1329 0.1895163697111222
1330 0.18951719592860172
1331 0.18951972528121896
1332 0.18952577257089684
1333 0.18953259474792783
1334 0.18953914058888585
1335 0.18954185461129477
1336 0.1895366785309951
1337 0.18952624421726527
1338 0.18951281339635623
1339 0.18949885953240242
1340 0.18948663796479512
1341 0.18947433351097376
1342 0.18946379691755222
1343 0.189453220878882
1344 0.1894388546274545
1345 0.18941695996852964
1346 0.18938478103758677
1347 0.18934517214010865
1348 0.18929972023061187
1349 0.18925264363524988
1350 0.1892054610124448
1351 0.1891589039639713
1352 0.18911385323142635
1353 0.18907199263449512
1354 0.18903236202130266
1355 0.1889935887658168
1356 0.18895997697626363
1357 0.18893239534874331
1358 0.18891389993419577
1359 0.18890351817126239
1360 0.18890025932598062
1361 0.1889009790530062
1362 0.18890116415931205
1363 0.18890292765370537
1364 0.1889039490755597
1365 0.18890308232346906
1366 0.1889023371273097
1367 0.18890328559688935
1368 0.18890864029756382
1369 0.18891678527401295
1370 0.18892649024649064
1371 0.18893635353057267
1372 0.18894502029516477
1373 0.18895195569371695
1374 0.18895501810099258
1375 0.1889550361667488
1376 0.18895412376077764
1377 0.18895392937616515
1378 0.18895244962382343
1379 0.18894567253342884
1380 0.18893537200413274
1381 0.18892365500071795
1382 0.18891193773818654
1383 0.18889967668962518
1384 0.18888997498108834
1385 0.18888663790153193
1386 0.18888742441892958
1387 0.18889041725761965
1388 0.18889543466065448
1389 0.18890416548181566
1390 0.18891588807845175
1391 0.1889289867653191
1392 0.18894556834364498
1393 0.18896539443921015
1394 0.18898569042236382
1395 0.18900329082215617
1396 0.18901781361575976
1397 0.18903025689370812
1398 0.18904104558901422
1399 0.189049971014884
1400 0.1890589556859126
1401 0.18906997621099944
1402 0.18908319248689853
1403 0.1890975211854914
1404 0.18911094134419534
1405 0.18912378953057493
1406 0.18913495284213055
1407 0.1891438857327124
1408 0.1891501998094311
1409 0.18915313226667266
1410 0.18915525045567466
1411 0.18915848847837538
1412 0.18916407675208394
1413 0.18916949830601432
1414 0.189175020677051
1415 0.18918326344096253
1416 0.1891923086884612
1417 0.189200682715037
1418 0.18921062192585986
1419 0.18922472817241517
1420 0.18924172144692195
1421 0.1892611402766342
1422 0.18928248417000063
1423 0.1893051317909357
1424 0.18932778174496878
1425 0.1893507490985269
1426 0.18937585591156217
1427 0.189398858382912
1428 0.1894199660472769
1429 0.18943809342997137
1430 0.18945455794186924
1431 0.18946979183304466
1432 0.18948214035400732
1433 0.18949445211724228
1434 0.1895074365170434
1435 0.18952209170712794
1436 0.1895367679522325
1437 0.18955182602131826
1438 0.18956715575075805
1439 0.18958304350161168
1440 0.18960002129243722
1441 0.18961672404306318
1442 0.1896321899760269
1443 0.18964915562042586
1444 0.1896696952280422
1445 0.18969459619803333
1446 0.1897218747982367
1447 0.18974901773169092
1448 0.18977824615749936
1449 0.189808384486368
1450 0.18983792406740987
1451 0.18986744916708567
1452 0.18989619438166008
1453 0.1899274315237095
1454 0.18996036651274745
1455 0.18999167226145247
1456 0.19002098776335452
1457 0.1900496695579586
1458 0.1900803201712062
1459 0.19011255747644312
1460 0.19014467838394947
1461 0.19017847771696925
1462 0.19021410273652725
1463 0.1902500545860826
1464 0.19028355810461378
1465 0.19031481039301867
1466 0.19034579301677537
1467 0.19037812429248138
1468 0.190414032158502
1469 0.19045165274515294
1470 0.1904928355540323
1471 0.19054067489972878
1472 0.19059466007338377
1473 0.1906472257493412
1474 0.1906931609791668
1475 0.19073743233076065
1476 0.1907827308931587
1477 0.19082668107333625
1478 0.19087103326508703
1479 0.1909186053031079
1480 0.1909689727626806
1481 0.191018976829277
1482 0.19106412795364602
1483 0.19110457285460397
1484 0.19114109236564275
1485 0.19117893297024624
1486 0.19122307767070684
1487 0.19127531908759185
1488 0.19133929938278837
1489 0.1914140483039197
1490 0.19149944744090605
1491 0.19159577443624368
1492 0.1916969424991177
1493 0.19180065179741798
1494 0.1919094611766857
1495 0.19202927767202266
1496 0.1921611785903311
1497 0.1923007728036103
1498 0.19244722909776424
1499 0.19259424402809647
1500 0.19273716761868376
1501 0.19287028825079935
1502 0.19298536094295687
1503 0.19306992186105587
1504 0.19311434512167186
1505 0.19312631420145412
1506 0.1930946336735967
1507 0.19300319839773047
1508 0.19284806875823782
1509 0.19263705553561158
1510 0.19239560501728978
1511 0.19213263905852934
1512 0.19186236744326257
1513 0.1916037646559063
1514 0.1913780425089056
1515 0.19120438638949092
1516 0.19107018944162102
1517 0.19097046765151318
1518 0.19091290628369953
1519 0.19089474937716167
1520 0.190896808323259
1521 0.19090537308767844
1522 0.19092719413238218
1523 0.19095535100041017
1524 0.19097251773578566
1525 0.19097736347768468
1526 0.19098436955743758
1527 0.19100013345580974
1528 0.19102538560945093
1529 0.19106134367674715
1530 0.19111117654136253
1531 0.19118219221179725
1532 0.19126801279206357
1533 0.19136917100935347
1534 0.1914878058924697
1535 0.19162369549691982
1536 0.1917769988340142
1537 0.19194092733934087
1538 0.19211810380917918
1539 0.19230899453705205
1540 0.19250757197522284
1541 0.19271161219164054
1542 0.19291847825309152
1543 0.19312685271576263
1544 0.19333710950988578
1545 0.1935467792021357
1546 0.1937539038617113
1547 0.19395646134276717
1548 0.19415579809412098
1549 0.19435283124139455
1550 0.19454611343200023
1551 0.19473729601459688
1552 0.1949278347253876
1553 0.19511499349957473
1554 0.1952971313594144
1555 0.1954708169884498
1556 0.19563099903739045
1557 0.19577454912789033
1558 0.19589752369453423
1559 0.19599926954562175
1560 0.1960789302629394
1561 0.19613591112659778
1562 0.19616923974322606
1563 0.1961760270564597
1564 0.19615885382741505
1565 0.1961233071596284
1566 0.19606862828081306
1567 0.19599614597918844
1568 0.19591113370203997
1569 0.19581764555312653
1570 0.19572052254943356
1571 0.19561913825238786
1572 0.19551596022616802
1573 0.19541568151831845
1574 0.1953177220139081
1575 0.1952243815479113
1576 0.19513603266571591
1577 0.19505482650430048
1578 0.19498276909031045
1579 0.19491607657399204
1580 0.19485391637037447
1581 0.19479663866827676
1582 0.19474440451466418
1583 0.1946940837393142
1584 0.19464401769691725
1585 0.19459705632439978
1586 0.19455411526317168
1587 0.19451289166724875
1588 0.19447348149926436
1589 0.19443979925962404
1590 0.1944127527936435
1591 0.19439044400180347
1592 0.19437116424661982
1593 0.19435680989042547
1594 0.1943462181836344
1595 0.19433682908030586
1596 0.1943295771252204
1597 0.1943252306382558
1598 0.19432197669191753
1599 0.19431852470380642
1600 0.19431847465922444
1601 0.19432246315724583
1602 0.19433019876840682
1603 0.19434121577616278
1604 0.19435589095483674
1605 0.194375353298686
1606 0.1943976167707783
1607 0.19442366808300077
1608 0.19445041163534454
1609 0.19447654204705309
1610 0.19450233517337065
1611 0.19452613126791296
1612 0.19454810549505033
1613 0.19456622982262553
1614 0.19458292830643928
1615 0.1946002633299454
1616 0.19461673573617877
1617 0.1946350774660197
1618 0.1946559846647196
1619 0.19467844415743668
1620 0.194700727351754
1621 0.19472396531495764
1622 0.1947488510640585
1623 0.19477319319556297
1624 0.19479775278560696
1625 0.19482380548804734
1626 0.19485138398467466
1627 0.19487819237939621
1628 0.19490475679765087
1629 0.1949316057844347
1630 0.19495631183785433
1631 0.19498163776928448
1632 0.19500759649866842
1633 0.19503416217878378
1634 0.19506042650420552
1635 0.19508566064918573
1636 0.19511125277994942
1637 0.19513424206425445
1638 0.19515579098544
1639 0.19518006940480512
1640 0.19520653147017564
1641 0.19523232243353933
1642 0.19525657273956554
1643 0.19528033969988068
1644 0.1953041793022498
1645 0.19532489416623397
1646 0.19534533208201255
1647 0.19536704262672405
1648 0.19538890694320252
1649 0.19541275857072202
1650 0.19543670685015874
1651 0.1954626898291914
1652 0.19549017979979802
1653 0.19551742449743978
1654 0.19554557774340492
1655 0.19557296534535187
1656 0.1955991133750906
1657 0.1956235456183281
1658 0.19564631161155294
1659 0.19566884463302742
1660 0.19569056169974203
1661 0.19571119958835317
1662 0.19573001734992979
1663 0.19574718697374235
1664 0.19576526691549662
1665 0.19578223752902993
1666 0.19579870357014126
1667 0.1958163133259699
1668 0.19583667616596281
1669 0.19585955009950276
1670 0.19588175238625058
1671 0.19590324789273197
1672 0.1959227752545564
1673 0.19593910898524333
1674 0.19595231664594126
1675 0.19596074567717708
1676 0.19596480253147308
1677 0.19596722217612206
1678 0.1959698758178688
1679 0.19597396183612298
1680 0.1959810338269879
1681 0.19599112185049103
1682 0.1960070558284819
1683 0.1960281652816816
1684 0.19605229219378156
1685 0.1960827049936813
1686 0.19611844080401644
1687 0.1961617333083653
1688 0.1962142712291058
1689 0.19627730388015122
1690 0.196351567942418
1691 0.19643524070296584
1692 0.19652900805661874
1693 0.19663159470478597
1694 0.19674207730165996
1695 0.19685874000409923
1696 0.19698549347094785
1697 0.19712242875261066
1698 0.1972688760539304
1699 0.1974248812926031
1700 0.1975902212954441
1701 0.19776479841681757
1702 0.19794493928281046
1703 0.19812980912185332
1704 0.19831874825851328
1705 0.19851435347660817
1706 0.19871777869139992
1707 0.1989302005856895
1708 0.1991530142207415
1709 0.19938428606039005
1710 0.19962335616164778
1711 0.19986793273138892
1712 0.20011687830672162
1713 0.20036465973787027
1714 0.20060434027482746
1715 0.20082939165983468
1716 0.2010330897558067
1717 0.20121140342355356
1718 0.20135619818980216
1719 0.2014619643204319
1720 0.2015237615563393
1721 0.2015395181943972
1722 0.20151056444503393
1723 0.20143583521770098
1724 0.20131937915067097
1725 0.20116604131762192
1726 0.20097954855519187
1727 0.2007670802510521
1728 0.2005333125172579
1729 0.20028586510433308
1730 0.20003161974977257
1731 0.19977660964873342
1732 0.19952351377108005
1733 0.19927142101313677
1734 0.1990219636012751
1735 0.19877304368009474
1736 0.1985261851766572
1737 0.19828083987614706
1738 0.198036807586195
1739 0.19779642228962044
1740 0.1975614364696236
1741 0.19733306069825188
1742 0.19711344029520367
1743 0.19690573129300779
1744 0.19671379125693025
1745 0.1965385335674361
1746 0.19637803243460533
1747 0.19623705899286645
1748 0.19611832651309521
1749 0.19602420779036575
1750 0.19595424994544933
1751 0.1959052444739024
1752 0.19588224904382295
1753 0.19588202301132404
1754 0.1958946546072992
1755 0.1959169776072302
1756 0.19595556190988875
1757 0.1960054447138541
1758 0.19604813183974143
1759 0.1960771342465008
1760 0.19611135617096997
1761 0.19616237351141683
1762 0.19621669995144123
1763 0.19628159986394295
1764 0.1963767476163956
1765 0.19651363518491968
1766 0.19668461020149997
1767 0.196890148702776
1768 0.19714077204864117
1769 0.19742380559759054
1770 0.19772162732961346
1771 0.1980121435418893
1772 0.19828207791741032
1773 0.19852163601615458
1774 0.19870901708111957
1775 0.19883568738472007
1776 0.19890381148905378
1777 0.1989304730045107
1778 0.19892591769592818
1779 0.19888277687158687
1780 0.1988085624881472
1781 0.19871704696896703
1782 0.19861616224881265
1783 0.1985057706399315
1784 0.19839188998459736
1785 0.19828347807789307
1786 0.19818682417171415
1787 0.19810535937545418
1788 0.19803488761557256
1789 0.1979716794774961
1790 0.19791288281428723
1791 0.19785789794349337
1792 0.19780768780923905
1793 0.19776105333976393
1794 0.19772119927704987
1795 0.19768957730652115
1796 0.197668295765768
1797 0.19765793186021227
1798 0.19765196830903542
1799 0.19764838809114615
1800 0.1976470011588417
1801 0.19764632315836841
1802 0.1976418719506919
1803 0.19763335685142486
1804 0.19762431325695665
1805 0.19761421103625013
1806 0.197601699151047
1807 0.19758884410141733
1808 0.19757530203791926
1809 0.19755910002922825
1810 0.19754295524346865
1811 0.19753201704078746
1812 0.19752532187915367
1813 0.19752132653921145
1814 0.1975209242944182
1815 0.19752560872936697
1816 0.19753565606711476
1817 0.19754707500667357
1818 0.19755937146521904
1819 0.19757199117315918
1820 0.19758461625556134
1821 0.19759828358863427
1822 0.19760985840148984
1823 0.19761947280506642
1824 0.19762896485773668
1825 0.19763965196550856
1826 0.1976511230611016
1827 0.19766164314855983
1828 0.19767498372916523
1829 0.19769237104111767
1830 0.1977129419257137
1831 0.19773591909207372
1832 0.19776153504868715
1833 0.19779250851312558
1834 0.19782736437232057
1835 0.1978649676990029
1836 0.1979034507166509
1837 0.1979413383771061
1838 0.19797948702276694
1839 0.19801771081082853
1840 0.19805529188777415
1841 0.19809249841818696
1842 0.19812880322678575
1843 0.19816519970384402
1844 0.19820292777068588
1845 0.19824059579624695
1846 0.19828074013528252
1847 0.19832335574598303
1848 0.19836691671070059
1849 0.19841294804387652
1850 0.19846122427605664
1851 0.19851170043143238
1852 0.1985637788836038
1853 0.1986142316860619
1854 0.1986655523269186
1855 0.1987166261768952
1856 0.19876622440981837
1857 0.19881390546785416
1858 0.19885771092065546
1859 0.1988997759878246
1860 0.19893992535072502
1861 0.19897915265614846
1862 0.19901779926473043
1863 0.1990565814521761
1864 0.19909662991420407
1865 0.1991386073614634
1866 0.19918220959889474
1867 0.19922458291509262
1868 0.19926582627783831
1869 0.19930583213999428
1870 0.19934644801210188
1871 0.19938742790012698
1872 0.19942733192825082
1873 0.1994682928430917
1874 0.1995092052943323
1875 0.19955111433779424
1876 0.19959289729310747
1877 0.19963432971910927
1878 0.1996744840198582
1879 0.19971237328278993
1880 0.19975066027388141
1881 0.19978737649598435
1882 0.1998201653298152
1883 0.1998483368436133
1884 0.1998743410721629
1885 0.19989910039182263
1886 0.19991887332420136
1887 0.19993500628022962
1888 0.19995006979623692
1889 0.19996617279801396
1890 0.19998207785858516
1891 0.199996639001521
1892 0.20001296205411206
1893 0.20003016745578028
1894 0.20004784698204273
1895 0.2000674641163089
1896 0.2000890132492905
1897 0.20011408525031368
1898 0.2001417789894033
1899 0.20017097655109475
1900 0.20020076243062251
1901 0.20022986987809435
1902 0.20026113195931636
1903 0.20029414892862185
1904 0.20032871198042596
1905 0.2003643262178234
1906 0.20040008411662394
1907 0.20043599003887566
1908 0.2004704266257414
1909 0.2005029724543809
1910 0.20053237264916315
1911 0.20055840389559634
1912 0.20058275685596202
1913 0.20060715819600963
1914 0.20063137447780813
1915 0.2006547593360935
1916 0.20067904020780705
1917 0.20070434484412417
1918 0.2007320309480362
1919 0.2007616991556306
1920 0.20079438715300602
1921 0.20083153752166466
1922 0.2008715799876956
1923 0.20091700966095913
1924 0.20096801142553528
1925 0.20102477951999373
1926 0.20108818282856972
1927 0.20115761494913917
1928 0.20123328305703078
1929 0.20131211977296257
1930 0.20139362688541654
1931 0.20147801289085362
1932 0.20156435151046553
1933 0.20165176533879572
1934 0.20173791307443936
1935 0.20181925645213472
1936 0.20189306308700822
1937 0.20195796111877096
1938 0.20201480554575568
1939 0.2020668446806409
1940 0.20211716425240012
1941 0.20216805187721315
1942 0.20221952949702968
1943 0.2022730159498684
1944 0.20232889235122184
1945 0.2023844971070978
1946 0.20243716582334328
1947 0.20248699135414272
1948 0.20253563339041658
1949 0.20258436796033974
1950 0.20263259622629684
1951 0.20268203038661786
1952 0.20273483888252986
1953 0.20279089729829167
1954 0.20284736070518522
1955 0.2029030168541115
1956 0.2029567553765762
1957 0.20300770064343007
1958 0.20305706652177374
1959 0.20310406838982956
1960 0.20314985825936616
1961 0.20319451735358518
1962 0.20323931931030534
1963 0.20328406504770924
1964 0.2033297360301523
1965 0.2033765212118707
1966 0.2034243430232796
1967 0.2034731932658245
1968 0.2035205835876172
1969 0.20356797745943292
1970 0.20361365068845685
1971 0.2036579633895158
1972 0.20369960204504647
1973 0.203737415384595
1974 0.20377469734064146
1975 0.20380920833859104
1976 0.20384188077826468
1977 0.20387360010659716
1978 0.20390511336488953
1979 0.2039376450352466
1980 0.20396913847008485
1981 0.20400041522486206
1982 0.20403068250363304
1983 0.2040616022957423
1984 0.20409318922594435
1985 0.20412452124317898
1986 0.20415769027068564
1987 0.20419247917538622
1988 0.20422873025017985
1989 0.204262601516942
1990 0.20429497530203047
1991 0.20432667547639918
1992 0.20435597298386213
1993 0.20438358935460896
1994 0.20440982682563344
1995 0.20443584876782997
1996 0.20445962605545542
1997 0.2044786169451288
1998 0.20449546526067544
1999 0.20451013514981578
2000 0.2045239562658638
2001 0.20453656792856487
2002 0.20454916969439832
2003 0.20456422241858876
2004 0.20457971441144468
2005 0.20459446866744474
2006 0.2046072379416234
2007 0.20462048591776777
2008 0.20463361378259776
2009 0.2046468800597185
2010 0.2046608697951831
2011 0.20467444592585968
2012 0.20469033309723073
2013 0.20470919257815728
2014 0.20472982678673649
2015 0.20475267116809878
2016 0.20477675243275892
2017 0.2048028014310592
2018 0.2048313101412124
2019 0.20485603033845892
2020 0.2048763759945367
2021 0.2048944294073288
2022 0.2049102733179177
2023 0.20492697909245422
2024 0.20494475547495053
2025 0.2049658320382517
2026 0.20499358714917815
2027 0.20502531853130412
2028 0.2050619216590493
2029 0.2051007177204699
2030 0.20513812714467913
2031 0.2051766801900292
2032 0.20521409372205718
2033 0.20525196941291848
2034 0.20529134394028428
2035 0.20533230830439345
2036 0.20537545339981705
2037 0.20541986370768303
2038 0.20546526867043183
2039 0.20551249100735497
2040 0.20556221510014497
2041 0.20561410317615744
2042 0.20566791287980238
2043 0.2057247976029957
2044 0.20578507088208345
2045 0.20584663900085315
2046 0.20590828014164708
2047 0.20597235286104923
2048 0.20603845865414963
2049 0.20610530985121356
2050 0.2061727934154617
2051 0.20624331725125022
2052 0.20631600257609
2053 0.20638854318635652
2054 0.20646201698812328
2055 0.2065354329600035
2056 0.20661005782151892
2057 0.20668316292826583
2058 0.20675550917215815
2059 0.20682930516888007
2060 0.20690236004077894
2061 0.2069761336888789
2062 0.20704915602880583
2063 0.20712115824305075
2064 0.2071942644218536
2065 0.20726719872061014
2066 0.20733935379573337
2067 0.207411596501575
2068 0.207484476137443
2069 0.20755719794003502
2070 0.20762820414192246
2071 0.20769708257166006
2072 0.20776575066884592
2073 0.20783430489356264
2074 0.2079055896775828
2075 0.20797994502011374
2076 0.20805468319505
2077 0.20812953688721245
2078 0.2082023130389419
2079 0.20827227862386252
2080 0.20834115182150392
2081 0.2084075802856877
2082 0.20847373189130994
2083 0.20854128244171438
2084 0.20861173766133803
2085 0.20868410025349077
2086 0.20875539221770736
2087 0.20882851120926624
2088 0.20890232791822513
2089 0.20897836350499605
2090 0.2090561992774721
2091 0.20913556791556512
2092 0.20921503482840018
2093 0.20929383543152016
2094 0.20937345411773428
2095 0.20945065819001418
2096 0.20952408608078774
2097 0.2095928976709067
2098 0.2096596319663827
2099 0.20972504405088754
2100 0.20978915269792006
2101 0.20985430404447816
2102 0.209921730258219
2103 0.2099927996442005
2104 0.21006539655422055
2105 0.2101369423581091
2106 0.21020549463594151
2107 0.21027012024580927
2108 0.210332205852171
2109 0.21039076824446126
2110 0.21044589849185197
2111 0.2104985965204024
2112 0.21055013901182879
2113 0.2106024342857814
2114 0.21065548461897285
2115 0.21071048086012661
2116 0.2107660527248116
2117 0.21082141502764637
2118 0.2108747950159733
2119 0.21092518946051628
2120 0.21097184578002734
2121 0.2110135246917665
2122 0.21105353238750016
2123 0.21109385131229128
2124 0.21113619260855543
2125 0.21117804445625674
2126 0.21121983523660703
2127 0.21125908828256812
2128 0.21129212486431068
2129 0.21131695090545347
2130 0.21133051201013264
2131 0.21133672187508096
2132 0.2113360587599377
2133 0.2113330939655064
2134 0.21133009755381138
2135 0.21132789876401203
2136 0.21132832025851073
2137 0.21133029385208674
2138 0.21133356859800423
2139 0.2113391857657468
2140 0.21134989642618301
2141 0.21136434557529135
2142 0.2113833427520576
2143 0.21140722207276355
2144 0.21143567801314636
2145 0.2114659904034375
2146 0.21149874626853438
2147 0.21153529026151735
2148 0.21157443118070277
2149 0.21161639270886207
2150 0.21166021016629172
2151 0.2117057155741113
2152 0.21175049903789792
2153 0.21179392960812787
2154 0.2118363721421331
2155 0.21187737090566544
2156 0.21191687050550406
2157 0.21195475651789927
2158 0.2119887924756543
2159 0.21201891215648028
2160 0.21204485453352365
2161 0.21206714540790159
2162 0.21208659457466772
2163 0.21210422628591577
2164 0.21212278433625856
2165 0.21214378537139877
2166 0.21216808702048862
2167 0.2121953633986545
2168 0.2122254282874744
2169 0.21225774780899584
2170 0.21229326625834938
2171 0.2123309852958449
2172 0.212371234905603
2173 0.21241437623550086
2174 0.2124619717560397
2175 0.21251277567037466
2176 0.2125642274716259
2177 0.21261788515981547
2178 0.21267248704404063
2179 0.21272780436158992
2180 0.21278245743176694
2181 0.2128393410941671
2182 0.21289772405194676
2183 0.21295598889514086
2184 0.21301467897321522
2185 0.2130732078578909
2186 0.21313203881470263
2187 0.21319099389516855
2188 0.21325166395749304
2189 0.2133141936912052
2190 0.2133801311585509
2191 0.21345108339172533
2192 0.21352563315288253
2193 0.2136014755959313
2194 0.2136783364474553
2195 0.2137575651913054
2196 0.21383716383477328
2197 0.21391337357525886
2198 0.21398680586320826
2199 0.21406100692870153
2200 0.21413702332046478
2201 0.21421404286533563
2202 0.21429255440966605
2203 0.21437520026255685
2204 0.21446226867196405
2205 0.2145505808009837
2206 0.2146388833747616
2207 0.21472580710233094
2208 0.21481102670347316
2209 0.21489445147614097
2210 0.21497673344947216
2211 0.21505794047799778
2212 0.21513860401186138
2213 0.21522118278411317
2214 0.2153043151411178
2215 0.21538698624446886
2216 0.2154706397807161
2217 0.21555673727604374
2218 0.21564382064038795
2219 0.2157319486262666
2220 0.21582153486652247
2221 0.21591395270097913
2222 0.21600764846885384
2223 0.21610137056510817
2224 0.2161953157004695
2225 0.21628852044782998
2226 0.21638229418308189
2227 0.21647548253467697
2228 0.21656723758681132
2229 0.21665846246911907
2230 0.21674901397246663
2231 0.2168393329287205
2232 0.21693091312434293
2233 0.21702424721122868
2234 0.21711798009679112
2235 0.21721185041449775
2236 0.21730783541337267
2237 0.2174051089593273
2238 0.21750077512839341
2239 0.217593555713396
2240 0.21768434766679942
2241 0.21777309925444716
2242 0.21786181222592166
2243 0.21795116685846647
2244 0.2180401497042684
2245 0.21812873235441177
2246 0.21821623643489277
2247 0.21830347331197245
2248 0.21838812702666194
2249 0.21847049690210876
2250 0.218552437158335
2251 0.21863528405406216
2252 0.21872135264469442
2253 0.21880980829928867
2254 0.21890075569041642
2255 0.2189943266197226
2256 0.2190895142714702
2257 0.21918615665550326
2258 0.21928354052570026
2259 0.21938063004443875
2260 0.21947836380914185
2261 0.2195759713104347
2262 0.21967376410776024
2263 0.2197701372527711
2264 0.2198619403337884
2265 0.21995232579539312
2266 0.22004182269264705
2267 0.220130659425858
2268 0.22021846524436897
2269 0.2203101977728301
2270 0.22041043180888828
2271 0.22051947170522354
2272 0.2206373277009083
2273 0.22076325876055133
2274 0.22089836264605217
2275 0.22103949088972935
2276 0.22118219560196495
2277 0.22132693961659392
2278 0.22147903607181635
2279 0.22164088146427463
2280 0.2218107876618942
2281 0.22198666119955146
2282 0.22216586613427375
2283 0.22234211861530687
2284 0.2225092814797522
2285 0.22266416460858954
2286 0.22279787391491515
2287 0.22289761414582038
2288 0.22296486616348116
2289 0.2229990931357344
2290 0.22298188784599884
2291 0.22290254115094443
2292 0.22276692949860644
2293 0.22259238312537674
2294 0.22239323563716198
2295 0.22218127856536182
2296 0.22197496884624232
2297 0.22179139942777468
2298 0.2216488320562163
2299 0.22155246938727763
2300 0.22148473007063416
2301 0.22144413022977547
2302 0.22144171373586655
2303 0.2214690077926182
2304 0.2215074159381578
2305 0.22155400159529343
2306 0.22161614829393297
2307 0.22168077591261742
2308 0.22172956879660927
2309 0.2217680062709379
2310 0.22181541245039105
2311 0.22187282058923372
2312 0.22193984251703291
2313 0.2220183770706556
2314 0.22211206882688903
2315 0.2222232033498062
2316 0.2223432690073245
2317 0.22247614967414608
2318 0.2226200686680268
2319 0.22277103164246195
2320 0.22292712199061152
2321 0.2230871870046092
2322 0.22325571788925586
2323 0.22342896531330877
2324 0.22360154110319275
2325 0.2237735395310236
2326 0.22394664489453942
2327 0.22411950707202868
2328 0.22428885130487106
2329 0.22445710693373214
2330 0.22462340983304946
2331 0.22478027807936982
2332 0.22492808099858963
2333 0.22507124008099363
2334 0.22521115480546217
2335 0.22534695270117297
2336 0.22547742965581105
2337 0.22560635021891545
2338 0.22573192522753607
2339 0.2258503059152067
2340 0.22595971202041054
2341 0.22605804923564743
2342 0.22614773229577112
2343 0.2262291343409251
2344 0.2263019460339781
2345 0.2263672229629003
2346 0.22642601540101606
2347 0.22647964882215818
2348 0.22652854996982516
2349 0.22657422801401936
2350 0.22661731134520272
2351 0.22665875424999796
2352 0.22669944609260667
2353 0.22674026744281459
2354 0.22678117643689166
2355 0.2268226651970002
2356 0.22686587867511487
2357 0.22691019454628628
2358 0.22695799305333192
2359 0.22701017526125028
2360 0.22706721217964157
2361 0.22712487827909125
2362 0.227180329083817
2363 0.227235450213614
2364 0.22728917886741146
2365 0.22734236482788556
2366 0.22739506541243704
2367 0.2274484287222971
2368 0.22750127447278928
2369 0.22755284721032554
2370 0.2276035732728732
2371 0.2276501858092661
2372 0.22769041657040318
2373 0.2277247536117124
2374 0.22775731217678188
2375 0.22778778633829372
2376 0.22781486754817432
2377 0.22783988391552393
2378 0.2278642785992533
2379 0.22789058159357792
2380 0.22791955523061724
2381 0.22794997147171883
2382 0.2279846151742754
2383 0.22802364997585728
2384 0.22806564658610903
2385 0.2281107629187867
2386 0.22815638440563604
2387 0.22820341241710349
2388 0.2282505456332496
2389 0.22829990720528043
2390 0.2283532670029343
2391 0.22840833042731795
2392 0.2284664760811912
2393 0.22852787219729048
2394 0.22859166098479955
2395 0.22865603126058795
2396 0.228719788571062
2397 0.22878397154801736
2398 0.22884886636818377
2399 0.22891529939311064
2400 0.22898171069893863
2401 0.22904738720547074
2402 0.22911275692054198
2403 0.22917754062705673
2404 0.2292422769297658
2405 0.22930669000324566
2406 0.22937314790535843
2407 0.2294405069225278
2408 0.2295068155455747
2409 0.22957316093523064
2410 0.22963973040546745
2411 0.22970661512244359
2412 0.2297727995613944
2413 0.22983953531111778
2414 0.2299088046450828
2415 0.22998034946949528
2416 0.2300521186422701
2417 0.23012393525593078
2418 0.23019535139145594
2419 0.23026651577667331
2420 0.23033650316745377
2421 0.23040509538454157
2422 0.2304743510573088
2423 0.23054221322436813
2424 0.2306097577189112
2425 0.23067667830507768
2426 0.23074323158610402
2427 0.23080909392632637
2428 0.23087409551150065
2429 0.230940998369166
2430 0.23100784078964554
2431 0.23107395268815137
2432 0.23114061867572377
2433 0.23120873742688125
2434 0.2312774727468419
2435 0.2313464449711064
2436 0.23141627027682493
2437 0.2314864686442506
2438 0.23155767444632605
2439 0.23162839876031943
2440 0.23170053867955956
2441 0.2317729161655802
2442 0.23184361395931918
2443 0.23191328685794246
2444 0.23198135330958894
2445 0.2320492418629355
2446 0.2321164667620449
2447 0.23218029608338314
2448 0.23224177705429136
2449 0.2323006590747358
2450 0.23235662145176147
2451 0.23240920918566702
2452 0.23245613924803205
2453 0.23249908414616616
2454 0.232537808560106
2455 0.2325716920201118
2456 0.2326017688160319
2457 0.23262858975238648
2458 0.23265327469274352
2459 0.23267547304894928
2460 0.23269606320525899
2461 0.23271800582168345
2462 0.23274037242075343
2463 0.23276405454276194
2464 0.23279148548365214
2465 0.23282671389983522
2466 0.23287200429647628
2467 0.23292731321420443
2468 0.23299501746812495
2469 0.23307553340023027
2470 0.23316886721472185
2471 0.2332759550322931
2472 0.23339863598980348
2473 0.23353371464135295
2474 0.23367911260890292
2475 0.2338380538478316
2476 0.23401286688112144
2477 0.23420365433568638
2478 0.23440931527728615
2479 0.2346325521452746
2480 0.2348733034103306
2481 0.23513009418346814
2482 0.23539929048236705
2483 0.23567945373694357
2484 0.23597068014481426
2485 0.23627090735295572
2486 0.23657906062085074
2487 0.2368934268571141
2488 0.23721710365808768
2489 0.23755369639239887
2490 0.23790277818471237
2491 0.2382627111728773
2492 0.23863133753185128
2493 0.2390067664747605
2494 0.23938809600576538
2495 0.23978596242784747
2496 0.24024317243132484
2497 0.24082812545253773
2498 0.2419434885616317
2499 0.24316699641769815
2500 0.24440967665394875
2501 0.24558258123054336
2502 0.2465605610179252
