0
1
200
0 0.2471726436046156
1 0.24656056101792515
2 0.24558258123054338
3 0.2444096766539488
4 0.24316699641769815
5 0.24194348856163175
6 0.24082812545253773
7 0.2402431724313248
8 0.23978596242784747
9 0.23938809600576538
10 0.23900676647476043
11 0.23863133753185123
12 0.23826271117287726
13 0.23790277818471237
14 0.23755369639239887
15 0.23721710365808762
16 0.2368934268571141
17 0.23657906062085077
18 0.23627090735295575
19 0.23597068014481415
20 0.2356794537369436
21 0.23539929048236705
22 0.2351300941834682
23 0.23487330341033064
24 0.2346325521452747
25 0.2344093152772862
26 0.23420365433568638
27 0.23401286688112144
28 0.23383805384783166
29 0.23367911260890303
30 0.23353371464135303
31 0.23339863598980348
32 0.23327595503229287
33 0.23316886721472196
34 0.23307553340023032
35 0.2329950174681249
36 0.23292731321420454
37 0.2328720042964765
38 0.2328267138998353
39 0.2327914854836522
40 0.2327640545427619
41 0.2327403724207535
42 0.23271800582168364
43 0.23269606320525893
44 0.23267547304894928
45 0.23265327469274344
46 0.23262858975238634
47 0.2326017688160318
48 0.2325716920201118
49 0.23253780856010586
50 0.23249908414616624
51 0.23245613924803216
52 0.2324092091856671
53 0.23235662145176147
54 0.23230065907473543
55 0.2322417770542913
56 0.23218029608338306
57 0.23211646676204473
58 0.2320492418629355
59 0.23198135330958886
60 0.23191328685794238
61 0.23184361395931918
62 0.23177291616558027
63 0.2317005386795596
64 0.23162839876031938
65 0.23155767444632588
66 0.2314864686442507
67 0.23141627027682501
68 0.2313464449711064
69 0.2312774727468419
70 0.23120873742688125
71 0.23114061867572352
72 0.23107395268815165
73 0.23100784078964545
74 0.23094099836916587
75 0.23087409551150054
76 0.23080909392632637
77 0.23074323158610394
78 0.23067667830507765
79 0.23060975771891107
80 0.23054221322436805
81 0.23047435105730885
82 0.23040509538454157
83 0.23033650316745402
84 0.23026651577667326
85 0.2301953513914564
86 0.23012393525593072
87 0.23005211864227015
88 0.2299803494694949
89 0.22990880464508273
90 0.22983953531111792
91 0.22977279956139474
92 0.2297066151224435
93 0.2296397304054675
94 0.2295731609352306
95 0.22950681554557475
96 0.22944050692252801
97 0.22937314790535857
98 0.2293066900032456
99 0.22924227692976593
100 0.22917754062705678
101 0.22911275692054212
102 0.22904738720547096
103 0.2289817106989386
104 0.22891529939311064
105 0.22884886636818363
106 0.22878397154801755
107 0.2287197885710622
108 0.22865603126058762
109 0.22859166098479972
110 0.22852787219729026
111 0.2284664760811912
112 0.2284083304273181
113 0.22835326700293465
114 0.22829990720528032
115 0.22825054563324954
116 0.22820341241710354
117 0.228156384405636
118 0.2281107629187869
119 0.22806564658610884
120 0.22802364997585736
121 0.22798461517427557
122 0.22794997147171886
123 0.2279195552306175
124 0.22789058159357778
125 0.22786427859925334
126 0.22783988391552387
127 0.22781486754817476
128 0.22778778633829372
129 0.22775731217678238
130 0.2277247536117125
131 0.2276904165704031
132 0.22765018580926602
133 0.22760357327287353
134 0.22755284721032532
135 0.22750127447278917
136 0.22744842872229692
137 0.22739506541243695
138 0.227342364827886
139 0.22728917886741165
140 0.22723545021361408
141 0.22718032908381722
142 0.22712487827909147
143 0.22706721217964157
144 0.22701017526125036
145 0.22695799305333192
146 0.22691019454628636
147 0.2268658786751151
148 0.2268226651970003
149 0.22678117643689158
150 0.22674026744281492
151 0.22669944609260662
152 0.22665875424999773
153 0.22661731134520266
154 0.22657422801401955
155 0.2265285499698254
156 0.22647964882215818
157 0.2264260154010159
158 0.22636722296290024
159 0.2263019460339778
160 0.22622913434092495
161 0.2261477322957709
162 0.22605804923564743
163 0.22595971202041104
164 0.22585030591520686
165 0.22573192522753624
166 0.22560635021891556
167 0.22547742965581047
168 0.2253469527011731
169 0.22521115480546217
170 0.2250712400809939
171 0.22492808099858963
172 0.22478027807936957
173 0.22462340983304901
174 0.2244571069337318
175 0.22428885130487153
176 0.22411950707202888
177 0.2239466448945396
178 0.22377353953102344
179 0.22360154110319275
180 0.22342896531330866
181 0.2232557178892558
182 0.2230871870046087
183 0.2229271219906116
184 0.22277103164246204
185 0.2226200686680263
186 0.22247614967414595
187 0.22234326900732482
188 0.22222320334980616
189 0.22211206882688875
190 0.22201837707065594
191 0.22193984251703258
192 0.22187282058923377
193 0.2218154124503905
194 0.22176800627093765
195 0.22172956879660963
196 0.22168077591261742
197 0.22161614829393314
198 0.22155400159529381
199 0.22150741593815806
