0
1
147
0 2.9753688020860927
1 2.9753688020860927
2 -0.9017311482870233
3 0.6058552945147977
4 -0.36887849480171897
5 0.34591226501496436
6 -0.22064731465373943
7 0.2461267990578455
8 -0.15497550774328056
9 0.19281669932860496
10 -0.11774031309131093
11 0.15941887848646724
12 -0.09364109011888615
13 0.13750439903151002
14 -0.07590171655472945
15 0.1213947376232789
16 -0.062032309164106014
17 0.10900353458393397
18 -0.051673914749783306
19 0.09930967110336883
20 -0.04339550876575914
21 0.09133930580394894
22 -0.036562452801924675
23 0.08468359451696164
24 -0.030846728868687875
25 0.07907957729771461
26 -0.025983606464578077
27 0.07420415170371175
28 -0.02182148437125204
29 0.06998113259941766
30 -0.018244238327331377
31 0.06624614020734836
32 -0.015081382417021859
33 0.0628919167040329
34 -0.012284872144996867
35 0.059905530261351904
36 0.05716530446571282
37 0.054674833036212483
38 0.05238889377201814
39 0.05026960240838352
40 0.04829230632373874
41 0.04644705841789957
42 0.04471981666034269
43 0.04308189558063402
44 0.04154232953858838
45 0.04008679623998135
46 0.03869843508641823
47 0.037372037846556946
48 0.036103892651577485
49 0.03488616401005928
50 0.0337161098246925
51 0.03258974030321173
52 0.01065354277185745
53 0.03150062494719003
54 0.011316814785518194
55 0.03044860708817601
56 0.01194083082728999
57 0.029425755216132644
58 0.012526161442608744
59 0.028432364640288088
60 0.013075782327281356
61 0.02746820338022528
62 0.013592276904575987
63 0.026528367009967316
64 0.014079960768089506
65 0.02560514626512966
66 0.014534955442676396
67 0.024707311719019177
68 0.014959980817489019
69 0.023826409816388006
70 0.015359634050398094
71 0.02296339089905779
72 0.015731078683680934
73 0.02211948191353761
74 0.016077404628999904
75 0.021288172743747724
76 0.016401756722763474
77 0.020472240994507136
78 0.016701482925508115
79 0.01966737550096448
80 0.01697722909855925
81 0.01887656621006103
82 0.017231373892050143
83 0.018097635408253984
84 0.017463083700071515
85 0.017330508263022775
86 0.017675020874997123
87 0.01656973395512334
88 0.017867783952867696
89 0.01582305855907292
90 0.01804278735807409
91 0.015083483684337283
92 0.018199599424096463
93 0.014352734073645968
94 0.018338243789059065
95 0.013632585472048271
96 0.0184568742395671
97 0.012919496657967816
98 0.01855969577457264
99 0.01221586838651974
100 0.01864631256600885
101 0.01152069052475158
102 0.018716628253107517
103 0.010833543167888725
104 0.01877142724389849
105 0.010153569861336339
106 0.018812314418528417
107 0.01883690848441029
108 0.018847851416675575
109 0.018844441798562116
110 0.018827260458686153
111 0.018797115436661294
112 0.01875381475079499
113 0.0186977291230505
114 0.0186291997378475
115 0.018548371512819215
116 0.018455884077501282
117 0.01835166261487574
118 0.01823535336864053
119 0.01810803392067707
120 0.017969479839983163
121 0.017818760764539972
122 0.017658723276657063
123 0.01748712121842626
124 0.01730422921087525
125 0.017111015975028787
126 0.01690682272137019
127 0.01669354032196688
128 0.01646843517536272
129 0.0162341955472558
130 0.015989985656906555
131 0.015734978651505954
132 0.015470417160142486
133 0.015195780620023844
134 0.014911527257522018
135 0.014617471194702436
136 0.014313673844210171
137 0.01400094151330863
138 0.013678459604379812
139 0.013346904068099477
140 0.013006161908283307
141 0.012656604998899047
142 0.012298261437796974
143 0.011931100710662624
144 -0.010379289559660424
145 0.011555583010915804
146 -0.010779495425336356
