0
1
2500
0 -1.752
1 -1.752
2 -1.75
3 -1.75
4 -1.747
5 -1.747
6 -1.749
7 -1.749
8 -1.748
9 -1.746
10 -1.743
11 -1.74
12 -1.74
13 -1.739
14 -1.739
15 -1.739
16 -1.739
17 -1.742
18 -1.74
19 -1.74
20 -1.74
21 -1.738
22 -1.74
23 -1.74
24 -1.74
25 -1.742
26 -1.74
27 -1.739
28 -1.74
29 -1.739
30 -1.738
31 -1.738
32 -1.738
33 -1.736
34 -1.736
35 -1.736
36 -1.734
37 -1.734
38 -1.735
39 -1.735
40 -1.737
41 -1.738
42 -1.738
43 -1.738
44 -1.738
45 -1.74
46 -1.74
47 -1.74
48 -1.742
49 -1.743
50 -1.744
51 -1.744
52 -1.747
53 -1.75
54 -1.752
55 -1.754
56 -1.756
57 -1.759
58 -1.76
59 -1.762
60 -1.764
61 -1.768
62 -1.771
63 -1.774
64 -1.777
65 -1.778
66 -1.781
67 -1.785
68 -1.786
69 -1.789
70 -1.792
71 -1.796
72 -1.801
73 -1.806
74 -1.81
75 -1.813
76 -1.816
77 -1.819
78 -1.824
79 -1.827
80 -1.83
81 -1.832
82 -1.833
83 -1.838
84 -1.842
85 -1.844
86 -1.848
87 -1.853
88 -1.857
89 -1.861
90 -1.863
91 -1.865
92 -1.867
93 -1.869
94 -1.872
95 -1.875
96 -1.879
97 -1.883
98 -1.883
99 -1.884
100 -1.885
101 -1.886
102 -1.885
103 -1.887
104 -1.889
105 -1.889
106 -1.892
107 -1.893
108 -1.895
109 -1.894
110 -1.895
111 -1.897
112 -1.897
113 -1.898
114 -1.899
115 -1.899
116 -1.901
117 -1.901
118 -1.903
119 -1.905
120 -1.905
121 -1.903
122 -1.904
123 -1.905
124 -1.905
125 -1.905
126 -1.907
127 -1.907
128 -1.907
129 -1.905
130 -1.906
131 -1.905
132 -1.904
133 -1.907
134 -1.909
135 -1.909
136 -1.909
137 -1.907
138 -1.907
139 -1.907
140 -1.907
141 -1.905
142 -1.905
143 -1.905
144 -1.906
145 -1.908
146 -1.908
147 -1.909
148 -1.909
149 -1.908
150 -1.908
151 -1.909
152 -1.909
153 -1.905
154 -1.905
155 -1.905
156 -1.906
157 -1.909
158 -1.909
159 -1.909
160 -1.909
161 -1.911
162 -1.912
163 -1.913
164 -1.914
165 -1.915
166 -1.915
167 -1.917
168 -1.913
169 -1.911
170 -1.913
171 -1.913
172 -1.913
173 -1.913
174 -1.912
175 -1.911
176 -1.911
177 -1.913
178 -1.914
179 -1.916
180 -1.917
181 -1.917
182 -1.916
183 -1.917
184 -1.918
185 -1.919
186 -1.919
187 -1.919
188 -1.919
189 -1.92
190 -1.923
191 -1.925
192 -1.927
193 -1.925
194 -1.922
195 -1.925
196 -1.925
197 -1.928
198 -1.93
199 -1.929
200 -1.928
201 -1.93
202 -1.93
203 -1.929
204 -1.931
205 -1.931
206 -1.933
207 -1.933
208 -1.932
209 -1.933
210 -1.936
211 -1.936
212 -1.937
213 -1.938
214 -1.94
215 -1.942
216 -1.944
217 -1.944
218 -1.944
219 -1.944
220 -1.944
221 -1.944
222 -1.945
223 -1.946
224 -1.946
225 -1.947
226 -1.947
227 -1.946
228 -1.948
229 -1.947
230 -1.946
231 -1.946
232 -1.948
233 -1.947
234 -1.946
235 -1.95
236 -1.952
237 -1.953
238 -1.955
239 -1.952
240 -1.95
241 -1.952
242 -1.954
243 -1.952
244 -1.953
245 -1.954
246 -1.953
247 -1.955
248 -1.956
249 -1.955
250 -1.956
251 -1.956
252 -1.956
253 -1.954
254 -1.954
255 -1.956
256 -1.958
257 -1.958
258 -1.96
259 -1.96
260 -1.96
261 -1.96
262 -1.96
263 -1.96
264 -1.96
265 -1.96
266 -1.96
267 -1.96
268 -1.962
269 -1.964
270 -1.967
271 -1.968
272 -1.966
273 -1.968
274 -1.97
275 -1.972
276 -1.972
277 -1.97
278 -1.968
279 -1.966
280 -1.965
281 -1.964
282 -1.964
283 -1.962
284 -1.962
285 -1.964
286 -1.966
287 -1.965
288 -1.965
289 -1.966
290 -1.965
291 -1.965
292 -1.966
293 -1.966
294 -1.966
295 -1.965
296 -1.965
297 -1.964
298 -1.964
299 -1.968
300 -1.968
301 -1.969
302 -1.97
303 -1.972
304 -1.97
305 -1.97
306 -1.971
307 -1.972
308 -1.973
309 -1.972
310 -1.974
311 -1.976
312 -1.976
313 -1.974
314 -1.97
315 -1.971
316 -1.974
317 -1.974
318 -1.974
319 -1.974
320 -1.974
321 -1.973
322 -1.972
323 -1.972
324 -1.972
325 -1.972
326 -1.973
327 -1.972
328 -1.968
329 -1.968
330 -1.97
331 -1.971
332 -1.97
333 -1.97
334 -1.972
335 -1.972
336 -1.972
337 -1.974
338 -1.972
339 -1.969
340 -1.968
341 -1.968
342 -1.968
343 -1.968
344 -1.968
345 -1.967
346 -1.968
347 -1.968
348 -1.968
349 -1.969
350 -1.97
351 -1.972
352 -1.972
353 -1.972
354 -1.971
355 -1.97
356 -1.971
357 -1.971
358 -1.972
359 -1.973
360 -1.974
361 -1.976
362 -1.976
363 -1.975
364 -1.974
365 -1.975
366 -1.974
367 -1.972
368 -1.972
369 -1.972
370 -1.972
371 -1.974
372 -1.976
373 -1.976
374 -1.976
375 -1.976
376 -1.975
377 -1.977
378 -1.977
379 -1.974
380 -1.972
381 -1.972
382 -1.972
383 -1.971
384 -1.97
385 -1.968
386 -1.968
387 -1.966
388 -1.962
389 -1.962
390 -1.961
391 -1.96
392 -1.957
393 -1.956
394 -1.953
395 -1.95
396 -1.95
397 -1.948
398 -1.946
399 -1.942
400 -1.938
401 -1.938
402 -1.936
403 -1.934
404 -1.93
405 -1.925
406 -1.923
407 -1.92
408 -1.914
409 -1.912
410 -1.914
411 -1.912
412 -1.907
413 -1.903
414 -1.903
415 -1.905
416 -1.905
417 -1.901
418 -1.895
419 -1.895
420 -1.895
421 -1.895
422 -1.895
423 -1.893
424 -1.891
425 -1.894
426 -1.895
427 -1.889
428 -1.877
429 -1.871
430 -1.866
431 -1.862
432 -1.867
433 -1.877
434 -1.885
435 -1.889
436 -1.893
437 -1.9
438 -1.907
439 -1.915
440 -1.92
441 -1.925
442 -1.932
443 -1.935
444 -1.933
445 -1.935
446 -1.938
447 -1.938
448 -1.94
449 -1.942
450 -1.946
451 -1.946
452 -1.947
453 -1.946
454 -1.946
455 -1.95
456 -1.95
457 -1.949
458 -1.948
459 -1.95
460 -1.952
461 -1.954
462 -1.959
463 -1.967
464 -1.975
465 -1.98
466 -1.986
467 -1.99
468 -1.994
469 -1.999
470 -2.002
471 -2.004
472 -2.01
473 -2.015
474 -2.015
475 -2.015
476 -2.015
477 -2.014
478 -2.015
479 -2.018
480 -2.018
481 -2.021
482 -2.021
483 -2.018
484 -2.018
485 -2.02
486 -2.023
487 -2.027
488 -2.027
489 -2.025
490 -2.025
491 -2.024
492 -2.023
493 -2.025
494 -2.024
495 -2.025
496 -2.024
497 -2.022
498 -2.021
499 -2.02
500 -2.021
501 -2.02
502 -2.021
503 -2.022
504 -2.022
505 -2.022
506 -2.023
507 -2.025
508 -2.024
509 -2.023
510 -2.023
511 -2.023
512 -2.022
513 -2.021
514 -2.022
515 -2.022
516 -2.022
517 -2.022
518 -2.021
519 -2.025
520 -2.026
521 -2.026
522 -2.025
523 -2.022
524 -2.023
525 -2.022
526 -2.022
527 -2.019
528 -2.019
529 -2.021
530 -2.022
531 -2.023
532 -2.022
533 -2.021
534 -2.022
535 -2.021
536 -2.018
537 -2.017
538 -2.015
539 -2.015
540 -2.016
541 -2.014
542 -2.014
543 -2.011
544 -2.009
545 -2.011
546 -2.01
547 -2.01
548 -2.01
549 -2.01
550 -2.011
551 -2.01
552 -2.01
553 -2.011
554 -2.014
555 -2.011
556 -2.007
557 -2.005
558 -2.003
559 -1.998
560 -1.992
561 -1.988
562 -1.98
563 -1.976
564 -1.97
565 -1.964
566 -1.955
567 -1.951
568 -1.95
569 -1.946
570 -1.946
571 -1.939
572 -1.931
573 -1.923
574 -1.908
575 -1.894
576 -1.869
577 -1.847
578 -1.831
579 -1.81
580 -1.79
581 -1.774
582 -1.745
583 -1.698
584 -1.65
585 -1.609
586 -1.571
587 -1.546
588 -1.514
589 -1.471
590 -1.426
591 -1.413
592 -1.433
593 -1.44
594 -1.46
595 -1.502
596 -1.558
597 -1.643
598 -1.722
599 -1.764
600 -1.797
601 -1.839
602 -1.871
603 -1.889
604 -1.924
605 -1.954
606 -1.945
607 -1.927
608 -1.946
609 -1.988
610 -2.012
611 -2.023
612 -2.037
613 -2.063
614 -2.078
615 -2.091
616 -2.108
617 -2.111
618 -2.111
619 -2.112
620 -2.115
621 -2.12
622 -2.119
623 -2.107
624 -2.1
625 -2.095
626 -2.09
627 -2.086
628 -2.076
629 -2.07
630 -2.059
631 -2.047
632 -2.042
633 -2.036
634 -2.03
635 -2.023
636 -2.012
637 -2.003
638 -1.996
639 -1.992
640 -1.99
641 -1.99
642 -1.99
643 -1.988
644 -1.988
645 -1.986
646 -1.984
647 -1.984
648 -1.984
649 -1.984
650 -1.984
651 -1.986
652 -1.986
653 -1.983
654 -1.983
655 -1.984
656 -1.984
657 -1.984
658 -1.983
659 -1.984
660 -1.984
661 -1.986
662 -1.984
663 -1.984
664 -1.983
665 -1.98
666 -1.98
667 -1.982
668 -1.982
669 -1.982
670 -1.982
671 -1.98
672 -1.98
673 -1.98
674 -1.982
675 -1.982
676 -1.982
677 -1.982
678 -1.982
679 -1.984
680 -1.982
681 -1.984
682 -1.986
683 -1.986
684 -1.984
685 -1.986
686 -1.987
687 -1.986
688 -1.986
689 -1.984
690 -1.984
691 -1.984
692 -1.982
693 -1.98
694 -1.98
695 -1.98
696 -1.98
697 -1.98
698 -1.978
699 -1.978
700 -1.978
701 -1.978
702 -1.976
703 -1.976
704 -1.974
705 -1.972
706 -1.974
707 -1.974
708 -1.974
709 -1.973
710 -1.974
711 -1.974
712 -1.971
713 -1.969
714 -1.969
715 -1.968
716 -1.968
717 -1.968
718 -1.966
719 -1.966
720 -1.966
721 -1.968
722 -1.969
723 -1.968
724 -1.968
725 -1.969
726 -1.966
727 -1.966
728 -1.964
729 -1.959
730 -1.958
731 -1.958
732 -1.957
733 -1.958
734 -1.958
735 -1.956
736 -1.958
737 -1.958
738 -1.958
739 -1.956
740 -1.955
741 -1.957
742 -1.955
743 -1.952
744 -1.952
745 -1.954
746 -1.952
747 -1.952
748 -1.953
749 -1.95
750 -1.948
751 -1.946
752 -1.944
753 -1.942
754 -1.94
755 -1.94
756 -1.941
757 -1.938
758 -1.935
759 -1.935
760 -1.935
761 -1.935
762 -1.933
763 -1.933
764 -1.931
765 -1.929
766 -1.927
767 -1.928
768 -1.928
769 -1.927
770 -1.928
771 -1.927
772 -1.926
773 -1.925
774 -1.923
775 -1.923
776 -1.921
777 -1.921
778 -1.921
779 -1.919
780 -1.918
781 -1.917
782 -1.916
783 -1.915
784 -1.914
785 -1.912
786 -1.909
787 -1.906
788 -1.905
789 -1.903
790 -1.903
791 -1.903
792 -1.903
793 -1.902
794 -1.901
795 -1.897
796 -1.895
797 -1.897
798 -1.897
799 -1.897
800 -1.896
801 -1.894
802 -1.892
803 -1.889
804 -1.889
805 -1.889
806 -1.89
807 -1.888
808 -1.888
809 -1.887
810 -1.883
811 -1.882
812 -1.882
813 -1.88
814 -1.874
815 -1.871
816 -1.871
817 -1.871
818 -1.873
819 -1.873
820 -1.871
821 -1.871
822 -1.871
823 -1.868
824 -1.867
825 -1.868
826 -1.87
827 -1.869
828 -1.868
829 -1.868
830 -1.867
831 -1.865
832 -1.865
833 -1.864
834 -1.863
835 -1.863
836 -1.863
837 -1.862
838 -1.861
839 -1.861
840 -1.861
841 -1.859
842 -1.857
843 -1.856
844 -1.856
845 -1.858
846 -1.857
847 -1.857
848 -1.857
849 -1.857
850 -1.855
851 -1.855
852 -1.857
853 -1.856
854 -1.857
855 -1.859
856 -1.861
857 -1.864
858 -1.863
859 -1.865
860 -1.867
861 -1.869
862 -1.871
863 -1.873
864 -1.874
865 -1.877
866 -1.879
867 -1.881
868 -1.883
869 -1.885
870 -1.889
871 -1.893
872 -1.895
873 -1.897
874 -1.901
875 -1.904
876 -1.906
877 -1.907
878 -1.911
879 -1.915
880 -1.917
881 -1.92
882 -1.924
883 -1.925
884 -1.927
885 -1.927
886 -1.929
887 -1.934
888 -1.938
889 -1.942
890 -1.942
891 -1.944
892 -1.946
893 -1.951
894 -1.954
895 -1.959
896 -1.962
897 -1.964
898 -1.967
899 -1.971
900 -1.974
901 -1.974
902 -1.976
903 -1.98
904 -1.98
905 -1.978
906 -1.978
907 -1.98
908 -1.98
909 -1.982
910 -1.98
911 -1.979
912 -1.98
913 -1.983
914 -1.983
915 -1.983
916 -1.985
917 -1.986
918 -1.985
919 -1.986
920 -1.983
921 -1.982
922 -1.984
923 -1.984
924 -1.984
925 -1.985
926 -1.984
927 -1.985
928 -1.986
929 -1.988
930 -1.987
931 -1.985
932 -1.984
933 -1.982
934 -1.982
935 -1.984
936 -1.986
937 -1.984
938 -1.984
939 -1.987
940 -1.988
941 -1.989
942 -1.988
943 -1.986
944 -1.987
945 -1.986
946 -1.986
947 -1.987
948 -1.988
949 -1.988
950 -1.988
951 -1.987
952 -1.986
953 -1.986
954 -1.987
955 -1.988
956 -1.99
957 -1.989
958 -1.987
959 -1.986
960 -1.986
961 -1.986
962 -1.985
963 -1.986
964 -1.986
965 -1.986
966 -1.986
967 -1.982
968 -1.98
969 -1.98
970 -1.983
971 -1.982
972 -1.98
973 -1.98
974 -1.981
975 -1.982
976 -1.984
977 -1.985
978 -1.984
979 -1.983
980 -1.984
981 -1.984
982 -1.983
983 -1.981
984 -1.98
985 -1.982
986 -1.982
987 -1.982
988 -1.98
989 -1.98
990 -1.981
991 -1.98
992 -1.98
993 -1.98
994 -1.982
995 -1.982
996 -1.98
997 -1.98
998 -1.977
999 -1.978
1000 -1.978
1001 -1.976
1002 -1.978
1003 -1.979
1004 -1.978
1005 -1.978
1006 -1.98
1007 -1.978
1008 -1.979
1009 -1.98
1010 -1.978
1011 -1.976
1012 -1.977
1013 -1.977
1014 -1.978
1015 -1.978
1016 -1.978
1017 -1.978
1018 -1.978
1019 -1.979
1020 -1.98
1021 -1.98
1022 -1.978
1023 -1.978
1024 -1.98
1025 -1.98
1026 -1.978
1027 -1.978
1028 -1.98
1029 -1.981
1030 -1.982
1031 -1.981
1032 -1.98
1033 -1.98
1034 -1.98
1035 -1.98
1036 -1.982
1037 -1.982
1038 -1.981
1039 -1.98
1040 -1.979
1041 -1.979
1042 -1.98
1043 -1.979
1044 -1.978
1045 -1.978
1046 -1.977
1047 -1.976
1048 -1.976
1049 -1.976
1050 -1.976
1051 -1.977
1052 -1.977
1053 -1.976
1054 -1.978
1055 -1.976
1056 -1.973
1057 -1.975
1058 -1.978
1059 -1.98
1060 -1.98
1061 -1.978
1062 -1.978
1063 -1.98
1064 -1.976
1065 -1.972
1066 -1.972
1067 -1.972
1068 -1.97
1069 -1.97
1070 -1.97
1071 -1.968
1072 -1.972
1073 -1.976
1074 -1.977
1075 -1.974
1076 -1.974
1077 -1.975
1078 -1.976
1079 -1.975
1080 -1.974
1081 -1.974
1082 -1.974
1083 -1.974
1084 -1.972
1085 -1.972
1086 -1.972
1087 -1.971
1088 -1.972
1089 -1.976
1090 -1.976
1091 -1.976
1092 -1.978
1093 -1.978
1094 -1.976
1095 -1.976
1096 -1.976
1097 -1.976
1098 -1.976
1099 -1.976
1100 -1.976
1101 -1.979
1102 -1.98
1103 -1.98
1104 -1.98
1105 -1.978
1106 -1.977
1107 -1.978
1108 -1.978
1109 -1.98
1110 -1.978
1111 -1.978
1112 -1.978
1113 -1.977
1114 -1.98
1115 -1.98
1116 -1.98
1117 -1.978
1118 -1.976
1119 -1.978
1120 -1.978
1121 -1.978
1122 -1.978
1123 -1.98
1124 -1.982
1125 -1.981
1126 -1.978
1127 -1.976
1128 -1.976
1129 -1.977
1130 -1.976
1131 -1.974
1132 -1.974
1133 -1.976
1134 -1.976
1135 -1.977
1136 -1.976
1137 -1.976
1138 -1.976
1139 -1.976
1140 -1.976
1141 -1.975
1142 -1.974
1143 -1.974
1144 -1.975
1145 -1.972
1146 -1.972
1147 -1.972
1148 -1.972
1149 -1.972
1150 -1.972
1151 -1.972
1152 -1.968
1153 -1.966
1154 -1.967
1155 -1.967
1156 -1.968
1157 -1.969
1158 -1.971
1159 -1.973
1160 -1.973
1161 -1.974
1162 -1.975
1163 -1.976
1164 -1.973
1165 -1.972
1166 -1.97
1167 -1.968
1168 -1.968
1169 -1.969
1170 -1.969
1171 -1.968
1172 -1.969
1173 -1.968
1174 -1.966
1175 -1.962
1176 -1.958
1177 -1.957
1178 -1.956
1179 -1.958
1180 -1.956
1181 -1.952
1182 -1.95
1183 -1.947
1184 -1.942
1185 -1.936
1186 -1.933
1187 -1.929
1188 -1.925
1189 -1.925
1190 -1.925
1191 -1.925
1192 -1.927
1193 -1.926
1194 -1.921
1195 -1.919
1196 -1.913
1197 -1.905
1198 -1.899
1199 -1.896
1200 -1.897
1201 -1.896
1202 -1.897
1203 -1.897
1204 -1.89
1205 -1.886
1206 -1.887
1207 -1.887
1208 -1.883
1209 -1.879
1210 -1.877
1211 -1.877
1212 -1.877
1213 -1.877
1214 -1.876
1215 -1.876
1216 -1.877
1217 -1.875
1218 -1.867
1219 -1.855
1220 -1.849
1221 -1.841
1222 -1.837
1223 -1.843
1224 -1.851
1225 -1.861
1226 -1.867
1227 -1.871
1228 -1.875
1229 -1.88
1230 -1.889
1231 -1.895
1232 -1.901
1233 -1.909
1234 -1.914
1235 -1.913
1236 -1.917
1237 -1.919
1238 -1.921
1239 -1.923
1240 -1.926
1241 -1.931
1242 -1.931
1243 -1.93
1244 -1.929
1245 -1.927
1246 -1.927
1247 -1.929
1248 -1.933
1249 -1.934
1250 -1.935
1251 -1.94
1252 -1.944
1253 -1.946
1254 -1.952
1255 -1.958
1256 -1.962
1257 -1.964
1258 -1.966
1259 -1.972
1260 -1.974
1261 -1.974
1262 -1.976
1263 -1.979
1264 -1.982
1265 -1.984
1266 -1.986
1267 -1.985
1268 -1.982
1269 -1.982
1270 -1.98
1271 -1.982
1272 -1.983
1273 -1.984
1274 -1.984
1275 -1.984
1276 -1.984
1277 -1.986
1278 -1.986
1279 -1.984
1280 -1.986
1281 -1.986
1282 -1.986
1283 -1.986
1284 -1.986
1285 -1.987
1286 -1.984
1287 -1.982
1288 -1.982
1289 -1.984
1290 -1.988
1291 -1.986
1292 -1.982
1293 -1.984
1294 -1.982
1295 -1.978
1296 -1.974
1297 -1.972
1298 -1.972
1299 -1.972
1300 -1.971
1301 -1.972
1302 -1.972
1303 -1.972
1304 -1.972
1305 -1.971
1306 -1.969
1307 -1.968
1308 -1.968
1309 -1.968
1310 -1.966
1311 -1.964
1312 -1.964
1313 -1.964
1314 -1.966
1315 -1.965
1316 -1.962
1317 -1.96
1318 -1.958
1319 -1.958
1320 -1.958
1321 -1.957
1322 -1.958
1323 -1.954
1324 -1.952
1325 -1.954
1326 -1.954
1327 -1.955
1328 -1.953
1329 -1.952
1330 -1.952
1331 -1.95
1332 -1.95
1333 -1.95
1334 -1.947
1335 -1.948
1336 -1.948
1337 -1.946
1338 -1.946
1339 -1.946
1340 -1.944
1341 -1.946
1342 -1.944
1343 -1.944
1344 -1.944
1345 -1.946
1346 -1.944
1347 -1.938
1348 -1.934
1349 -1.932
1350 -1.927
1351 -1.922
1352 -1.918
1353 -1.913
1354 -1.909
1355 -1.902
1356 -1.893
1357 -1.884
1358 -1.882
1359 -1.885
1360 -1.885
1361 -1.881
1362 -1.867
1363 -1.861
1364 -1.855
1365 -1.843
1366 -1.827
1367 -1.802
1368 -1.782
1369 -1.766
1370 -1.744
1371 -1.729
1372 -1.71
1373 -1.671
1374 -1.623
1375 -1.577
1376 -1.533
1377 -1.502
1378 -1.48
1379 -1.44
1380 -1.392
1381 -1.352
1382 -1.357
1383 -1.379
1384 -1.379
1385 -1.409
1386 -1.455
1387 -1.522
1388 -1.607
1389 -1.665
1390 -1.699
1391 -1.736
1392 -1.768
1393 -1.785
1394 -1.81
1395 -1.847
1396 -1.855
1397 -1.831
1398 -1.829
1399 -1.867
1400 -1.9
1401 -1.912
1402 -1.922
1403 -1.948
1404 -1.971
1405 -1.984
1406 -2.007
1407 -2.026
1408 -2.03
1409 -2.03
1410 -2.032
1411 -2.043
1412 -2.051
1413 -2.045
1414 -2.035
1415 -2.03
1416 -2.022
1417 -2.017
1418 -2.006
1419 -1.996
1420 -1.987
1421 -1.976
1422 -1.966
1423 -1.956
1424 -1.947
1425 -1.942
1426 -1.937
1427 -1.929
1428 -1.923
1429 -1.915
1430 -1.907
1431 -1.904
1432 -1.901
1433 -1.899
1434 -1.899
1435 -1.896
1436 -1.893
1437 -1.893
1438 -1.893
1439 -1.893
1440 -1.891
1441 -1.891
1442 -1.89
1443 -1.889
1444 -1.889
1445 -1.889
1446 -1.889
1447 -1.887
1448 -1.887
1449 -1.889
1450 -1.885
1451 -1.883
1452 -1.881
1453 -1.878
1454 -1.877
1455 -1.877
1456 -1.877
1457 -1.875
1458 -1.874
1459 -1.873
1460 -1.873
1461 -1.873
1462 -1.874
1463 -1.877
1464 -1.875
1465 -1.869
1466 -1.865
1467 -1.865
1468 -1.861
1469 -1.863
1470 -1.864
1471 -1.863
1472 -1.865
1473 -1.867
1474 -1.869
1475 -1.867
1476 -1.863
1477 -1.861
1478 -1.863
1479 -1.861
1480 -1.859
1481 -1.859
1482 -1.861
1483 -1.863
1484 -1.863
1485 -1.863
1486 -1.863
1487 -1.86
1488 -1.859
1489 -1.861
1490 -1.86
1491 -1.857
1492 -1.852
1493 -1.853
1494 -1.856
1495 -1.854
1496 -1.849
1497 -1.849
1498 -1.847
1499 -1.847
1500 -1.847
1501 -1.847
1502 -1.847
1503 -1.845
1504 -1.843
1505 -1.842
1506 -1.839
1507 -1.838
1508 -1.838
1509 -1.838
1510 -1.839
1511 -1.837
1512 -1.836
1513 -1.836
1514 -1.836
1515 -1.835
1516 -1.835
1517 -1.833
1518 -1.831
1519 -1.83
1520 -1.83
1521 -1.831
1522 -1.829
1523 -1.83
1524 -1.829
1525 -1.83
1526 -1.831
1527 -1.827
1528 -1.827
1529 -1.825
1530 -1.822
1531 -1.823
1532 -1.821
1533 -1.819
1534 -1.817
1535 -1.817
1536 -1.815
1537 -1.813
1538 -1.813
1539 -1.811
1540 -1.809
1541 -1.807
1542 -1.806
1543 -1.804
1544 -1.804
1545 -1.806
1546 -1.808
1547 -1.806
1548 -1.806
1549 -1.804
1550 -1.804
1551 -1.802
1552 -1.802
1553 -1.801
1554 -1.798
1555 -1.796
1556 -1.794
1557 -1.794
1558 -1.796
1559 -1.795
1560 -1.795
1561 -1.794
1562 -1.793
1563 -1.791
1564 -1.788
1565 -1.788
1566 -1.786
1567 -1.786
1568 -1.787
1569 -1.787
1570 -1.786
1571 -1.784
1572 -1.782
1573 -1.78
1574 -1.777
1575 -1.772
1576 -1.772
1577 -1.772
1578 -1.767
1579 -1.766
1580 -1.768
1581 -1.762
1582 -1.76
1583 -1.76
1584 -1.756
1585 -1.756
1586 -1.752
1587 -1.748
1588 -1.75
1589 -1.748
1590 -1.745
1591 -1.744
1592 -1.744
1593 -1.744
1594 -1.741
1595 -1.737
1596 -1.734
1597 -1.734
1598 -1.734
1599 -1.734
1600 -1.734
1601 -1.734
1602 -1.734
1603 -1.732
1604 -1.731
1605 -1.73
1606 -1.728
1607 -1.729
1608 -1.73
1609 -1.729
1610 -1.727
1611 -1.726
1612 -1.727
1613 -1.724
1614 -1.722
1615 -1.723
1616 -1.724
1617 -1.722
1618 -1.72
1619 -1.721
1620 -1.718
1621 -1.718
1622 -1.717
1623 -1.716
1624 -1.714
1625 -1.712
1626 -1.711
1627 -1.71
1628 -1.708
1629 -1.707
1630 -1.704
1631 -1.705
1632 -1.706
1633 -1.706
1634 -1.705
1635 -1.701
1636 -1.698
1637 -1.696
1638 -1.696
1639 -1.696
1640 -1.696
1641 -1.696
1642 -1.696
1643 -1.7
1644 -1.704
1645 -1.704
1646 -1.704
1647 -1.703
1648 -1.699
1649 -1.7
1650 -1.702
1651 -1.698
1652 -1.702
1653 -1.707
1654 -1.704
1655 -1.713
1656 -1.718
1657 -1.716
1658 -1.718
1659 -1.718
1660 -1.72
1661 -1.72
1662 -1.723
1663 -1.726
1664 -1.728
1665 -1.733
1666 -1.738
1667 -1.74
1668 -1.742
1669 -1.747
1670 -1.75
1671 -1.748
1672 -1.752
1673 -1.755
1674 -1.758
1675 -1.758
1676 -1.76
1677 -1.766
1678 -1.768
1679 -1.772
1680 -1.774
1681 -1.774
1682 -1.773
1683 -1.772
1684 -1.775
1685 -1.782
1686 -1.783
1687 -1.784
1688 -1.788
1689 -1.789
1690 -1.788
1691 -1.79
1692 -1.796
1693 -1.798
1694 -1.797
1695 -1.798
1696 -1.798
1697 -1.798
1698 -1.8
1699 -1.8
1700 -1.802
1701 -1.804
1702 -1.802
1703 -1.802
1704 -1.802
1705 -1.802
1706 -1.802
1707 -1.803
1708 -1.803
1709 -1.8
1710 -1.799
1711 -1.802
1712 -1.802
1713 -1.8
1714 -1.802
1715 -1.802
1716 -1.803
1717 -1.802
1718 -1.802
1719 -1.804
1720 -1.804
1721 -1.803
1722 -1.801
1723 -1.8
1724 -1.8
1725 -1.799
1726 -1.798
1727 -1.798
1728 -1.798
1729 -1.802
1730 -1.804
1731 -1.802
1732 -1.8
1733 -1.8
1734 -1.801
1735 -1.798
1736 -1.797
1737 -1.796
1738 -1.796
1739 -1.798
1740 -1.798
1741 -1.8
1742 -1.798
1743 -1.796
1744 -1.794
1745 -1.793
1746 -1.798
1747 -1.798
1748 -1.798
1749 -1.796
1750 -1.794
1751 -1.794
1752 -1.794
1753 -1.794
1754 -1.789
1755 -1.784
1756 -1.786
1757 -1.786
1758 -1.785
1759 -1.786
1760 -1.786
1761 -1.786
1762 -1.784
1763 -1.782
1764 -1.781
1765 -1.782
1766 -1.783
1767 -1.786
1768 -1.788
1769 -1.784
1770 -1.783
1771 -1.784
1772 -1.783
1773 -1.785
1774 -1.788
1775 -1.786
1776 -1.784
1777 -1.784
1778 -1.784
1779 -1.784
1780 -1.786
1781 -1.786
1782 -1.785
1783 -1.784
1784 -1.786
1785 -1.786
1786 -1.786
1787 -1.786
1788 -1.786
1789 -1.788
1790 -1.788
1791 -1.786
1792 -1.784
1793 -1.784
1794 -1.783
1795 -1.781
1796 -1.781
1797 -1.782
1798 -1.784
1799 -1.784
1800 -1.781
1801 -1.78
1802 -1.78
1803 -1.782
1804 -1.782
1805 -1.78
1806 -1.78
1807 -1.782
1808 -1.786
1809 -1.785
1810 -1.784
1811 -1.789
1812 -1.789
1813 -1.789
1814 -1.786
1815 -1.781
1816 -1.784
1817 -1.787
1818 -1.785
1819 -1.786
1820 -1.787
1821 -1.787
1822 -1.79
1823 -1.792
1824 -1.792
1825 -1.789
1826 -1.788
1827 -1.79
1828 -1.79
1829 -1.792
1830 -1.791
1831 -1.79
1832 -1.791
1833 -1.79
1834 -1.791
1835 -1.79
1836 -1.79
1837 -1.788
1838 -1.788
1839 -1.788
1840 -1.788
1841 -1.791
1842 -1.79
1843 -1.79
1844 -1.79
1845 -1.79
1846 -1.79
1847 -1.79
1848 -1.79
1849 -1.793
1850 -1.792
1851 -1.791
1852 -1.792
1853 -1.788
1854 -1.786
1855 -1.784
1856 -1.784
1857 -1.786
1858 -1.788
1859 -1.788
1860 -1.789
1861 -1.788
1862 -1.787
1863 -1.788
1864 -1.788
1865 -1.789
1866 -1.788
1867 -1.788
1868 -1.786
1869 -1.787
1870 -1.792
1871 -1.79
1872 -1.788
1873 -1.785
1874 -1.782
1875 -1.78
1876 -1.778
1877 -1.778
1878 -1.78
1879 -1.776
1880 -1.776
1881 -1.78
1882 -1.778
1883 -1.777
1884 -1.776
1885 -1.776
1886 -1.774
1887 -1.773
1888 -1.775
1889 -1.777
1890 -1.778
1891 -1.778
1892 -1.776
1893 -1.776
1894 -1.778
1895 -1.781
1896 -1.782
1897 -1.782
1898 -1.784
1899 -1.784
1900 -1.783
1901 -1.778
1902 -1.776
1903 -1.778
1904 -1.78
1905 -1.778
1906 -1.776
1907 -1.776
1908 -1.776
1909 -1.778
1910 -1.778
1911 -1.776
1912 -1.776
1913 -1.78
1914 -1.782
1915 -1.78
1916 -1.782
1917 -1.78
1918 -1.78
1919 -1.777
1920 -1.778
1921 -1.78
1922 -1.778
1923 -1.778
1924 -1.774
1925 -1.77
1926 -1.768
1927 -1.772
1928 -1.775
1929 -1.775
1930 -1.774
1931 -1.772
1932 -1.771
1933 -1.769
1934 -1.77
1935 -1.77
1936 -1.772
1937 -1.773
1938 -1.772
1939 -1.769
1940 -1.768
1941 -1.767
1942 -1.767
1943 -1.769
1944 -1.77
1945 -1.769
1946 -1.768
1947 -1.766
1948 -1.764
1949 -1.764
1950 -1.763
1951 -1.76
1952 -1.759
1953 -1.752
1954 -1.752
1955 -1.755
1956 -1.757
1957 -1.76
1958 -1.758
1959 -1.758
1960 -1.758
1961 -1.757
1962 -1.754
1963 -1.751
1964 -1.75
1965 -1.747
1966 -1.746
1967 -1.746
1968 -1.742
1969 -1.741
1970 -1.737
1971 -1.734
1972 -1.735
1973 -1.734
1974 -1.732
1975 -1.728
1976 -1.726
1977 -1.719
1978 -1.718
1979 -1.72
1980 -1.718
1981 -1.718
1982 -1.713
1983 -1.708
1984 -1.704
1985 -1.7
1986 -1.695
1987 -1.69
1988 -1.689
1989 -1.688
1990 -1.685
1991 -1.681
1992 -1.681
1993 -1.681
1994 -1.679
1995 -1.675
1996 -1.667
1997 -1.661
1998 -1.663
1999 -1.663
2000 -1.659
2001 -1.657
2002 -1.656
2003 -1.658
2004 -1.657
2005 -1.654
2006 -1.645
2007 -1.635
2008 -1.625
2009 -1.617
2010 -1.62
2011 -1.627
2012 -1.635
2013 -1.645
2014 -1.652
2015 -1.659
2016 -1.665
2017 -1.669
2018 -1.673
2019 -1.677
2020 -1.683
2021 -1.688
2022 -1.691
2023 -1.691
2024 -1.695
2025 -1.696
2026 -1.692
2027 -1.696
2028 -1.702
2029 -1.703
2030 -1.704
2031 -1.704
2032 -1.701
2033 -1.704
2034 -1.708
2035 -1.707
2036 -1.708
2037 -1.709
2038 -1.708
2039 -1.712
2040 -1.719
2041 -1.728
2042 -1.732
2043 -1.734
2044 -1.739
2045 -1.74
2046 -1.744
2047 -1.747
2048 -1.748
2049 -1.752
2050 -1.756
2051 -1.759
2052 -1.76
2053 -1.76
2054 -1.761
2055 -1.758
2056 -1.754
2057 -1.755
2058 -1.754
2059 -1.756
2060 -1.753
2061 -1.752
2062 -1.754
2063 -1.752
2064 -1.754
2065 -1.758
2066 -1.756
2067 -1.752
2068 -1.754
2069 -1.756
2070 -1.756
2071 -1.756
2072 -1.754
2073 -1.753
2074 -1.754
2075 -1.755
2076 -1.754
2077 -1.756
2078 -1.758
2079 -1.758
2080 -1.756
2081 -1.757
2082 -1.758
2083 -1.758
2084 -1.756
2085 -1.756
2086 -1.752
2087 -1.752
2088 -1.753
2089 -1.748
2090 -1.746
2091 -1.744
2092 -1.742
2093 -1.746
2094 -1.744
2095 -1.742
2096 -1.745
2097 -1.744
2098 -1.742
2099 -1.742
2100 -1.741
2101 -1.74
2102 -1.741
2103 -1.739
2104 -1.738
2105 -1.736
2106 -1.734
2107 -1.734
2108 -1.734
2109 -1.734
2110 -1.734
2111 -1.731
2112 -1.729
2113 -1.73
2114 -1.729
2115 -1.73
2116 -1.731
2117 -1.733
2118 -1.729
2119 -1.724
2120 -1.726
2121 -1.724
2122 -1.723
2123 -1.723
2124 -1.72
2125 -1.72
2126 -1.718
2127 -1.716
2128 -1.716
2129 -1.717
2130 -1.714
2131 -1.716
2132 -1.72
2133 -1.716
2134 -1.716
2135 -1.714
2136 -1.71
2137 -1.71
2138 -1.705
2139 -1.696
2140 -1.692
2141 -1.685
2142 -1.683
2143 -1.678
2144 -1.667
2145 -1.662
2146 -1.659
2147 -1.66
2148 -1.659
2149 -1.663
2150 -1.656
2151 -1.643
2152 -1.633
2153 -1.619
2154 -1.603
2155 -1.583
2156 -1.565
2157 -1.55
2158 -1.524
2159 -1.505
2160 -1.488
2161 -1.45
2162 -1.404
2163 -1.353
2164 -1.3
2165 -1.262
2166 -1.239
2167 -1.202
2168 -1.155
2169 -1.116
2170 -1.109
2171 -1.135
2172 -1.137
2173 -1.153
2174 -1.202
2175 -1.266
2176 -1.355
2177 -1.422
2178 -1.462
2179 -1.506
2180 -1.548
2181 -1.566
2182 -1.581
2183 -1.625
2184 -1.636
2185 -1.607
2186 -1.601
2187 -1.634
2188 -1.665
2189 -1.669
2190 -1.677
2191 -1.702
2192 -1.724
2193 -1.735
2194 -1.762
2195 -1.784
2196 -1.798
2197 -1.802
2198 -1.8
2199 -1.811
2200 -1.821
2201 -1.817
2202 -1.808
2203 -1.797
2204 -1.79
2205 -1.782
2206 -1.772
2207 -1.765
2208 -1.752
2209 -1.737
2210 -1.728
2211 -1.719
2212 -1.71
2213 -1.702
2214 -1.696
2215 -1.689
2216 -1.685
2217 -1.674
2218 -1.661
2219 -1.657
2220 -1.655
2221 -1.654
2222 -1.653
2223 -1.653
2224 -1.649
2225 -1.647
2226 -1.647
2227 -1.647
2228 -1.647
2229 -1.649
2230 -1.648
2231 -1.649
2232 -1.648
2233 -1.646
2234 -1.647
2235 -1.646
2236 -1.643
2237 -1.642
2238 -1.641
2239 -1.641
2240 -1.643
2241 -1.643
2242 -1.643
2243 -1.641
2244 -1.639
2245 -1.637
2246 -1.638
2247 -1.639
2248 -1.635
2249 -1.632
2250 -1.63
2251 -1.63
2252 -1.633
2253 -1.629
2254 -1.627
2255 -1.629
2256 -1.629
2257 -1.625
2258 -1.626
2259 -1.629
2260 -1.63
2261 -1.629
2262 -1.629
2263 -1.631
2264 -1.627
2265 -1.621
2266 -1.62
2267 -1.621
2268 -1.623
2269 -1.622
2270 -1.623
2271 -1.621
2272 -1.618
2273 -1.617
2274 -1.609
2275 -1.607
2276 -1.611
2277 -1.614
2278 -1.613
2279 -1.611
2280 -1.607
2281 -1.603
2282 -1.604
2283 -1.607
2284 -1.609
2285 -1.607
2286 -1.605
2287 -1.604
2288 -1.604
2289 -1.605
2290 -1.606
2291 -1.607
2292 -1.603
2293 -1.599
2294 -1.599
2295 -1.597
2296 -1.598
2297 -1.597
2298 -1.595
2299 -1.591
2300 -1.59
2301 -1.593
2302 -1.593
2303 -1.591
2304 -1.592
2305 -1.593
2306 -1.593
2307 -1.591
2308 -1.589
2309 -1.59
2310 -1.589
2311 -1.591
2312 -1.589
2313 -1.587
2314 -1.585
2315 -1.584
2316 -1.583
2317 -1.579
2318 -1.578
2319 -1.579
2320 -1.58
2321 -1.578
2322 -1.578
2323 -1.577
2324 -1.574
2325 -1.571
2326 -1.57
2327 -1.572
2328 -1.57
2329 -1.569
2330 -1.569
2331 -1.568
2332 -1.564
2333 -1.556
2334 -1.556
2335 -1.556
2336 -1.555
2337 -1.555
2338 -1.55
2339 -1.546
2340 -1.546
2341 -1.546
2342 -1.544
2343 -1.543
2344 -1.544
2345 -1.542
2346 -1.538
2347 -1.538
2348 -1.535
2349 -1.532
2350 -1.532
2351 -1.528
2352 -1.527
2353 -1.529
2354 -1.53
2355 -1.532
2356 -1.532
2357 -1.527
2358 -1.524
2359 -1.522
2360 -1.523
2361 -1.522
2362 -1.521
2363 -1.518
2364 -1.518
2365 -1.518
2366 -1.514
2367 -1.514
2368 -1.514
2369 -1.51
2370 -1.506
2371 -1.505
2372 -1.5
2373 -1.496
2374 -1.496
2375 -1.494
2376 -1.492
2377 -1.496
2378 -1.499
2379 -1.497
2380 -1.494
2381 -1.492
2382 -1.491
2383 -1.494
2384 -1.495
2385 -1.489
2386 -1.486
2387 -1.488
2388 -1.488
2389 -1.49
2390 -1.49
2391 -1.488
2392 -1.488
2393 -1.485
2394 -1.484
2395 -1.484
2396 -1.478
2397 -1.476
2398 -1.472
2399 -1.474
2400 -1.477
2401 -1.476
2402 -1.474
2403 -1.476
2404 -1.477
2405 -1.474
2406 -1.472
2407 -1.47
2408 -1.47
2409 -1.471
2410 -1.472
2411 -1.47
2412 -1.468
2413 -1.468
2414 -1.462
2415 -1.458
2416 -1.457
2417 -1.456
2418 -1.452
2419 -1.456
2420 -1.456
2421 -1.452
2422 -1.453
2423 -1.454
2424 -1.452
2425 -1.449
2426 -1.448
2427 -1.446
2428 -1.448
2429 -1.45
2430 -1.45
2431 -1.452
2432 -1.452
2433 -1.45
2434 -1.454
2435 -1.456
2436 -1.458
2437 -1.46
2438 -1.462
2439 -1.466
2440 -1.468
2441 -1.47
2442 -1.474
2443 -1.478
2444 -1.476
2445 -1.477
2446 -1.48
2447 -1.48
2448 -1.485
2449 -1.492
2450 -1.494
2451 -1.498
2452 -1.504
2453 -1.509
2454 -1.508
2455 -1.511
2456 -1.514
2457 -1.516
2458 -1.518
2459 -1.522
2460 -1.528
2461 -1.527
2462 -1.528
2463 -1.53
2464 -1.53
2465 -1.536
2466 -1.54
2467 -1.542
2468 -1.544
2469 -1.548
2470 -1.55
2471 -1.55
2472 -1.552
2473 -1.551
2474 -1.55
2475 -1.551
2476 -1.555
2477 -1.559
2478 -1.56
2479 -1.562
2480 -1.567
2481 -1.569
2482 -1.568
2483 -1.57
2484 -1.569
2485 -1.569
2486 -1.571
2487 -1.571
2488 -1.573
2489 -1.573
2490 -1.574
2491 -1.576
2492 -1.577
2493 -1.574
2494 -1.571
2495 -1.573
2496 -1.573
2497 -1.573
2498 -1.577
2499 -1.579
