0
1
2506
-3 -0.02219734146283784
-2 -0.13825610407732075
-1 -0.4092537788236112
0 -2.5115212916516767
1 -2.7821969096800347
2 -2.895656941536617
3 -2.9171061549241344
4 -2.9135061549241343
5 -2.913313452276552
6 -2.9154231385017892
7 -2.915369326538417
8 -2.913755686803624
9 -2.9105635214716443
10 -2.906111140664017
11 -2.901835659686941
12 -2.9009928154931757
13 -2.899556075588934
14 -2.899401382087691
15 -2.8995085298287315
16 -2.8998274534450785
17 -2.9031180664425924
18 -2.9011568075154273
19 -2.9009390035298024
20 -2.9006676256736577
21 -2.898551673245249
22 -2.900667625673657
23 -2.9009516732452494
24 -2.901223051101394
25 -2.9032854296592823
26 -2.9010936970310452
27 -2.8997925774003233
28 -2.90050979907083
29 -2.8992182160539692
30 -2.8978917569923524
31 -2.8975510024486555
32 -2.897162702144756
33 -2.8947246929984156
34 -2.8942828188239957
35 -2.893853614365023
36 -2.891494518520097
37 -2.8913651644497476
38 -2.892577834165194
39 -2.8930828188239963
40 -2.8957037559112058
41 -2.897225812629138
42 -2.8975383327332085
43 -2.8977624029220035
44 -2.8980844596399358
45 -2.9005097990708295
46 -2.9009643429606964
47 -2.90148513043653
48 -2.904131406954633
49 -2.905833496604702
50 -2.907557417182121
51 -2.9084918443927474
52 -2.9127926648007176
53 -2.9173366286252063
54 -2.9208793232075956
55 -2.9243462375901568
56 -2.927781784431506
57 -2.9321615181408895
58 -2.934475978283653
59 -2.9378671124663858
60 -2.941536266110391
61 -2.9474916304082277
62 -2.952543711993103
63 -2.957466439507629
64 -2.962184032751977
65 -2.964826577722991
66 -2.969541037865754
67 -2.9753008045072744
68 -2.9780444691090104
69 -2.9828945495252928
70 -2.988088892988816
71 -2.994719738263729
72 -3.0026517031693647
73 -3.0105836680749998
74 -3.017239852780807
75 -3.022579353131711
76 -3.027805064136446
77 -3.0331287616703184
78 -3.0405177327708115
79 -3.045737177572376
80 -3.0506094643179673
81 -3.054272214449697
82 -3.0570821226374
83 -3.0642092524956097
84 -3.070512012942272
85 -3.07487534538912
86 -3.081402176024577
87 -3.0891132038430023
88 -3.095753585731777
89 -3.1020214701336846
90 -3.105835780665071
91 -3.109340704193973
92 -3.112779384136907
93 -3.1163600878656372
94 -3.1212070351803343
95 -3.12631269063573
96 -3.132432285048671
97 -3.1381667122592978
98 -3.1393220765571335
99 -3.1410459971345532
100 -3.1425651588437526
101 -3.1439892290325475
102 -3.143464710009624
103 -3.146136325958621
104 -3.1490035395639344
105 -3.1499884075434963
106 -3.154020745104055
107 -3.155965978170641
108 -3.1586562919454035
109 -3.1581571123533734
110 -3.1596696324574447
111 -3.162262335105027
112 -3.162846233065243
113 -3.16437142288476
114 -3.165883942988831
115 -3.16643960650942
116 -3.1690763464136618
117 -3.1698402773060144
118 -3.1726568120495404
119 -3.1752717210264314
120 -3.1754831214997803
121 -3.1734618851898175
122 -3.1745325311194685
123 -3.1757800768796707
124 -3.1761081617079214
125 -3.1764964620118206
126 -3.1788837922963737
127 -3.1790733618423714
128 -3.178950035882341
129 -3.176651155513063
130 -3.1773588405697084
131 -3.176250423586569
132 -3.1755332019160623
133 -3.1792343215467844
134 -3.1819941493182053
135 -3.182357110191211
136 -3.1822182195070003
137 -3.1798435589378937
138 -3.179508832504515
139 -3.179243858160646
140 -3.1789091317272673
141 -3.176521801442714
142 -3.17630399745709
143 -3.1764586909583326
144 -3.177955408245371
145 -3.1805763453325806
146 -3.181093999706829
147 -3.182372913008243
148 -3.1824109221545838
149 -3.1813434093265176
150 -3.181305400180177
151 -3.1821741822503418
152 -3.181697432031167
153 -3.1769763453325806
154 -3.176474493775365
155 -3.17656294369064
156 -3.178176345332581
157 -3.1819310388338233
158 -3.1824867023544123
159 -3.1828432597151415
160 -3.1832695691653816
161 -3.1859031759680385
162 -3.1876461697731804
163 -3.189354287533567
164 -3.190980596983807
165 -3.192496012096611
166 -3.1927486921269908
167 -3.194501683682393
168 -3.1898468405697744
169 -3.187269940739224
170 -3.1891209188237633
171 -3.1892344700770803
172 -3.1892627045167066
173 -3.18906710686039
174 -3.1877377527900412
175 -3.1865282161761797
176 -3.1867082491083165
177 -3.189329186195526
178 -3.1912015340710163
179 -3.1940307385299898
180 -3.1955781346788155
181 -3.1958022048676105
182 -3.194927394687128
183 -3.1962063079885423
184 -3.19764945140506
185 -3.199057718776823
186 -3.199303995294927
187 -3.199487161328649
188 -3.1998785947341335
189 -3.201700501840689
190 -3.2058717300854584
191 -3.208940944859364
192 -3.2113916237211515
193 -3.209206157296085
194 -3.205956686546496
195 -3.2092095284905224
196 -3.210033436765671
197 -3.2140246320783032
198 -3.2167311240720555
199 -3.216017035503134
200 -3.215129555607205
201 -3.217293053795815
202 -3.217501321167578
203 -3.2167558650574444
204 -3.2191589981590303
205 -3.2196988588625874
206 -3.222165102448554
207 -3.2224493881129983
208 -3.221735299544077
209 -3.223282695692902
210 -3.227050058909592
211 -3.227813989801944
212 -3.229537910379362
213 -3.2313978266322585
214 -3.2344606378938887
215 -3.2375583252002733
216 -3.24041286909014
217 -3.2408800826954534
218 -3.241037909298281
219 -3.2410759184446216
220 -3.241154831746036
221 -3.2413757688332456
222 -3.242743132049935
223 -3.244164069137145
224 -3.244527030010151
225 -3.2457650391564914
226 -3.2458975263284255
227 -3.2449942436154644
228 -3.2470312827424586
229 -3.2459450720886274
230 -3.24483001350036
231 -3.244864889545115
232 -3.2470157180182784
233 -3.2462480555788367
234 -3.2457897801418807
235 -3.25079515250491
236 -3.2539841847353035
237 -3.2558311931799016
238 -3.2579978244700967
239 -3.254647234089786
240 -3.2523448452169648
241 -3.2544516364334695
242 -3.2567600534166083
243 -3.254984855531898
244 -3.256147084478409
245 -3.2573850936247504
246 -3.256743652154072
247 -3.259168991584966
248 -3.260536354801655
249 -3.259765559260628
250 -3.260877109345352
251 -3.2608457418041406
252 -3.260615268103069
253 -3.2583857644213436
254 -3.258518251593278
255 -3.2611204908547227
256 -3.2639370255982483
257 -3.2646882867751534
258 -3.2672461133779818
259 -3.2675808398113606
260 -3.267713326983295
261 -3.2677386664141888
262 -3.2677386664141888
263 -3.2677386664141888
264 -3.2677386664141888
265 -3.2677640058450823
266 -3.267921832447911
267 -3.2684017157686704
268 -3.2713225032445044
269 -3.2745368749057913
270 -3.278626294840413
271 -3.2802966415473116
272 -3.2787426188426623
273 -3.281379358746905
274 -3.2842529758644945
275 -3.2869116840051924
276 -3.286911684005193
277 -3.284214966718154
278 -3.281142618842663
279 -3.2780798075810336
280 -3.2762325610435834
281 -3.2745875537675784
282 -3.274057229677884
283 -3.2717361429792975
284 -3.271843290720338
285 -3.2743539469649217
286 -3.276895970750718
287 -3.2761914187956584
288 -3.276283001812519
289 -3.2773000738716496
290 -3.276308341243413
291 -3.27637458482938
292 -3.2775083412434123
293 -3.277584121443241
294 -3.277483001812519
295 -3.276229427941999
296 -3.2759707198013004
297 -3.2749694505592015
298 -3.2754335310629297
299 -3.280246200778376
300 -3.281098581586004
301 -3.2828253971721564
302 -3.284407669365737
303 -3.286731889165909
304 -3.284799102771222
305 -3.2848684794587744
306 -3.2861695990894972
307 -3.287612742506015
308 -3.28903681269481
309 -3.2885122936718867
310 -3.2911205610436496
311 -3.2935932081418926
312 -3.2934607209699585
313 -3.2907040263001233
314 -3.285973402987676
315 -3.2868862223144992
316 -3.290350602040979
317 -3.2908302472688873
318 -3.2910289780267883
319 -3.290988073871715
320 -3.290767136784505
321 -3.2894124432832625
322 -3.28805774978202
323 -3.287849482410257
324 -3.2878241429793635
325 -3.2878492443174046
326 -3.2886295764722933
327 -3.286990835399459
328 -3.282247542371564
329 -3.2819381553690787
330 -3.284148961225039
331 -3.285478315295389
332 -3.2846979831404997
333 -3.284944259658603
334 -3.287316025218977
335 -3.2877198902470557
336 -3.287991268103201
337 -3.2898958200582604
338 -3.2872748829710505
339 -3.2833432896392565
340 -3.281572061394488
341 -3.28119329770445
342 -3.281076375256695
343 -3.281010131670728
344 -3.2809216817554527
345 -3.2798763752566953
346 -3.2809343514708997
347 -3.281101714687589
348 -3.2814015650762127
349 -3.2829014154648375
350 -3.284565495968565
351 -3.2871737633403284
352 -3.2874831503428137
353 -3.2874200398584317
354 -3.2861569293740502
355 -3.2849695990894965
356 -3.286027575303701
357 -3.286336962306187
358 -3.28783681269481
359 -3.289491356584677
360 -3.2912090109589247
361 -3.2937637044601678
362 -3.293943737392304
363 -3.2927877746489633
364 -3.2915215310629953
365 -3.292213413302609
366 -3.290779806499952
367 -3.28827868686923
368 -3.287941065427118
369 -3.2879537351425645
370 -3.288370269886091
371 -3.291079656888576
372 -3.2937890438910613
373 -3.294218248350034
374 -3.2943351707977886
375 -3.294338303899374
376 -3.2934096817555196
377 -3.2954309180654806
378 -3.2950774938063367
379 -3.2912879242603386
380 -3.288436513472058
381 -3.2878494824102567
382 -3.2874327095738782
383 -3.2859201894698082
384 -3.2842307695351862
385 -3.281426666414254
386 -3.280464004764001
387 -3.277287404156203
388 -3.2720737644214095
389 -3.2710635570109536
390 -3.269207149261601
391 -3.2672334436625348
392 -3.26302107316984
393 -3.2606152681030687
394 -3.2561597541938565
395 -3.2518335943549928
396 -3.250665560341709
397 -3.2474037802293254
398 -3.2437726357316605
399 -3.2378866481213766
400 -3.232152220910749
401 -3.2307505800948095
402 -3.2273972169655654
403 -3.2236618197355926
404 -3.2174759817366847
405 -3.2101152450758184
406 -3.2057645823444174
407 -3.200437989801812
408 -3.192375834287471
409 -3.1889371543445364
410 -3.189901012885799
411 -3.186563452573587
412 -3.179767778738065
413 -3.174219650662746
414 -3.1735030274377434
415 -3.1752337118800913
416 -3.1744761845000156
417 -3.168880510664494
418 -3.161087076090417
419 -3.1598939407390922
420 -3.1594204609306082
421 -3.1591866160350985
422 -3.1587827510070197
423 -3.156284764477882
424 -3.1540296832724115
425 -3.156793004498069
426 -3.1565001560672266
427 -3.147311108787527
428 -3.1307771427133
429 -3.120360935625184
430 -3.1124009743727736
431 -3.1078152698548553
432 -3.114916822189319
433 -3.128915167990027
434 -3.14131507842747
435 -3.149249577989186
436 -3.156972915170406
437 -3.16803417301649
438 -3.1794647952478563
439 -3.1918554071642897
440 -3.200920530038453
441 -3.2095688800762385
442 -3.2195318559985497
443 -3.224470386330108
444 -3.223569638273227
445 -3.226437089971393
446 -3.2304098255511122
447 -3.231473606832088
448 -3.234672038367237
449 -3.2380508782364803
450 -3.243346326281421
451 -3.244211376804495
452 -3.2455976759398015
453 -3.2448680226467004
454 -3.2453856770209493
455 -3.2500531898490146
456 -3.2504636964822224
457 -3.2495318039276757
458 -3.2486950028935344
459 -3.2513792885579784
460 -3.2547517249149456
461 -3.2589857032914433
462 -3.26728376217167
463 -3.27945984051317
464 -3.2918755537676447
465 -3.3009502132556694
466 -3.310502084099269
467 -3.317650821841282
468 -3.3245279436342985
469 -3.3321602962441625
470 -3.337619614051554
471 -3.3421249702841975
472 -3.350669904128032
473 -3.3577685614537636
474 -3.3589521601912264
475 -3.3593058225432233
476 -3.359318730351522
477 -3.358472154610666
478 -3.3600195507594917
479 -3.3639067314326683
480 -3.3648504571643043
481 -3.368463126879751
482 -3.3685264754569855
483 -3.365295702533161
484 -3.3654284277979483
485 -3.3683587518876434
486 -3.372823564317866
487 -3.378087644821594
488 -3.3786084322974275
489 -3.376432502486222
490 -3.375978196689209
491 -3.3746108334725187
492 -3.3734866136723474
493 -3.3755645569544153
494 -3.3746581411398684
495 -3.3755234147064894
496 -3.374048903748759
497 -3.3713395167462736
498 -3.3696754362425456
499 -3.3682767054846443
500 -3.3691546487667123
501 -3.368251366053751
502 -3.3695049399242714
503 -3.37081872927044
504 -3.371118579659064
505 -3.371472003918208
506 -3.372915147334726
507 -3.3752489037487594
508 -3.374269840835969
509 -3.373047634506661
510 -3.3727731235489307
511 -3.3724859428757537
512 -3.371184823245031
513 -3.3699848232450313
514 -3.370963886157821
515 -3.371026996642203
516 -3.3710650057885436
517 -3.371200626062063
518 -3.370685643653001
519 -3.3754729739375544
520 -3.37712125162425
521 -3.377187495210217
522 -3.375693911024764
523 -3.372040337154244
524 -3.3725173104169657
525 -3.371061872686958
526 -3.370496672552508
527 -3.3669882555693693
528 -3.3668998056540933
529 -3.3693093422679548
530 -3.3708565003239284
531 -3.372135413625342
532 -3.3710805705127234
533 -3.36985523108183
534 -3.370480869735476
535 -3.3688009864147155
536 -3.3648126861108167
537 -3.3627983144495293
538 -3.3600731246300124
539 -3.3596816912245275
540 -3.3603891381883204
541 -3.357894422069874
542 -3.357080050408587
543 -3.353170663406102
544 -3.3505243868879977
545 -3.3522615756263687
546 -3.3512004663105786
547 -3.3511655902658233
548 -3.3511782599812703
549 -3.351254040181099
550 -3.3523120163953037
551 -3.3513709626288537
552 -3.351597927826382
553 -3.352959024839902
554 -3.3559466543472065
555 -3.3521003778291036
556 -3.3465424750470696
557 -3.342646356205536
558 -3.3384123778290373
559 -3.330625331717931
560 -3.3212946360543945
561 -3.3136313770397177
562 -3.301859539128255
563 -3.2940413485194835
564 -3.28406691482204
565 -3.273902536176641
566 -3.260990538338869
567 -3.25390514917409
568 -3.2507067025896346
569 -3.2448079444801574
570 -3.242358087107421
571 -3.231722900618725
572 -3.2185807894325342
573 -3.203714980712471
574 -3.1797582636002573
575 -3.1544791428008105
576 -3.116489203843134
577 -3.080984804742694
578 -3.051771931357331
579 -3.017801544411714
580 -2.9842227131313805
581 -2.9521273059361244
582 -2.9022915291543643
583 -2.829469401662633
584 -2.7532985949601563
585 -2.685252563021393
586 -2.623003030671788
587 -2.575431740827003
588 -2.520330200473097
589 -2.454073489732615
590 -2.390387675753375
591 -2.3683835325421283
592 -2.3897866121700466
593 -2.4064347830827164
594 -2.443961496689284
595 -2.513466914521944
596 -2.607491920247409
597 -2.7366114990550963
598 -2.8580175089615283
599 -2.93527105147786
600 -2.996523324315624
601 -3.0623973646153675
602 -3.1154957580478677
603 -3.1525338339914875
604 -3.203786797699105
605 -3.2444549842192036
606 -3.239848642803152
607 -3.2253126292165777
608 -3.2533383853692297
609 -3.309989849398129
610 -3.3492760010244833
611 -3.3732896882426644
612 -3.399093681990939
613 -3.4368890979235087
614 -3.4631530716532115
615 -3.4858017037022813
616 -3.5100125358287353
617 -3.5173977904314446
618 -3.519569491033802
619 -3.521966235672416
620 -3.5263141256548836
621 -3.5318061452036025
622 -3.5292076374892476
623 -3.5135447500484123
624 -3.502130168726931
625 -3.4930745824666287
626 -3.4843281451159593
627 -3.476251008273637
628 -3.4614287907231396
629 -3.4497936326671006
630 -3.4326887987007564
631 -3.4148160642021184
632 -3.4047407339174987
633 -3.3943017435306233
634 -3.38376476661461
635 -3.3715892867186152
636 -3.354926326926691
637 -3.3405118067351087
638 -3.329150936593253
639 -3.322223135938449
640 -3.318601289961793
641 -3.3178057534353766
642 -3.317287860968276
643 -3.3147046949345547
644 -3.3139534337576495
645 -3.3111115595832303
646 -3.308376833149851
647 -3.3079349589754314
648 -3.3078024718034973
649 -3.3079096195445374
650 -3.308180997400682
651 -3.310382266642781
652 -3.310240242856985
653 -3.306838973614887
654 -3.306554926043295
655 -3.3075435255699466
656 -3.3076066360543286
657 -3.30758442972502
658 -3.3065771323726034
659 -3.3077295866124015
660 -3.3079949363582277
661 -3.310126453510816
662 -3.30794425749644
663 -3.307413933406745
664 -3.305668044592871
665 -3.3020204988326682
666 -3.3017995617454585
667 -3.3039881612721103
668 -3.3042341996973614
669 -3.3042341996973614
670 -3.3039501521257697
671 -3.301575491556663
672 -3.3013985917261124
673 -3.3015754915566635
674 -3.3039501521257697
675 -3.3042595391282554
676 -3.304417365731083
677 -3.3045498529030173
678 -3.304752092164462
679 -3.307000531764804
680 -3.30535179294171
681 -3.3078589406827503
682 -3.310354032203154
683 -3.3106063368315763
684 -3.30872712430741
685 -3.310931526651094
686 -3.3121283935495085
687 -3.311057747619857
688 -3.3106852501329906
689 -3.308206336831576
690 -3.3077264535108157
691 -3.307152092164462
692 -3.304417365731083
693 -3.3017079787285977
694 -3.3012661045541773
695 -3.301082938520456
696 -3.3009251119176284
697 -3.3006157249151427
698 -3.298215724915142
699 -3.297880998481763
700 -3.297616024137895
701 -3.2972559582736225
702 -3.294698131670794
703 -3.293972209924783
704 -3.2912628229222975
705 -3.2888374834914043
706 -3.290782939601537
707 -3.290880926130675
708 -3.2908996239564394
709 -3.2898416477422354
710 -3.2906628840521974
711 -3.2901547662918107
712 -3.286286283444399
713 -3.2833686290701505
714 -3.282705817808521
715 -3.2813099820593523
716 -3.2809974619552817
717 -3.280621831366829
718 -3.278234501082276
719 -3.278070270967172
720 -3.2783007446682433
721 -3.280763855152625
722 -3.2821312183693148
723 -3.281246633482118
724 -3.2811394857410776
725 -3.281796491935936
726 -3.278142679972563
727 -3.2770915684070343
728 -3.273665796272399
729 -3.2671510369068835
730 -3.264991508358215
731 -3.2643918075809673
732 -3.2631915694881153
733 -3.2641170585303847
734 -3.2640286086151096
735 -3.2619915694881154
736 -3.264069512770183
737 -3.2641012557133524
738 -3.2638581122968344
739 -3.2614359059675264
740 -3.260065409649252
741 -3.261670111215688
742 -3.2590491741284784
743 -3.255366752323521
744 -3.254972423909303
745 -3.2568516364334696
746 -3.254751248729241
747 -3.254504972211137
748 -3.254975917363541
749 -3.251038057828576
750 -3.2477730073055016
751 -3.244410345655248
752 -3.2410885881600686
753 -3.237924657267717
754 -3.2350856781020303
755 -3.234536418093717
756 -3.2349157802292603
757 -3.2309810537958805
758 -3.22698321687812
759 -3.226307735901044
760 -3.2259385088248678
761 -3.2255657732451484
762 -3.2230079466423196
763 -3.222231346034521
764 -3.219269654403614
765 -3.2162917845537167
766 -3.2135919341650925
767 -3.214271146689259
768 -3.214166893956951
769 -3.213083578311854
770 -3.213907947723401
771 -3.212550121120573
772 -3.210961820816674
773 -3.2092188270115325
774 -3.206452733036941
775 -3.2057550457305557
776 -3.203184549412281
777 -3.2027046660915213
778 -3.202183878615687
779 -3.199524932382136
780 -3.1977819385769948
781 -3.1960611511011607
782 -3.1943685980649543
783 -3.19260980144278
784 -3.190630067733396
785 -3.1873209799536633
786 -3.1827770161291746
787 -3.1782805980648883
788 -3.17608306036988
789 -3.1732916269643954
790 -3.1728653175141552
791 -3.1726412473253602
792 -3.1723442919454694
793 -3.1706992846694644
794 -3.1686186694222105
795 -3.1634208325044493
796 -3.16063253220055
797 -3.1624328314233017
798 -3.162467469375205
799 -3.162262097012175
800 -3.160607553122308
801 -3.157544741860679
802 -3.1543050307684983
803 -3.1502631565940784
804 -3.1496821536425963
805 -3.14948028978311
806 -3.150320223918837
807 -3.1479579949723244
808 -3.1472825139952483
809 -3.145277678947823
810 -3.14011761308355
811 -3.138024090027997
812 -3.1368468948028103
813 -3.1332030805896975
814 -3.125216943368038
815 -3.120581634619541
816 -3.1198272403410505
817 -3.11983653886206
818 -3.1220660425437847
819 -3.1220660425437847
820 -3.119760520569379
821 -3.1192650725244393
822 -3.1186149309782563
823 -3.1149264810629806
824 -3.1135369115169826
825 -3.11461396095891
826 -3.116843464640635
827 -3.1158390622969514
828 -3.11453794266623
829 -3.114055164336736
830 -3.1124541943173893
831 -3.109807917799286
832 -3.1092113501236236
833 -3.107711499735
834 -3.106318797087417
835 -3.106018946698793
836 -3.1057190963101684
837 -3.104351733093479
838 -3.1029717001613433
839 -3.1025929364713054
840 -3.1020594792800242
841 -3.0992711789761254
842 -3.096432437903291
843 -3.094910381185359
844 -3.0948410044978063
845 -3.0969947279797028
846 -3.096091445266741
847 -3.096043899506539
848 -3.0958705081795315
849 -3.0955737908924927
850 -3.09329360834898
851 -3.0932400344784603
852 -3.095444436822144
853 -3.0948410044978063
854 -3.0964986814892574
855 -3.0995079188803665
856 -3.102694056102028
857 -3.1067517330934797
858 -3.106640853805349
859 -3.1095774440982145
860 -3.1127258102663857
861 -3.116009558615226
862 -3.119290411955333
863 -3.1225363892506834
864 -3.124825509962553
865 -3.1292052436719366
866 -3.1326281207978397
867 -3.13604146130988
868 -3.1395463848387815
869 -3.143322686223828
870 -3.1493665004369404
871 -3.1554356540809456
872 -3.1593571123533737
873 -3.16322499675528
874 -3.169126787182597
875 -3.173929697240635
876 -3.1775544382260246
877 -3.1802223226279316
878 -3.1861367827706952
879 -3.192205936414701
880 -3.1962440790420303
881 -3.2011794762720034
882 -3.20691390348263
883 -3.2092914741097753
884 -3.212344986850395
885 -3.2134625800947436
886 -3.2170968576939942
887 -3.2243153324762126
888 -3.2306654005902242
889 -3.236598558558754
890 -3.2380508782364807
891 -3.241445145520798
892 -3.24524075822642
893 -3.252515939980744
894 -3.2580447717847942
895 -3.265499986471254
896 -3.270694329934778
897 -3.2746947015086194
898 -3.2796836726091123
899 -3.2856076693657377
900 -3.2902336795932245
901 -3.291575104933516
902 -3.2948179491272818
903 -3.299832858104173
904 -3.3003000717094864
905 -3.298322872656183
906 -3.298398890948864
907 -3.3007735515179704
908 -3.301221829204667
909 -3.303391355503595
910 -3.3012756411680395
911 -3.3002521655966324
912 -3.301654404858077
913 -3.3053428547733525
914 -3.306005666034982
915 -3.306580027381336
916 -3.309119156158399
917 -3.3105020840992685
918 -3.30953255780034
919 -3.3101644626571565
920 -3.3066433759585707
921 -3.3053422563278487
922 -3.3074141714995977
923 -3.3076728796402954
924 -3.3078938167275056
925 -3.3090433759585705
926 -3.3082443459779167
927 -3.3096304070203715
928 -3.311149330636718
929 -3.3134577476198572
930 -3.312245077904411
931 -3.3095483606173723
932 -3.3077140218882217
933 -3.305171998102426
934 -3.305187562826606
935 -3.307619305769775
936 -3.3100319754852223
937 -3.30828525013299
938 -3.308676683538475
939 -3.3123778031691966
940 -3.314079654726413
941 -3.3153585680278277
942 -3.3141617011294127
943 -3.31177437084486
944 -3.312469386186058
945 -3.3113578361013336
946 -3.311464983842374
947 -3.312766103473096
948 -3.3140954575434454
949 -3.3142374813292412
950 -3.3140954575434454
951 -3.3127661034730966
952 -3.3114903232732678
953 -3.3115156627041613
954 -3.312911260360478
955 -3.3144710881318984
956 -3.3167921748304843
957 -3.315604844545931
958 -3.3130406144308266
959 -3.3114776535578208
960 -3.311124229298677
961 -3.310944196366541
962 -3.3098862201523365
963 -3.3109315266510935
964 -3.310969297704582
965 -3.3107325578003395
966 -3.3099939663388818
967 -3.304922588482737
968 -3.302089875520221
969 -3.301888011660733
970 -3.3050176649538354
971 -3.3039596887396314
972 -3.3016826392977037
973 -3.3015912943736954
974 -3.302945987874938
975 -3.304638302818293
976 -3.307335020105331
977 -3.308715053037468
978 -3.3077264535108157
979 -3.3066053668122297
980 -3.307505516423606
981 -3.3072814462348106
982 -3.305784728947773
983 -3.303220498832669
984 -3.3019542552467014
985 -3.3040290654271836
986 -3.304114382240874
987 -3.3039374824103227
988 -3.301616395711736
989 -3.3013954586245267
990 -3.3023082779513504
991 -3.301262971452593
992 -3.3013070087092515
993 -3.3015374824103225
994 -3.3037923255229416
995 -3.3037543163766014
996 -3.3013007425060805
997 -3.300618858016728
998 -3.2970157249151426
999 -3.29761915723948
1000 -3.297410889867717
1001 -3.2954020851803496
1002 -3.297593817808586
1003 -3.2988413635687883
1004 -3.2980103525521125
1005 -3.298136811613728
1006 -3.3002527640421366
1007 -3.298345078985492
1008 -3.2993650460533552
1009 -3.3001833873545845
1010 -3.297735841594382
1011 -3.295272731110001
1012 -3.296109770236995
1013 -3.2962613306366517
1014 -3.2975022347917253
1015 -3.2976695980084147
1016 -3.297748511309829
1017 -3.29784009432669
1018 -3.2980610314139
1019 -3.2993903854842497
1020 -3.3006125918135574
1021 -3.3005494813291754
1022 -3.2983608818025236
1023 -3.2983482120870766
1024 -3.300483237743208
1025 -3.300483237743208
1026 -3.2983608818025236
1027 -3.298465134534831
1028 -3.3009409147346602
1029 -3.302500742506081
1030 -3.303766986092048
1031 -3.302658569108909
1032 -3.30138278890908
1033 -3.3011998609682105
1034 -3.3012534348387312
1035 -3.301537482410323
1036 -3.3038585691089084
1037 -3.303934349308738
1038 -3.302645899393462
1039 -3.301174521537317
1040 -3.2998071583206277
1041 -3.2996493317178
1042 -3.3005494813291754
1043 -3.2993241418982815
1044 -3.297956778681592
1045 -3.2975275742226198
1046 -3.2960939674199627
1047 -3.2947266042032735
1048 -3.2945183368315103
1049 -3.294505667116063
1050 -3.294635021186413
1051 -3.295794117031339
1052 -3.2959012647723793
1053 -3.2949063990425573
1054 -3.296681596927268
1055 -3.2942311561583333
1056 -3.290975043803616
1057 -3.2934003832345096
1058 -3.2973697476197916
1059 -3.300195818977179
1060 -3.3004452285968675
1061 -3.2982975332252895
1062 -3.2980072194505268
1063 -3.2993909839297535
1064 -3.2942562574963747
1065 -3.288944631232445
1066 -3.2879537351425645
1067 -3.2873286949344234
1068 -3.284852676641742
1069 -3.2844614813291098
1070 -3.2843352603603457
1071 -3.2828063389937383
1072 -3.2879439604358507
1073 -3.2931862100122284
1074 -3.2947932081418925
1075 -3.2917424681502054
1076 -3.291603577465995
1077 -3.2926932966233693
1078 -3.2937890438910618
1079 -3.2926552874770287
1080 -3.2913795072772
1081 -3.2911459004745427
1082 -3.2909345000011943
1083 -3.2906124432832624
1084 -3.288199773567816
1085 -3.28783681269481
1086 -3.2876665544693875
1087 -3.2868608828836057
1088 -3.2885249633873337
1089 -3.2934387527335023
1090 -3.2942435877809277
1091 -3.2948052794118348
1092 -3.297123471101688
1093 -3.297123471101688
1094 -3.2948559582736228
1095 -3.2945719107020306
1096 -3.2944394235300964
1097 -3.294414084099203
1098 -3.2944520932455434
1099 -3.2946634937188914
1100 -3.295193817808587
1101 -3.29894851130983
1102 -3.3005872523826643
1103 -3.3007955197544265
1104 -3.300536811613729
1105 -3.2980610314138996
1106 -3.2967316773435504
1107 -3.2977516444114143
1108 -3.2979916547263475
1109 -3.3001358415943822
1110 -3.2980452285968673
1111 -3.2978400943266895
1112 -3.2977769838423083
1113 -3.2970157249151426
1114 -3.3004356919830062
1115 -3.3006757022979394
1116 -3.300445228596868
1117 -3.2979063379126567
1118 -3.295506337912657
1119 -3.2974644637382373
1120 -3.297641363568788
1121 -3.2979063379126576
1122 -3.2983608818025236
1123 -3.3009660160727017
1124 -3.3032966393851493
1125 -3.3019419458839065
1126 -3.298048361698453
1127 -3.2951969509101717
1128 -3.2947392739187205
1129 -3.295481596927268
1130 -3.2941269034260254
1131 -3.2917709406826843
1132 -3.2917300365276105
1133 -3.2940384535107503
1134 -3.2944109509976176
1135 -3.295588744668309
1136 -3.2945687776004453
1137 -3.29448032768517
1138 -3.2944140840992024
1139 -3.294322501082342
1140 -3.2941015639951323
1141 -3.292759540209336
1142 -3.2914330811477197
1143 -3.2911681068038514
1144 -3.2918251129987097
1145 -3.2883671367845055
1146 -3.2879692998667447
1147 -3.28778323882429
1148 -3.2877452296779492
1149 -3.287694550816162
1150 -3.2874042370414
1151 -3.2866656455799412
1152 -3.2816225021634224
1153 -3.278771091375142
1154 -3.279475643330202
1155 -3.279693447315826
1156 -3.2812468715749703
1157 -3.28305610896608
1158 -3.285999102771222
1159 -3.288866316376535
1160 -3.2895544670690584
1161 -3.291095221612756
1162 -3.2924185475727867
1163 -3.2932838211394073
1164 -3.2896049078379934
1165 -3.28757786646126
1166 -3.2845403946305236
1167 -3.281792998481698
1168 -3.281480478377627
1169 -3.2824690779042793
1170 -3.2824973123439056
1171 -3.2814266664142546
1172 -3.2821467830934945
1173 -3.2804101928006286
1174 -3.27701265510562
1175 -3.2711520069262296
1176 -3.265392478377561
1177 -3.2632358448376264
1178 -3.261691719099491
1179 -3.2632204023732463
1180 -3.2602616057510723
1181 -3.254700569867454
1182 -3.250703331395197
1183 -3.2452946924495927
1184 -3.2374698752849977
1185 -3.2284926038806057
1186 -3.2227114674481334
1187 -3.216367802846398
1188 -3.2106742797908447
1189 -3.2097778617265584
1190 -3.20958202597739
1191 -3.209711141954887
1192 -3.2115998910929138
1193 -3.209727305124571
1194 -3.2028968925534
1195 -3.1981483929042387
1196 -3.1886220995843852
1197 -3.1767838807778497
1198 -3.1675130251880037
1199 -3.162480016830852
1200 -3.1626286671724704
1201 -3.161374617116246
1202 -3.161933774091072
1203 -3.1606997345846737
1204 -3.1518007780361903
1205 -3.146034607882394
1206 -3.145836475569997
1207 -3.1447284189395104
1208 -3.139192722486785
1209 -3.133477231194776
1210 -3.1301934828459363
1211 -3.129555772922348
1212 -3.129306363302659
1213 -3.12913900008597
1214 -3.1279799042410437
1215 -3.1277460593455344
1216 -3.127888443483983
1217 -3.12352197793555
1218 -3.111323693264742
1219 -3.0940575392413323
1220 -3.08301942504666
1221 -3.07147502851843
1222 -3.066472789256985
1223 -3.0744240504338904
1224 -3.086580954763921
1225 -3.1014090996409895
1226 -3.1117090985599085
1227 -3.119265072524439
1228 -3.1266536832722798
1229 -3.135479171233468
1230 -3.1487952721921713
1231 -3.1592908687674064
1232 -3.169634666850132
1233 -3.1814322195944458
1234 -3.1892788676863906
1235 -3.1902349027808214
1236 -3.195779998538302
1237 -3.1992757608553006
1238 -3.202808918823829
1239 -3.2064967702935996
1240 -3.2113247816896795
1241 -3.2178677754948217
1242 -3.218619036671727
1243 -3.217501083074726
1244 -3.215925690579126
1245 -3.2134879195256376
1246 -3.2136866502835386
1247 -3.216639180702543
1248 -3.222007513938578
1249 -3.224495365408349
1250 -3.2272041539653302
1251 -3.2343030493839127
1252 -3.2407382970025096
1253 -3.2454772600378097
1254 -3.2545334447436165
1255 -3.263621372392593
1256 -3.2702902268138465
1257 -3.274514668576483
1258 -3.2786256963949088
1259 -3.2866529758644947
1260 -3.2903094597930536
1261 -3.291587774648963
1262 -3.2948844308061016
1263 -3.299441064346037
1264 -3.3040668364806716
1265 -3.3073601214433723
1266 -3.3099528240909564
1267 -3.3087432874770943
1268 -3.3050392728376394
1269 -3.304370058063733
1270 -3.3021469578942844
1271 -3.3044204988326684
1272 -3.305952092164462
1273 -3.3074139334067456
1274 -3.3076855493557424
1275 -3.307896949829091
1276 -3.308193667116129
1277 -3.3104865193750888
1278 -3.310619006547023
1279 -3.3086608807214426
1280 -3.310776833149851
1281 -3.310953732980402
1282 -3.31107355043689
1283 -3.31112712430741
1284 -3.3110577476198575
1285 -3.311661179944195
1286 -3.307931825873846
1287 -3.305317154989807
1288 -3.305370728860327
1289 -3.3080358405133015
1290 -3.312570866169432
1291 -3.3104105010824076
1292 -3.3057176488234483
1293 -3.3067920263001893
1294 -3.303502011748179
1295 -3.2977231718789355
1296 -3.2918878631304387
1297 -3.2885661056352595
1298 -3.287887491556597
1299 -3.2876158756076
1300 -3.2865452296779494
1301 -3.287590536176707
1302 -3.2876663163765354
1303 -3.2876283072301953
1304 -3.287341126557018
1305 -3.2857654959685654
1306 -3.28305610896608
1307 -3.2814551389467335
1308 -3.2809974619552817
1309 -3.280464004764001
1310 -3.277741948046069
1311 -3.275057900474477
1312 -3.2747358437565453
1313 -3.2747831514238945
1314 -3.2767790483029637
1315 -3.275266528198893
1316 -3.271202447695165
1317 -3.2679880760338778
1318 -3.2650546188425964
1319 -3.264521161651316
1320 -3.264224206271426
1321 -3.262863246567012
1322 -3.2631826313197587
1323 -3.258294181404483
1324 -3.2556510379879646
1325 -3.257530250512131
1326 -3.257666008094756
1327 -3.2585975252473443
1328 -3.2561975252473445
1329 -3.254621894658892
1330 -3.2540379966986763
1331 -3.2515084045354747
1332 -3.2510002867750885
1333 -3.250469962685393
1334 -3.2469739773248483
1335 -3.2475774096491854
1336 -3.2472239853900415
1337 -3.2448268803987745
1338 -3.2444230153706957
1339 -3.244088288937316
1340 -3.2418398493369733
1341 -3.243621075332003
1342 -3.241423314593448
1343 -3.2413282230730434
1344 -3.2413219568698732
1345 -3.2429390900589032
1346 -3.23963000227917
1347 -3.23143849269448
1348 -3.2248992304364283
1349 -3.2203022911869246
1350 -3.212550121120573
1351 -3.2045928167840447
1352 -3.1975356620588915
1353 -3.1893258150010886
1354 -3.181630950352347
1355 -3.170216506339971
1356 -3.156518609373391
1357 -3.143701327654066
1358 -3.1396376075029906
1359 -3.141775650427655
1360 -3.1403710138192347
1361 -3.133105216320361
1362 -3.11424679235311
1363 -3.102690309505632
1364 -3.0903510971562906
1365 -3.070063518638777
1366 -3.0431387921178215
1367 -3.0053602536334925
1368 -2.972158481498726
1369 -2.943368170967208
1370 -2.908778310787368
1371 -2.8799309393578394
1372 -2.843354916915329
1373 -2.7813133923685815
1374 -2.7058082919364677
1375 -2.6312199804711187
1376 -2.5608706223374305
1377 -2.5065476101793416
1378 -2.4619803661537047
1379 -2.3979544075606216
1380 -2.3267387590607433
1381 -2.270615820220068
1382 -2.2705249479168073
1383 -2.2970106401324557
1384 -2.3087752073984658
1385 -2.358927061996921
1386 -2.435776613660417
1387 -2.542701668213512
1388 -2.6701867136811583
1389 -2.7660728110744763
1390 -2.830383449348224
1391 -2.891355158076929
1392 -2.943220601683546
1393 -2.9778722846647163
1394 -3.0190401834713168
1395 -3.06846145537396
1396 -3.082292907716935
1397 -3.0601241811678452
1398 -3.0632266932667904
1399 -3.113055323651751
1400 -3.160945286832516
1401 -3.186502760912234
1402 -3.2087369102614054
1403 -3.247407389516616
1404 -3.283619235580849
1405 -3.3094934740227906
1406 -3.3441616554852875
1407 -3.3723162895225833
1408 -3.382015628866097
1409 -3.3853238586314203
1410 -3.390385116477505
1411 -3.404658571681448
1412 -3.41443874192269
1413 -3.407250798143326
1414 -3.393625187922338
1415 -3.384074016307989
1416 -3.371333250543103
1417 -3.3611596956364953
1418 -3.3443104367092635
1419 -3.327928614430893
1420 -3.312298889867783
1421 -3.294581447315892
1422 -3.2779504535106843
1423 -3.261774003595343
1424 -3.2474192226937055
1425 -3.23785841368175
1426 -3.2286256894980445
1427 -3.216247509204206
1428 -3.2056098888431745
1429 -3.1930141426565637
1430 -3.180989624714721
1431 -3.174949542048699
1432 -3.1699067589848333
1433 -3.1665058500953873
1434 -3.16529691192703
1435 -3.1610623351050275
1436 -3.156972915170406
1437 -3.156284764477882
1438 -3.155915537401706
1439 -3.155555471537433
1440 -3.153076558236019
1441 -3.152546234146324
1442 -3.151059053473147
1443 -3.1496790205410106
1444 -3.1494327440229073
1445 -3.149221343549559
1446 -3.1489246262625206
1447 -3.1466064345726674
1448 -3.146316120797905
1449 -3.147807033018172
1450 -3.142811197269004
1451 -3.139404122960133
1452 -3.1359247769549783
1453 -3.131677530417528
1454 -3.1298302838800787
1455 -3.129306363302659
1456 -3.1288138102664522
1457 -3.1261802034637958
1458 -3.124516122960068
1459 -3.1230416120023374
1460 -3.122899588216542
1461 -3.1231487597433785
1462 -3.124591665067044
1463 -3.1275888311882114
1464 -3.1245260199265816
1465 -3.1165585805306866
1466 -3.1104963065846616
1467 -3.1089811145154047
1468 -3.1042030827518605
1469 -3.1060474192312717
1470 -3.1072949649914743
1471 -3.106798680408177
1472 -3.1095521046673213
1473 -3.112334138768049
1474 -3.114563642449775
1475 -3.1119049343090763
1476 -3.106751134647975
1477 -3.103776773301621
1478 -3.1051351983499536
1479 -3.1025773717471252
1480 -3.100132959088508
1481 -3.1001582985194025
1482 -3.10270985891906
1483 -3.1053939064906513
1484 -3.105797771518731
1485 -3.1057441976482107
1486 -3.1052645524203024
1487 -3.1016296763755475
1488 -3.1001707301419974
1489 -3.1018005330464744
1490 -3.1000230385985352
1491 -3.095718947779874
1492 -3.0895420479493234
1493 -3.090025424724321
1494 -3.092770286217066
1495 -3.0900384547924205
1496 -3.0838079810913483
1497 -3.082630648557056
1498 -3.0798740911963263
1499 -3.079501355616607
1500 -3.0793435290137783
1501 -3.079160362980057
1502 -3.0787058190901906
1503 -3.075892179355398
1504 -3.072816698378321
1505 -3.070644500114206
1506 -3.066577286508893
1507 -3.0648342927037513
1508 -3.0645091028842337
1509 -3.0644143867657876
1510 -3.065226086461888
1511 -3.0628260864618877
1512 -3.061370273329923
1513 -3.0610295187862255
1514 -3.0607579028372283
1515 -3.0593874065189537
1516 -3.0587781691278444
1517 -3.055936294953425
1518 -3.053072214449697
1519 -3.051471244430351
1520 -3.051193600371035
1521 -3.0520462042222096
1522 -3.049889347638727
1523 -3.050770424022381
1524 -3.0497755582925583
1525 -3.0507514881037636
1526 -3.051408494298621
1527 -3.046646265352109
1528 -3.045610956603612
1529 -3.042535475626536
1530 -3.0385722766606786
1531 -3.038708495379702
1532 -3.0357972445177306
1533 -3.032781365521492
1534 -3.029794334459691
1535 -3.028885246679958
1536 -3.025992693643752
1537 -3.023100140607544
1538 -3.0221910528278113
1539 -3.019178682335117
1540 -3.016042985882392
1541 -3.0129139310347948
1542 -3.0109626698578897
1543 -3.008407976356647
1544 -3.0084235410808273
1545 -3.010855284023997
1546 -3.01320460516221
1547 -3.011113992164695
1548 -3.0106277053316584
1549 -3.007988070418684
1550 -3.0073312872673723
1551 -3.00469454736313
1552 -3.0039810572397134
1553 -3.0020266629612236
1554 -2.997804755854667
1555 -2.9945903841933803
1556 -2.9917894141740344
1557 -2.991552674269792
1558 -2.993627484450274
1559 -2.9926326187204517
1560 -2.99236413587304
1561 -2.9907980418984494
1562 -2.988922560921373
1563 -2.9858122038995414
1564 -2.9816914164237076
1565 -2.9807854617455596
1566 -2.9782276351427317
1567 -2.9780222627797017
1568 -2.9789981925909057
1569 -2.978815026557185
1570 -2.977214056537839
1571 -2.9741921494312824
1572 -2.970845052505209
1573 -2.9671952101817785
1574 -2.9623545290702515
1575 -2.9556692733864613
1576 -2.9543278480461708
1577 -2.953144249308707
1578 -2.9469826761094837
1579 -2.944895794659059
1580 -2.9457492350485905
1581 -2.9383689640236015
1582 -2.9348956461287647
1583 -2.9335446841746116
1584 -2.92822052550434
1585 -2.92671800315053
1586 -2.9211414025427316
1587 -2.9158108403601837
1588 -2.916806304535511
1589 -2.913869714242644
1590 -2.9098874420490635
1591 -2.9080782046579547
1592 -2.9074500313482283
1593 -2.906578714621983
1594 -2.902148540143664
1595 -2.8964203791362078
1596 -2.8920028743733357
1597 -2.8912358103793983
1598 -2.8909864007597097
1599 -2.890948391613369
1600 -2.8909230521824756
1601 -2.8907778952950944
1602 -2.8903895949911953
1603 -2.8877433184730914
1604 -2.885959420512876
1605 -2.884241766138628
1606 -2.8818037569922867
1607 -2.88267856717277
1608 -2.8835882533980075
1609 -2.882220890181318
1610 -2.879618650919873
1611 -2.877986313359315
1612 -2.878302565010476
1613 -2.874535201793786
1614 -2.871920292816894
1615 -2.8726217116703694
1616 -2.873376704394364
1617 -2.870891149487821
1618 -2.8682166385300913
1619 -2.8685106838519436
1620 -2.864828637448944
1621 -2.8641591845821863
1622 -2.862460603435661
1623 -2.860613356898211
1624 -2.8576041195071027
1625 -2.8545695426850988
1626 -2.8526151484066085
1627 -2.8506889885677453
1628 -2.8477019575059446
1629 -2.8457284899997304
1630 -2.842049576698317
1631 -2.8428359369635237
1632 -2.843862307543663
1633 -2.84358755849308
1634 -2.841623627600729
1635 -2.836085036139271
1636 -2.8314906315458477
1637 -2.8283489069828036
1638 -2.8277901103606298
1639 -2.8276196140423546
1640 -2.8276449534732486
1641 -2.8279606066789045
1642 -2.8288443550277442
1643 -2.834263129032715
1644 -2.8396692333222386
1645 -2.840436059223324
1646 -2.8403447142993152
1647 -2.838668202172993
1648 -2.8339500104831394
1649 -2.834560084412606
1650 -2.8365466827706647
1651 -2.8329836172857963
1652 -2.83799876435554
1653 -2.8445733637947463
1654 -2.8436592467931674
1655 -2.8550433828462354
1656 -2.862123342346201
1657 -2.8613897194131575
1658 -2.8640580649514638
1659 -2.864645709508075
1660 -2.867389597153357
1661 -2.8684124742792596
1662 -2.872804877704091
1663 -2.8775982511482674
1664 -2.88179108727684
1665 -2.889268508292609
1666 -2.896717694868751
1667 -2.9009263338143563
1668 -2.9049771461571323
1669 -2.911864641102367
1670 -2.9163895316991324
1671 -2.915665683472803
1672 -2.9210811870670823
1673 -2.9256949029810806
1674 -2.9302071238623997
1675 -2.931652801934998
1676 -2.9354008688804183
1677 -2.943547965806491
1678 -2.947759875162787
1679 -2.953588780399008
1680 -2.95673714656718
1681 -2.957153919403558
1682 -2.956269810702066
1683 -2.9558809119526623
1684 -2.960421742675565
1685 -2.9694785258268768
1686 -2.9723797789385884
1687 -2.974908534563433
1688 -2.9801319490049396
1689 -2.9820834482746967
1690 -2.982047973784437
1691 -2.985458181194893
1692 -2.9931698074588224
1693 -2.9965293360074905
1694 -2.996216217457915
1695 -2.9974953688521815
1696 -2.997741645370285
1697 -2.998129945674185
1698 -3.0007004419924597
1699 -3.0014263637384704
1700 -3.004135750740956
1701 -3.0065610901718496
1702 -3.0046029643462693
1703 -3.0044514039466117
1704 -3.004356925921018
1705 -3.004397830076092
1706 -3.004514514430994
1707 -3.0055031139576456
1708 -3.005165492515533
1709 -3.00167577335816
1710 -3.0004631036427125
1711 -3.003602531642527
1712 -3.003785459583397
1713 -3.0018935773437843
1714 -3.0040757733581596
1715 -3.004341123103986
1716 -3.005518916774678
1717 -3.004631436878748
1718 -3.0048397042505113
1719 -3.0070945473631303
1720 -3.007091414261545
1721 -3.0056482708450267
1722 -3.0029515535579887
1723 -3.001297009668122
1724 -3.000776222192288
1725 -2.999329945674184
1726 -2.998013261319282
1727 -2.998082638006835
1728 -2.998729646451432
1729 -3.003668537135643
1730 -3.0062454369661933
1731 -3.004123081025509
1732 -3.0016250944963723
1733 -3.001151852780741
1734 -3.0016510323727705
1735 -2.9979594493559096
1736 -2.9962322583677996
1737 -2.9948239909960366
1738 -2.994899771195865
1739 -2.9973280056354925
1740 -2.997776283322188
1741 -2.9998415568888097
1742 -2.9973217394323215
1743 -2.9944325575905517
1744 -2.9917925472756193
1745 -2.990898801176519
1746 -2.996560941641555
1747 -2.99708499952808
1748 -2.996961673568049
1749 -2.9943156351427977
1750 -2.9916062481403127
1751 -2.9911010253886587
1752 -2.9905486322787604
1753 -2.989443946842711
1754 -2.982802966508432
1755 -2.976326216289257
1756 -2.977567956982688
1757 -2.977394327562827
1758 -2.9764181596587704
1759 -2.977463466157527
1760 -2.977394089469975
1761 -2.976993119450629
1762 -2.97424282829307
1763 -2.9714576610907564
1764 -2.9700747331498865
1765 -2.9713409767358536
1766 -2.9731499760341107
1767 -2.9769899863490434
1768 -2.9792606322786943
1769 -2.974880300123806
1770 -2.973345811783279
1771 -2.974167286186094
1772 -2.973487835569075
1773 -2.9760929698392524
1774 -2.979506908796798
1775 -2.9773814197545283
1776 -2.9748961029408383
1777 -2.974517577343653
1778 -2.974492237912759
1779 -2.9747636157689037
1780 -2.9770847024674896
1781 -2.9771984918136587
1782 -2.976108772656285
1783 -2.9750888055884213
1784 -2.9772678685012113
1785 -2.9774983422022827
1786 -2.977643499089664
1787 -2.977801325692492
1788 -2.9780853732640837
1789 -2.9803275466612553
1790 -2.980195059489321
1791 -2.9776054899433237
1792 -2.9748298593548714
1793 -2.9741008045072745
1794 -2.9724462606174074
1795 -2.9699578107021325
1796 -2.9698693607868565
1797 -2.971195581755621
1798 -2.9735135353526214
1799 -2.9733588418513786
1800 -2.9697746446684103
1801 -2.9682683907675105
1802 -2.9681990140799583
1803 -2.9703622741757156
1804 -2.9703749438911626
1805 -2.968290597096819
1806 -2.968568241156134
1807 -2.971375614687757
1808 -2.9763020737493724
1809 -2.9760298593548713
1810 -2.9757389471346047
1811 -2.9815306797628414
1812 -2.981963154632505
1813 -2.98152441355967
1814 -2.977451034534933
1815 -2.971624425861941
1816 -2.974596490645067
1817 -2.978060870371546
1818 -2.976481270143152
1819 -2.9778013256924916
1820 -2.9792856113569353
1821 -2.980077776688914
1822 -2.9840280678464737
1823 -2.9866934175923
1824 -2.9866965506938854
1825 -2.9832448406828513
1826 -2.981940826043396
1827 -2.98410721924074
1828 -2.984542827211989
1829 -2.9868543772967135
1830 -2.98588798409937
1831 -2.9847668974007844
1832 -2.9856701801137455
1833 -2.98463441022885
1834 -2.9855532576659907
1835 -2.984321890124779
1836 -2.9839113834915714
1837 -2.981457809621051
1838 -2.981173762049459
1839 -2.9812273359199795
1840 -2.9815998334068468
1841 -2.985045139905604
1842 -2.9843092204093318
1843 -2.984353257665991
1844 -2.984325023226364
1845 -2.9843123535109175
1846 -2.984350362657258
1847 -2.9845364236997125
1848 -2.9849215909020272
1849 -2.9883133235302632
1850 -2.987438275256929
1851 -2.986146692240068
1852 -2.9863871636913992
1853 -2.981221069716809
1854 -2.977971822010767
1855 -2.9751679569826877
1856 -2.9751172781209005
1857 -2.9776815082360044
1858 -2.9804191296781166
1859 -2.980936784052365
1860 -2.98208634328343
1861 -2.9809779263002905
1862 -2.979856839601705
1863 -2.9809021461004623
1864 -2.981066376215566
1865 -2.98213991715395
1866 -2.9809874629141517
1867 -2.9807192181595923
1868 -2.978726216289257
1869 -2.98021980047471
1870 -2.9857621234832585
1871 -2.9836303682378182
1872 -2.9805767181880922
1873 -2.9759762854843506
1874 -2.971312504203375
1875 -2.96794030593926
1876 -2.9650759873426797
1877 -2.9646405166805363
1878 -2.966314594934525
1879 -2.9620382774190914
1880 -2.9620256077036444
1881 -2.9661976724867705
1882 -2.9641448305427436
1883 -2.9627203849519903
1884 -2.96113872625322
1885 -2.9605421585775575
1886 -2.958066378377729
1887 -2.9569988655496626
1888 -2.959487315464939
1889 -2.9622344735209123
1890 -2.963731190807951
1891 -2.9637596633404297
1892 -2.9616217426755655
1893 -2.9618458128643605
1894 -2.9646436497821216
1895 -2.9687077302858493
1896 -2.9706367851334456
1897 -2.9713122661105227
1898 -2.9736869266796293
1899 -2.973497732535589
1900 -2.971549604460269
1901 -2.9652686899902627
1902 -2.962445513641608
1903 -2.964343799393498
1904 -2.966415476472395
1905 -2.9641226242134358
1906 -2.9615964032446715
1907 -2.9613123556730803
1908 -2.961438576641844
1909 -2.963680750039016
1910 -2.963731428900803
1911 -2.9617542298474993
1912 -2.9621961040219196
1913 -2.9670658561114296
1914 -2.969857051424062
1915 -2.968208312600967
1916 -2.9701346954833774
1917 -2.967750873702368
1918 -2.967176136954056
1919 -2.9637308304552983
1920 -2.964618310351228
1921 -2.9666142072302963
1922 -2.9642361754667523
1923 -2.9631628575719153
1924 -2.9575551275157568
1925 -2.952104610567616
1926 -2.949638366981649
1927 -2.9542647375617883
1928 -2.958208762516177
1929 -2.958612627544256
1930 -2.9572610671445987
1931 -2.954469871831966
1932 -2.9526510978269958
1933 -2.950131280370508
1934 -2.9510754672385433
1935 -2.9514479647254106
1936 -2.9539393096494186
1937 -2.9550952723927604
1938 -2.953639459260795
1939 -2.9497554116892033
1940 -2.9479084032446057
1941 -2.9464874661573957
1942 -2.946591480796851
1943 -2.948988347695266
1944 -2.950238788464202
1945 -2.9490134490333073
1946 -2.947308464374506
1947 -2.944378140284811
1948 -2.941485587248604
1949 -2.940664949384146
1950 -2.938688110683495
1951 -2.934289679148346
1952 -2.9315145096962927
1953 -2.9229724859104964
1954 -2.922419955491493
1955 -2.9260263590037696
1956 -2.9291333448311625
1957 -2.932932075589065
1958 -2.9311539826956206
1959 -2.930964413149623
1960 -2.9304785017185435
1961 -2.928577681310574
1962 -2.9242546545732964
1963 -2.9197582365090096
1964 -2.917352431442238
1965 -2.9131556256737237
1966 -2.911109648378372
1967 -2.9100078579510553
1968 -2.9046459282272963
1969 -2.902009649459454
1970 -2.8963794749811345
1971 -2.892106889012791
1972 -2.8922273049147833
1973 -2.8903328880190893
1974 -2.88696647977244
1975 -2.881017757079732
1976 -2.8767300675236083
1977 -2.8676828209861585
1978 -2.865393700274289
1979 -2.866777226660663
1980 -2.864137115561983
1981 -2.862792181718149
1982 -2.855595913265239
1983 -2.8478500094020585
1984 -2.8409319834539684
1985 -2.8340012877904317
1986 -2.82620181005673
1987 -2.8188537431113105
1988 -2.8160942756925427
1989 -2.8136159608366333
1990 -2.8091129011672185
1991 -2.8037445679311825
1992 -2.802731227419142
1993 -2.8017525248590047
1994 -2.7980771050118283
1995 -2.7913580479144917
1996 -2.7802111129020646
1997 -2.7717419592580588
1998 -2.7723428569263158
1999 -2.7713894937970722
2000 -2.7662956715187663
2001 -2.763267360899934
2002 -2.761698133823758
2003 -2.763292822590628
2004 -2.7611236566443513
2005 -2.755307406074272
2006 -2.7416916928197974
2007 -2.726049176281441
2008 -2.710917910605057
2009 -2.70002365562301
2010 -2.703336474949833
2011 -2.7135325814890963
2012 -2.726412137154447
2013 -2.741773977315649
2014 -2.7538705439102302
2015 -2.7653610062152874
2016 -2.7751686901908514
2017 -2.7824090109497255
2018 -2.7893935185766354
2019 -2.7964506733017878
2020 -2.8055572987765296
2021 -2.8133158723551572
2022 -2.818415124298276
2023 -2.8199207797536725
2024 -2.8249232571079688
2025 -2.826502258890859
2026 -2.8231508319721903
2027 -2.8284560547238446
2028 -2.8362434611876033
2029 -2.8387026020320434
2030 -2.840344714299315
2031 -2.840426998795167
2032 -2.8376222972287306
2033 -2.8413360865748998
2034 -2.8463256561208974
2035 -2.846113419109192
2036 -2.8476008378752216
2037 -2.849138935503038
2038 -2.849343709420564
2039 -2.8557976548649258
2040 -2.8664454102853227
2041 -2.8793951791765826
2042 -2.886755079299092
2043 -2.891349123539863
2044 -2.8984951893166904
2045 -2.901481997334945
2046 -2.907374251148399
2047 -2.91219296402347
2048 -2.9150564460816932
2049 -2.921090723680944
2050 -2.927144074507918
2051 -2.9318078557888936
2052 -2.9338158239379046
2053 -2.9341252109403895
2054 -2.934713078540547
2055 -2.9307152416227864
2056 -2.925631194051195
2057 -2.925966143528121
2058 -2.9247158400682913
2059 -2.926471726632426
2060 -2.9230799940041887
2061 -2.9217379702183934
2062 -2.9236836644213797
2063 -2.922037820607018
2064 -2.924683859032269
2065 -2.929137076378253
2066 -2.927002050722122
2067 -2.922624851668819
2068 -2.9246336563561863
2069 -2.927027390153015
2070 -2.9272734285782662
2071 -2.927068294308089
2072 -2.9246178535391536
2073 -2.923316733908431
2074 -2.9243433425814236
2075 -2.925609586167391
2076 -2.9250597277135735
2077 -2.9276679950853364
2078 -2.930203990760814
2079 -2.930402721518716
2080 -2.9283814852087535
2081 -2.9294267917075105
2082 -2.930516510864885
2083 -2.9303520426569283
2084 -2.9277659816144737
2085 -2.926863160037911
2086 -2.92193356787471
2087 -2.9210875905793583
2088 -2.9210913221264483
2089 -2.9147281231605904
2090 -2.9112297039277117
2091 -2.9081320166213276
2092 -2.905687741271816
2093 -2.9096166626384234
2094 -2.9075542840805357
2095 -2.9054570294778923
2096 -2.908378653492083
2097 -2.9071628506750513
2098 -2.904702635199402
2099 -2.9041567463855267
2100 -2.9026978001519765
2101 -2.9013273038337024
2102 -2.901905396727146
2103 -2.8992686568229042
2104 -2.897370969516519
2105 -2.894387071556303
2106 -2.8915861015369573
2107 -2.891131557647091
2108 -2.890935721897922
2109 -2.8906863122782336
2110 -2.8901024143180183
2111 -2.886246601186053
2112 -2.8834836403130475
2113 -2.8840997423528316
2114 -2.883130216053903
2115 -2.8844529285191234
2116 -2.8857351122312287
2117 -2.8874187270990785
2118 -2.8823407076378054
2119 -2.8760313206353203
2120 -2.877042587627679
2121 -2.874377375190958
2122 -2.8727383960252713
2123 -2.8719871348483657
2124 -2.8681377252286775
2125 -2.8672191008350825
2126 -2.8643236527901426
2127 -2.8616044910809433
2128 -2.8611439190807584
2129 -2.8619051780079245
2130 -2.85895821456284
2131 -2.8613141773061805
2132 -2.8655933898303476
2133 -2.8613234758271906
2134 -2.860420654250628
2135 -2.857124236186342
2136 -2.8515189249532114
2137 -2.849347325134602
2138 -2.841311107496658
2139 -2.828579142591023
2140 -2.8207769928921356
2141 -2.81031870623399
2142 -2.804891354413315
2143 -2.795996727857426
2144 -2.780842556622482
2145 -2.7723738641148756
2146 -2.767347497362852
2147 -2.767634424893871
2148 -2.76631740166237
2149 -2.768920224320014
2150 -2.758234597062382
2151 -2.739126986518989
2152 -2.7212239440610424
2153 -2.6978991318056456
2154 -2.6712299803238024
2155 -2.639593227532417
2156 -2.6093786237685563
2157 -2.581570509251413
2158 -2.5420575612043956
2159 -2.508283968806103
2160 -2.473460699826143
2161 -2.412477050709853
2162 -2.338150104301083
2163 -2.2560941465266793
2164 -2.173205388825834
2165 -2.1088409636297234
2166 -2.0618743180495915
2167 -2.0007848339163217
2168 -1.9304887836575004
2169 -1.8743405911203737
2170 -1.8606825502113127
2171 -1.8896108196587476
2172 -1.9016069202077324
2173 -1.9356971281747941
2174 -2.014079058133776
2175 -2.1182571069893084
2176 -2.2519778177299883
2177 -2.3606405307804095
2178 -2.435528335846687
2179 -2.5079615581622665
2180 -2.5730022908821044
2181 -2.6098954115058373
2182 -2.641187364370846
2183 -2.6977368257136027
2184 -2.714499575993736
2185 -2.6861566065299747
2186 -2.6829657574870147
2187 -2.7250177299623926
2188 -2.7680231978185184
2189 -2.7829010878002287
2190 -2.8010555768721868
2191 -2.8374248791948906
2192 -2.8720417833500953
2193 -2.8962139471912742
2194 -2.936471023575059
2195 -2.970460505224453
2196 -2.9932173596457723
2197 -3.0025284994691335
2198 -3.0042668029290294
2199 -3.018767699516205
2200 -3.0310331865711366
2201 -3.0262738526333575
2202 -3.0133901900189595
2203 -2.9969201709674707
2204 -2.984182999440568
2205 -2.9704820916322037
2206 -2.954507404792602
2207 -2.9408231363396267
2208 -2.9203458660163153
2209 -2.8976419870200116
2210 -2.8814819383672075
2211 -2.8661331282741043
2212 -2.8514309512236413
2213 -2.8382859450287166
2214 -2.827650981583567
2215 -2.816166684697934
2216 -2.8071715369568273
2217 -2.7905117102664883
2218 -2.7720924885084703
2219 -2.7641138143809902
2220 -2.759873569801321
2221 -2.7577291297911284
2222 -2.755900956481401
2223 -2.7549034187863928
2224 -2.7497151184824937
2225 -2.746683674762076
2226 -2.746134652846616
2227 -2.7460713042693814
2228 -2.746301777970453
2229 -2.7486006583397304
2230 -2.7477731558265974
2231 -2.748676438539559
2232 -2.7473344147537633
2233 -2.744883735891976
2234 -2.745354681044379
2235 -2.7436212238530984
2236 -2.73968649741972
2237 -2.737839488975122
2238 -2.7364058821724653
2239 -2.7364563229414007
2240 -2.7387520702090935
2241 -2.7388909608933036
2242 -2.7385562344599244
2243 -2.7357523694318453
2244 -2.732812508728289
2245 -2.7301408927792914
2246 -2.7307253891850114
2247 -2.7310794118896604
2248 -2.7258784418703144
2249 -2.7214672033106124
2250 -2.718498870074577
2251 -2.7181138401813683
2252 -2.7208174221170824
2253 -2.716279263359366
2254 -2.7137179282529944
2255 -2.715329271424559
2256 -2.7149409711206602
2257 -2.7106142128362913
2258 -2.711738432636463
2259 -2.7153166017091124
2260 -2.716866892866671
2261 -2.716114795151409
2262 -2.7160327487484097
2263 -2.7173502696416687
2264 -2.711865252050731
2265 -2.704115854733313
2266 -2.702022569770612
2267 -2.7028755490237435
2268 -2.7051741913001695
2269 -2.7043213493561433
2270 -2.7049910252664473
2271 -2.7020731327993466
2272 -2.697507338047508
2273 -2.6944040837672043
2274 -2.6844189165648897
2275 -2.681481950870066
2276 -2.685802442951264
2277 -2.6894495125257616
2278 -2.688328187734323
2279 -2.6851518252193762
2280 -2.6794996825046016
2281 -2.6743145153022874
2282 -2.675176655767323
2283 -2.6787672564625673
2284 -2.6811923578006085
2285 -2.67893751468799
2286 -2.6762566002179833
2287 -2.674718978775872
2288 -2.674640065474457
2289 -2.675918740683019
2290 -2.6770998047644015
2291 -2.6776369935027717
2292 -2.672426486869564
2293 -2.66696680870952
2294 -2.6658399169441624
2295 -2.6631873742228884
2296 -2.663689448823651
2297 -2.661924624091159
2298 -2.658763826300392
2299 -2.653644902684045
2300 -2.6521197128645277
2301 -2.6551548881320355
2302 -2.6552715724869373
2303 -2.6532785706166018
2304 -2.654336546830806
2305 -2.6554009265572867
2306 -2.6551673197546295
2307 -2.6525904199240786
2308 -2.6500074919832093
2309 -2.6507180720485874
2310 -2.6496664993466594
2311 -2.651485496395177
2312 -2.6488867656372754
2313 -2.645908895787379
2314 -2.642820745094855
2315 -2.640721193928984
2316 -2.638536325949422
2317 -2.63341426923149
2318 -2.6317121795814216
2319 -2.6325020483501715
2320 -2.6334177626857276
2321 -2.631121777325183
2322 -2.6304998702186264
2323 -2.628504571785063
2324 -2.624219554194125
2325 -2.6200416843442276
2326 -2.6183304334822552
2327 -2.6199633694883184
2328 -2.6176011405418067
2329 -2.616094648548054
2330 -2.6153117817370846
2331 -2.6128714760275153
2332 -2.606666564800885
2333 -2.5963688774945
2334 -2.5947874418392765
2335 -2.593988772211275
2336 -2.5923055176960768
2337 -2.5911123823447517
2338 -2.584427364753814
2339 -2.57881588810126
2340 -2.5777207392790724
2341 -2.577029455484964
2342 -2.5744649872770076
2343 -2.5729271277420427
2344 -2.573265585722512
2345 -2.5702719130555836
2346 -2.5649793600193758
2347 -2.563577957296288
2348 -2.55917288415601
2349 -2.5547804807311794
2350 -2.553457991309506
2351 -2.548411714791402
2352 -2.546955901659437
2353 -2.5492234144875026
2354 -2.5508619174674845
2355 -2.553167201349039
2356 -2.552570633673376
2357 -2.5461318926005414
2358 -2.5415279513932574
2359 -2.538408433159522
2360 -2.53877802058835
2361 -2.5372087935121743
2362 -2.5354309236622767
2363 -2.5315719774287264
2364 -2.5307640092797157
2365 -2.5299338348013967
2366 -2.525045146793269
2367 -2.5241107195826418
2368 -2.522949327174487
2369 -2.517350282144528
2370 -2.511394917846691
2371 -2.50827272764777
2372 -2.501158267505007
2373 -2.495310050948211
2374 -2.493956193985325
2375 -2.491221467551946
2376 -2.4892535670196523
2377 -2.4939052770306858
2378 -2.497432767241548
2379 -2.495127245267142
2380 -2.491129646442233
2381 -2.4882277948850167
2382 -2.4869486434907513
2383 -2.489942676510332
2384 -2.4904136216627357
2385 -2.48322278287464
2386 -2.4791336010328697
2387 -2.4808172159007196
2388 -2.481135901424214
2389 -2.483497892277874
2390 -2.483485222562427
2391 -2.481006309261013
2392 -2.4801919375997263
2393 -2.4762287386338686
2394 -2.4741165177525497
2395 -2.472651766452228
2396 -2.46479849180446
2397 -2.4610093833948605
2398 -2.455997982921513
2399 -2.457943200938794
2400 -2.461300432924234
2401 -2.460482091623004
2402 -2.4584890897526694
2403 -2.460482091623004
2404 -2.4612244146315527
2405 -2.457444381699416
2406 -2.4543751669255105
2407 -2.451558632181984
2408 -2.45127434651754
2409 -2.452313386813127
2410 -2.4532008667090563
2411 -2.4506363985010995
2412 -2.4475577844224383
2413 -2.4459227748966934
2414 -2.4378672609874807
2415 -2.4318421446001337
2416 -2.4292569200960363
2417 -2.427207434297142
2418 -2.422703913491328
2419 -2.4265539215565215
2420 -2.4263551907986196
2421 -2.4219650839370175
2422 -2.422581185976802
2423 -2.4231501176583423
2424 -2.420364712363176
2425 -2.4162723974198217
2426 -2.414336939059948
2427 -2.41200004954433
2428 -2.4143211362429158
2429 -2.4170178535299547
2430 -2.4177184358450723
2431 -2.4201944541377527
2432 -2.4205101073434094
2433 -2.419019195123143
2434 -2.424002361156864
2435 -2.4273558615952138
2436 -2.4307974365468814
2437 -2.434289690360336
2438 -2.437933504573448
2439 -2.443693271214969
2440 -2.4474949120309084
2441 -2.4513530217261024
2442 -2.4571445313107922
2443 -2.4625159976484134
2444 -2.4613785096872904
2445 -2.463112204971423
2446 -2.4672049961004827
2447 -2.4689724927981613
2448 -2.47644991381393
2449 -2.4863117701055195
2450 -2.491205426642062
2451 -2.498088576545397
2452 -2.506873758797016
2453 -2.5141742799822335
2454 -2.5148840385585607
2455 -2.5193584883863904
2456 -2.5239122269175933
2457 -2.527612748102811
2458 -2.5315624408148647
2459 -2.537716911272561
2460 -2.545630401395978
2461 -2.5459360568513736
2462 -2.5478149090228874
2463 -2.5508275176084343
2464 -2.5524089532636585
2465 -2.560530710758838
2466 -2.5667767642333947
2467 -2.570792700531417
2468 -2.574594341347357
2469 -2.5802216208169426
2470 -2.5835180388812287
2471 -2.584348213359548
2472 -2.586723112021507
2473 -2.5858200674013974
2474 -2.585068207778988
2475 -2.586969028186958
2476 -2.5925551654086174
2477 -2.59837804253452
2478 -2.601140404962021
2479 -2.604904036631621
2480 -2.611598828929272
2481 -2.6148825772781117
2482 -2.614591665057845
2483 -2.6169034532354214
2484 -2.6161044232547677
2485 -2.616404273643392
2486 -2.6188958566602527
2487 -2.6195146306652233
2488 -2.6221387008540185
2489 -2.6227732776760213
2490 -2.624443386290068
2491 -2.6269413728192044
2492 -2.6278795315769212
2493 -2.624247788633752
2494 -2.62058467814937
2495 -2.6223852154649747
2496 -2.62274817633798
2497 -2.603588434849942
2498 -2.5041245390411584
2499 -2.2628822745839297
2500 -0.36865663593028375
2501 -0.12457876350180583
2502 -0.02000548069053707
