0
1
2506
-3 3.024026783041877
-2 2.9079680204273943
-1 2.636970345681104
0 0.5347028328530383
1 0.2640272148246803
2 0.15056718296809812
3 0.12911796958058064
4 0.13271796958058069
5 0.13291067222816322
6 0.13080098600292578
7 0.13085479796629818
8 0.13246843770109118
9 0.1356606030330707
10 0.14011298384069804
11 0.14438846481777423
12 0.14523130901153936
13 0.14666804891578122
14 0.1468227424170241
15 0.1467155946759835
16 0.1463966710596365
17 0.14310605806212262
18 0.14506731698928776
19 0.14528512097491264
20 0.14555649883105737
21 0.14767245125946582
22 0.1455564988310578
23 0.14527245125946564
24 0.1450010734033209
25 0.14293869484543276
26 0.14513042747366978
27 0.14643154710439177
28 0.14571432543388507
29 0.1470059084507458
30 0.14833236751236267
31 0.14867312205605954
32 0.14906142235995912
33 0.1514994315062994
34 0.15194130568071929
35 0.15237051013969216
36 0.15472960598461816
37 0.15485896005496746
38 0.15364629033952104
39 0.1531413056807187
40 0.15052036859350926
41 0.1489983118755771
42 0.14868579177150654
43 0.14846172158271154
44 0.14813966486477925
45 0.14571432543388552
46 0.14525978154401864
47 0.1447389940681849
48 0.1420927175500819
49 0.1403906279000129
50 0.138666707322594
51 0.1377322801119676
52 0.1334314597039974
53 0.12888749587950876
54 0.12534480129711945
55 0.12187788691455825
56 0.11844234007320908
57 0.11406260636382548
58 0.11174814622106188
59 0.10835701203832926
60 0.10468785839432382
61 0.09873249409648732
62 0.09368041251161197
63 0.08875768499708592
64 0.08404009175273819
65 0.08139754678172384
66 0.07668308663896095
67 0.07092331999744061
68 0.06817965539570459
69 0.06332957497942227
70 0.058135231515898944
71 0.051504386240985855
72 0.04357242133535033
73 0.03564045642971525
74 0.02898427172390816
75 0.023644771373004136
76 0.018419060368269236
77 0.013095362834396607
78 0.005706391733903526
79 0.00048694693233919395
80 -0.004385339813252287
81 -0.008048089944982184
82 -0.010857998132685065
83 -0.01798512799089469
84 -0.024287888437557026
85 -0.02865122088440497
86 -0.035178051519861864
87 -0.04288907933828723
88 -0.04952946122706203
89 -0.05579734562896954
90 -0.05961165616035613
91 -0.06311657968925788
92 -0.06655525963219189
93 -0.0701359633609222
94 -0.07498291067561924
95 -0.0800885661310149
96 -0.08620816054395597
97 -0.09194258775458275
98 -0.09309795205241844
99 -0.09482187262983821
100 -0.09634103433903762
101 -0.09776510452783249
102 -0.09724058550490877
103 -0.09991220145390578
104 -0.10277941505921939
105 -0.10376428303878127
106 -0.10779662059933992
107 -0.10974185366592604
108 -0.11243216744068851
109 -0.11193298784865835
110 -0.11344550795272967
111 -0.11603821060031194
112 -0.11662210856052813
113 -0.11814729838004512
114 -0.119659818484116
115 -0.120215482004705
116 -0.12285222190894673
117 -0.12361615280129934
118 -0.1264326875448254
119 -0.12904759652171638
120 -0.12925899699506527
121 -0.1272377606851025
122 -0.1283084066147535
123 -0.12955595237495565
124 -0.1298840372032064
125 -0.13027233750710554
126 -0.13265966779165872
127 -0.1328492373376564
128 -0.13272591137762602
129 -0.13042703100834796
130 -0.13113471606499338
131 -0.13002629908185392
132 -0.12930907741134723
133 -0.1330101970420694
134 -0.13577002481349032
135 -0.1361329856864959
136 -0.13599409500228532
137 -0.1336194344331787
138 -0.13328470799979986
139 -0.13301973365593112
140 -0.13268500722255228
141 -0.1302976769379991
142 -0.1300798729523751
143 -0.13023456645361753
144 -0.13173128374065612
145 -0.13435222082786558
146 -0.13486987520211402
147 -0.13614878850352818
148 -0.13618679764986874
149 -0.13511928482180258
150 -0.13508127567546202
151 -0.13595005774562674
152 -0.13547330752645204
153 -0.13075222082786553
154 -0.1302503692706498
155 -0.13033881918592494
156 -0.13195222082786584
157 -0.1357069143291083
158 -0.1362625778496973
159 -0.13661913521042646
160 -0.1370454446606666
161 -0.1396790514633235
162 -0.14142204526846536
163 -0.14313016302885195
164 -0.14475647247909196
165 -0.14627188759189602
166 -0.14652456762227573
167 -0.14827755917767815
168 -0.14362271606505939
169 -0.14104581623450896
170 -0.14289679431904823
171 -0.14301034557236525
172 -0.14303858001199155
173 -0.14284298235567494
174 -0.1415136282853262
175 -0.14030409167146463
176 -0.1404841246036015
177 -0.14310506169081094
178 -0.14497740956630123
179 -0.14780661402527473
180 -0.14935401017410044
181 -0.14957808036289544
182 -0.14870327018241314
183 -0.1499821834838273
184 -0.15142532690034516
185 -0.1528335942721082
186 -0.1530798707902119
187 -0.15326303682393405
188 -0.15365447022941847
189 -0.1554763773359742
190 -0.15964760558074342
191 -0.16271682035464918
192 -0.16516749921643648
193 -0.16298203279137002
194 -0.1597325620417811
195 -0.1629854039858074
196 -0.16380931226095585
197 -0.16780050757358822
198 -0.1705069995673405
199 -0.1697929109984191
200 -0.1689054311024898
201 -0.17106892929110007
202 -0.17127719666286279
203 -0.17053174055272935
204 -0.17293487365431526
205 -0.17347473435787242
206 -0.175940977943839
207 -0.17622526360828328
208 -0.17551117503936187
209 -0.17705857118818713
210 -0.18082593440487704
211 -0.18158986529722876
212 -0.1833137858746472
213 -0.18517370212754347
214 -0.1882365133891737
215 -0.1913342006955583
216 -0.1941887445854249
217 -0.19465595819073833
218 -0.19481378479356604
219 -0.1948517939399066
220 -0.1949307072413209
221 -0.1951516443285306
222 -0.1965190075452199
223 -0.19793994463242992
224 -0.19830290550543594
225 -0.19954091465177637
226 -0.19967340182371052
227 -0.19877011911074938
228 -0.20080715823774353
229 -0.19972094758391234
230 -0.1986058889956448
231 -0.19864076504040007
232 -0.20079159351356335
233 -0.20002393107412164
234 -0.19956565563716566
235 -0.2045710280001951
236 -0.20776006023058846
237 -0.20960706867518653
238 -0.21177369996538165
239 -0.20842310958507104
240 -0.20612072071224974
241 -0.20822751192875444
242 -0.21053592891189332
243 -0.20876073102718307
244 -0.20992295997369403
245 -0.21116096912003535
246 -0.21051952764935677
247 -0.21294486708025095
248 -0.2143122302969398
249 -0.2135414347559128
250 -0.2146529848406371
251 -0.21462161729942553
252 -0.2143911435983541
253 -0.21216163991662862
254 -0.21229412708856277
255 -0.21489636635000764
256 -0.21771290109353325
257 -0.2184641622704384
258 -0.22102198887326674
259 -0.22135671530664558
260 -0.22148920247858017
261 -0.22151454190947373
262 -0.22151454190947373
263 -0.22151454190947373
264 -0.22151454190947373
265 -0.22153988134036728
266 -0.22169770794319588
267 -0.22217759126395542
268 -0.22509837873978933
269 -0.22831275040107624
270 -0.232402170335698
271 -0.23407251704259657
272 -0.23251849433794725
273 -0.23515523424218987
274 -0.23802885135977947
275 -0.24068755950047738
276 -0.24068755950047782
277 -0.2379908422134389
278 -0.23491849433794787
279 -0.23185568307631854
280 -0.23000843653886838
281 -0.22836342926286335
282 -0.2278331051731688
283 -0.22551201847458247
284 -0.22561916621562306
285 -0.22812982246020663
286 -0.23067184624600312
287 -0.22996729429094342
288 -0.23005887730780383
289 -0.23107594936693454
290 -0.23008421673869783
291 -0.23015046032466513
292 -0.23128421673869726
293 -0.23135999693852582
294 -0.23125887730780414
295 -0.23000530343728398
296 -0.22974659529658537
297 -0.2287453260544865
298 -0.22920940655821465
299 -0.23402207627366112
300 -0.23487445708128885
301 -0.23660127266744135
302 -0.2381835448610219
303 -0.24050776466119395
304 -0.23857497826650675
305 -0.23864435495405933
306 -0.23994547458478221
307 -0.24138861800130007
308 -0.24281268819009494
309 -0.24228816916717166
310 -0.24489643653893456
311 -0.24736908363717758
312 -0.24723659646524343
313 -0.24447990179540824
314 -0.2397492784829609
315 -0.2406620978097842
316 -0.24412647753626393
317 -0.24460612276417226
318 -0.24480485352207326
319 -0.24476394936699997
320 -0.2445430122797898
321 -0.24318831877854752
322 -0.2418336252773048
323 -0.24162535790554207
324 -0.24160001847464851
325 -0.24162511981268953
326 -0.24240545196757823
327 -0.24076671089474377
328 -0.236023417866849
329 -0.2357140308643637
330 -0.23792483672032416
331 -0.23925419079067378
332 -0.23847385863578463
333 -0.2387201351538879
334 -0.2410919007142618
335 -0.24149576574234066
336 -0.24176714359848583
337 -0.2436716955535454
338 -0.2410507584663355
339 -0.23711916513454145
340 -0.23534793688977285
341 -0.23496917319973498
342 -0.23485225075198013
343 -0.23478600716601283
344 -0.2346975572507377
345 -0.23365225075198026
346 -0.2347102269661847
347 -0.23487759018287413
348 -0.2351774405714977
349 -0.23667729096012247
350 -0.23834137146385004
351 -0.24094963883561338
352 -0.24125902583809866
353 -0.24119591535371665
354 -0.23993280486933521
355 -0.23874547458478146
356 -0.2398034507989859
357 -0.24011283780147208
358 -0.24161268819009507
359 -0.24326723207996181
360 -0.24498488645420968
361 -0.24753957995545273
362 -0.24771961288758915
363 -0.2465636501442483
364 -0.24529740655828025
365 -0.24598928879789383
366 -0.2445556819952368
367 -0.24205456236451495
368 -0.24171694092240292
369 -0.24172961063784948
370 -0.2421461453813758
371 -0.24485553238386082
372 -0.24756491938634628
373 -0.24799412384531916
374 -0.24811104629307357
375 -0.24811417939465885
376 -0.2471855572508046
377 -0.24920679356076558
378 -0.24885336930162172
379 -0.24506379975562353
380 -0.2422123889673431
381 -0.24162535790554163
382 -0.2412085850691632
383 -0.23969606496509321
384 -0.2380066450304712
385 -0.23520254190953915
386 -0.234239880259286
387 -0.23106327965148798
388 -0.2258496399166945
389 -0.2248394325062386
390 -0.22298302475688603
391 -0.22100931915781974
392 -0.2167969486651251
393 -0.21439114359835365
394 -0.20993562968914148
395 -0.20560946985027773
396 -0.20444143583699415
397 -0.20117965572461038
398 -0.1975485112269455
399 -0.19166252361666158
400 -0.18592809640603392
401 -0.1845264555900945
402 -0.18117309246085034
403 -0.1774376952308776
404 -0.17125185723196967
405 -0.16389112057110333
406 -0.1595404578397024
407 -0.15421386529709702
408 -0.14615170978275582
409 -0.14271302983982137
410 -0.14367688838108394
411 -0.14033932806887206
412 -0.13354365423335013
413 -0.12799552615803078
414 -0.12727890293302835
415 -0.12900958737537627
416 -0.12825205999530054
417 -0.12265638615977892
418 -0.11486295158570181
419 -0.11366981623437722
420 -0.11319633642589322
421 -0.11296249153038351
422 -0.11255862650230464
423 -0.11006063997316717
424 -0.10780555876769649
425 -0.11056887999335396
426 -0.11027603156251153
427 -0.10108698428281215
428 -0.08455301820858496
429 -0.07413681112046877
430 -0.06617684986805861
431 -0.06159114535014032
432 -0.06869269768460384
433 -0.08269104348531187
434 -0.0950909539227549
435 -0.10302545348447101
436 -0.11074879066569077
437 -0.12181004851177502
438 -0.13324067074314128
439 -0.1456312826595747
440 -0.1546964055337381
441 -0.1633447555715235
442 -0.17330773149383472
443 -0.17824626182539305
444 -0.17734551376851204
445 -0.18021296546667775
446 -0.1841857010463972
447 -0.18524948232737293
448 -0.18844791386252213
449 -0.19182675373176528
450 -0.1971222017767058
451 -0.1979872522997801
452 -0.1993735514350865
453 -0.19864389814198535
454 -0.19916155251623424
455 -0.20382906534429956
456 -0.20423957197750742
457 -0.20330767942296069
458 -0.2024708783888194
459 -0.2051551640532634
460 -0.20852760041023055
461 -0.2127615787867283
462 -0.22105963766695513
463 -0.23323571600845483
464 -0.2456514292629297
465 -0.25472608875095437
466 -0.2642779595945539
467 -0.2714266973365671
468 -0.27830381912958346
469 -0.2859361717394475
470 -0.29139548954683914
471 -0.2959008457794825
472 -0.30444577962331687
473 -0.31154443694904854
474 -0.3127280356865114
475 -0.31308169803850827
476 -0.31309460584680693
477 -0.3122480301059509
478 -0.31379542625477663
479 -0.31768260692795325
480 -0.3186263326595893
481 -0.3222390023750359
482 -0.32230235095227044
483 -0.3190715780284461
484 -0.31920430329323324
485 -0.3221346273829284
486 -0.3265994398131511
487 -0.33186352031687916
488 -0.33238430779271244
489 -0.3302083779815068
490 -0.3297540721844938
491 -0.32838670896780364
492 -0.32726248916763234
493 -0.32934043244970024
494 -0.32843401663515337
495 -0.3292992902017744
496 -0.3278247792440441
497 -0.3251153922415586
498 -0.3234513117378306
499 -0.3220525809799293
500 -0.3229305242619973
501 -0.32202724154903617
502 -0.32328081541955633
503 -0.3245946047657249
504 -0.3248944551543489
505 -0.32524787941349276
506 -0.32669102283001106
507 -0.3290247792440444
508 -0.3280457163312538
509 -0.3268235100019461
510 -0.32654899904421564
511 -0.3262618183710386
512 -0.3249606987403162
513 -0.3237606987403163
514 -0.32473976165310603
515 -0.32480287213748804
516 -0.3248408812838286
517 -0.32497650155734803
518 -0.324461519148286
519 -0.3292488494328394
520 -0.3308971271195351
521 -0.33096337070550197
522 -0.3294697865200491
523 -0.32581621264952876
524 -0.32629318591225065
525 -0.32483774818224287
526 -0.32427254804779304
527 -0.3207641310646543
528 -0.3206756811493783
529 -0.32308521776323973
530 -0.32463237581921334
531 -0.32591128912062706
532 -0.32485644600800834
533 -0.3236311065771149
534 -0.32425674523076076
535 -0.32257686191000046
536 -0.3185885616061017
537 -0.31657418994481423
538 -0.3138490001252974
539 -0.3134575667198125
540 -0.3141650136836054
541 -0.31167029756515907
542 -0.3108559259038719
543 -0.306946538901387
544 -0.30430026238328267
545 -0.3060374511216537
546 -0.3049763418058635
547 -0.30494146576110825
548 -0.30495413547655525
549 -0.3050299156763838
550 -0.3060878918905887
551 -0.3051468381241387
552 -0.30537380332166686
553 -0.3067349003351869
554 -0.3097225298424915
555 -0.3058762533243886
556 -0.30031835054235456
557 -0.29642223170082094
558 -0.2921882533243223
559 -0.2844012072132158
560 -0.27507051154967943
561 -0.26740725253500264
562 -0.2556354146235398
563 -0.24781722401476847
564 -0.23784279031732503
565 -0.22767841167192593
566 -0.21476641383415407
567 -0.207681024669375
568 -0.20448257808491954
569 -0.1985838199754424
570 -0.1961339626027061
571 -0.1854987761140099
572 -0.1723566649278192
573 -0.15749085620775594
574 -0.13353413909554224
575 -0.10825501829609552
576 -0.07026507933841897
577 -0.03476068023797918
578 -0.0055478068526158
579 0.028422580093001137
580 0.06200141137333448
581 0.09409681856859065
582 0.14393259535035074
583 0.21675472284208208
584 0.29292552954455875
585 0.3609715614833222
586 0.42322109383292705
587 0.47079238367771215
588 0.5258939240316178
589 0.5921506347721
590 0.65583644875134
591 0.6778405919625867
592 0.6564375123346684
593 0.6397893414219986
594 0.6022626278154308
595 0.5327572099827709
596 0.4387322042573061
597 0.30961262544961876
598 0.18820661554318674
599 0.11095307302685509
600 0.049700800189091066
601 -0.016173240110652465
602 -0.06927163354315269
603 -0.10630970948677243
604 -0.15756267319439
605 -0.19823085971448862
606 -0.19362451829843685
607 -0.17908850471186266
608 -0.20711426086451468
609 -0.263765724893414
610 -0.3030518765197683
611 -0.32706556373794937
612 -0.35286955748622395
613 -0.3906649734187937
614 -0.4169289471484965
615 -0.43957757919756624
616 -0.46378841132402027
617 -0.4711736659267296
618 -0.47334536652908676
619 -0.47574211116770115
620 -0.48009000115016853
621 -0.48558202069888745
622 -0.48298351298453257
623 -0.46732062554369724
624 -0.4559060442222158
625 -0.4468504579619137
626 -0.4381040206112443
627 -0.43002688376892184
628 -0.41520466621842456
629 -0.40356950816238557
630 -0.38646467419604136
631 -0.36859193969740334
632 -0.3585166094127836
633 -0.3480776190259083
634 -0.33754064210989476
635 -0.3253651622139002
636 -0.3087022024219759
637 -0.2942876822303937
638 -0.282926812088538
639 -0.27599901143373406
640 -0.2723771654570779
641 -0.2715816289306616
642 -0.2710637364635611
643 -0.26848057042983964
644 -0.2677293092529345
645 -0.2648874350785153
646 -0.26215270864513585
647 -0.2617108344707164
648 -0.26157834729878227
649 -0.2616854950398224
650 -0.26195687289596714
651 -0.2641581421380659
652 -0.26401611835227
653 -0.26061484911017185
654 -0.2603308015385801
655 -0.26131940106523155
656 -0.26138251154961356
657 -0.26136030522030484
658 -0.2603530078678884
659 -0.26150546210768644
660 -0.2617708118535127
661 -0.2639023290061009
662 -0.26172013299172514
663 -0.26118980890203014
664 -0.259443920088156
665 -0.2557963743279532
666 -0.2555754372407435
667 -0.25776403676739523
668 -0.2580100751926464
669 -0.2580100751926464
670 -0.2577260276210547
671 -0.25535136705194805
672 -0.25517446722139736
673 -0.2553513670519485
674 -0.2577260276210547
675 -0.2580354146235404
676 -0.2581932412263681
677 -0.25832572839830226
678 -0.25852796765974695
679 -0.2607764072600891
680 -0.259127668436995
681 -0.2616348161780353
682 -0.26412990769843914
683 -0.2643822123268613
684 -0.26250299980269487
685 -0.2647074021463789
686 -0.2659042690447935
687 -0.264833623115142
688 -0.2644611256282756
689 -0.26198221232686114
690 -0.2615023290061007
691 -0.26092796765974713
692 -0.2581932412263681
693 -0.25548385422388264
694 -0.2550419800494623
695 -0.25485881401574106
696 -0.25470098741291336
697 -0.25439160041042763
698 -0.251991600410427
699 -0.25165687397704817
700 -0.25139189963317987
701 -0.2510318337689075
702 -0.24847400716607915
703 -0.247748085420068
704 -0.24503869841758252
705 -0.24261335898668923
706 -0.2445588150968221
707 -0.24465680162595982
708 -0.2446754994517244
709 -0.2436175232375204
710 -0.2444387595474824
711 -0.24393064178709567
712 -0.24006215893968408
713 -0.23714450456543545
714 -0.23648169330380586
715 -0.2350858575546373
716 -0.23477333745056672
717 -0.23439770686211414
718 -0.23201037657756096
719 -0.23184614646245683
720 -0.23207662016352826
721 -0.23453973064791
722 -0.23590709386459974
723 -0.23502250897740318
724 -0.23491536123636259
725 -0.2355723674312209
726 -0.231918555467848
727 -0.23086744390231928
728 -0.22744167176768393
729 -0.22092691240216844
730 -0.2187673838534998
731 -0.21816768307625223
732 -0.21696744498340026
733 -0.21789293402566967
734 -0.21780448411039455
735 -0.2157674449834004
736 -0.21784538826546784
737 -0.2178771312086374
738 -0.2176339877921194
739 -0.2152117814628114
740 -0.21384128514453682
741 -0.21544598671097281
742 -0.21282504962376336
743 -0.20914262781880577
744 -0.20874829940458817
745 -0.21062751192875462
746 -0.2085271242245259
747 -0.2082808477064222
748 -0.20875179285882606
749 -0.204813933323861
750 -0.20154888280078653
751 -0.1981862211505332
752 -0.1948644636553536
753 -0.19170053276300214
754 -0.18886155359731527
755 -0.1883122935890018
756 -0.18869165572454527
757 -0.1847569292911655
758 -0.18075909237340504
759 -0.1800836113963289
760 -0.17971438432015274
761 -0.17934164874043335
762 -0.17678382213760457
763 -0.17600722152980586
764 -0.1730455298988991
765 -0.17006766004900165
766 -0.16736780966037745
767 -0.16804702218454404
768 -0.16794276945223618
769 -0.16685945380713907
770 -0.1676838232186859
771 -0.1663259966158579
772 -0.1647376963119589
773 -0.16299470250681747
774 -0.16022860853222598
775 -0.15953092122584067
776 -0.1569604249075658
777 -0.15648054158680624
778 -0.15595975411097207
779 -0.15330080787742117
780 -0.15155781407227975
781 -0.1498370265964457
782 -0.1481444735602393
783 -0.14638567693806515
784 -0.14440594322868083
785 -0.14109685544894823
786 -0.1365528916244596
787 -0.13205647356017325
788 -0.12985893586516495
789 -0.12706750245968035
790 -0.1266411930094402
791 -0.1264171228206452
792 -0.12612016744075438
793 -0.12447516016474935
794 -0.12239454491749546
795 -0.11719670799973425
796 -0.11440840769583493
797 -0.11620870691858665
798 -0.11624334487048982
799 -0.11603797250745984
800 -0.1143834286175931
801 -0.11132061735596377
802 -0.1080809062637833
803 -0.10403903208936338
804 -0.10345802913788127
805 -0.10325616527839498
806 -0.10409609941412201
807 -0.1017338704676094
808 -0.10105838949053325
809 -0.09905355444310793
810 -0.09389348857883517
811 -0.09179996552328218
812 -0.09062277029809529
813 -0.08697895608498252
814 -0.07899281886332288
815 -0.07435751011482594
816 -0.0736031158363355
817 -0.07361241435734511
818 -0.0758419180390697
819 -0.0758419180390697
820 -0.073536396064664
821 -0.07304094801972427
822 -0.07239080647354124
823 -0.06870235655826562
824 -0.06731278701226762
825 -0.06838983645419505
826 -0.07061934013592008
827 -0.06961493779223638
828 -0.06831381816151483
829 -0.06783103983202077
830 -0.06623006981267432
831 -0.06358379329457087
832 -0.06298722561890857
833 -0.061487375230285135
834 -0.06009467258270185
835 -0.059794822194077835
836 -0.05949497180545338
837 -0.05812760858876409
838 -0.056747575656628246
839 -0.05636881196659038
840 -0.05583535477530921
841 -0.05304705447141034
842 -0.05020831339857601
843 -0.04868625668064386
844 -0.04861687999309128
845 -0.05077060347498774
846 -0.04986732076202616
847 -0.049819775001823885
848 -0.04964638367481644
849 -0.04934966638777771
850 -0.047069483844265125
851 -0.047015909973745273
852 -0.04922031231742885
853 -0.04861687999309128
854 -0.05027455698454242
855 -0.05328379437565145
856 -0.05646993159731295
857 -0.060527608588764714
858 -0.06041672930063413
859 -0.06335331959349944
860 -0.0665016857616707
861 -0.06978543411051108
862 -0.07306628745061783
863 -0.07631226474596842
864 -0.07860138545783801
865 -0.08298111916722162
866 -0.08640399629312467
867 -0.08981733680516513
868 -0.09332226033406643
869 -0.09709856171911291
870 -0.10314237593222542
871 -0.10921152957623059
872 -0.11313298784865866
873 -0.1170008722505651
874 -0.12290266267788219
875 -0.12770557273591976
876 -0.13133031372130954
877 -0.13399819812321656
878 -0.1399126582659802
879 -0.14598181190998583
880 -0.15001995453731531
881 -0.15495535176728836
882 -0.16068977897791514
883 -0.1630673496050603
884 -0.16612086234568002
885 -0.1672384555900286
886 -0.1708727331892792
887 -0.17809120797149758
888 -0.1844412760855092
889 -0.19037443405403875
890 -0.19182675373176572
891 -0.19522102101608318
892 -0.1990166337217052
893 -0.20629181547602915
894 -0.2118206472800792
895 -0.21927586196653914
896 -0.2244702054300629
897 -0.22847057700390438
898 -0.23345954810439729
899 -0.23938354486102265
900 -0.24400955508850952
901 -0.245350980428801
902 -0.24859382462256674
903 -0.2536087335994579
904 -0.25407594720477134
905 -0.25209874815146804
906 -0.25217476644414916
907 -0.25454942701325534
908 -0.2549977046999521
909 -0.25716723099887995
910 -0.2550515166633245
911 -0.25402804109191734
912 -0.2554302803533619
913 -0.2591187302686375
914 -0.2597815415302671
915 -0.26035590287662114
916 -0.262895031653684
917 -0.26427795959455347
918 -0.26330843329562503
919 -0.26394033815244144
920 -0.2604192514538557
921 -0.2591181318231337
922 -0.2611900469948827
923 -0.2614487551355804
924 -0.2616696922227906
925 -0.26281925145385543
926 -0.2620202214732017
927 -0.26340628251565645
928 -0.2649252061320029
929 -0.2672336231151422
930 -0.2660209533996958
931 -0.2633242361126573
932 -0.2614898973835067
933 -0.2589478735977111
934 -0.25896343832189084
935 -0.2613951812650601
936 -0.2638078509805073
937 -0.262061125628275
938 -0.26245255903375986
939 -0.2661536786644816
940 -0.26785553022169806
941 -0.26913444352311267
942 -0.26793757662469764
943 -0.2655502463401449
944 -0.2662452616813429
945 -0.2651337115966186
946 -0.2652408593376592
947 -0.26654197896838117
948 -0.26787133303873034
949 -0.2680133568245262
950 -0.26787133303873034
951 -0.2665419789683816
952 -0.26526619876855273
953 -0.2652915381994463
954 -0.26668713585576276
955 -0.26824696362718337
956 -0.27056805032576925
957 -0.26938072004121594
958 -0.2668164899261116
959 -0.26525352905310573
960 -0.26490010479396187
961 -0.2647200718618259
962 -0.26366209564762144
963 -0.26470740214637845
964 -0.2647451731998669
965 -0.26450843329562446
966 -0.26376984183416674
967 -0.2586984639780221
968 -0.2558657510155058
969 -0.2556638871560182
970 -0.2587935404491204
971 -0.2577355642349164
972 -0.25545851479298864
973 -0.25536716986898034
974 -0.25672186337022307
975 -0.2584141783135778
976 -0.26111089560061584
977 -0.262490928532753
978 -0.2615023290061007
979 -0.2603812423075147
980 -0.261281391918891
981 -0.26105732173009555
982 -0.25956060444305784
983 -0.25699637432795397
984 -0.25573013074198636
985 -0.25780494092246853
986 -0.2578902577361588
987 -0.2577133579056077
988 -0.2553922712070209
989 -0.25517133411981163
990 -0.2560841534466354
991 -0.25503884694787793
992 -0.2550828842045365
993 -0.2553133579056075
994 -0.25756820101822653
995 -0.2575301918718864
996 -0.2550766180013655
997 -0.2543947335120129
998 -0.2507916004104276
999 -0.25139503273476516
1000 -0.251186765363002
1001 -0.24917796067563458
1002 -0.25136969330387116
1003 -0.2526172390640733
1004 -0.2517862280473975
1005 -0.25191268710901316
1006 -0.2540286395374216
1007 -0.25212095448077676
1008 -0.2531409215486402
1009 -0.25395926284986947
1010 -0.251511717089667
1011 -0.24904860660528616
1012 -0.24988564573228
1013 -0.2500372061319367
1014 -0.2512781102870103
1015 -0.2514454735036997
1016 -0.251524386805114
1017 -0.25161596982197487
1018 -0.25183690690918503
1019 -0.25316626097953465
1020 -0.25438846730884235
1021 -0.25432535682446034
1022 -0.2521367572978086
1023 -0.2521240875823616
1024 -0.25425911323849304
1025 -0.25425911323849304
1026 -0.2521367572978086
1027 -0.252241010030116
1028 -0.2547167902299452
1029 -0.2562766180013658
1030 -0.25754286158733297
1031 -0.25643444460419396
1032 -0.2551586644043651
1033 -0.2549757364634955
1034 -0.2550293103340162
1035 -0.25531335790560794
1036 -0.2576344446041934
1037 -0.25771022480402284
1038 -0.25642177488874696
1039 -0.2549503970326019
1040 -0.25358303381591263
1041 -0.2534252072130849
1042 -0.25432535682446034
1043 -0.25310001739356647
1044 -0.2517326541768772
1045 -0.25130344971790475
1046 -0.24986984291524772
1047 -0.24850247969855843
1048 -0.24829421232679527
1049 -0.24828154261134783
1050 -0.24841089668169802
1051 -0.24956999252662415
1052 -0.2496771402676643
1053 -0.2486822745378423
1054 -0.250457472422553
1055 -0.24800703165361826
1056 -0.2447509192989008
1057 -0.24717625872979454
1058 -0.2511456231150766
1059 -0.2539716944724639
1060 -0.2542211040921525
1061 -0.2520734087205745
1062 -0.25178309494581175
1063 -0.25316685942503847
1064 -0.24803213299165972
1065 -0.24272050672772982
1066 -0.24172961063784948
1067 -0.24110457042970834
1068 -0.23862855213702705
1069 -0.23823735682439473
1070 -0.2381111358556307
1071 -0.23658221448902328
1072 -0.24171983593113566
1073 -0.24696208550751342
1074 -0.24856908363717745
1075 -0.2455183436454904
1076 -0.24537945296127983
1077 -0.24646917211865427
1078 -0.24756491938634673
1079 -0.2464311629723137
1080 -0.24515538277248483
1081 -0.24492177596982767
1082 -0.24471037549647923
1083 -0.2443883187785474
1084 -0.2419756490631011
1085 -0.24161268819009507
1086 -0.24144242996467247
1087 -0.24063675837889065
1088 -0.24230083888261866
1089 -0.24721462822878726
1090 -0.24801946327621271
1091 -0.24858115490711974
1092 -0.2508993465969729
1093 -0.2508993465969729
1094 -0.24863183376890774
1095 -0.24834778619731557
1096 -0.24821529902538142
1097 -0.24818995959448786
1098 -0.24822796874082842
1099 -0.24843936921417642
1100 -0.24896969330387186
1101 -0.2527243868051148
1102 -0.25436312787794924
1103 -0.2545713952497115
1104 -0.2543126871090138
1105 -0.2518369069091846
1106 -0.2505075528388354
1107 -0.2515275199066993
1108 -0.25176753022163245
1109 -0.2539117170896672
1110 -0.2518211040921523
1111 -0.25161596982197443
1112 -0.2515528593375933
1113 -0.2507916004104276
1114 -0.2542115674782912
1115 -0.25445157779322436
1116 -0.2542211040921529
1117 -0.2516822134079417
1118 -0.249282213407942
1119 -0.2512403392335223
1120 -0.251417239064073
1121 -0.2516822134079426
1122 -0.2521367572978086
1123 -0.25474189156798666
1124 -0.25707251488043426
1125 -0.2557178213791915
1126 -0.25182423719373803
1127 -0.2489728264054567
1128 -0.24851514941400543
1129 -0.24925747242255314
1130 -0.2479027789213104
1131 -0.24554681617796925
1132 -0.2455059120228955
1133 -0.24781432900603528
1134 -0.24818682649290258
1135 -0.24936462016359418
1136 -0.24834465309573028
1137 -0.24825620318045516
1138 -0.24818995959448742
1139 -0.248098376577627
1140 -0.2478774394904173
1141 -0.24653541570462112
1142 -0.24520895664300468
1143 -0.2449439822991364
1144 -0.2456009884939947
1145 -0.24214301227979051
1146 -0.24174517536202966
1147 -0.24155911431957477
1148 -0.24152110517323422
1149 -0.2414704263114471
1150 -0.2411801125366848
1151 -0.2404415210752262
1152 -0.23539837765870741
1153 -0.23254696687042697
1154 -0.23325151882548711
1155 -0.2334693228111111
1156 -0.23502274707025528
1157 -0.2368319844613649
1158 -0.23977497826650707
1159 -0.2426421918718198
1160 -0.24333034256434338
1161 -0.244871097108041
1162 -0.2461944230680717
1163 -0.2470596966346923
1164 -0.2433807833332784
1165 -0.2413537419565448
1166 -0.23831627012580858
1167 -0.235568873976983
1168 -0.235256353872912
1169 -0.2362449533995643
1170 -0.2362731878391906
1171 -0.2352025419095396
1172 -0.23592265858877948
1173 -0.2341860682959136
1174 -0.23078853060090498
1175 -0.22492788242151462
1176 -0.21916835387284594
1177 -0.21701172033291138
1178 -0.21546759459477594
1179 -0.21699627786853126
1180 -0.21403748124635724
1181 -0.2084764453627388
1182 -0.20447920689048216
1183 -0.19907056794487765
1184 -0.19124575078028272
1185 -0.18226847937589064
1186 -0.1764873429434184
1187 -0.17014367834168276
1188 -0.16445015528612972
1189 -0.1635537372218434
1190 -0.16335790147267515
1191 -0.1634870174501719
1192 -0.16537576658819875
1193 -0.16350318061985591
1194 -0.15667276804868502
1195 -0.15192426839952367
1196 -0.14239797507967022
1197 -0.13055975627313465
1198 -0.12128890068328868
1199 -0.11625589232613676
1200 -0.11640454266775535
1201 -0.11515049261153099
1202 -0.11570964958635699
1203 -0.11447561007995866
1204 -0.10557665353147527
1205 -0.09981048337767895
1206 -0.09961235106528177
1207 -0.09850429443479536
1208 -0.09296859798207002
1209 -0.08725310669006081
1210 -0.08396935834122132
1211 -0.08333164841763319
1212 -0.08308223879794419
1213 -0.08291487558125477
1214 -0.08175577973632864
1215 -0.08152193484081938
1216 -0.08166431897926785
1217 -0.07729785343083506
1218 -0.0650995687600271
1219 -0.047833414736617286
1220 -0.0367953005419448
1221 -0.02525090401371477
1222 -0.020248664752270162
1223 -0.028199925929175418
1224 -0.04035683025920589
1225 -0.05518497513627452
1226 -0.06548497405519349
1227 -0.07304094801972383
1228 -0.08042955876756475
1229 -0.08925504672875295
1230 -0.10257114768745623
1231 -0.11306674426269137
1232 -0.12341054234541682
1233 -0.13520809508973075
1234 -0.14305474318167555
1235 -0.14401077827610642
1236 -0.14955587403358717
1237 -0.1530516363505856
1238 -0.1565847943191141
1239 -0.16027264578888456
1240 -0.16510065718496447
1241 -0.1716436509901067
1242 -0.17239491216701186
1243 -0.17127695857001113
1244 -0.16970156607441078
1245 -0.1672637950209226
1246 -0.1674625257788236
1247 -0.17041505619782793
1248 -0.17578338943386296
1249 -0.178271240903634
1250 -0.1809800294606152
1251 -0.18807892487919764
1252 -0.19451417249779457
1253 -0.19925313553309465
1254 -0.20830932023890147
1255 -0.21739724788787784
1256 -0.2240661023091315
1257 -0.22829054407176796
1258 -0.23240157189019373
1259 -0.24042885135977965
1260 -0.24408533528833853
1261 -0.245363650144248
1262 -0.24866030630138658
1263 -0.25321693984132176
1264 -0.25784271197595654
1265 -0.2611359969386573
1266 -0.26372869958624134
1267 -0.2625191629723793
1268 -0.2588151483329244
1269 -0.25814593355901794
1270 -0.25592283338956934
1271 -0.2581963743279534
1272 -0.2597279676597468
1273 -0.2611898089020306
1274 -0.2614614248510274
1275 -0.26167282532437586
1276 -0.26196954261141414
1277 -0.26426239487037373
1278 -0.2643948820423079
1279 -0.2624367562167276
1280 -0.264552708645136
1281 -0.26472960847568716
1282 -0.26484942593217475
1283 -0.26490299980269505
1284 -0.26483362311514247
1285 -0.26543705543948004
1286 -0.26170770136913113
1287 -0.2590930304850918
1288 -0.2591466043556121
1289 -0.26181171600858644
1290 -0.26634674166471717
1291 -0.2641863765776926
1292 -0.2594935243187333
1293 -0.2605679017954743
1294 -0.2572778872434638
1295 -0.25149904737422046
1296 -0.24566373862572366
1297 -0.2423419811305445
1298 -0.24166336705188218
1299 -0.2413917511028849
1300 -0.24032110517323435
1301 -0.2413664116719918
1302 -0.24144219187182037
1303 -0.24140418272548025
1304 -0.2411170020523028
1305 -0.23954137146385035
1306 -0.2368319844613649
1307 -0.23523101444201844
1308 -0.23477333745056672
1309 -0.234239880259286
1310 -0.23151782354135397
1311 -0.22883377596976207
1312 -0.22851171925183023
1313 -0.2285590269191795
1314 -0.2305549237982487
1315 -0.22904240369417783
1316 -0.22497832319045008
1317 -0.22176395152916273
1318 -0.21883049433788138
1319 -0.2182970371466011
1320 -0.21800008176671115
1321 -0.21663912206229696
1322 -0.2169585068150437
1323 -0.21207005689976777
1324 -0.2094269134832496
1325 -0.21130612600741605
1326 -0.2114418835900409
1327 -0.21237340074262923
1328 -0.2099734007426295
1329 -0.20839777015417704
1330 -0.2078138721939613
1331 -0.2052842800307597
1332 -0.20477616227037343
1333 -0.20424583818067799
1334 -0.20074985282013325
1335 -0.20135328514447037
1336 -0.2009998608853265
1337 -0.1986027558940595
1338 -0.19819889086598064
1339 -0.1978641644326009
1340 -0.1956157248322583
1341 -0.19739695082728792
1342 -0.19519919008873288
1343 -0.19510409856832833
1344 -0.1950978323651582
1345 -0.19671496555418821
1346 -0.19340587777445517
1347 -0.1852143681897651
1348 -0.17867510593171332
1349 -0.17407816668220955
1350 -0.1663259966158579
1351 -0.1583686922793297
1352 -0.15131153755417648
1353 -0.14310169049637356
1354 -0.1354068258476322
1355 -0.12399238183525618
1356 -0.11029448486867599
1357 -0.09747720314935115
1358 -0.09341348299827557
1359 -0.0955515259229398
1360 -0.09414688931451964
1361 -0.08688109181564618
1362 -0.06802266784839484
1363 -0.05646618500091716
1364 -0.04412697265157561
1365 -0.023839394134061997
1366 0.003085332386893569
1367 0.04086387087122256
1368 0.07406564300598895
1369 0.1028559535375071
1370 0.13744581371734688
1371 0.16629318514687563
1372 0.20286920758938587
1373 0.2649107321361335
1374 0.34041583256824737
1375 0.4150041440335963
1376 0.48535350216728457
1377 0.5396765143253734
1378 0.5842437583510103
1379 0.6482697169440934
1380 0.7194853654439717
1381 0.7756083042846469
1382 0.7756991765879078
1383 0.7492134843722593
1384 0.7374489171062493
1385 0.6872970625077941
1386 0.6104475108442982
1387 0.5035224562912028
1388 0.3760374108235567
1389 0.2801513134302387
1390 0.2158406751564912
1391 0.1548689664277858
1392 0.1030035228211692
1393 0.06835183983999871
1394 0.027183941033398273
1395 -0.022237330869244953
1396 -0.03606878321222018
1397 -0.013900056663130211
1398 -0.0170025687620754
1399 -0.06683119914703584
1400 -0.11472116232780083
1401 -0.14027863640751903
1402 -0.16251278575669037
1403 -0.20118326501190076
1404 -0.23739511107613387
1405 -0.26326934951807557
1406 -0.2979375309805725
1407 -0.3260921650178683
1408 -0.33579150436138194
1409 -0.33909973412670524
1410 -0.34416099197279015
1411 -0.3584344471767329
1412 -0.368214617417975
1413 -0.36102667363861096
1414 -0.3474010634176228
1415 -0.3378498918032742
1416 -0.32510912603838804
1417 -0.3149355711317803
1418 -0.2980863122045485
1419 -0.2817044899261778
1420 -0.2660747653630682
1421 -0.24835732281117684
1422 -0.23172632900596923
1423 -0.21554987909062806
1424 -0.2011950981889905
1425 -0.19163428917703484
1426 -0.1824015649933295
1427 -0.17002338469949096
1428 -0.15938576433845952
1429 -0.14679001815184867
1430 -0.1347655002100061
1431 -0.12872541754398403
1432 -0.12368263448011829
1433 -0.1202817255906723
1434 -0.11907278742231497
1435 -0.11483821060031252
1436 -0.11074879066569077
1437 -0.11006063997316717
1438 -0.10969141289699103
1439 -0.10933134703271818
1440 -0.10685243373130415
1441 -0.10632210964160915
1442 -0.10483492896843183
1443 -0.10345489603629554
1444 -0.10320861951819227
1445 -0.10299721904484382
1446 -0.10270050175780554
1447 -0.1003823100679524
1448 -0.1000919962931901
1449 -0.10158290851345697
1450 -0.0965870727642888
1451 -0.09317999845541802
1452 -0.08970065245026326
1453 -0.08545340591281292
1454 -0.08360615937536364
1455 -0.08308223879794419
1456 -0.0825896857617372
1457 -0.07995607895908075
1458 -0.07829199845535317
1459 -0.0768174874976224
1460 -0.07667546371182699
1461 -0.07692463523866344
1462 -0.0783675405623292
1463 -0.08136470668349638
1464 -0.07830189542186661
1465 -0.07033445602597155
1466 -0.06427218207994656
1467 -0.06275699001068968
1468 -0.057978958247145496
1469 -0.059823294726556675
1470 -0.06107084048675926
1471 -0.060574555903461835
1472 -0.06332798016260632
1473 -0.06611001426333418
1474 -0.0683395179450601
1475 -0.0656808098043613
1476 -0.06052701014326001
1477 -0.0575526487969058
1478 -0.058911073845238526
1479 -0.0563532472424102
1480 -0.05390883458379303
1481 -0.053934174014687475
1482 -0.05648573441434479
1483 -0.059169781985936254
1484 -0.05957364701401602
1485 -0.05952007314349572
1486 -0.05904042791558739
1487 -0.055405551870832515
1488 -0.053946605637282374
1489 -0.05557640854175938
1490 -0.053798914093820205
1491 -0.04949482327515886
1492 -0.043317923444608386
1493 -0.04380130021960582
1494 -0.04654616171235082
1495 -0.04381433028770543
1496 -0.037583856586633324
1497 -0.036406524052341016
1498 -0.033649966691611244
1499 -0.03327723111189185
1500 -0.033119404509063255
1501 -0.032936238475341995
1502 -0.03248169458547556
1503 -0.029668054850683134
1504 -0.026592573873605918
1505 -0.024420375609491174
1506 -0.020353162004178138
1507 -0.01861016819903627
1508 -0.0182849783795187
1509 -0.018190262261072565
1510 -0.019001961957172853
1511 -0.016601961957172673
1512 -0.015146148825207817
1513 -0.014805394281510509
1514 -0.014533778332513236
1515 -0.013163282014238664
1516 -0.012554044623129368
1517 -0.009712170448709756
1518 -0.006848089944981872
1519 -0.005247119925635868
1520 -0.004969475866320128
1521 -0.005822079717494599
1522 -0.0036652231340119634
1523 -0.004546299517666164
1524 -0.0035514337878432833
1525 -0.004527363599048595
1526 -0.0051843697939060185
1527 -0.0004221408473941146
1528 0.0006131679011032176
1529 0.0036886488781791016
1530 0.007651847844036386
1531 0.007515629125013135
1532 0.010426879986984439
1533 0.013442758983222891
1534 0.016429790045024095
1535 0.01733887782475696
1536 0.02023143086096324
1537 0.023123983897170852
1538 0.024033071676903717
1539 0.027045442169598033
1540 0.03018113862232319
1541 0.03331019346992026
1542 0.035261454646825285
1543 0.037816148148067885
1544 0.0378005834238877
1545 0.03536884048071798
1546 0.03301951934250491
1547 0.035110132340019806
1548 0.03559641917305667
1549 0.038236054086031146
1550 0.038892837237342714
1551 0.041529577141584895
1552 0.0422430672650016
1553 0.04419746154349147
1554 0.04841936865004781
1555 0.05163374031133472
1556 0.05443471033068059
1557 0.054671450234923036
1558 0.05259664005444087
1559 0.053591505784263305
1560 0.05385998863167485
1561 0.05542608260626558
1562 0.05730156358334204
1563 0.06041192060517364
1564 0.06453270808100742
1565 0.06543866275915544
1566 0.06799648936198333
1567 0.0682018617250133
1568 0.06722593191380932
1569 0.06740909794753014
1570 0.06901006796687614
1571 0.07203197507343262
1572 0.07537907199950622
1573 0.07902891432293657
1574 0.08386959543446348
1575 0.09055485111825368
1576 0.09189627645854426
1577 0.09307987519600802
1578 0.0992414483952313
1579 0.1013283298456562
1580 0.10047488945612448
1581 0.10785516048111354
1582 0.11132847837595028
1583 0.11267944033010346
1584 0.11800359900037494
1585 0.11950612135418481
1586 0.12508272196198345
1587 0.13041328414453135
1588 0.1294178199692042
1589 0.13235441026207084
1590 0.13633668245565156
1591 0.13814591984676028
1592 0.1387740931564867
1593 0.139645409882732
1594 0.14407558436105106
1595 0.14980374536850727
1596 0.15422125013137933
1597 0.15498831412531677
1598 0.15523772374500533
1599 0.15527573289134589
1600 0.15530107232223944
1601 0.1554462292096206
1602 0.15583452951351973
1603 0.15848080603162362
1604 0.16026470399183923
1605 0.1619823583660871
1606 0.16442036751242828
1607 0.1635455573319451
1608 0.16263587110670752
1609 0.1640032343233968
1610 0.16660547358484212
1611 0.16823781114540015
1612 0.16792155949423915
1613 0.17168892271092906
1614 0.17430383168782093
1615 0.17360241283434563
1616 0.17284742011035092
1617 0.17533297501689393
1618 0.17800748597462368
1619 0.1777134406527714
1620 0.18139548705577102
1621 0.1820649399225287
1622 0.18376352106905403
1623 0.1856107676065042
1624 0.18862000499761233
1625 0.19165458181961625
1626 0.19360897609810657
1627 0.1955351359369697
1628 0.19852216699877046
1629 0.20049563450498464
1630 0.2041745478063981
1631 0.20338818754119137
1632 0.20236181696105193
1633 0.20263656601163493
1634 0.20460049690398607
1635 0.21013908836544415
1636 0.21473349295886734
1637 0.2178752175219114
1638 0.21843401414408525
1639 0.2186045104623604
1640 0.2185791710314664
1641 0.21826351782581055
1642 0.2173797694769708
1643 0.21196099547199987
1644 0.20655489118247639
1645 0.20578806528139104
1646 0.2058794102053998
1647 0.20755592233172182
1648 0.2122741140215756
1649 0.21166404009210904
1650 0.20967744173405034
1651 0.21324050721891874
1652 0.20822536014917503
1653 0.20165076070996868
1654 0.20256487771154763
1655 0.19118074165847965
1656 0.1841007821585139
1657 0.18483440509155757
1658 0.18216605955325127
1659 0.18157841499664018
1660 0.17883452735135785
1661 0.17781165022545542
1662 0.17341924680062393
1663 0.16862587335644763
1664 0.16443303722787483
1665 0.15695561621210619
1666 0.14950642963596383
1667 0.14529779069035875
1668 0.1412469783475827
1669 0.13435948340234782
1670 0.12983459280558263
1671 0.13055844103191205
1672 0.12514293743763272
1673 0.12052922152363443
1674 0.11601700064231535
1675 0.11457132256971692
1676 0.11082325562429673
1677 0.10267615869822411
1678 0.09846424934192788
1679 0.09263534410570706
1680 0.0894869779375349
1681 0.08907020510115693
1682 0.08995431380264884
1683 0.09034321255205269
1684 0.08580238182915023
1685 0.07674559867783826
1686 0.07384434556612662
1687 0.07131558994128184
1688 0.06609217549977542
1689 0.06414067623001829
1690 0.06417615072027782
1691 0.06076594330982221
1692 0.053054317045892585
1693 0.04969478849722453
1694 0.050007907046799804
1695 0.04872875565253354
1696 0.04848247913442982
1697 0.04809417883053024
1698 0.04552368251225536
1699 0.04479776076624464
1700 0.04208837376375918
1701 0.03966303433286544
1702 0.04162116015844575
1703 0.04177272055810333
1704 0.04186719858369692
1705 0.04182629442862318
1706 0.04170961007372087
1707 0.04072101054706945
1708 0.041058631989181915
1709 0.0445483511465552
1710 0.04576102086200251
1711 0.04262159286218781
1712 0.0424386649213182
1713 0.04433054716093077
1714 0.04214835114655546
1715 0.0418830014007292
1716 0.04070520773003716
1717 0.041592687625966906
1718 0.041384420254203746
1719 0.039129577141584715
1720 0.03913271024317
1721 0.0405758536596883
1722 0.04327257094672632
1723 0.04492711483659306
1724 0.045447902312427235
1725 0.04689417883053082
1726 0.048210863185432995
1727 0.04814148649787997
1728 0.04749447805328311
1729 0.04255558736907217
1730 0.03997868753852174
1731 0.04210104347920618
1732 0.044599030008342755
1733 0.04507227172397421
1734 0.04457309213194449
1735 0.04826467514880539
1736 0.04999186613691542
1737 0.05140013350867845
1738 0.05132435330884988
1739 0.048896118869222516
1740 0.048447841182527096
1741 0.04638256761590531
1742 0.04890238507239353
1743 0.05179156691416331
1744 0.05443157722909575
1745 0.05532532332819606
1746 0.04966318286315996
1747 0.049139124976635085
1748 0.049262450936665925
1749 0.051908489361917276
1750 0.054617876364402296
1751 0.055123099116056284
1752 0.05567549222595458
1753 0.05678017766200405
1754 0.06342115799628312
1755 0.06989790821545805
1756 0.06865616752202719
1757 0.06882979694188807
1758 0.06980596484594459
1759 0.06876065834718803
1760 0.06883003503474017
1761 0.06923100505408586
1762 0.07198129621164506
1763 0.07476646341395865
1764 0.07614939135482857
1765 0.0748831477688614
1766 0.07307414847060434
1767 0.06923413815567159
1768 0.06696349222602072
1769 0.07134382438090903
1770 0.07287831272143608
1771 0.07205683831862109
1772 0.07273628893564021
1773 0.0701311546654626
1774 0.066717215707917
1775 0.06884270475018672
1776 0.07132802156387674
1777 0.07170654716106206
1778 0.07173188659195606
1779 0.07146050873581133
1780 0.06913942203722545
1781 0.06902563269105633
1782 0.07011535184842987
1783 0.07113531891629377
1784 0.06895625600350375
1785 0.06872578230243231
1786 0.06858062541505117
1787 0.06842279881222302
1788 0.06813875124063129
1789 0.0658965778434597
1790 0.06602906501539385
1791 0.06861863456139128
1792 0.0713942651498436
1793 0.07212331999744048
1794 0.07377786388730767
1795 0.07626631380258253
1796 0.07635476371785854
1797 0.07502854274909421
1798 0.07271058915209361
1799 0.07286528265333647
1800 0.07644947983630468
1801 0.07795573373720455
1802 0.07802511042475668
1803 0.07586185032899939
1804 0.07584918061355239
1805 0.07793352740789583
1806 0.07765588334858098
1807 0.07484850981695823
1808 0.06992205075534264
1809 0.07019426514984373
1810 0.07048517737011029
1811 0.06469344474187366
1812 0.06426096987221008
1813 0.06469971094504512
1814 0.06877308996978204
1815 0.07459969864277394
1816 0.07162763385964821
1817 0.06816325413316893
1818 0.06974285436156302
1819 0.06842279881222346
1820 0.06693851314777977
1821 0.06614634781580087
1822 0.06219605665824135
1823 0.05953070691241491
1824 0.059527573810829626
1825 0.06297928382186369
1826 0.06428329846131886
1827 0.06211690526397495
1828 0.06168129729272609
1829 0.05936974720800148
1830 0.06033614040534507
1831 0.061457227103930645
1832 0.060553944390969505
1833 0.06158971427586524
1834 0.06067086683872436
1835 0.061902234379935805
1836 0.06231274101314366
1837 0.06476631488366413
1838 0.06505036245525586
1839 0.06499678858473557
1840 0.06462429109786827
1841 0.061178984599111086
1842 0.06191490409538325
1843 0.061870866838724226
1844 0.061899101278350965
1845 0.06191177099379752
1846 0.061873761847456965
1847 0.06168770080500252
1848 0.06130253360268778
1849 0.05791080097445178
1850 0.05878584924778618
1851 0.0600774322646469
1852 0.0598369608133158
1853 0.06500305478790613
1854 0.06825230249394787
1855 0.07105616752202737
1856 0.07110684638381448
1857 0.06854261626871061
1858 0.0658049948265984
1859 0.06528734045234996
1860 0.0641377812212851
1861 0.06524619820442457
1862 0.06636728490301014
1863 0.06532197840425269
1864 0.065157748289149
1865 0.06408420735076481
1866 0.0652366615905633
1867 0.06550490634512274
1868 0.06749790821545787
1869 0.066004324030005
1870 0.06046200102145649
1871 0.06259375626689678
1872 0.0656474063166228
1873 0.07024783902036447
1874 0.07491162030134024
1875 0.07828381856545485
1876 0.08114813716203528
1877 0.08158360782417873
1878 0.07990952957019015
1879 0.0841858470856236
1880 0.0841985168010706
1881 0.08002645201794456
1882 0.08207929396197144
1883 0.08350373955272472
1884 0.08508539825149519
1885 0.08568196592715749
1886 0.08815774612698624
1887 0.0892252589550524
1888 0.08673680903977621
1889 0.08398965098380273
1890 0.08249293369676414
1891 0.0824644611642853
1892 0.08460238182914948
1893 0.08437831164035448
1894 0.08158047472259344
1895 0.07751639421886569
1896 0.07558733937126938
1897 0.07491185839419234
1898 0.07253719782508572
1899 0.07272639196912589
1900 0.07467452004444608
1901 0.0809554345144523
1902 0.0837786108631069
1903 0.08188032511121701
1904 0.07980864803232013
1905 0.08210150029127927
1906 0.08462772126004348
1907 0.08491176883163476
1908 0.08478554786287118
1909 0.08254337446569915
1910 0.08249269560391204
1911 0.08446989465721577
1912 0.08402802048279545
1913 0.07915826839328544
1914 0.07636707308065294
1915 0.07801581190374796
1916 0.07608942902133764
1917 0.07847325080234713
1918 0.07904798755065912
1919 0.08249329404941674
1920 0.081605814153487
1921 0.07960991727441868
1922 0.08198794903796269
1923 0.0830612669327997
1924 0.08866899698895825
1925 0.09411951393709916
1926 0.0965857575230662
1927 0.09195938694292671
1928 0.08801536198853821
1929 0.08761149696045889
1930 0.08896305736011634
1931 0.09175425267274884
1932 0.09357302667771927
1933 0.09609284413420704
1934 0.09514865726617172
1935 0.09477615977930443
1936 0.09228481485529638
1937 0.09112885211195465
1938 0.09258466524391995
1939 0.09646871281551173
1940 0.09831572126010935
1941 0.09973665834731937
1942 0.09963264370786407
1943 0.09723577680944917
1944 0.09598533604051296
1945 0.09721067547140771
1946 0.09891566013020903
1947 0.1018459842199042
1948 0.10473853725611093
1949 0.10555917512056912
1950 0.10753601382122024
1951 0.11193444535636887
1952 0.11470961480842234
1953 0.12325163859421862
1954 0.12380416901322189
1955 0.12019776550094541
1956 0.11709077967355253
1957 0.11329204891565015
1958 0.11507014180909447
1959 0.11525971135509216
1960 0.11574562278617151
1961 0.11764644319414108
1962 0.12196946993141866
1963 0.12646588799570546
1964 0.12887169306247692
1965 0.13306849883099137
1966 0.13511447612634297
1967 0.1362162665536597
1968 0.14157819627741874
1969 0.1442144750452612
1970 0.14984464952358056
1971 0.15411723549192402
1972 0.15399681958993172
1973 0.15589123648562575
1974 0.15925764473227488
1975 0.16520636742498285
1976 0.16949405698110676
1977 0.17854130351855657
1978 0.18083042423042617
1979 0.179446897844052
1980 0.182087008942732
1981 0.18343194278656583
1982 0.19062821123947593
1983 0.19837411510265657
1984 0.20529214105074667
1985 0.21222283671428332
1986 0.22002231444798515
1987 0.22737038139340449
1988 0.23012984881217236
1989 0.23260816366808168
1990 0.23711122333749657
1991 0.24247955657353248
1992 0.2434928970855732
1993 0.2444715996457103
1994 0.24814701949288676
1995 0.2548660765902233
1996 0.26601301160265045
1997 0.27448216524665625
1998 0.27388126757839926
1999 0.2748346307076428
2000 0.2799284529859487
2001 0.28295676360478117
2002 0.2845259906809572
2003 0.2829313019140871
2004 0.2851004678603637
2005 0.29091671843044287
2006 0.3045324316849176
2007 0.32017494822327386
2008 0.3353062138996581
2009 0.3462004688817051
2010 0.34288764955488205
2011 0.33269154301561876
2012 0.31981198735026783
2013 0.30445014718906593
2014 0.2923535805944848
2015 0.28086311828942767
2016 0.2710554343138636
2017 0.26381511355498954
2018 0.2568306059280796
2019 0.24977345120292727
2020 0.24066682572818543
2021 0.2329082521495578
2022 0.22780900020643902
2023 0.22630334475104252
2024 0.22130086739674626
2025 0.21972186561385598
2026 0.22307329253252473
2027 0.21776806978087038
2028 0.20998066331711174
2029 0.20752152247267164
2030 0.20587941020540024
2031 0.2057971257095481
2032 0.20860182727598442
2033 0.20488803792981525
2034 0.19989846838381764
2035 0.2001107053955229
2036 0.19862328662949347
2037 0.19708518900167693
2038 0.19688041508415122
2039 0.19042646963978926
2040 0.1797787142193923
2041 0.16682894532813242
2042 0.15946904520562288
2043 0.15487500096485185
2044 0.14772893518802466
2045 0.1447421271697702
2046 0.13884987335631616
2047 0.13403116048124497
2048 0.1311676784230218
2049 0.125133400823771
2050 0.11908004999679722
2051 0.11441626871582145
2052 0.11240830056681039
2053 0.11209891356432555
2054 0.11151104596416817
2055 0.11550888288192862
2056 0.12059293045351982
2057 0.12025798097659424
2058 0.1215082844364237
2059 0.11975239787228897
2060 0.1231441305005263
2061 0.1244861542863216
2062 0.1225404600833353
2063 0.12418630389769714
2064 0.12154026547244623
2065 0.11708704812646209
2066 0.11922207378259309
2067 0.12359927283589611
2068 0.1215904681485287
2069 0.11919673435169997
2070 0.1189506959264488
2071 0.11915583019662623
2072 0.12160627096556142
2073 0.12290739059628386
2074 0.12188078192329144
2075 0.12061453833732383
2076 0.12116439679114155
2077 0.11855612941937865
2078 0.11602013374390108
2079 0.11582140298599919
2080 0.1178426392959615
2081 0.1167973327972045
2082 0.11570761363983006
2083 0.11587208184778675
2084 0.11845814289024137
2085 0.11936096446680411
2086 0.12429055663000499
2087 0.12513653392535673
2088 0.12513280237826674
2089 0.13149600134412465
2090 0.13499442057700328
2091 0.13809210788338744
2092 0.1405363832328992
2093 0.13660746186629158
2094 0.1386698404241793
2095 0.14076709502682272
2096 0.137845471012632
2097 0.1390612738296637
2098 0.14152148930531316
2099 0.14206737811918835
2100 0.1435263243527385
2101 0.14489682067101262
2102 0.14431872777756904
2103 0.14695546768181078
2104 0.14885315498819596
2105 0.15183705294841188
2106 0.15463802296775775
2107 0.15509256685762418
2108 0.15528840260679289
2109 0.15553781222648144
2110 0.15612171018669674
2111 0.15997752331866222
2112 0.16274048419166753
2113 0.1621243821518834
2114 0.16309390845081184
2115 0.16177119598559164
2116 0.16048901227348633
2117 0.15880539740563648
2118 0.16388341686690966
2119 0.17019280386939473
2120 0.1691815368770362
2121 0.1718467493137572
2122 0.17348572847944377
2123 0.17423698965634937
2124 0.17808639927603753
2125 0.17900502366963256
2126 0.18190047171457246
2127 0.18461963342377175
2128 0.18508020542395665
2129 0.18431894649679048
2130 0.1872659099418752
2131 0.18490994719853449
2132 0.1806307346743674
2133 0.18490064867752443
2134 0.18580347025408717
2135 0.1890998883183732
2136 0.19470519955150367
2137 0.19687679937011282
2138 0.20491301700805709
2139 0.21764498191369208
2140 0.22544713161257945
2141 0.23590541827072498
2142 0.24133277009139986
2143 0.250227396647289
2144 0.2653815678822329
2145 0.2738502603898394
2146 0.27887662714186323
2147 0.2785896996108441
2148 0.2799067228423451
2149 0.27730390018470086
2150 0.28798952744233297
2151 0.30709713798572613
2152 0.3250001804436726
2153 0.34832499269906947
2154 0.3749941441809126
2155 0.40663089697229804
2156 0.4368455007361587
2157 0.46465361525330184
2158 0.5041665633003194
2159 0.5379401556986121
2160 0.572763424678572
2161 0.6337470737948618
2162 0.708074020203632
2163 0.7901299779780357
2164 0.873018735678881
2165 0.9373831608749916
2166 0.9843498064551235
2167 1.0454392905883934
2168 1.1157353408472146
2169 1.1718835333843414
2170 1.1855415742934023
2171 1.1566133048459675
2172 1.1446172042969827
2173 1.110526996329921
2174 1.0321450663709388
2175 0.9279670175154067
2176 0.7942463067747267
2177 0.6855835937243056
2178 0.610695788658028
2179 0.5382625663424485
2180 0.4732218336226106
2181 0.43632871299887777
2182 0.40503676013386913
2183 0.3484872987911123
2184 0.3317245485109792
2185 0.36006751797474035
2186 0.3632583670177003
2187 0.32120639454232247
2188 0.27820092668619667
2189 0.2633230367044863
2190 0.24516854763252827
2191 0.2087992453098244
2192 0.17418234115461972
2193 0.1500101773134408
2194 0.10975310092965618
2195 0.07576361928026198
2196 0.053006764858942734
2197 0.04369562503558155
2198 0.04195732157568566
2199 0.027456424988510086
2200 0.015190937933578397
2201 0.01995027187135756
2202 0.032833934485755556
2203 0.04930395353724437
2204 0.06204112506414683
2205 0.07574203287251136
2206 0.09171671971211293
2207 0.10540098816508836
2208 0.12587825848839973
2209 0.1485821374847034
2210 0.16474218613750757
2211 0.18009099623061076
2212 0.1947931732810737
2213 0.20793817947599846
2214 0.21857314292114793
2215 0.23005743980678117
2216 0.23905258754788772
2217 0.25571241423822677
2218 0.2741316359962447
2219 0.2821103101237248
2220 0.286350554703394
2221 0.28849499471358664
2222 0.2903231680233138
2223 0.29132070571832225
2224 0.2965090060222213
2225 0.29954044974263905
2226 0.30008947165809907
2227 0.30015282023533363
2228 0.2999223465342622
2229 0.2976234661649846
2230 0.2984509686781176
2231 0.297547685965156
2232 0.29888970975095175
2233 0.30134038861273904
2234 0.30086944346033606
2235 0.30260290065161666
2236 0.3065376270849951
2237 0.30838463552959317
2238 0.30981824233224975
2239 0.3097678015633143
2240 0.3074720542956215
2241 0.3073331636114114
2242 0.30766789004479067
2243 0.3104717550728697
2244 0.3134116157764262
2245 0.31608323172542363
2246 0.3154987353197036
2247 0.3151447126150546
2248 0.32034568263440066
2249 0.3247569211941026
2250 0.3277252544301379
2251 0.32811028432334677
2252 0.3254067023876326
2253 0.32994486114534904
2254 0.3325061962517206
2255 0.3308948530801561
2256 0.3312831533840548
2257 0.3356099116684237
2258 0.33448569186825194
2259 0.33090752279560265
2260 0.3293572316380442
2261 0.33010932935330617
2262 0.3301913757563053
2263 0.3288738548630463
2264 0.3343588724539841
2265 0.3421082697714022
2266 0.3442015547341031
2267 0.34334857548097153
2268 0.3410499332045456
2269 0.3419027751485717
2270 0.3412330992382677
2271 0.34415099170536845
2272 0.34871678645720694
2273 0.3518200407375107
2274 0.3618052079398253
2275 0.364742173634649
2276 0.3604216815534511
2277 0.35677461197895344
2278 0.357895936770392
2279 0.3610722992853388
2280 0.36672444200011345
2281 0.37190960920242766
2282 0.3710474687373919
2283 0.3674568680421477
2284 0.36503176670410653
2285 0.3672866098167251
2286 0.36996752428673174
2287 0.3715051457288432
2288 0.37158405903025793
2289 0.37030538382169587
2290 0.36912431974031357
2291 0.3685871310019433
2292 0.37379763763515106
2293 0.37925731579519484
2294 0.3803842075605526
2295 0.3830367502818266
2296 0.38253467568106414
2297 0.3842995004135559
2298 0.38746029820432293
2299 0.39257922182066984
2300 0.3941044116401873
2301 0.39106923637267954
2302 0.3909525520177777
2303 0.39294555388811325
2304 0.3918875776739088
2305 0.39082319794742837
2306 0.39105680475008553
2307 0.3936337045806364
2308 0.39621663252150574
2309 0.3955060524561276
2310 0.3965576251580556
2311 0.39473862810953797
2312 0.3973373588674396
2313 0.40031522871733616
2314 0.40340337940985993
2315 0.40550293057573095
2316 0.40768779855529313
2317 0.4128098552732249
2318 0.41451194492329346
2319 0.4137220761545435
2320 0.41280636181898744
2321 0.41510234717953187
2322 0.4157242542860886
2323 0.4177195527196522
2324 0.42200457031059013
2325 0.42618244016048745
2326 0.4278936910224598
2327 0.4262607550163966
2328 0.4286229839629083
2329 0.4301294759566612
2330 0.43091234276763046
2331 0.4333526484771997
2332 0.43955755970383015
2333 0.44985524701021484
2334 0.45143668266543857
2335 0.45223535229344014
2336 0.45391860680863827
2337 0.4551117421599633
2338 0.46179675975090095
2339 0.46740823640345486
2340 0.4685033852256426
2341 0.46919466901975104
2342 0.47175913722770746
2343 0.47329699676267234
2344 0.47295853878220306
2345 0.47595221144913147
2346 0.48124476448533926
2347 0.482646167208427
2348 0.48705124034870506
2349 0.49144364377353567
2350 0.4927661331952091
2351 0.4978124097133132
2352 0.49926822284527805
2353 0.49700071001721247
2354 0.49536220703723055
2355 0.49305692315567606
2356 0.4936534908313388
2357 0.5000922319041736
2358 0.5046961731114576
2359 0.507815691345193
2360 0.5074461039163651
2361 0.5090153309925407
2362 0.5107932008424383
2363 0.5146521470759886
2364 0.5154601152249993
2365 0.5162902897033184
2366 0.521178977711446
2367 0.5221134049220733
2368 0.5232747973302279
2369 0.5288738423601869
2370 0.5348292066580238
2371 0.5379513968569452
2372 0.5450658569997082
2373 0.5509140735565041
2374 0.55226793051939
2375 0.5550026569527691
2376 0.5569705574850627
2377 0.5523188474740293
2378 0.5487913572631671
2379 0.5510968792375732
2380 0.555094478062482
2381 0.5579963296196984
2382 0.5592754810139637
2383 0.5562814479943832
2384 0.5558105028419793
2385 0.5630013416300752
2386 0.5670905234718453
2387 0.5654069086039955
2388 0.565088223080501
2389 0.5627262322268409
2390 0.5627389019422879
2391 0.565217815243702
2392 0.5660321869049887
2393 0.5699953858708464
2394 0.5721076067521653
2395 0.5735723580524872
2396 0.5814256327002552
2397 0.5852147411098545
2398 0.590226141583202
2399 0.5882809235659212
2400 0.5849236915804812
2401 0.5857420328817109
2402 0.5877350347520456
2403 0.5857420328817109
2404 0.5849997098731623
2405 0.5887797428052992
2406 0.5918489575792045
2407 0.594665492322731
2408 0.5949497779871749
2409 0.593910737691588
2410 0.5930232577956587
2411 0.5955877260036155
2412 0.5986663400822767
2413 0.6003013496080216
2414 0.6083568635172343
2415 0.6143819799045813
2416 0.6169672044086787
2417 0.6190166902075731
2418 0.6235202110133868
2419 0.6196702029481935
2420 0.6198689337060954
2421 0.6242590405676975
2422 0.623642938527913
2423 0.6230740068463727
2424 0.6258594121415388
2425 0.6299517270848933
2426 0.631887185444767
2427 0.6342240749603851
2428 0.6319029882617992
2429 0.6292062709747603
2430 0.6285056886596427
2431 0.6260296703669623
2432 0.6257140171613056
2433 0.627204929381572
2434 0.6222217633478508
2435 0.6188682629095013
2436 0.6154266879578336
2437 0.6119344341443789
2438 0.608290619931267
2439 0.6025308532897462
2440 0.5987292124738066
2441 0.5948711027786127
2442 0.5890795931939228
2443 0.5837081268563016
2444 0.5848456148174246
2445 0.5831119195332919
2446 0.5790191284042323
2447 0.5772516317065537
2448 0.569774210690785
2449 0.5599123543991955
2450 0.555018697862653
2451 0.5481355479593182
2452 0.539350365707699
2453 0.5320498445224815
2454 0.5313400859461543
2455 0.5268656361183246
2456 0.5223118975871217
2457 0.5186113764019042
2458 0.5146616836898503
2459 0.508507213232154
2460 0.5005937231087372
2461 0.5002880676533414
2462 0.4984092154818276
2463 0.49539660689628073
2464 0.49381517124105656
2465 0.48569341374587705
2466 0.4794473602713203
2467 0.4754314239732982
2468 0.47162978315735815
2469 0.4660025036877724
2470 0.46270608562348636
2471 0.4618759111451669
2472 0.4595010124832082
2473 0.46040405710331767
2474 0.4611559167257271
2475 0.45925509631775707
2476 0.4536689590960976
2477 0.4478460819701948
2478 0.4450837195426942
2479 0.44132008787309385
2480 0.4346252955754428
2481 0.43134154722660334
2482 0.4316324594468699
2483 0.42932067126929363
2484 0.43011970124994736
2485 0.4298198508613229
2486 0.4273282678444623
2487 0.42670949383949175
2488 0.42408542365069657
2489 0.4234508468286937
2490 0.42178073821464723
2491 0.41928275168551066
2492 0.4183445929277938
2493 0.42197633587096295
2494 0.425639446355345
2495 0.4238389090397403
2496 0.42347594816673517
2497 0.44263568965477296
2498 0.5420995854635566
2499 0.7833418499207854
2500 2.6775674885744314
2501 2.921645361002909
2502 3.026218643814178
