0
1
2506
-3 0.9987517168645421
-2 0.9326552759205768
-1 0.7783198220408982
0 -0.4189391989915834
1 -0.5730912388630657
2 -0.6377076807944668
3 -0.6499231881290732
4 -0.6478729578660756
5 -0.647763212088344
6 -0.6489646961284582
7 -0.6489340497629533
8 -0.6480150683691066
9 -0.6461971033779632
10 -0.6436614350795777
11 -0.6412265127217798
12 -0.6407465058681551
13 -0.6399282704148959
14 -0.6398401711655245
15 -0.6399011927047726
16 -0.6400828223852779
17 -0.6419568541495325
18 -0.640839900703408
19 -0.6407158595026498
20 -0.6405613075322677
21 -0.6393562548367715
22 -0.6405613075322675
23 -0.6407230750121033
24 -0.6408776269824854
25 -0.6420521689083576
26 -0.6408039587520211
27 -0.6400629601846082
28 -0.6404714239552056
29 -0.6397358565695552
30 -0.6389804269832344
31 -0.6387863644060842
32 -0.6385652241188102
33 -0.637176757415118
34 -0.63692510635822
35 -0.6366806708107757
36 -0.6353371458956147
37 -0.6352634776651502
38 -0.6359541032622694
39 -0.6362416962705545
40 -0.637734341974335
41 -0.638601166070197
42 -0.6387791488966306
43 -0.6389067587527704
44 -0.6390901727609666
45 -0.6404714239552054
46 -0.640730290521557
47 -0.641026883366986
48 -0.6425339600896735
49 -0.6435033144538143
50 -0.6444851017145999
51 -0.6450172658662096
52 -0.6474666192429147
53 -0.6500544448392851
54 -0.6520720391852218
55 -0.6540464760703187
56 -0.6560030488770077
57 -0.6584973440422436
58 -0.659815448549798
59 -0.6617467279740548
60 -0.6638363418186458
61 -0.6672279718493681
62 -0.6701051747817139
63 -0.6729087094835952
64 -0.6755954184941715
65 -0.6771003700694231
66 -0.679785294752309
67 -0.6830655302734894
68 -0.6846280703284879
69 -0.6873902318972196
70 -0.690348454165364
71 -0.6941247762908866
72 -0.6986420969838226
73 -0.7031594176767584
74 -0.7069501708211883
75 -0.7099910611569411
76 -0.7129671475034931
77 -0.715999038002102
78 -0.7202071191583925
79 -0.7231796368495629
80 -0.7259544451095112
81 -0.728040412100031
82 -0.729640678434107
83 -0.733699638801778
84 -0.7372891138596034
85 -0.7397740683679499
86 -0.743491153281915
87 -0.7478826484464017
88 -0.7516644017536872
89 -0.7552340146108433
90 -0.7574062965230431
91 -0.7594023799365006
92 -0.7613607370708801
93 -0.7633999779451778
94 -0.7661603551862187
95 -0.7690680688881885
96 -0.772553229350045
97 -0.7758190338523183
98 -0.7764770235323766
99 -0.7774588107931628
100 -0.7783239861572151
101 -0.7791350061010206
102 -0.778836288108155
103 -0.7803577958497497
104 -0.7819906981008866
105 -0.7825515886944296
106 -0.7848480388325628
107 -0.7859558654163681
108 -0.7874880217269173
109 -0.7872037347529587
110 -0.7880651276670585
111 -0.7895416936201217
112 -0.7898742284169378
113 -0.7907428368404904
114 -0.79160422975459
115 -0.7919206848006888
116 -0.7934223303416137
117 -0.7938573954067082
118 -0.7954614356200309
119 -0.7969506482643103
120 -0.797071042610997
121 -0.795919931541176
122 -0.7965296733983777
123 -0.7972401611961668
124 -0.797427008263864
125 -0.7976481485511376
126 -0.7990077532170159
127 -0.7991157146670569
128 -0.7990454794960936
129 -0.7977362478005089
130 -0.7981392803893438
131 -0.7975080275996623
132 -0.797099563829065
133 -0.7992073825718098
134 -0.8007791276878178
135 -0.8009858369561844
136 -0.8009067375439575
137 -0.7995543483875326
138 -0.799363718869883
139 -0.7992128137535726
140 -0.7990221842359229
141 -0.7976625795700447
142 -0.7975385383692869
143 -0.7976266376186582
144 -0.7984790306956132
145 -0.7999716763993937
146 -0.8002664849171318
147 -0.800994836793329
148 -0.8010164833216895
149 -0.8004085257921786
150 -0.800386879263818
151 -0.8008816579560961
152 -0.8006101446985288
153 -0.7979214461363959
154 -0.7976356374558027
155 -0.7976860104260961
156 -0.7986048562240621
157 -0.8007431857364309
158 -0.8010596407825297
159 -0.8012627031968245
160 -0.801505490012459
161 -0.8030053512256934
162 -0.8039980008500043
163 -0.8049707882736455
164 -0.8058969851769459
165 -0.8067600268228555
166 -0.8069039302242832
167 -0.8079022736514125
168 -0.8052513013683578
169 -0.8037837352524388
170 -0.8048378828316243
171 -0.8049025512249443
172 -0.8049186309756611
173 -0.804807236466119
174 -0.804050158147989
175 -0.8033613168785604
176 -0.803463847146839
177 -0.8049564928506195
178 -0.8060228107053944
179 -0.8076340664281709
180 -0.8085153215429399
181 -0.8086429313990797
182 -0.8081447196473011
183 -0.8088730715234982
184 -0.8096949538308289
185 -0.8104969739374902
186 -0.8106372304848464
187 -0.8107415450808159
188 -0.8109644696957805
189 -0.8120020611086224
190 -0.8143776106589825
191 -0.8161255542737329
192 -0.8175212364868787
193 -0.8162765949859241
194 -0.8144259940777205
195 -0.8162785149094958
196 -0.8167477375982857
197 -0.8190207568803671
198 -0.8205621268226315
199 -0.820155447379725
200 -0.8196500201184926
201 -0.820882150524112
202 -0.8210007605431072
203 -0.8205762170217927
204 -0.8219448215248157
205 -0.8222522767337703
206 -0.8236568231881793
207 -0.823818726263896
208 -0.8234120468209896
209 -0.8242933019357583
210 -0.826438846957581
211 -0.826873912022675
212 -0.8278556992834605
213 -0.828914937224663
214 -0.830659233985342
215 -0.8324233929466902
216 -0.8340490796883734
217 -0.8343151617641784
218 -0.8344050453412404
219 -0.8344266918696011
220 -0.8344716336581323
221 -0.8345974591865812
222 -0.8353761840330718
223 -0.8361854196491867
224 -0.8363921289175537
225 -0.83709718553358
226 -0.8371726380917351
227 -0.8366582109933586
228 -0.8378183219003236
229 -0.8371997158018583
230 -0.8365646805622244
231 -0.8365845427628942
232 -0.8378094576590598
233 -0.8373722674465293
234 -0.8371112757327416
235 -0.8399618773705902
236 -0.8417780580340423
237 -0.8428299448699109
238 -0.8440638596032208
239 -0.8421556702152704
240 -0.8408444403974239
241 -0.8420442757057283
242 -0.8433589385830753
243 -0.8423479484647302
244 -0.8430098476199159
245 -0.8437149042359428
246 -0.8433495979261854
247 -0.8447308491204244
248 -0.8455095739669147
249 -0.8450705994266934
250 -0.8457036365440653
251 -0.8456857724656577
252 -0.845554515755446
253 -0.8442847946666299
254 -0.844360247224785
255 -0.8458422443596114
256 -0.8474462845729337
257 -0.8478741341285744
258 -0.8493308378809685
259 -0.8495214673986182
260 -0.8495969199567734
261 -0.8496113509756805
262 -0.8496113509756805
263 -0.8496113509756805
264 -0.8496113509756805
265 -0.8496257819945875
266 -0.84971566557165
267 -0.8499889631569081
268 -0.851652376177669
269 -0.8534829878600281
270 -0.8558119468900468
271 -0.8567632233812085
272 -0.8558781943871925
273 -0.857379839928118
274 -0.8590163890333263
275 -0.8605305456695866
276 -0.8605305456695869
277 -0.8589947425049658
278 -0.8572450145625246
279 -0.8555007178018461
280 -0.8544486953700967
281 -0.853511849897842
282 -0.8532098258706508
283 -0.8518879474838499
284 -0.851948969023098
285 -0.8533788088599394
286 -0.8548265127751895
287 -0.8544252645140457
288 -0.8544774218120301
289 -0.8550566528996076
290 -0.8544918528309373
291 -0.854529579110015
292 -0.8551752629186029
293 -0.8552184203794431
294 -0.8551608318996962
295 -0.8544469110424062
296 -0.8542995745814773
297 -0.853729343331044
298 -0.8539936410791581
299 -0.856734496939275
300 -0.857219934974663
301 -0.8582033709672591
302 -0.8591044882826976
303 -0.8604281509971895
304 -0.8593274128976623
305 -0.8593669235044309
306 -0.8601079220718444
307 -0.8609298043791751
308 -0.8617408243229807
309 -0.8614421063301154
310 -0.8629275365244424
311 -0.8643357298329234
312 -0.8642602772747683
313 -0.8626903164864514
314 -0.8599961867425565
315 -0.8605160450226961
316 -0.8624890383998473
317 -0.862762200389225
318 -0.8628753792264576
319 -0.8628520839662871
320 -0.862726258437838
321 -0.861954749100801
322 -0.8611832397637638
323 -0.8610646297447685
324 -0.8610501987258615
325 -0.8610644941488874
326 -0.8615088998708716
327 -0.8605756230539987
328 -0.85787427780065
329 -0.8576980793019073
330 -0.8589571518217691
331 -0.8597142301398997
332 -0.8592698244179152
333 -0.859410080965271
334 -0.8607608213898861
335 -0.8609908259184232
336 -0.8611453778888055
337 -0.8622300362376152
338 -0.8607373905338344
339 -0.8584983150808777
340 -0.8574895857058498
341 -0.8572738766003385
342 -0.8572072882834466
343 -0.857169562004369
344 -0.8571191890340755
345 -0.8565238781957808
346 -0.8571264045435291
347 -0.8572217193023539
348 -0.8573924866193338
349 -0.8582466640239803
350 -0.8591943718597599
351 -0.8606798020540873
352 -0.8608560005528298
353 -0.8608200586014432
354 -0.8601007065623908
355 -0.859424511984178
356 -0.8600270383319263
357 -0.8602032368306695
358 -0.8610574142353149
359 -0.8619996908893323
360 -0.862977909494736
361 -0.8644328289194393
362 -0.8645353591877177
363 -0.8638770286879135
364 -0.8631558923211695
365 -0.8635499250728602
366 -0.8627334739472916
367 -0.8613090652922128
368 -0.8611167870427532
369 -0.8611240025522066
370 -0.8613612225901975
371 -0.8629042412642718
372 -0.8644472599383463
373 -0.8646916954857906
374 -0.8647582838026823
375 -0.8647600681303732
376 -0.8642312100130899
377 -0.8653823210829098
378 -0.8651810429963058
379 -0.8630228512832671
380 -0.8613989488692753
381 -0.8610646297447683
382 -0.8608272741108964
383 -0.8599658811967974
384 -0.8590037423421103
385 -0.85740678204236
386 -0.8568585381400332
387 -0.8550494373901543
388 -0.8520802257333097
389 -0.8515049041208593
390 -0.8504476643019188
391 -0.8493236223715149
392 -0.8469246419651035
393 -0.8455545157554458
394 -0.8430170631293697
395 -0.8405532787337576
396 -0.8398880735442452
397 -0.8380304623504528
398 -0.8359624950342222
399 -0.8326103756102684
400 -0.8293445711079945
401 -0.8285463248805801
402 -0.8266365563888032
403 -0.8245092162651344
404 -0.8209863295242006
405 -0.8167943281186271
406 -0.8143165891197341
407 -0.8112830498893155
408 -0.8066915845502889
409 -0.8047332274159091
410 -0.8052821529577272
411 -0.8033813843030948
412 -0.7995111909266924
413 -0.7963514853480794
414 -0.7959433623972275
415 -0.79692900173595
416 -0.7964975835249276
417 -0.7933108002361913
418 -0.7888723737316177
419 -0.7881928731190793
420 -0.7879232223878926
421 -0.7877900457541088
422 -0.7875600412255717
423 -0.7861374168981833
424 -0.7848531291945796
425 -0.7864268638621426
426 -0.7862600842189802
427 -0.7810268445464925
428 -0.7716106118762821
429 -0.7656784943769191
430 -0.7611452295291469
431 -0.7585336322569799
432 -0.7625780260098629
433 -0.7705502016188956
434 -0.7776120548514808
435 -0.7821308190523619
436 -0.7865293245024374
437 -0.7928288038310103
438 -0.7993386392820216
439 -0.8063951969287247
440 -0.8115578606105032
441 -0.81648316865841
442 -0.8221571671988099
443 -0.8249697017378357
444 -0.8244567181474041
445 -0.8260897559944217
446 -0.8283522623034295
447 -0.8289580946855036
448 -0.8307796283320283
449 -0.8327039060414021
450 -0.8357197082185879
451 -0.8362123617634293
452 -0.8370018707747551
453 -0.836586327090585
454 -0.8368811356083234
455 -0.8395393234008316
456 -0.8397731103793216
457 -0.8392423897356566
458 -0.8387658245122388
459 -0.840294547763287
460 -0.8422151786185892
461 -0.8446264648964708
462 -0.8493522791854644
463 -0.8562866581577904
464 -0.8633575112275197
465 -0.8685256060910606
466 -0.8739654768332252
467 -0.8780367430723666
468 -0.8819533217452452
469 -0.886300010717082
470 -0.8894091381015365
471 -0.8919749763498006
472 -0.8968413880058956
473 -0.9008841330269693
474 -0.9015582024577449
475 -0.9017596161402301
476 -0.9017669672455643
477 -0.9012848352445024
478 -0.9021660903592714
479 -0.9043798724297955
480 -0.9049173321672871
481 -0.9069747779397381
482 -0.907010855487006
483 -0.9051709031477565
484 -0.9052464913017928
485 -0.9069153355043162
486 -0.9094580837162747
487 -0.9124560218150524
488 -0.9127526146604811
489 -0.9115134043412887
490 -0.9112546733708189
491 -0.9104759485243278
492 -0.9098356958975021
493 -0.9110191020646378
494 -0.91050289063857
495 -0.9109956712085863
496 -0.9101559248228472
497 -0.9086129061487728
498 -0.9076651983129929
499 -0.9068686093880943
500 -0.9073686054675641
501 -0.9068541783691876
502 -0.9075680992264774
503 -0.9083163133033437
504 -0.9084870806203239
505 -0.9086883587069279
506 -0.9095102410142589
507 -0.9108393349105134
508 -0.9102817503512961
509 -0.9095856935724145
510 -0.9094293572743413
511 -0.9092658054668148
512 -0.9085248068994016
513 -0.9078413968117358
514 -0.9083989813709524
515 -0.9084349233223392
516 -0.9084565698506999
517 -0.9085338067365458
518 -0.908240519925443
519 -0.9109669447666531
520 -0.9119056527652885
521 -0.9119433790443658
522 -0.9110927702951019
523 -0.9090120292624801
524 -0.9092836695452228
525 -0.9084547855230087
526 -0.9081328992951477
527 -0.906134826330135
528 -0.9060844533598409
529 -0.9074567047169353
530 -0.9083378242358235
531 -0.9090661761120205
532 -0.9084654340919633
533 -0.9077675929853906
534 -0.9081238994580032
535 -0.9071671917850789
536 -0.9048958212348077
537 -0.9037486196401143
538 -0.9021966011288958
539 -0.901973676513931
540 -0.9023765735068848
541 -0.9009558117058775
542 -0.90049202019885
543 -0.8982655914371099
544 -0.8967585147144217
545 -0.8977478583044071
546 -0.8971435476289676
547 -0.897123685428298
548 -0.8971309009377516
549 -0.8971740583985918
550 -0.8977765847463403
551 -0.8972406467154836
552 -0.8973699053034334
553 -0.8981450614945431
554 -0.8998465416141266
555 -0.8976560548037733
556 -0.8944907824475163
557 -0.8922719100149753
558 -0.8898606237370933
559 -0.8854258355158853
560 -0.880111925898051
561 -0.8757476354688621
562 -0.8690434748196443
563 -0.8645909495452033
564 -0.8589104257055472
565 -0.8531217266212793
566 -0.8457682353094015
567 -0.8417330466175276
568 -0.8399115044002965
569 -0.8365521120696984
570 -0.8351568977014729
571 -0.8291000695926538
572 -0.8216155267944293
573 -0.8131493237605936
574 -0.7995057719757229
575 -0.7851091001743342
576 -0.7634735105797612
577 -0.7432534568282978
578 -0.726616479860578
579 -0.7072700589267877
580 -0.6881466322359455
581 -0.6698680280317935
582 -0.6414861342156932
583 -0.6000133204380761
584 -0.5566334056996418
585 -0.5178806184891533
586 -0.4824289865223167
587 -0.45533673705298006
588 -0.42395594661648994
589 -0.38622219287015136
590 -0.34995258644129645
591 -0.33742104190712063
592 -0.349610275677817
593 -0.35909154896357065
594 -0.38046332782663494
595 -0.42004724757186196
596 -0.4735952787432166
597 -0.5471299643035035
598 -0.6162717075312705
599 -0.6602682494175927
600 -0.6951519337090853
601 -0.732667753422547
602 -0.7629077348480661
603 -0.7840012304544035
604 -0.8131902241382032
605 -0.8363510982339643
606 -0.8337277480748284
607 -0.8254493661419008
608 -0.8414102698662231
609 -0.8736737548648823
610 -0.8960475484707341
611 -0.909723545209866
612 -0.924419136567898
613 -0.9459439436644366
614 -0.9609014974886622
615 -0.9738000838338016
616 -0.9875883562554716
617 -0.9917943208350319
618 -0.9930311225842328
619 -0.9943960888038896
620 -0.9968722486989561
621 -1.0
622 -0.9985201280126103
623 -0.9895999819467417
624 -0.9830992819287558
625 -0.97794204942874
626 -0.9729608798315856
627 -0.9683608825003348
628 -0.9599195050040112
629 -0.9532931846814412
630 -0.9435518379477331
631 -0.9333731654056137
632 -0.9276351801113847
633 -0.9216900873318531
634 -0.9156891904002646
635 -0.9087551522476847
636 -0.8992654565708745
637 -0.8910562661477154
638 -0.8845861550980434
639 -0.8806407143873507
640 -0.8785780426570016
641 -0.8781249779176186
642 -0.8778300338039997
643 -0.8763588990326987
644 -0.8759310494770581
645 -0.8743125782448288
646 -0.872755128551847
647 -0.8725034774949493
648 -0.8724280249367942
649 -0.8724890464760421
650 -0.8726435984464241
651 -0.8738972397845233
652 -0.8738163560446054
653 -0.8718793046188407
654 -0.8717175371390051
655 -0.8722805528799845
656 -0.8723164948313713
657 -0.8723038481401549
658 -0.8717301838302212
659 -0.872386516207764
660 -0.8725376351186449
661 -0.8737515520554047
662 -0.8725087730808307
663 -0.8722067490536393
664 -0.8712124506975187
665 -0.8691351427243974
666 -0.8690093171959485
667 -0.8702557430245941
668 -0.8703958639760692
669 -0.8703958639760692
670 -0.8702340964962335
671 -0.8688817073398086
672 -0.8687809613992213
673 -0.8688817073398089
674 -0.8702340964962335
675 -0.8704102949949764
676 -0.8705001785720384
677 -0.8705756311301935
678 -0.870690808089688
679 -0.8719713133433391
680 -0.8710323427236484
681 -0.8724601844382281
682 -0.8738811600338061
683 -0.8740248496406632
684 -0.8729546223107604
685 -0.8742100479765503
686 -0.8748916737365253
687 -0.8742819318793235
688 -0.8740697914291945
689 -0.8726580294653313
690 -0.8723847318800728
691 -0.8720576282650199
692 -0.8705001785720384
693 -0.868957159897964
694 -0.8687055088410657
695 -0.8686011942450966
696 -0.8685113106680346
697 -0.8683351121692917
698 -0.8669682919939595
699 -0.8667776624763099
700 -0.8666267573599997
701 -0.8664216968234432
702 -0.864964993071049
703 -0.8645515745343155
704 -0.8630085558602411
705 -0.8616273046660025
706 -0.8627352582749825
707 -0.8627910624270393
708 -0.8628017109959933
709 -0.8621991846482454
710 -0.8626668856304001
711 -0.8623775082944246
712 -0.860174374792855
713 -0.858512746099785
714 -0.8581352695144381
715 -0.8573403293213494
716 -0.8571623464949158
717 -0.8569484217170955
718 -0.8555888170512173
719 -0.8554952866200833
720 -0.855626543330295
721 -0.8570293054570134
722 -0.8578080303035043
723 -0.8573042517740819
724 -0.8572432302348337
725 -0.8576174007858547
726 -0.8555365241573518
727 -0.8549379072847314
728 -0.8529869012556859
729 -0.8492766910314283
730 -0.8480468213691261
731 -0.8477052867351661
732 -0.8470217410516195
733 -0.8475488148412121
734 -0.8474984418709186
735 -0.8463383309639537
736 -0.847521737131089
737 -0.8475398150040676
738 -0.8474013427844027
739 -0.846021875917855
740 -0.8452413667436735
741 -0.8461552577755032
742 -0.8446626120717227
743 -0.8425654418979319
744 -0.8423408685511573
745 -0.8434110958810601
746 -0.8422149074268274
747 -0.8420746508794713
748 -0.8423428581027131
749 -0.8401002139943744
750 -0.8382407402742011
751 -0.8363256761965425
752 -0.8344339073790547
753 -0.832632022138629
754 -0.8310151996382092
755 -0.8307023914461819
756 -0.8309184413714392
757 -0.8286775815907915
758 -0.8264007798587576
759 -0.8260160877639574
760 -0.825805809840209
761 -0.8255935337941988
762 -0.8241368300418044
763 -0.8236945494672567
764 -0.8220078411863256
765 -0.820311919273679
766 -0.8187743317813669
767 -0.8191611490236039
768 -0.8191017762161656
769 -0.818484818849511
770 -0.8189543041593562
771 -0.8181810104946281
772 -0.8172764601196887
773 -0.816283810495378
774 -0.8147084967239883
775 -0.8143111579379714
776 -0.8128472386761239
777 -0.8125739410908658
778 -0.8122773482454365
779 -0.810763056013295
780 -0.8097704063889843
781 -0.8087904034558893
782 -0.8078264802735117
783 -0.8068248308120562
784 -0.8056973558221517
785 -0.8038128025141175
786 -0.8012249769177471
787 -0.7986642290315
788 -0.7974127128408378
789 -0.7958229680505413
790 -0.7955801812349068
791 -0.7954525713787671
792 -0.795283452793597
793 -0.7943466073213423
794 -0.7931616794475718
795 -0.7902014676278716
796 -0.788613507165266
797 -0.7896387927066374
798 -0.7896585193114263
799 -0.7895415580242409
800 -0.7885992813702235
801 -0.7868549846095451
802 -0.785009941908279
803 -0.7827080605883834
804 -0.7823771745233778
805 -0.7822622113584545
806 -0.7827405609095635
807 -0.7813952516667109
808 -0.7810105595719107
809 -0.7798687891589802
810 -0.7769300882717598
811 -0.7757378092926548
812 -0.7750673867159508
813 -0.7729922038902661
814 -0.7684440316079609
815 -0.7658041843094869
816 -0.7653745504261555
817 -0.7653798460120375
818 -0.7666495671008531
819 -0.7666495671008531
820 -0.7653365529553162
821 -0.7650543911287945
822 -0.764684130052901
823 -0.7625835268196095
824 -0.7617921552819026
825 -0.7624055439931761
826 -0.7636752650819919
827 -0.763103249503868
828 -0.7623622509364554
829 -0.7620873046193863
830 -0.761175538734993
831 -0.7596684620123053
832 -0.7593287117060361
833 -0.7584745343013904
834 -0.7576813784359926
835 -0.7575106111190124
836 -0.757339843802032
837 -0.7565611189555415
838 -0.7557751785995974
839 -0.7555594694940863
840 -0.7552556611392034
841 -0.753667700676598
842 -0.7520510137720593
843 -0.7511841896761973
844 -0.7511446790694287
845 -0.7523712426974045
846 -0.7518568155990277
847 -0.7518297378889044
848 -0.7517309900705789
849 -0.7515620070812896
850 -0.7502634239546595
851 -0.7502329131850356
852 -0.7514883388508253
853 -0.7511446790694287
854 -0.7520887400511365
855 -0.753802526042191
856 -0.7556170579738336
857 -0.7579279391308735
858 -0.7578647924441888
859 -0.7595372053020937
860 -0.7613302263012556
861 -0.7632003485903838
862 -0.7650688221477014
863 -0.7669174335043489
864 -0.7682211069929962
865 -0.7707154021582321
866 -0.7726647594554679
867 -0.7746086855709404
868 -0.7766047689843977
869 -0.7787554043682372
870 -0.7821974073692535
871 -0.7856538413891763
872 -0.7878871448406247
873 -0.7900899375224484
874 -0.7934510567835471
875 -0.7961863544367263
876 -0.7982506748988857
877 -0.7997700574930438
878 -0.8031383922635958
879 -0.8065948262835189
880 -0.8088945824559777
881 -0.8117053326673126
882 -0.814971137169586
883 -0.816325183628527
884 -0.8180641848033234
885 -0.8187006635509027
886 -0.8207704151948244
887 -0.8248813972645993
888 -0.8284978144366668
889 -0.8318767977761738
890 -0.8327039060414023
891 -0.8346369697933498
892 -0.8367986031365955
893 -0.8409418803036853
894 -0.8440905964935985
895 -0.8483364039289665
896 -0.851294626197111
897 -0.8535728714370904
898 -0.8564141324180491
899 -0.8597878983703638
900 -0.8624224500829556
901 -0.8631864030907939
902 -0.8650332301197508
903 -0.8678892629393621
904 -0.868155345015167
905 -0.8670293135332079
906 -0.8670726065899291
907 -0.8684249957463538
908 -0.8686802936573239
909 -0.8699158571224437
910 -0.8687109400228287
911 -0.8681280620811793
912 -0.8689266491283396
913 -0.8710272523616311
914 -0.871404728946978
915 -0.871731832562031
916 -0.8731778877454706
917 -0.873965476833225
918 -0.8734133234557707
919 -0.8737731985837652
920 -0.8717679101092988
921 -0.8710269115418858
922 -0.8722068846495203
923 -0.8723542211104487
924 -0.8724800466388978
925 -0.8731347302846304
926 -0.8726796759936919
927 -0.8734690494091372
928 -0.874334089177308
929 -0.8756487520546553
930 -0.8749581264575361
931 -0.8734223232929152
932 -0.8723776519665004
933 -0.870929948051251
934 -0.8709388122925145
935 -0.8723237103408247
936 -0.8736977460256101
937 -0.8727029712538623
938 -0.8729258958688272
939 -0.8750337146115718
940 -0.8760029333798315
941 -0.8767312852560288
942 -0.8760496594960536
943 -0.8746900548301756
944 -0.8750858719095567
945 -0.8744528347921846
946 -0.8745138563314327
947 -0.8752548548988457
948 -0.8760119332169759
949 -0.8760928169568938
950 -0.8760119332169759
951 -0.8752548548988459
952 -0.8745282873503397
953 -0.8745427183692467
954 -0.8753375229664546
955 -0.8762258579947965
956 -0.8775477363815971
957 -0.8768715418033847
958 -0.8754111911969189
959 -0.8745210718408861
960 -0.8743197937542821
961 -0.8742172634860039
962 -0.8736147371382557
963 -0.8742100479765501
964 -0.8742315589090299
965 -0.8740967335434363
966 -0.8736760994972496
967 -0.870787907176204
968 -0.8691746533311661
969 -0.8690596901662418
970 -0.8708420540257442
971 -0.8702395276779962
972 -0.8689427288790568
973 -0.8688907071769532
974 -0.8696622165139903
975 -0.8706260041004873
976 -0.872161807265108
977 -0.8729477476210528
978 -0.8723847318800728
979 -0.871746263580938
980 -0.872258906351624
981 -0.8721312964954839
982 -0.8712789034185293
983 -0.8698185528120638
984 -0.86909741644532
985 -0.8702790382847645
986 -0.8703276269273674
987 -0.8702268809867799
988 -0.8689050025999788
989 -0.8687791770715302
990 -0.86929903535167
991 -0.8687037245133753
992 -0.8687288041012367
993 -0.8688600608114481
994 -0.8701442129191712
995 -0.8701225663908109
996 -0.8687252354458547
997 -0.8683368964969826
998 -0.866284881906294
999 -0.8666285416876907
1000 -0.8665099316686952
1001 -0.8653659005124473
1002 -0.8666141106687835
1003 -0.8673245984665725
1004 -0.8668513307067744
1005 -0.8669233502054285
1006 -0.8681284029009247
1007 -0.8670419602244243
1008 -0.8676228400438117
1009 -0.8680888922941564
1010 -0.8666949944087012
1011 -0.8652922322819834
1012 -0.8657689331012822
1013 -0.8658552480229622
1014 -0.8665619533707988
1015 -0.8666572681296236
1016 -0.8667022099181548
1017 -0.8667543672161395
1018 -0.8668801927445886
1019 -0.8676372710627192
1020 -0.8683333278416008
1021 -0.868297385890214
1022 -0.8670509600615686
1023 -0.8670437445521149
1024 -0.8682596596111364
1025 -0.8682596596111364
1026 -0.8670509600615686
1027 -0.8671103328690065
1028 -0.8685203105051789
1029 -0.8694086455335207
1030 -0.8701297819002642
1031 -0.869498529110583
1032 -0.8687719615620768
1033 -0.8686677825619883
1034 -0.8686982933316126
1035 -0.8688600608114483
1036 -0.8701819391982486
1037 -0.8702250966590892
1038 -0.8694913136011294
1039 -0.8686533515430813
1040 -0.8678746266965907
1041 -0.8677847431195286
1042 -0.868297385890214
1043 -0.867599544783641
1044 -0.8668208199371503
1045 -0.8665763843897063
1046 -0.8657599332641377
1047 -0.8649812084176471
1048 -0.8648625983986515
1049 -0.8648553828891977
1050 -0.8649290511196627
1051 -0.8655891659471577
1052 -0.8656501874864057
1053 -0.8650836030900445
1054 -0.8660945932083899
1055 -0.8646990465911251
1056 -0.8628446632329688
1057 -0.8642259144272078
1058 -0.8664865008126439
1059 -0.868095972207729
1060 -0.8682380130827758
1061 -0.8670148825143009
1062 -0.8668495463790833
1063 -0.8676376118824644
1064 -0.8647133420141513
1065 -0.8616883262052506
1066 -0.8611240025522066
1067 -0.8607680368993395
1068 -0.8593579236672864
1069 -0.8591351346482027
1070 -0.8590632507454291
1071 -0.8581925171744396
1072 -0.861118435774563
1073 -0.8641039409766953
1074 -0.8650191399205892
1075 -0.8632817178496186
1076 -0.8632026184373917
1077 -0.8638232226581187
1078 -0.8644472599383466
1079 -0.8638015761297582
1080 -0.863075008581252
1081 -0.8629419675433492
1082 -0.8628215731966629
1083 -0.8626381591884669
1084 -0.8612641235036819
1085 -0.8610574142353149
1086 -0.86096045074468
1087 -0.8605016140037891
1088 -0.8614493218395689
1089 -0.864247766179433
1090 -0.8647061265046976
1091 -0.865026014610297
1092 -0.8663462442652878
1093 -0.8663462442652878
1094 -0.8650548766481115
1095 -0.8648931091682757
1096 -0.8648176566101206
1097 -0.8648032255912136
1098 -0.8648248721195742
1099 -0.8649452664662602
1100 -0.8652472904934521
1101 -0.8673856200058212
1102 -0.868318896822694
1103 -0.8684375068416891
1104 -0.8682901703807606
1105 -0.8668801927445884
1106 -0.8661231144264581
1107 -0.8667039942458458
1108 -0.8668406821378201
1109 -0.8680618145840331
1110 -0.8668711929074439
1111 -0.8667543672161393
1112 -0.866718425264753
1113 -0.866284881906294
1114 -0.8682325819010133
1115 -0.8683692697929876
1116 -0.868238013082776
1117 -0.8667920934952169
1118 -0.8654252733198853
1119 -0.8665404424383192
1120 -0.8666411883789065
1121 -0.8667920934952175
1122 -0.8670509600615686
1123 -0.8685346059282051
1124 -0.8698619154967684
1125 -0.8690904061597311
1126 -0.866872977235135
1127 -0.8652490748211427
1128 -0.8649884239271007
1129 -0.8654111831207241
1130 -0.8646396737836868
1131 -0.8632979331962165
1132 -0.8632746379360458
1133 -0.8645893008133932
1134 -0.8648014412635227
1135 -0.8654722046599724
1136 -0.8648913248405847
1137 -0.8648409518702913
1138 -0.8648032255912133
1139 -0.8647510682932289
1140 -0.86462524276478
1141 -0.8638609489371962
1142 -0.8631055193508758
1143 -0.8629546142345655
1144 -0.8633287847855865
1145 -0.8613594382625066
1146 -0.8611328667934702
1147 -0.8610269034656908
1148 -0.8610052569373302
1149 -0.8609763948995163
1150 -0.8608110587642989
1151 -0.8603904247181116
1152 -0.8575183121477826
1153 -0.8558944097337908
1154 -0.8562956579949348
1155 -0.8564196991956925
1156 -0.8573043873699626
1157 -0.8583347632733515
1158 -0.8600108229853285
1159 -0.8616437252364648
1160 -0.8620356328407188
1161 -0.8629131055055355
1162 -0.8636667507641648
1163 -0.8641595313341808
1164 -0.862064359282652
1165 -0.8609099421785055
1166 -0.8591800764367337
1167 -0.8576154112342989
1168 -0.8574374284078651
1169 -0.858000444148845
1170 -0.8580165238995618
1171 -0.8574067820423602
1172 -0.8578168945447677
1173 -0.8568278917745284
1174 -0.8548929654962001
1175 -0.8515552770911533
1176 -0.8482751771658534
1177 -0.8470469562353619
1178 -0.8461675636469733
1179 -0.8470381616220821
1180 -0.8453531020729608
1181 -0.8421860453890134
1182 -0.8399095844767248
1183 -0.8368293191300842
1184 -0.8323730199763963
1185 -0.8272603884451664
1186 -0.8239679826483961
1187 -0.8203552123304001
1188 -0.8171127030882974
1189 -0.816602185465048
1190 -0.8164906553596254
1191 -0.8165641879942088
1192 -0.8176398465058736
1193 -0.8165733930552178
1194 -0.8126834156768361
1195 -0.809979105208907
1196 -0.8045538010815303
1197 -0.797811835954545
1198 -0.7925320057617163
1199 -0.789665665192896
1200 -0.7897503228120603
1201 -0.7890361307630088
1202 -0.7893545753606629
1203 -0.7886517794879538
1204 -0.7835837489255089
1205 -0.780299866550257
1206 -0.7801870285327696
1207 -0.7795559809669533
1208 -0.7764033553019127
1209 -0.7731483349644747
1210 -0.771278212675347
1211 -0.7709150315130264
1212 -0.7707729906379794
1213 -0.7706776758791546
1214 -0.7700175610516595
1215 -0.769884384417876
1216 -0.7699654733816588
1217 -0.7674787345456217
1218 -0.7605317088820798
1219 -0.7506984890197537
1220 -0.7444121901952143
1221 -0.737837559325708
1222 -0.7349887420155501
1223 -0.7395170520971861
1224 -0.7464405113087961
1225 -0.7548852644674293
1226 -0.7607512004375435
1227 -0.7650543911287943
1228 -0.7692622670612201
1229 -0.774288456645595
1230 -0.781872088081891
1231 -0.7878494185615471
1232 -0.7937402985236418
1233 -0.8004591039863372
1234 -0.8049278360366701
1235 -0.8054723060597506
1236 -0.8086302847078637
1237 -0.8106211507341294
1238 -0.8126333138983041
1239 -0.8147335763118496
1240 -0.8174831693880553
1241 -0.82120945936303
1242 -0.8216373089186706
1243 -0.8210006249472267
1244 -0.8201034256776214
1245 -0.81871509456981
1246 -0.8188282734070425
1247 -0.8205097643007824
1248 -0.8235670752069978
1249 -0.8249839275328776
1250 -0.8265266053872068
1251 -0.8305694860041605
1252 -0.8342344136201413
1253 -0.8369332929063078
1254 -0.8420908662260694
1255 -0.8472665174188097
1256 -0.8510644860726929
1257 -0.8534703411688119
1258 -0.8558116060703014
1259 -0.8603832092086583
1260 -0.862465607543796
1261 -0.8631936186002475
1262 -0.8650710919947094
1263 -0.8676661331005331
1264 -0.8703005492172441
1265 -0.8721761026881342
1266 -0.8736526686411983
1267 -0.8729638273717695
1268 -0.8708543598972148
1269 -0.870473236457796
1270 -0.8692071622230518
1271 -0.8705019628997294
1272 -0.8713742181773538
1273 -0.8722067490536395
1274 -0.8723614366199023
1275 -0.8724818309665887
1276 -0.8726508139558777
1277 -0.8739566125919614
1278 -0.8740320651501166
1279 -0.8729168960316827
1280 -0.874121948727179
1281 -0.8742226946677665
1282 -0.8742909317164682
1283 -0.8743214424860922
1284 -0.8742819318793237
1285 -0.8746255916607203
1286 -0.8725016931672585
1287 -0.8710126161188594
1288 -0.8710431268884835
1289 -0.8725609303788157
1290 -0.8751436656131685
1291 -0.8739133195352403
1292 -0.871240700723825
1293 -0.8718525677284631
1294 -0.8699788767839535
1295 -0.8666877788992479
1296 -0.863364521513108
1297 -0.8614727526956204
1298 -0.8610862762731288
1299 -0.8609315887068658
1300 -0.8603218468496644
1301 -0.8609171576879591
1302 -0.8609603151487992
1303 -0.8609386686204389
1304 -0.8607751168129121
1305 -0.8598777819474259
1306 -0.8583347632733515
1307 -0.8574229973889581
1308 -0.8571623464949158
1309 -0.8568585381400332
1310 -0.8553083039565054
1311 -0.8537797163013379
1312 -0.8535963022931419
1313 -0.8536232444073839
1314 -0.8547599244582978
1315 -0.8538985315441983
1316 -0.8515840035330867
1317 -0.8497533918507274
1318 -0.8480827633205127
1319 -0.8477789549656303
1320 -0.8476098363804607
1321 -0.8468347583880412
1322 -0.8470166506896027
1323 -0.8442326373686452
1324 -0.8427273449736484
1325 -0.8437975723035512
1326 -0.843874887388087
1327 -0.844405394237181
1328 -0.8430385740618493
1329 -0.8421412391963632
1330 -0.8418087043995474
1331 -0.8403680803978703
1332 -0.8400787030618951
1333 -0.8397766790347033
1334 -0.8377856859832629
1335 -0.8381293457646593
1336 -0.8379280676780554
1337 -0.8365628962345335
1338 -0.8363328917059965
1339 -0.8361422621883463
1340 -0.834861756934695
1341 -0.8358761801125416
1342 -0.8346245368967045
1343 -0.8345703814764578
1344 -0.8345668128210764
1345 -0.8354877837664784
1346 -0.8336032304584438
1347 -0.8289380968889529
1348 -0.8252139320614151
1349 -0.8225959365151667
1350 -0.8181810104946281
1351 -0.8136492587827857
1352 -0.8096301498416285
1353 -0.804954572927048
1354 -0.80057228282357
1355 -0.794071661004274
1356 -0.7862705935319665
1357 -0.7789710438457648
1358 -0.7766567210585179
1359 -0.7778743544773331
1360 -0.7770744021209172
1361 -0.7729364693661941
1362 -0.7621964383856109
1363 -0.7556149242556909
1364 -0.7485876390945313
1365 -0.7370336925835458
1366 -0.7216998344901572
1367 -0.7001846392422701
1368 -0.6812759509045339
1369 -0.6648796270343065
1370 -0.6451804108860938
1371 -0.6287515903547732
1372 -0.6079212381015187
1373 -0.5725880683270035
1374 -0.5295872789057263
1375 -0.4871086085079057
1376 -0.44704405766675326
1377 -0.4161066455823911
1378 -0.3907252254602348
1379 -0.3542619038144086
1380 -0.3137039933273378
1381 -0.2817415078663602
1382 -0.28168975532574525
1383 -0.2967735796915686
1384 -0.3034735996470813
1385 -0.3320355024368622
1386 -0.37580196813639055
1387 -0.43669668555789953
1388 -0.5093004906405112
1389 -0.5639084291617673
1390 -0.6005338782788598
1391 -0.6352577789517128
1392 -0.6647955850867362
1393 -0.6845300098400131
1394 -0.7079754742837124
1395 -0.7361213040866668
1396 -0.7439984324685494
1397 -0.7313731563399205
1398 -0.7331400630611911
1399 -0.7615178869442385
1400 -0.7887916235573075
1401 -0.8033468198917566
1402 -0.8160093548550013
1403 -0.8380325178699056
1404 -0.8586554686143233
1405 -0.8733910649159029
1406 -0.8931348856929879
1407 -0.9091691864560123
1408 -0.9146930417485555
1409 -0.916577106410171
1410 -0.9194595353004147
1411 -0.9275883880272662
1412 -0.9331582771955615
1413 -0.9290646827885677
1414 -0.9213047832255454
1415 -0.9158653107003172
1416 -0.908609337493391
1417 -0.9028154124512255
1418 -0.893219617850755
1419 -0.8838900323512646
1420 -0.874988772823041
1421 -0.8648985403500381
1422 -0.8554270495713816
1423 -0.8462144253590765
1424 -0.8380392569637325
1425 -0.8325942958595514
1426 -0.8273361818230671
1427 -0.8202867040899369
1428 -0.8142284898703627
1429 -0.8070551065323552
1430 -0.8002070424817096
1431 -0.7967671646281302
1432 -0.7938952572816664
1433 -0.7919584110797664
1434 -0.7912699106300833
1435 -0.7888582835324561
1436 -0.7865293245024374
1437 -0.7861374168981833
1438 -0.7859271389744349
1439 -0.785722078437878
1440 -0.7843103164740151
1441 -0.7840082924468236
1442 -0.783161330551631
1443 -0.7823753901956867
1444 -0.7822351336483309
1445 -0.7821147393016445
1446 -0.7819457563123555
1447 -0.7806255266573647
1448 -0.7804601905221473
1449 -0.7813092775647763
1450 -0.7784641071086902
1451 -0.7765237496485988
1452 -0.7745422328499298
1453 -0.7721233902428485
1454 -0.7710713678110996
1455 -0.7707729906379794
1456 -0.7704924775432676
1457 -0.7689926163300334
1458 -0.7680449084942538
1459 -0.7672051621085145
1460 -0.767124278368597
1461 -0.7672661836477629
1462 -0.7680879303592129
1463 -0.7697948416605597
1464 -0.7680505448998809
1465 -0.7635130211865299
1466 -0.7600605052124402
1467 -0.7591975905917057
1468 -0.7564764613363771
1469 -0.7575268264656103
1470 -0.7582373142633997
1471 -0.7579546760212509
1472 -0.759522774283187
1473 -0.7611071660904103
1474 -0.7623768871792267
1475 -0.7608627305429659
1476 -0.7579275983111279
1477 -0.7562336745207429
1478 -0.7570073090052167
1479 -0.7555506052528225
1480 -0.7541584916950582
1481 -0.7541729227139657
1482 -0.7556260578109779
1483 -0.7571546454661452
1484 -0.7573846499946828
1485 -0.7573541392250588
1486 -0.757080977235681
1487 -0.7550108847720138
1488 -0.7541800026275385
1489 -0.7551081890823942
1490 -0.7540958910519844
1491 -0.7516446751488983
1492 -0.7481268787699817
1493 -0.7484021659067956
1494 -0.7499653876012853
1495 -0.7484095866401141
1496 -0.7448612794915728
1497 -0.7441907787161789
1498 -0.7426208961265519
1499 -0.7424086200805418
1500 -0.7423187365034791
1501 -0.7422144219075101
1502 -0.7419555553411588
1503 -0.7403531638596464
1504 -0.7386016515895139
1505 -0.7373645664177586
1506 -0.7350482540789562
1507 -0.7340556044546452
1508 -0.7338704061187581
1509 -0.7338164644930826
1510 -0.7342787342934745
1511 -0.7329119141181426
1512 -0.7320828163013582
1513 -0.7318887537242076
1514 -0.7317340661579446
1515 -0.7309535569837631
1516 -0.7306065911680403
1517 -0.7289881199358106
1518 -0.727357002012365
1519 -0.7264452361279718
1520 -0.7262871155022077
1521 -0.7267726805627706
1522 -0.7255443326071034
1523 -0.7260461130142647
1524 -0.725479528617903
1525 -0.7260353288494292
1526 -0.7264094994004497
1527 -0.7236973699822657
1528 -0.7231077529467893
1529 -0.7213562406766574
1530 -0.7190991655494126
1531 -0.7191767432550037
1532 -0.7175187614160061
1533 -0.7158011929749986
1534 -0.7141000536751599
1535 -0.7135823205424572
1536 -0.7119349872724139
1537 -0.7102876540023699
1538 -0.7097699208696672
1539 -0.7080543505509219
1540 -0.7062685450612132
1541 -0.7044865220214567
1542 -0.7033752623781503
1543 -0.7019203429534473
1544 -0.701929207194711
1545 -0.7033141052430214
1546 -0.7046520633805393
1547 -0.7034614417039501
1548 -0.7031844972646197
1549 -0.7016812029918849
1550 -0.7013071594660387
1551 -0.6998055139251135
1552 -0.6993991753019526
1553 -0.6982861313309556
1554 -0.6958817197427816
1555 -0.6940511080604225
1556 -0.6924559320883636
1557 -0.6923211067227699
1558 -0.6935027285622144
1559 -0.692936144165853
1560 -0.6927832409272812
1561 -0.6918913372435578
1562 -0.6908232350610914
1563 -0.6890518605902896
1564 -0.6867050374818628
1565 -0.6861890886768509
1566 -0.6847323849244569
1567 -0.6846154236372715
1568 -0.685171223868797
1569 -0.6850669092728283
1570 -0.6841551433884352
1571 -0.682434141887927
1572 -0.6805279420515318
1573 -0.6784493261663466
1574 -0.6756925175806872
1575 -0.6718852082699139
1576 -0.6711212552620762
1577 -0.6704471858313001
1578 -0.666938118097766
1579 -0.6657496215686134
1580 -0.666235663044803
1581 -0.662032536654648
1582 -0.6600544529154799
1583 -0.6592850687258789
1584 -0.6562529156062145
1585 -0.6553972164949335
1586 -0.6522212955697224
1587 -0.6491854955959862
1588 -0.6497524208120933
1589 -0.6480800079541876
1590 -0.6458120704634173
1591 -0.6447816945600289
1592 -0.644423944579471
1593 -0.6439277223792477
1594 -0.6414047007720782
1595 -0.6381424649251867
1596 -0.6356266588274709
1597 -0.6351898094346857
1598 -0.6350477685596391
1599 -0.6350261220312785
1600 -0.6350116910123715
1601 -0.6349290229447628
1602 -0.6347078826574891
1603 -0.6332008059348011
1604 -0.6321848610503196
1605 -0.6312066424449159
1606 -0.6298181757412231
1607 -0.6303163874930023
1608 -0.6308344614454506
1609 -0.6300557365989601
1610 -0.6285737394641335
1611 -0.6276441095013323
1612 -0.6278242174752027
1613 -0.62567867245338
1614 -0.6241894598091
1615 -0.6245889237425534
1616 -0.6250188984456303
1617 -0.6236033540318145
1618 -0.62208019755841
1619 -0.6222476588410639
1620 -0.6201507024618441
1621 -0.6197694434265449
1622 -0.6188020871846662
1623 -0.6177500647529167
1624 -0.6160362787618628
1625 -0.6143080617519007
1626 -0.6131950177809034
1627 -0.6120980535606234
1628 -0.610396914260785
1629 -0.609273007926262
1630 -0.6071778358747335
1631 -0.6076256746562185
1632 -0.6082102013296775
1633 -0.6080537294357233
1634 -0.6069352542829638
1635 -0.6037809798861132
1636 -0.60116442784781
1637 -0.5993751892985999
1638 -0.5990569499248106
1639 -0.5989598508382947
1640 -0.5989742818572019
1641 -0.5991540490113263
1642 -0.5996573511251222
1643 -0.6027433884732714
1644 -0.6058222103119664
1645 -0.6062589241088707
1646 -0.6062069024067669
1647 -0.6052521146574147
1648 -0.6025650648270918
1649 -0.6029125070584413
1650 -0.6040438915234728
1651 -0.6020146957773285
1652 -0.6048708641928209
1653 -0.6086151538420843
1654 -0.6080945565252627
1655 -0.6145779177069524
1656 -0.6186100141590711
1657 -0.6181922097315835
1658 -0.6197118549467975
1659 -0.6200465234617558
1660 -0.621609190541929
1661 -0.6221917276638327
1662 -0.6246932383385226
1663 -0.6274231048099392
1664 -0.6298109602317697
1665 -0.6340694143583541
1666 -0.6383117887342216
1667 -0.6407086439931966
1668 -0.6430156156751088
1669 -0.6469381019453766
1670 -0.6495150651782216
1671 -0.6491028275283777
1672 -0.6521870023501455
1673 -0.6548145523478548
1674 -0.6573843000712465
1675 -0.6582076258865224
1676 -0.6603421815196451
1677 -0.6649820217067033
1678 -0.6673807394920592
1679 -0.6707003500241275
1680 -0.6724933710232899
1681 -0.6727307266571614
1682 -0.6722272193195007
1683 -0.6720057382124813
1684 -0.6745917794811603
1685 -0.6797496936206678
1686 -0.6814019816568477
1687 -0.6828421292428983
1688 -0.6858169076773859
1689 -0.6869283029165731
1690 -0.6869080998961581
1691 -0.6888502416839399
1692 -0.6932420776681723
1693 -0.6951553574181399
1694 -0.6949770337719607
1695 -0.6957055212440386
1696 -0.6958457777913947
1697 -0.6960669180786687
1698 -0.6975308373405162
1699 -0.6979442558772493
1700 -0.6994872745513239
1701 -0.7008685257455627
1702 -0.6997533566271288
1703 -0.6996670417054482
1704 -0.6996132356756537
1705 -0.6996365309358245
1706 -0.6997029836568354
1707 -0.7002659993978148
1708 -0.7000737211483548
1709 -0.6980862967522966
1710 -0.697395671155177
1711 -0.6991836017923221
1712 -0.6992877807924105
1713 -0.6982103379530546
1714 -0.6994531169276282
1715 -0.6996042358385093
1716 -0.7002749992349593
1717 -0.6997695719737267
1718 -0.6998881819927222
1719 -0.7011723341004453
1720 -0.7011705497727545
1721 -0.7003486674654235
1722 -0.6988128643008028
1723 -0.6978705876467854
1724 -0.6975739948013562
1725 -0.6967503281663342
1726 -0.6960004653576575
1727 -0.6960399759644263
1728 -0.6964084527126284
1729 -0.6992211924755192
1730 -0.7006887585914381
1731 -0.6994800590418703
1732 -0.6980574347144823
1733 -0.6977879195791767
1734 -0.6980722065531351
1735 -0.6959698189921527
1736 -0.694986169204986
1737 -0.6941841490983247
1738 -0.6942273065591649
1739 -0.6956102064852141
1740 -0.6958655043961834
1741 -0.6970416950538659
1742 -0.695606637829832
1743 -0.69396122448336
1744 -0.6924577164160542
1745 -0.6919487204994399
1746 -0.695173357092429
1747 -0.695471812464239
1748 -0.6954015772932756
1749 -0.6938946361664686
1750 -0.6923516174923943
1751 -0.6920638888882287
1752 -0.6917492963685108
1753 -0.6911201687262659
1754 -0.687338074599235
1755 -0.683649510903338
1756 -0.6843566926668012
1757 -0.6842578092525942
1758 -0.6837018734251876
1759 -0.6842971842634817
1760 -0.6842576736567134
1761 -0.6840293178599863
1762 -0.6824630039257411
1763 -0.6808768277908267
1764 -0.6800892387030721
1765 -0.6808103750698156
1766 -0.6818406153773234
1767 -0.6840275335322952
1768 -0.6853206854771625
1769 -0.682826049492181
1770 -0.6819521454827461
1771 -0.6824199820607819
1772 -0.682033029222664
1773 -0.6835166750893001
1774 -0.6854609420245187
1775 -0.6842504581472599
1776 -0.6828350493293255
1777 -0.6826194758196953
1778 -0.6826050448007881
1779 -0.6827595967711702
1780 -0.6840814751579707
1781 -0.6841462791471715
1782 -0.6835256749264449
1783 -0.6829447951070573
1784 -0.6841857897539401
1785 -0.6843170464641516
1786 -0.6843997145317604
1787 -0.6844895981088226
1788 -0.6846513655886584
1789 -0.6859283021869276
1790 -0.6858528496287726
1791 -0.6843780680034
1792 -0.682797323050248
1793 -0.6823821201858236
1794 -0.6814398435318059
1795 -0.6800226503861808
1796 -0.6799722774158867
1797 -0.6807275714063263
1798 -0.682047665465436
1799 -0.6819595662160647
1800 -0.6799183357902112
1801 -0.6790605115314936
1802 -0.6790210009247253
1803 -0.6802529957344634
1804 -0.6802602112439169
1805 -0.67907315822271
1806 -0.6792312788484736
1807 -0.6808301016746046
1808 -0.6836357615239221
1809 -0.6834807331379138
1810 -0.6833150561829511
1811 -0.6866134966022848
1812 -0.6868597946761099
1813 -0.6866099279469026
1814 -0.6842901043499093
1815 -0.6809718017299058
1816 -0.6826644176082264
1817 -0.6846374109853772
1818 -0.6837378153765741
1819 -0.6844895981088224
1820 -0.6853349112722047
1821 -0.685786056088016
1822 -0.6880357801099273
1823 -0.6895537191961402
1824 -0.689555503523831
1825 -0.6875897256561327
1826 -0.6868470783569096
1827 -0.6880808574943393
1828 -0.6883289398958552
1829 -0.6896453871008934
1830 -0.6890950180511297
1831 -0.6884565497519952
1832 -0.6889709768503718
1833 -0.6883810971938399
1834 -0.6889043885334799
1835 -0.6882031143674063
1836 -0.6879693273889164
1837 -0.6865719964439605
1838 -0.6864102289641247
1839 -0.6864407397337489
1840 -0.6866528801838783
1841 -0.6886150111975045
1842 -0.6881958988579525
1843 -0.6882209784458141
1844 -0.688204898695097
1845 -0.6881976831856437
1846 -0.6882193297140042
1847 -0.6883252930417834
1848 -0.6885446490013667
1849 -0.6904762692453683
1850 -0.6899779218977089
1851 -0.6892423545120585
1852 -0.6893793050250879
1853 -0.6864371710783671
1854 -0.6845866971953386
1855 -0.6829898724914694
1856 -0.6829610104536554
1857 -0.6844213610601209
1858 -0.6859804594849126
1859 -0.6862752680026507
1860 -0.6869299516483833
1861 -0.6862986988587019
1862 -0.6856602305595674
1863 -0.6862555413978619
1864 -0.6863490718289956
1865 -0.6869604624180073
1866 -0.6863041300404644
1867 -0.6861513623977732
1868 -0.6850163310786699
1869 -0.6858669398279338
1870 -0.6890233393722212
1871 -0.6878092868395806
1872 -0.6860702074660938
1873 -0.6834502223682896
1874 -0.6807941597232177
1875 -0.6788736644637967
1876 -0.6772424109444699
1877 -0.6769944067416438
1878 -0.6779478083802419
1879 -0.6755124096068175
1880 -0.6755051940973638
1881 -0.6778812200633504
1882 -0.6767121093192408
1883 -0.675900875580864
1884 -0.6750001076558771
1885 -0.6746603573496079
1886 -0.6732503797134359
1887 -0.672642422183925
1888 -0.6740596153295508
1889 -0.6756241449361049
1890 -0.6764765380130601
1891 -0.6764927533596579
1892 -0.6752751895688267
1893 -0.6754027994249664
1894 -0.6769961910693347
1895 -0.6793107190804462
1896 -0.6804093320325362
1897 -0.6807940241273369
1898 -0.6821464132837618
1899 -0.6820386656282915
1900 -0.6809291903126757
1901 -0.6773521567222016
1902 -0.6757443340589264
1903 -0.6768254237523548
1904 -0.6780052612641083
1905 -0.6766994626280249
1906 -0.6752607585499194
1907 -0.675098991070084
1908 -0.6751708749728573
1909 -0.6764478115711269
1910 -0.6764766736089408
1911 -0.6753506421269815
1912 -0.6756022931838797
1913 -0.6783756579358824
1914 -0.679965267130298
1915 -0.6790262965106068
1916 -0.6801233877560618
1917 -0.6787657812124456
1918 -0.6784384638028216
1919 -0.6764763327891952
1920 -0.6769817600504278
1921 -0.6781184401013411
1922 -0.6767641310213446
1923 -0.6761528674575079
1924 -0.6729592180497697
1925 -0.6698551028286419
1926 -0.6684505563742326
1927 -0.6710853133106892
1928 -0.6733314686772185
1929 -0.6735614732057559
1930 -0.6727917481964095
1931 -0.6712021390019938
1932 -0.6701663319168427
1933 -0.6687312746928091
1934 -0.6692689970513567
1935 -0.6694811375014861
1936 -0.6708999793789213
1937 -0.6715583098787261
1938 -0.6707292120619415
1939 -0.668517214319108
1940 -0.6674653274832396
1941 -0.6666560918671247
1942 -0.666715329078682
1943 -0.668080364926323
1944 -0.6687925014559227
1945 -0.6680946603493492
1946 -0.6671236572533988
1947 -0.6654548130508755
1948 -0.6638074797808319
1949 -0.6633401196184225
1950 -0.6622142933603281
1951 -0.6597093496261377
1952 -0.6581288672940415
1953 -0.6532641129404622
1954 -0.6529494422220545
1955 -0.6550033193391241
1956 -0.6567727738863536
1957 -0.6589361829865845
1958 -0.6579235441364287
1959 -0.6578155826863878
1960 -0.6575388520416281
1961 -0.656456318840255
1962 -0.6539943187723343
1963 -0.651433570886087
1964 -0.6500634446764293
1965 -0.6476733285112817
1966 -0.6465081272422994
1967 -0.6458806483318644
1968 -0.6428269842797207
1969 -0.6413256013598516
1970 -0.6381191696650161
1971 -0.6356858960390281
1972 -0.6357544739074756
1973 -0.634675587560174
1974 -0.6327583897643725
1975 -0.6293705421836029
1976 -0.6269286669374072
1977 -0.6217761839796627
1978 -0.6204725104910155
1979 -0.6212604403985156
1980 -0.6197568749340183
1981 -0.618990923803919
1982 -0.6148925884253602
1983 -0.6104812310602037
1984 -0.6065413571271543
1985 -0.6025942676846516
1986 -0.5981523995498705
1987 -0.5939676136537507
1988 -0.592396073761608
1989 -0.5909846526174908
1990 -0.5884201222812911
1991 -0.5853628113750753
1992 -0.5847857054349344
1993 -0.5842283260995826
1994 -0.5821351435996094
1995 -0.5783085840996737
1996 -0.571960310904633
1997 -0.5671370567093781
1998 -0.5674792729828295
1999 -0.5669363246663848
2000 -0.5640353500582418
2001 -0.5623107017036619
2002 -0.5614170136922476
2003 -0.5623252023505532
2004 -0.5610898441092975
2005 -0.557777440515977
2006 -0.5500231773585819
2007 -0.5411146326929208
2008 -0.5324972496909262
2009 -0.5262928798973134
2010 -0.5281795583527846
2011 -0.5339863267393252
2012 -0.5413213419612879
2013 -0.5500700390706847
2014 -0.5569591354347339
2015 -0.5635030503107512
2016 -0.5690886087820342
2017 -0.5732120323191602
2018 -0.5771897681271682
2019 -0.5812088770683249
2020 -0.5863951768300197
2021 -0.5908137497046299
2022 -0.5937178165525275
2023 -0.5945752999915002
2024 -0.5974242528975386
2025 -0.5983235076865967
2026 -0.5964148418830191
2027 -0.5994362108378484
2028 -0.6038712042829211
2029 -0.6052717056663224
2030 -0.6062069024067667
2031 -0.6062537641188699
2032 -0.604656462999374
2033 -0.6067714972515725
2034 -0.6096130990522769
2035 -0.6094922282899641
2036 -0.6103393257810374
2037 -0.6112152853099247
2038 -0.6113319057773647
2039 -0.6150074819622999
2040 -0.621071468183382
2041 -0.6284464704277394
2042 -0.6326379954176864
2043 -0.6352543422321251
2044 -0.6393240867646314
2045 -0.6410250990392952
2046 -0.6443807871186303
2047 -0.6471250846089547
2048 -0.6487558617126546
2049 -0.6521924335319083
2050 -0.6556398677146871
2051 -0.6582959303597589
2052 -0.6594394851003804
2053 -0.6596156835991228
2054 -0.6599504791392558
2055 -0.6576736774072218
2056 -0.654778269576723
2057 -0.6549690261195474
2058 -0.6542569677886383
2059 -0.6552569599475772
2060 -0.6533253397035748
2061 -0.6525610458759914
2062 -0.6536691350808529
2063 -0.6527318131929718
2064 -0.6542387543197785
2065 -0.6567748990337903
2066 -0.6555589839747692
2067 -0.6530661323174785
2068 -0.6542101634737263
2069 -0.6555734149936758
2070 -0.6557135359451509
2071 -0.6555967102538466
2072 -0.6542011636365815
2073 -0.6534601650691684
2074 -0.6540448273385087
2075 -0.6547659637052523
2076 -0.6544528146934796
2077 -0.6559382448878066
2078 -0.6573825157435553
2079 -0.6574956945807884
2080 -0.6563445835109677
2081 -0.6569398943492621
2082 -0.6575604985699891
2083 -0.6574668325429742
2084 -0.6559940490398631
2085 -0.655479884562542
2086 -0.6526724403855335
2087 -0.6521906492042171
2088 -0.6521927743516537
2089 -0.6485688790490767
2090 -0.6465764998868819
2091 -0.644812340925534
2092 -0.6434203055664596
2093 -0.6456578593127809
2094 -0.644483317386909
2095 -0.6432889132603672
2096 -0.6449528026967546
2097 -0.6442603927719445
2098 -0.6428592793770357
2099 -0.6425483911085804
2100 -0.6417175089641052
2101 -0.6409369997899239
2102 -0.6412662285524133
2103 -0.6397645830114884
2104 -0.6386838341378057
2105 -0.636984479165658
2106 -0.6353893031935991
2107 -0.6351304366272478
2108 -0.6350189065218248
2109 -0.6348768656467781
2110 -0.6345443308499625
2111 -0.632348412857846
2112 -0.6307748834141478
2113 -0.6311257587049978
2114 -0.6305736053275435
2115 -0.631326901195721
2116 -0.632057115598299
2117 -0.6330159484186597
2118 -0.6301239736476616
2119 -0.6265307247105896
2120 -0.6271066497638408
2121 -0.6255887888763176
2122 -0.624655376463564
2123 -0.6242275269079232
2124 -0.622035255769879
2125 -0.6215120914554133
2126 -0.6198631094535596
2127 -0.6183145240018416
2128 -0.6180522243759892
2129 -0.6184857677344484
2130 -0.6168074472791538
2131 -0.6181491878666239
2132 -0.620586235371859
2133 -0.6181544834525061
2134 -0.6176403189751849
2135 -0.615762981176604
2136 -0.6125707093089138
2137 -0.6113339649569047
2138 -0.6067572714565299
2139 -0.5995063104129308
2140 -0.595062920571515
2141 -0.5891068384032832
2142 -0.5860159159169822
2143 -0.5809503513217193
2144 -0.5723199234115719
2145 -0.5674969318373728
2146 -0.5646343737185049
2147 -0.5647977813594445
2148 -0.5640477255576961
2149 -0.5655300549415623
2150 -0.5594445003908095
2151 -0.5485625555603545
2152 -0.5383666223806284
2153 -0.5250829457237525
2154 -0.5098946397636014
2155 -0.4918772430980807
2156 -0.4746697722588723
2157 -0.45883281727555236
2158 -0.4363298612015941
2159 -0.4170955164168364
2160 -0.3972633719948304
2161 -0.3625326711708725
2162 -0.3202028503699097
2163 -0.2734712926231483
2164 -0.2262654483174389
2165 -0.1896093670959068
2166 -0.16286146761816467
2167 -0.1280704928623464
2168 -0.08803630130405748
2169 -0.05605943365065824
2170 -0.04828106453815362
2171 -0.06475595717073179
2172 -0.07158783727725726
2173 -0.0910024972900223
2174 -0.13564166531059685
2175 -0.1949719398949472
2176 -0.27112700876997475
2177 -0.3330113373131428
2178 -0.37566057183435175
2179 -0.4169119008448625
2180 -0.4539531448864609
2181 -0.4749640872195722
2182 -0.4927851174284992
2183 -0.524990511039926
2184 -0.5345370382386486
2185 -0.5183954788670315
2186 -0.5165782635135499
2187 -0.5405272153434845
2188 -0.5650191908082074
2189 -0.5734922742221108
2190 -0.5838314083622744
2191 -0.6045440317695296
2192 -0.6242586496890546
2193 -0.6380249001971999
2194 -0.6609516436143787
2195 -0.6803089391424877
2196 -0.6932691590383824
2197 -0.6985719314408428
2198 -0.6995619098741073
2199 -0.7078202923806703
2200 -0.7148055903669001
2201 -0.712095109680526
2202 -0.7047577555165565
2203 -0.6953779412133592
2204 -0.6881240149551793
2205 -0.6803212327831654
2206 -0.6712235143385926
2207 -0.6634302084193497
2208 -0.6517682308303394
2209 -0.6388381808843231
2210 -0.6296348973289081
2211 -0.6208936209528293
2212 -0.6125206075303823
2213 -0.6050344160003471
2214 -0.5989777149167028
2215 -0.5924373112988766
2216 -0.5873144990436121
2217 -0.5778265876944928
2218 -0.5673366860641724
2219 -0.5627927640767402
2220 -0.5603779091434764
2221 -0.5591566325306764
2222 -0.5581154724624522
2223 -0.5575473663594557
2224 -0.5545925857215186
2225 -0.5528661530392478
2226 -0.5525534804431019
2227 -0.5525174028958342
2228 -0.5526486596060457
2229 -0.5539578913016302
2230 -0.5534866216640936
2231 -0.5540010487624704
2232 -0.5532367549348867
2233 -0.5518410727217409
2234 -0.5521092799449822
2235 -0.5511220615024337
2236 -0.5488812017217867
2237 -0.547829314885918
2238 -0.5470128637603497
2239 -0.5470415902022832
2240 -0.548349037570177
2241 -0.5484281369824038
2242 -0.5482375074647539
2243 -0.5466406827608848
2244 -0.544966407376599
2245 -0.5434448996350041
2246 -0.5437777752515653
2247 -0.5439793941579152
2248 -0.5410173980105244
2249 -0.5385051605681902
2250 -0.5368146698373065
2251 -0.5365953920764133
2252 -0.5381351047161619
2253 -0.535550585154118
2254 -0.534091883279462
2255 -0.5350095567612443
2256 -0.5347884164739709
2257 -0.5323242912586128
2258 -0.5329645438854387
2259 -0.535002341251791
2260 -0.5358852450983698
2261 -0.5354569191271028
2262 -0.5354101930108808
2263 -0.5361605322351839
2264 -0.5330367686079576
2265 -0.5286234216912454
2266 -0.5274312783080213
2267 -0.5279170571631544
2268 -0.5292261532628584
2269 -0.528740452606415
2270 -0.5291218386668888
2271 -0.5274600743779381
2272 -0.5248598158849227
2273 -0.5230924864851294
2274 -0.5174058498242191
2275 -0.5157332231717431
2276 -0.5181937797317191
2277 -0.5202708165130783
2278 -0.5196322126180626
2279 -0.5178232474640638
2280 -0.5146043046738936
2281 -0.5116513083636471
2282 -0.5121423046059724
2283 -0.5141871818858974
2284 -0.5155682974842553
2285 -0.5142841453765323
2286 -0.5127573420490557
2287 -0.5118816537119304
2288 -0.5118367119233989
2289 -0.5125649282037152
2290 -0.5132375541265457
2291 -0.5135434876288647
2292 -0.5105760602997111
2293 -0.5074667276913919
2294 -0.506824953357931
2295 -0.5053143079798614
2296 -0.5056002436856297
2297 -0.5045951611646737
2298 -0.5027950602519387
2299 -0.4998797902207698
2300 -0.4990111817972168
2301 -0.5007397396269242
2302 -0.5008061923479348
2303 -0.49967116102883113
2304 -0.5002736873765794
2305 -0.5008798605783992
2306 -0.5007468195404965
2307 -0.49927925342457735
2308 -0.4978082542491571
2309 -0.49821293556980195
2310 -0.4976140560761255
2311 -0.49864999018645173
2312 -0.49716999117388705
2313 -0.4954740692612408
2314 -0.49371534148165486
2315 -0.49251962944304917
2316 -0.49127532876184
2317 -0.4883582744029805
2318 -0.48738892003884005
2319 -0.4878387569425866
2320 -0.488360263954536
2321 -0.4870526809907616
2322 -0.486698499665585
2323 -0.48556216043441724
2324 -0.4831218068948566
2325 -0.48074247489454414
2326 -0.4797679031432117
2327 -0.4806978739257588
2328 -0.47935256468290666
2329 -0.47849460482830786
2330 -0.47804875559837845
2331 -0.4766589809826216
2332 -0.4731252318781628
2333 -0.4672606123908193
2334 -0.4663599714910073
2335 -0.46590512242393334
2336 -0.4649464948274371
2337 -0.4642669942148985
2338 -0.4604598205000062
2339 -0.45726403737412546
2340 -0.45664034091364336
2341 -0.45624664898169864
2342 -0.454786162779352
2343 -0.45391033884634524
2344 -0.45410309351143163
2345 -0.4523981717616412
2346 -0.4493840183162653
2347 -0.4485859076847315
2348 -0.44607718150058806
2349 -0.44357567082589855
2350 -0.44282250198289597
2351 -0.4399486050848761
2352 -0.4391195072680918
2353 -0.4404108748852683
2354 -0.4413440161062602
2355 -0.44265689465591673
2356 -0.4423171443496473
2357 -0.43865022718211066
2358 -0.4360282439620452
2359 -0.4342516521040515
2360 -0.43446213525166444
2361 -0.43356844724025034
2362 -0.4325559354152695
2363 -0.4303582330954623
2364 -0.42989808844250677
2365 -0.4294252970983351
2366 -0.4266411481814971
2367 -0.42610898402988695
2368 -0.42544756129032735
2369 -0.42225885807801944
2370 -0.4188672280472969
2371 -0.41708911448266817
2372 -0.4130373696244506
2373 -0.40970676113297644
2374 -0.40893572821156565
2375 -0.4073782785185841
2376 -0.406257542622507
2377 -0.40890673057787086
2378 -0.41091566590640916
2379 -0.40960265176087207
2380 -0.40732598562471867
2381 -0.40567335676879324
2382 -0.4049448692967158
2383 -0.4066499962703709
2384 -0.40691820349361274
2385 -0.40282296035480947
2386 -0.40049413692067126
2387 -0.40145296974103195
2388 -0.40163446382565626
2389 -0.4029796374726279
2390 -0.4029724219631743
2391 -0.40156065999931134
2392 -0.4010968684922842
2393 -0.39883979336503905
2394 -0.3976368658169791
2395 -0.39680267763817767
2396 -0.3923301717085982
2397 -0.390172242616615
2398 -0.38731820791926563
2399 -0.38842602593236486
2400 -0.39033799777026845
2401 -0.38987194551992344
2402 -0.38873691420082035
2403 -0.38987194551992344
2404 -0.3902947047135473
2405 -0.3881419441822709
2406 -0.3863940005675208
2407 -0.384789960354198
2408 -0.3846280572784815
2409 -0.3852197994613944
2410 -0.38572522672262666
2411 -0.3842647405202798
2412 -0.3825114439224572
2413 -0.3815802922530206
2414 -0.3769926093639465
2415 -0.37356125493188486
2416 -0.3720889478444005
2417 -0.37092174845315684
2418 -0.36835695549590164
2419 -0.3705495674536917
2420 -0.37043638861645867
2421 -0.3679361858538336
2422 -0.3682870611446838
2423 -0.3686110725199816
2424 -0.3670247607891862
2425 -0.3646941530273575
2426 -0.3635918932211951
2427 -0.36226101499725005
2428 -0.3635828933840507
2429 -0.3651186965486718
2430 -0.3655176840664982
2431 -0.36692779729855074
2432 -0.36710756445267567
2433 -0.366258477410047
2434 -0.36909643235667955
2435 -0.3710062790471462
2436 -0.37296628491333617
2437 -0.37495515281734004
2438 -0.37703033564302424
2439 -0.38031057116420486
2440 -0.38247563756695113
2441 -0.38467286347113205
2442 -0.38797117686529103
2443 -0.3910302720991977
2444 -0.3903824631431728
2445 -0.391369817181602
2446 -0.39370069613519265
2447 -0.394707300362784
2448 -0.39896575448936844
2449 -0.4045821645500214
2450 -0.40736914308555916
2451 -0.4112891548179387
2452 -0.41629238996188855
2453 -0.42045009814788536
2454 -0.42085431162360987
2455 -0.4234025484145213
2456 -0.4259959407885354
2457 -0.42810341871153457
2458 -0.4303528019136996
2459 -0.4338578245762258
2460 -0.438364623725382
2461 -0.43853869707668824
2462 -0.43960871918272615
2463 -0.4413244250973525
2464 -0.4422250659971647
2465 -0.4468504751653162
2466 -0.4504076551258267
2467 -0.45269476460707003
2468 -0.45485983100981653
2469 -0.4580646139728416
2470 -0.4599419517714225
2471 -0.4604147431155944
2472 -0.4617672678679001
2473 -0.4612529763654041
2474 -0.46082478599001797
2475 -0.4619073191913913
2476 -0.4650886712983645
2477 -0.468404848770932
2478 -0.46997803739488464
2479 -0.472121457269271
2480 -0.47593419776180657
2481 -0.4778043200509341
2482 -0.47763864309597126
2483 -0.4789552258968899
2484 -0.4785001716059514
2485 -0.4786709389229318
2486 -0.4800899163962481
2487 -0.48044231339373333
2488 -0.481936743425205
2489 -0.48229814025983475
2490 -0.48324928115511556
2491 -0.4846719054825035
2492 -0.4852061947815499
2493 -0.483137886645574
2494 -0.48105171443118944
2495 -0.482077135568442
2496 -0.48228384483680853
2497 -0.4713722109951455
2498 -0.41472668619991904
2499 -0.27733718861539225
2500 0.8014402361939927
2501 0.9404446363553676
2502 1.0
