0
1
2506
-3 0.5521158583836132
-2 0.5515506252451796
-1 0.5506553563155663
0 0.5495892444967958
1 0.548468348272558
2 0.5473765602060747
3 0.5463974266021848
4 0.5459318470117538
5 0.5455910854882101
6 0.5453079030802319
7 0.5450412446553711
8 0.5447789070117296
9 0.5445202041429108
10 0.5442672718871603
11 0.5440211791114596
12 0.5437821201008196
13 0.5435486573073469
14 0.5433186063731337
15 0.5430916188241585
16 0.5428706129753107
17 0.5426586725738527
18 0.5424576492194756
19 0.542268487900582
20 0.5420905946891948
21 0.5419249196838333
22 0.5417713668297027
23 0.5416294760536294
24 0.5414994871728416
25 0.5413812164684565
26 0.5412755284491709
27 0.5411814984552145
28 0.5411001731461534
29 0.5410333656447911
30 0.540980403406181
31 0.5409412281780647
32 0.5409142688044054
33 0.5408988890578901
34 0.5408926165487109
35 0.5408935038150363
36 0.5408997404524444
37 0.540908912333109
38 0.5409206111602967
39 0.5409334292379204
40 0.5409474280555218
41 0.540961878917952
42 0.5409766130363487
43 0.5409902364322566
44 0.5410002665035153
45 0.5410079550194612
46 0.5410134655269947
47 0.5410167473094669
48 0.5410172263055214
49 0.5410164649561515
50 0.5410135541279206
51 0.5410056515274647
52 0.540993409942725
53 0.5409766233015183
54 0.5409553770374494
55 0.5409300018672272
56 0.5409028690282071
57 0.5408751017228419
58 0.5408461027009749
59 0.5408163965010164
60 0.540786382352552
61 0.5407544759491589
62 0.5407203172796613
63 0.5406854079307798
64 0.5406496165922478
65 0.5406112750353361
66 0.5405718098282535
67 0.5405313992256784
68 0.5404896406258758
69 0.5404460690613808
70 0.5404002640605249
71 0.5403528712450224
72 0.540303140757675
73 0.5402509186703619
74 0.5401972089838916
75 0.5401427818780972
76 0.5400876104774041
77 0.5400324004450249
78 0.5399779898640527
79 0.5399257365995942
80 0.5398735986113536
81 0.5398200226350338
82 0.5397652310197704
83 0.5397095757658603
84 0.5396511583279299
85 0.5395900547820874
86 0.5395284933898801
87 0.5394675853699339
88 0.5394091408740241
89 0.5393541704776599
90 0.5393033527459384
91 0.5392546620310343
92 0.5392073518824332
93 0.5391605911599681
94 0.5391138091408115
95 0.5390673905948207
96 0.5390220793991997
97 0.5389789682897566
98 0.5389394494352286
99 0.5389032962853338
100 0.5388683514851585
101 0.5388335387201227
102 0.5387977829969021
103 0.5387622564742146
104 0.538724828744327
105 0.5386861969382728
106 0.5386485623305141
107 0.5386130703481123
108 0.5385809662885764
109 0.5385506636531548
110 0.5385229442351306
111 0.5384978388001647
112 0.5384735021341871
113 0.5384493050885313
114 0.538426430698239
115 0.5384055332003426
116 0.5383851594720122
117 0.5383651002325258
118 0.538347494184099
119 0.5383338240821874
120 0.5383228676339933
121 0.5383133607290146
122 0.538305091030573
123 0.5382978075562574
124 0.5382905902644787
125 0.5382814819871116
126 0.5382689925033303
127 0.5382537757997746
128 0.5382358283854471
129 0.5382160544905384
130 0.5381955365321834
131 0.5381740356937469
132 0.5381512432502518
133 0.5381272414950207
134 0.5381037551669523
135 0.5380807226349651
136 0.5380576937394038
137 0.5380359515079625
138 0.5380168650756498
139 0.5379988403249227
140 0.5379807875111465
141 0.5379623527741405
142 0.5379445331872521
143 0.5379277602170796
144 0.537911706984508
145 0.5378965637303981
146 0.5378826315494933
147 0.5378697895626867
148 0.5378572136546484
149 0.5378430843307811
150 0.5378267297765006
151 0.5378090157141461
152 0.5377882234495278
153 0.5377648081673869
154 0.5377381075906246
155 0.5377078061166235
156 0.5376734866307811
157 0.5376334902984528
158 0.5375892772025388
159 0.5375389794698087
160 0.5374823581300493
161 0.5374218775679785
162 0.5373578458443722
163 0.5372908599038448
164 0.5372218957142122
165 0.5371512605727188
166 0.5370821106547224
167 0.5370137238207596
168 0.5369452259244721
169 0.5368763748196721
170 0.536806996971967
171 0.5367404211310324
172 0.5366738887003123
173 0.536605756247548
174 0.5365355301869358
175 0.5364627927125216
176 0.5363884249100269
177 0.5363112954315427
178 0.5362334708278502
179 0.5361564100552513
180 0.5360804503515657
181 0.5360045827376227
182 0.5359291557539592
183 0.5358550517318567
184 0.5357816144253182
185 0.5357087494442275
186 0.535636972962047
187 0.5355684439529724
188 0.53550173739753
189 0.5354376130422099
190 0.5353755074354485
191 0.5353162423816817
192 0.5352602305047051
193 0.5352053345155653
194 0.5351531197474797
195 0.5351015691910013
196 0.5350519716418192
197 0.5350044200827927
198 0.534956784465297
199 0.5349086185541758
200 0.5348604937656338
201 0.5348143740329587
202 0.5347692300959319
203 0.5347233582590765
204 0.5346776034303166
205 0.5346330005280415
206 0.5345889540935305
207 0.5345457180209283
208 0.5345031161038953
209 0.5344621697536291
210 0.5344224574446743
211 0.5343841421140099
212 0.5343463672777526
213 0.5343082067266411
214 0.5342709376983108
215 0.534234873296925
216 0.5342001359699554
217 0.5341656681503539
218 0.5341316113236966
219 0.5340982991628929
220 0.5340648376967039
221 0.5340315032905937
222 0.5339992145987964
223 0.5339675885428894
224 0.5339353409591011
225 0.5339032525967241
226 0.5338699490733437
227 0.5338354646596905
228 0.5338005076486283
229 0.5337667616166047
230 0.5337360067462492
231 0.5337067984827792
232 0.5336790770713826
233 0.5336489374355263
234 0.5336161013380278
235 0.5335830365668441
236 0.5335494355550471
237 0.5335164869198155
238 0.5334856601927705
239 0.5334591034953555
240 0.5334350749748298
241 0.5334107818469187
242 0.5333861482023382
243 0.5333603244014044
244 0.5333324102423289
245 0.5333017789869089
246 0.5332708902630664
247 0.533240110003797
248 0.5332081290945464
249 0.5331743090729956
250 0.5331391240519642
251 0.5331052601737996
252 0.5330701543134699
253 0.5330325370951436
254 0.5329932811976814
255 0.5329530797069003
256 0.5329122930599026
257 0.5328699072195753
258 0.5328267243878453
259 0.5327836050554656
260 0.5327403085535861
261 0.5326961757377395
262 0.5326504815514219
263 0.5326029483246144
264 0.5325533017892788
265 0.5325013031327451
266 0.5324471910829643
267 0.5323917726868456
268 0.5323352103212265
269 0.5322783026086376
270 0.532220883089282
271 0.5321626854342576
272 0.5321037759400448
273 0.5320432498453597
274 0.5319818526882686
275 0.5319198329042883
276 0.5318569912166101
277 0.5317943064224873
278 0.5317312074018605
279 0.5316669888764924
280 0.531598623135008
281 0.5315250182396902
282 0.5314471297018728
283 0.5313641376489683
284 0.531277453576186
285 0.5311889659668156
286 0.531101268377365
287 0.5310131631655958
288 0.5309234984534598
289 0.5308317199333348
290 0.5307380334138819
291 0.5306443262299562
292 0.5305512176928586
293 0.5304602701358551
294 0.5303714992134938
295 0.5302862564788936
296 0.5302049833032699
297 0.5301271292961289
298 0.5300582592658197
299 0.5299983964053808
300 0.5299452827311608
301 0.5299016607962764
302 0.5298715657527239
303 0.5298559667986517
304 0.529850546519954
305 0.5298512741335537
306 0.5298628047622911
307 0.5298832301166552
308 0.5299026099373016
309 0.5299172063687343
310 0.5299320825740842
311 0.5299507105231275
312 0.5299606074868419
313 0.5299543675641499
314 0.5299470506828529
315 0.5299499814745529
316 0.5299523122099102
317 0.5299569203867708
318 0.5299827691104705
319 0.5300410544875238
320 0.5301231601899219
321 0.5302256421403118
322 0.5303581139978362
323 0.5305102442570285
324 0.530665230404047
325 0.5308071791760849
326 0.5309264360454303
327 0.5310130037568435
328 0.5310478783981679
329 0.5310277185983358
330 0.5309578022151312
331 0.5308525669617155
332 0.5307215961519286
333 0.5305610399531989
334 0.5303800916119458
335 0.5301915667234234
336 0.530004076890315
337 0.5298210900010801
338 0.5296464330085362
339 0.5294851473981227
340 0.5293414559522998
341 0.5292184144851222
342 0.5291121443175558
343 0.5290176481259607
344 0.5289284097803953
345 0.5288445997778447
346 0.5287686668676602
347 0.5286976279846515
348 0.5286341422486329
349 0.5285812775593066
350 0.528538029548528
351 0.5285033810484602
352 0.5284744443616871
353 0.5284500282138099
354 0.528425373156514
355 0.528398165046479
356 0.5283687782929056
357 0.5283356474088443
358 0.528300512523854
359 0.5282637412418032
360 0.5282294844117152
361 0.5281978579938835
362 0.5281677723054352
363 0.5281407404223404
364 0.5281173198743343
365 0.5280982938619765
366 0.5280830998393031
367 0.5280691784630467
368 0.5280556232307986
369 0.5280420601129775
370 0.5280268586592757
371 0.5280103786124553
372 0.5279910721554458
373 0.5279698906188365
374 0.5279479670041017
375 0.5279251300709019
376 0.527902144490624
377 0.5278797024343476
378 0.5278582108781189
379 0.5278350566758265
380 0.5278109577526356
381 0.5277875893539768
382 0.5277646482157464
383 0.5277418429564813
384 0.527717758381836
385 0.5276955216884106
386 0.5276745089013436
387 0.527651445986317
388 0.5276271138425507
389 0.5276015140765719
390 0.5275762639971481
391 0.5275501916124395
392 0.5275236784044979
393 0.5274976887038847
394 0.5274706659284595
395 0.5274427640753183
396 0.5274143584260852
397 0.5273862039056076
398 0.5273584268626789
399 0.5273301483785471
400 0.5273017236371773
401 0.5272733870095798
402 0.5272459661573085
403 0.5272186802579893
404 0.5271907180599024
405 0.5271640578457328
406 0.527137755025224
407 0.5271097566155591
408 0.5270772904204106
409 0.5270417900053087
410 0.5270061193831515
411 0.5269682510517317
412 0.5269271427125405
413 0.5268844583076311
414 0.5268420090958648
415 0.5268015179640297
416 0.5267613980592678
417 0.526720466871853
418 0.5266800173011804
419 0.5266402912038083
420 0.5266017848762108
421 0.5265632282618488
422 0.5265229836192181
423 0.5264818019443639
424 0.5264417640282547
425 0.5264046601553015
426 0.5263716714849099
427 0.5263413342663137
428 0.5263134800161076
429 0.5262875635409257
430 0.5262590646946218
431 0.5262227176650777
432 0.5261776403285374
433 0.5261270674521557
434 0.5260715234166693
435 0.526010172380704
436 0.5259469489282759
437 0.5258845917297537
438 0.5258228036930209
439 0.5257602188356196
440 0.5256965463410249
441 0.5256354241907081
442 0.5255767268705611
443 0.5255209464071828
444 0.5254684992052772
445 0.5254186463724884
446 0.525372199234809
447 0.5253282465921428
448 0.5252868212761681
449 0.5252496569315515
450 0.5252150044464513
451 0.5251828072200024
452 0.5251528630462627
453 0.5251230567187077
454 0.5250953036024221
455 0.5250685166394745
456 0.5250441611387733
457 0.5250216816069
458 0.5250001292908324
459 0.524979308169806
460 0.5249543381661756
461 0.5249241859134305
462 0.5248879411920157
463 0.524845851982269
464 0.5248004312196198
465 0.5247540655622475
466 0.5247084544494977
467 0.5246649431897257
468 0.5246246483154113
469 0.5245877305354155
470 0.5245531906133323
471 0.5245206024158997
472 0.5244909768797351
473 0.5244650421148866
474 0.524442851711439
475 0.5244235195485019
476 0.5244068600258304
477 0.5243931905711537
478 0.5243842861203942
479 0.5243777914193821
480 0.5243735278677202
481 0.5243730629586808
482 0.5243757901992226
483 0.5243809654199839
484 0.524387206105513
485 0.5243958468231145
486 0.5244065681946419
487 0.524418043609723
488 0.5244275051408966
489 0.524431265715353
490 0.5244276850458781
491 0.52441505387875
492 0.5243944138991095
493 0.5243680437198442
494 0.5243405714456728
495 0.5243175978288155
496 0.5243000929001597
497 0.5242883833382109
498 0.524279964525207
499 0.5242738729395308
500 0.5242675347833294
501 0.5242570929386449
502 0.524242883220762
503 0.5242264437157707
504 0.5242093397502733
505 0.5241907631215392
506 0.5241717028457297
507 0.524153601183783
508 0.5241370315309267
509 0.5241214710253799
510 0.5241064235953269
511 0.5240899733063247
512 0.524070469366424
513 0.524049097360193
514 0.5240258645120515
515 0.5240001461774362
516 0.5239721129343762
517 0.5239431000695544
518 0.5239143364152852
519 0.5238867050963225
520 0.5238598983205587
521 0.5238332285087391
522 0.5238062190572834
523 0.5237785047862883
524 0.5237499783397104
525 0.5237202983461461
526 0.5236896431369142
527 0.5236578160317026
528 0.5236244271713844
529 0.5235899767260744
530 0.5235540198848214
531 0.5235166074448434
532 0.5234777061403659
533 0.5234393005091051
534 0.5234026451042213
535 0.5233660511598998
536 0.5233295610462702
537 0.5232920403686989
538 0.5232543008528789
539 0.5232172865784797
540 0.5231795720682958
541 0.523144065646702
542 0.5231101582868092
543 0.5230767883395495
544 0.5230433801682092
545 0.523006946935867
546 0.5229689768695491
547 0.5229270430429189
548 0.5228820041089458
549 0.5228357941733512
550 0.5227886045037661
551 0.5227426131244538
552 0.5226966498053363
553 0.5226528853194388
554 0.5226121368128881
555 0.522573864237765
556 0.522538650726138
557 0.5225073069055645
558 0.522479814113459
559 0.5224535951005602
560 0.5224291757236835
561 0.5224062966188509
562 0.5223861882911731
563 0.5223680931247667
564 0.5223522016427162
565 0.5223366058818898
566 0.5223187302395782
567 0.5222990300550134
568 0.5222764811678282
569 0.5222544588896686
570 0.5222345237507564
571 0.5222202078413589
572 0.5222136752751018
573 0.5222150317486939
574 0.5222277948623867
575 0.5222499167908251
576 0.5222779159077633
577 0.5223129400602504
578 0.5223543968413854
579 0.5224019631643034
580 0.522458897647747
581 0.5225310062511623
582 0.5226223386462994
583 0.5227281222337636
584 0.52284729766118
585 0.5229770141499901
586 0.5231123187491229
587 0.523249123677588
588 0.5233828992143262
589 0.5235038010448836
590 0.5235988639330867
591 0.5236689118531612
592 0.5237051509912825
593 0.5236955459313882
594 0.5236337080730319
595 0.5235205821780076
596 0.5233698980604532
597 0.5231952992008286
598 0.5230115346953008
599 0.5228294416653234
600 0.5226606587506445
601 0.5225183126607883
602 0.5223999030631495
603 0.5223001740345321
604 0.5222244619457258
605 0.5221732023441599
606 0.5221299592050276
607 0.5220830669521821
608 0.5220377173072572
609 0.5219935535301462
610 0.5219398814130819
611 0.5218716992492973
612 0.5218019859452437
613 0.5217390480081069
614 0.5216795435069839
615 0.5216246062232647
616 0.5215763607301871
617 0.521539714617698
618 0.5215112069912673
619 0.5214880763691191
620 0.5214736010660052
621 0.5214663189602806
622 0.5214626956629574
623 0.5214595933889342
624 0.5214573290773629
625 0.5214564520392555
626 0.5214553316588197
627 0.5214512553961623
628 0.5214489656671035
629 0.5214486947670167
630 0.5214482183940106
631 0.5214478761602415
632 0.5214457086554255
633 0.521443113276231
634 0.5214384569020267
635 0.521432467261243
636 0.5214264238215083
637 0.5214189799083089
638 0.5214100886638732
639 0.5213978628900419
640 0.5213817894629604
641 0.5213628559744569
642 0.5213415414972904
643 0.5213187788605219
644 0.5212948488764559
645 0.521269688779844
646 0.5212438234162208
647 0.5212163222850581
648 0.5211880171780073
649 0.5211595220661835
650 0.5211310056464414
651 0.521104147846615
652 0.5210768443559026
653 0.5210487809338721
654 0.5210199839349832
655 0.5209899645127927
656 0.520958975209903
657 0.5209269455721679
658 0.5208943714605239
659 0.5208609956557906
660 0.5208274453312329
661 0.5207929877885326
662 0.5207585426167123
663 0.5207241142901062
664 0.5206899379008979
665 0.5206555885089279
666 0.5206212121177465
667 0.5205873971428318
668 0.5205537840079063
669 0.5205215052644935
670 0.5204899652693431
671 0.5204602932585789
672 0.5204301974733122
673 0.5203998527002754
674 0.5203698129177358
675 0.5203396129009866
676 0.520310457425338
677 0.5202808935002811
678 0.5202532710035116
679 0.5202266085829549
680 0.5201993534938122
681 0.5201724831426999
682 0.5201460334421533
683 0.5201182381466022
684 0.5200888203467351
685 0.5200602922766414
686 0.5200336330469695
687 0.520009001290646
688 0.5199846096957825
689 0.5199635940677017
690 0.5199469268987296
691 0.5199325786778233
692 0.5199191764692235
693 0.5199043877499856
694 0.5198903636831984
695 0.5198774488203233
696 0.5198638309277831
697 0.5198491908402821
698 0.5198342052469984
699 0.5198203951778607
700 0.5198083958213837
701 0.5197968859937538
702 0.519785868935925
703 0.5197754356484631
704 0.5197652793862412
705 0.5197551024325268
706 0.5197431392497482
707 0.5197301154246002
708 0.519716324804712
709 0.5197036973174576
710 0.519693761899861
711 0.5196857430154777
712 0.5196793357168209
713 0.51967423425895
714 0.5196700500403668
715 0.5196651843902121
716 0.5196599546044948
717 0.5196542622321219
718 0.5196486497498201
719 0.5196418083295224
720 0.5196338539736772
721 0.5196262297407143
722 0.5196178578138274
723 0.5196087888817892
724 0.5196009032011513
725 0.5195945120883089
726 0.5195894698444504
727 0.519586480031076
728 0.5195845052331762
729 0.5195822011182188
730 0.5195784603713943
731 0.5195737314723085
732 0.519568249538375
733 0.5195614619930097
734 0.5195530791940696
735 0.5195437828363425
736 0.5195317542174984
737 0.5195179972384882
738 0.519502763809156
739 0.5194857250640204
740 0.5194690872367204
741 0.5194530027061853
742 0.5194366452009413
743 0.519416974625653
744 0.5193954861420902
745 0.5193739128172917
746 0.5193524091499335
747 0.519332355571612
748 0.5193146981454784
749 0.5193031625598487
750 0.5192988909749114
751 0.5193018558596725
752 0.5193132113412099
753 0.5193303115275221
754 0.5193535245140922
755 0.5193843754706619
756 0.5194229017020217
757 0.51946910366579
758 0.5195212394947466
759 0.5195816509936331
760 0.5196510598751656
761 0.5197278370887051
762 0.5198118977434837
763 0.5199020991178465
764 0.5199989928074086
765 0.5201005177228185
766 0.5202065216802098
767 0.5203182724230808
768 0.5204358537018426
769 0.5205600580481852
770 0.5206886202322254
771 0.5208222321181024
772 0.520961125855933
773 0.5211045180784375
774 0.5212517661589815
775 0.5214000014403641
776 0.5215489046234661
777 0.5216981550993697
778 0.5218461857841844
779 0.5219916153932465
780 0.5221301849939892
781 0.5222582465311513
782 0.5223723810304223
783 0.5224683225644553
784 0.5225431217329732
785 0.5225915076318116
786 0.5226105695491454
787 0.5226000305149917
788 0.5225575315835843
789 0.5224833335880457
790 0.5223804866348106
791 0.5222543284767158
792 0.5221086372680173
793 0.5219471856665516
794 0.5217748799714377
795 0.5215951349771218
796 0.5214104858629783
797 0.5212239369282626
798 0.521037940854313
799 0.5208532313829204
800 0.5206721185215
801 0.5204961730527073
802 0.5203247016402538
803 0.5201566809652772
804 0.5199913520327362
805 0.5198306729329837
806 0.5196753808616077
807 0.5195263166193503
808 0.519385079095256
809 0.5192516850053991
810 0.519127636129589
811 0.5190120176665101
812 0.5189057333419306
813 0.5188103249488575
814 0.5187240451855799
815 0.5186454755828324
816 0.5185732151040463
817 0.5185080604898001
818 0.5184501332607896
819 0.5183990078149652
820 0.5183564448942736
821 0.518325355016984
822 0.5183042355285076
823 0.5182901928916402
824 0.5182815616303627
825 0.5182777637241589
826 0.518278320421704
827 0.5182795933239832
828 0.5182837771177335
829 0.5182919972017053
830 0.5183019979750831
831 0.5183124559831769
832 0.5183230766014626
833 0.5183346908872575
834 0.5183448296459202
835 0.5183526033038957
836 0.5183584693015343
837 0.5183611191891475
838 0.5183602277273135
839 0.5183561867111182
840 0.518350381646464
841 0.5183417530055057
842 0.5183320091644542
843 0.5183228194352573
844 0.5183120259940944
845 0.5183009881593277
846 0.5182889660495995
847 0.5182752589784198
848 0.518259858017803
849 0.5182410517721
850 0.5182193491527429
851 0.5181949080525179
852 0.518168300628695
853 0.518141691870617
854 0.5181144750506901
855 0.5180873941253398
856 0.5180622395272091
857 0.518036769507553
858 0.5180108250533845
859 0.5179841342761403
860 0.5179551916465069
861 0.5179232403347642
862 0.5178882009229817
863 0.5178505631422956
864 0.5178118488565581
865 0.5177726776218273
866 0.5177333703008957
867 0.5176942670630432
868 0.5176540916114172
869 0.5176136926198045
870 0.517571981180155
871 0.517528549456043
872 0.5174825531780406
873 0.5174341652439048
874 0.5173853375962031
875 0.5173363476833758
876 0.5172865064827403
877 0.5172358675072473
878 0.5171846380613073
879 0.5171335817522353
880 0.5170820699799208
881 0.5170309405848609
882 0.5169818490265851
883 0.5169354115218935
884 0.5168908629724925
885 0.5168466327086031
886 0.5168049023397696
887 0.5167651704474041
888 0.5167281752626408
889 0.5166939333702202
890 0.5166647159349976
891 0.5166410174183419
892 0.5166216910994459
893 0.5166069955451844
894 0.5165967286560967
895 0.5165910709098641
896 0.5165898528268469
897 0.5165937943552161
898 0.5166039095685877
899 0.5166213699472009
900 0.5166450645707195
901 0.5166738734299686
902 0.5167072685092474
903 0.5167454947499783
904 0.5167878767310539
905 0.5168337309123974
906 0.5168838861365951
907 0.5169378265302428
908 0.51699537582215
909 0.5170561247478728
910 0.5171206144768433
911 0.5171865114511072
912 0.5172531345180696
913 0.5173209261206644
914 0.5173875085399111
915 0.5174533415818248
916 0.5175173839151109
917 0.5175788237629627
918 0.5176376250974063
919 0.5176894907169249
920 0.5177316454797005
921 0.5177620590843375
922 0.5177789381620325
923 0.517781052400461
924 0.5177649709330752
925 0.5177301373053893
926 0.5176791265890627
927 0.5176132163104548
928 0.5175360829393711
929 0.5174514672666344
930 0.5173603583678219
931 0.5172650602182749
932 0.5171665695609547
933 0.517066284618352
934 0.5169636884986243
935 0.5168602763322143
936 0.516756311008297
937 0.5166515799373524
938 0.5165484226734899
939 0.5164477310839278
940 0.5163518040274745
941 0.5162586233242915
942 0.5161661629998703
943 0.5160752985858504
944 0.5159852008006294
945 0.5158961642408567
946 0.5158069210296021
947 0.5157175686014319
948 0.5156301268867018
949 0.5155447320091877
950 0.5154629323001847
951 0.5153842168946754
952 0.5153091116882529
953 0.5152379034663533
954 0.5151694508831103
955 0.5151043943477367
956 0.5150427979829941
957 0.5149847722964326
958 0.5149290311809233
959 0.5148751070711892
960 0.5148239106460551
961 0.5147741322473464
962 0.5147252594422489
963 0.5146778855751784
964 0.5146315301661942
965 0.5145867494592626
966 0.5145421570617105
967 0.5144984505106703
968 0.514453544139735
969 0.5144079515734646
970 0.5143626965294793
971 0.5143155350407289
972 0.514267824907616
973 0.5142197920025541
974 0.5141727870858273
975 0.5141266679206761
976 0.5140807848207566
977 0.5140372569127928
978 0.5139945733892806
979 0.5139526620517681
980 0.5139121584163487
981 0.5138725707984113
982 0.5138340763310529
983 0.5137949240730014
984 0.5137564861033264
985 0.5137188895214598
986 0.5136822556294953
987 0.5136457093067911
988 0.5136095803323302
989 0.5135749961163714
990 0.5135409964033492
991 0.513507091409121
992 0.5134720885019931
993 0.5134375294398205
994 0.5134032800001973
995 0.513369029110293
996 0.5133363971956935
997 0.513304919930319
998 0.5132757134175987
999 0.5132480234684372
1000 0.5132199741269473
1001 0.513192288005117
1002 0.5131629525197884
1003 0.5131332173030928
1004 0.5131039195581097
1005 0.5130754578054307
1006 0.5130473099604711
1007 0.5130194499005357
1008 0.5129938666078381
1009 0.5129705712543755
1010 0.5129471877763367
1011 0.5129230330789731
1012 0.5129007605149174
1013 0.5128803516182739
1014 0.512860610674321
1015 0.5128410357763323
1016 0.5128229956691036
1017 0.5128062858023679
1018 0.512789821741427
1019 0.5127734397404782
1020 0.5127581092889487
1021 0.5127416995565515
1022 0.5127234767810439
1023 0.5127056341806766
1024 0.5126905439965684
1025 0.5126775417415378
1026 0.5126644607742292
1027 0.5126522329450016
1028 0.5126423392753469
1029 0.5126342245149637
1030 0.5126244792122305
1031 0.5126131999516031
1032 0.5125994945145951
1033 0.5125835150831951
1034 0.5125656877524916
1035 0.5125476693243497
1036 0.5125314116519489
1037 0.5125163477115317
1038 0.5125034041131801
1039 0.5124924295843672
1040 0.5124821633233209
1041 0.5124707990450432
1042 0.5124587261191609
1043 0.5124458046386415
1044 0.5124320528299793
1045 0.5124176348803983
1046 0.5124028141494557
1047 0.5123873085162748
1048 0.5123699920174526
1049 0.5123518904956725
1050 0.5123330462688499
1051 0.5123140842387542
1052 0.5122951650623166
1053 0.5122775434609446
1054 0.5122613584565642
1055 0.5122431203986519
1056 0.5122224569432926
1057 0.5122000898763065
1058 0.5121763982811329
1059 0.5121517675936436
1060 0.5121258010510753
1061 0.5120995159838307
1062 0.512074250529092
1063 0.5120497854873785
1064 0.5120257157579146
1065 0.5120003598205422
1066 0.5119739046741781
1067 0.5119458366018745
1068 0.5119138829122615
1069 0.5118779574240316
1070 0.5118372319292482
1071 0.5117920595649224
1072 0.5117442328186159
1073 0.5116958068484213
1074 0.5116468130288538
1075 0.5115965977780454
1076 0.5115462043024489
1077 0.5114962705615496
1078 0.5114454225745253
1079 0.5113923123440948
1080 0.5113387382489577
1081 0.5112871289972933
1082 0.5112378280347518
1083 0.5111908107284536
1084 0.511144621799252
1085 0.511101244542794
1086 0.5110641028167279
1087 0.5110321766190808
1088 0.5110047714428376
1089 0.5109816061001711
1090 0.5109653933246837
1091 0.5109596104343543
1092 0.5109631012862625
1093 0.5109734771179034
1094 0.5109941999880545
1095 0.5110256308469049
1096 0.5110621897275885
1097 0.5110988155702946
1098 0.5111372693682873
1099 0.5111783512917366
1100 0.5112088538190023
1101 0.5112227402434577
1102 0.5112325668267348
1103 0.5112472551019358
1104 0.5112612895627582
1105 0.5112749851163522
1106 0.5113051124180482
1107 0.5113608569767357
1108 0.5114363908250076
1109 0.5115293797492283
1110 0.511648116360568
1111 0.5117888171823156
1112 0.5119366236358589
1113 0.5120802859619861
1114 0.5122052407468228
1115 0.512303003460339
1116 0.5123564277506834
1117 0.5123550395404181
1118 0.5123045842798918
1119 0.5122150432040428
1120 0.512102135214496
1121 0.5119621397536996
1122 0.5118006911983306
1123 0.5116348880133024
1124 0.5114712902711958
1125 0.5113127317798374
1126 0.5111608458837696
1127 0.5110208725745489
1128 0.5108969416702075
1129 0.5107911138140705
1130 0.5107009917882742
1131 0.5106210033855338
1132 0.5105472691130388
1133 0.510478781070098
1134 0.5104184964761357
1135 0.5103651060713287
1136 0.5103191626185621
1137 0.5102851738180604
1138 0.5102613632903443
1139 0.5102464092823905
1140 0.5102356226299095
1141 0.5102259918785323
1142 0.5102182780872886
1143 0.5102108267867822
1144 0.5102016952258441
1145 0.510189345346403
1146 0.5101757937400095
1147 0.5101638951467816
1148 0.5101545721651762
1149 0.5101471771286136
1150 0.5101420047395373
1151 0.5101384120515464
1152 0.5101364335511468
1153 0.5101374044618501
1154 0.5101405371895588
1155 0.5101445909730896
1156 0.5101480014003962
1157 0.5101522216769931
1158 0.5101565444383493
1159 0.5101599307346759
1160 0.5101629684177476
1161 0.510165500608291
1162 0.5101698935819673
1163 0.5101751233264096
1164 0.5101809414526803
1165 0.5101874282369427
1166 0.5101937397262118
1167 0.5101992789946412
1168 0.5102029931024775
1169 0.5102048312272203
1170 0.5102051164680216
1171 0.5102048367324348
1172 0.5102049395613774
1173 0.5102071785967527
1174 0.5102099420384147
1175 0.510211852946914
1176 0.5102142577984119
1177 0.5102146493839672
1178 0.5102140128670912
1179 0.5102120672911693
1180 0.5102092638520026
1181 0.510207477752904
1182 0.5102062651907703
1183 0.510207425814262
1184 0.5102095624646141
1185 0.5102115984299951
1186 0.5102137939921549
1187 0.5102138656530529
1188 0.5102109345961775
1189 0.5102044755457575
1190 0.510194040387866
1191 0.510180857571781
1192 0.5101666536699032
1193 0.5101535668582187
1194 0.5101437929381774
1195 0.5101376336020977
1196 0.5101345864262474
1197 0.5101328821411713
1198 0.5101295139828274
1199 0.51012443966513
1200 0.5101154932361308
1201 0.510101954649338
1202 0.5100857340193636
1203 0.5100670563675042
1204 0.5100468792803382
1205 0.5100261850423257
1206 0.5100057251482364
1207 0.5099865724741856
1208 0.5099685626489533
1209 0.5099512053202918
1210 0.5099343677259008
1211 0.5099161376081273
1212 0.5098968273760788
1213 0.5098766419875211
1214 0.5098547786920583
1215 0.5098339901185492
1216 0.5098176104844566
1217 0.5098080690931744
1218 0.5098044048679861
1219 0.5098043501501499
1220 0.5098058507342168
1221 0.5098040426076311
1222 0.509794609300598
1223 0.5097752177725521
1224 0.5097480401970472
1225 0.5097156582960459
1226 0.5096798708174978
1227 0.5096433907285807
1228 0.5096060855023529
1229 0.5095696868554636
1230 0.5095327835110042
1231 0.5094948952279517
1232 0.5094581678082563
1233 0.5094251513145353
1234 0.5093975932528445
1235 0.509375234432009
1236 0.509358349600563
1237 0.5093458202875673
1238 0.5093356857009436
1239 0.5093265926967173
1240 0.5093197471849292
1241 0.5093154999448839
1242 0.5093150860448107
1243 0.5093198152359226
1244 0.509328423743076
1245 0.5093381629469289
1246 0.5093480256789333
1247 0.5093579572038515
1248 0.5093659771451802
1249 0.5093698982520629
1250 0.5093707400070566
1251 0.509369898252062
1252 0.5093659771451825
1253 0.5093579572038502
1254 0.5093480256789333
1255 0.5093381629469289
1256 0.5093284237430757
1257 0.5093198152359232
1258 0.5093150860448123
1259 0.5093154999448839
1260 0.5093197471849297
1261 0.5093265926967174
1262 0.509335685700945
1263 0.509345820287567
1264 0.5093583496005608
1265 0.5093752344320069
1266 0.5093975932528444
1267 0.509425151314535
1268 0.5094581678082564
1269 0.5094948952279517
1270 0.5095327835110048
1271 0.5095696868554621
1272 0.509606085502354
1273 0.5096433907285803
1274 0.5096798708174993
1275 0.5097156582960461
1276 0.5097480401970473
1277 0.5097752177725523
1278 0.5097946093005992
1279 0.5098040426076311
1280 0.5098058507342149
1281 0.5098043501501497
1282 0.5098044048679847
1283 0.5098080690931747
1284 0.5098176104844574
1285 0.509833990118548
1286 0.5098547786920581
1287 0.5098766419875199
1288 0.509896827376079
1289 0.5099161376081266
1290 0.5099343677259024
1291 0.5099512053202914
1292 0.5099685626489526
1293 0.5099865724741843
1294 0.5100057251482367
1295 0.5100261850423246
1296 0.5100468792803394
1297 0.5100670563675026
1298 0.5100857340193635
1299 0.5101019546493375
1300 0.5101154932361333
1301 0.5101244396651314
1302 0.5101295139828284
1303 0.5101328821411717
1304 0.5101345864262474
1305 0.5101376336020986
1306 0.510143792938175
1307 0.510153566858218
1308 0.5101666536699034
1309 0.5101808575717812
1310 0.5101940403878642
1311 0.5102044755457573
1312 0.5102109345961787
1313 0.5102138656530514
1314 0.5102137939921556
1315 0.5102115984299946
1316 0.510209562464616
1317 0.5102074258142639
1318 0.5102062651907706
1319 0.5102074777529048
1320 0.5102092638520027
1321 0.5102120672911689
1322 0.5102140128670909
1323 0.5102146493839681
1324 0.5102142577984117
1325 0.5102118529469145
1326 0.5102099420384152
1327 0.5102071785967536
1328 0.5102049395613766
1329 0.5102048367324348
1330 0.5102051164680239
1331 0.5102048312272209
1332 0.5102029931024774
1333 0.5101992789946411
1334 0.5101937397262104
1335 0.510187428236943
1336 0.5101809414526799
1337 0.5101751233264112
1338 0.510169893581967
1339 0.5101655006082904
1340 0.51016296841775
1341 0.5101599307346737
1342 0.5101565444383497
1343 0.5101522216769934
1344 0.5101480014003967
1345 0.5101445909730917
1346 0.5101405371895571
1347 0.5101374044618504
1348 0.5101364335511467
1349 0.5101384120515465
1350 0.5101420047395382
1351 0.5101471771286143
1352 0.5101545721651756
1353 0.5101638951467836
1354 0.510175793740011
1355 0.5101893453464021
1356 0.5102016952258432
1357 0.5102108267867818
1358 0.5102182780872881
1359 0.5102259918785301
1360 0.510235622629909
1361 0.5102464092823924
1362 0.5102613632903451
1363 0.5102851738180599
1364 0.5103191626185621
1365 0.5103651060713283
1366 0.5104184964761358
1367 0.5104787810700984
1368 0.5105472691130385
1369 0.5106210033855353
1370 0.5107009917882747
1371 0.5107911138140737
1372 0.5108969416702064
1373 0.511020872574546
1374 0.5111608458837695
1375 0.5113127317798364
1376 0.5114712902711959
1377 0.5116348880133018
1378 0.5118006911983316
1379 0.5119621397536994
1380 0.512102135214497
1381 0.5122150432040432
1382 0.5123045842798902
1383 0.5123550395404175
1384 0.5123564277506832
1385 0.5123030034603384
1386 0.5122052407468227
1387 0.5120802859619857
1388 0.5119366236358576
1389 0.5117888171823142
1390 0.511648116360567
1391 0.5115293797492284
1392 0.5114363908250078
1393 0.5113608569767365
1394 0.5113051124180487
1395 0.5112749851163514
1396 0.5112612895627598
1397 0.5112472551019348
1398 0.5112325668267342
1399 0.5112227402434586
1400 0.5112088538190034
1401 0.5111783512917365
1402 0.5111372693682862
1403 0.5110988155702946
1404 0.5110621897275882
1405 0.5110256308469027
1406 0.5109941999880538
1407 0.510973477117903
1408 0.5109631012862627
1409 0.5109596104343538
1410 0.5109653933246846
1411 0.5109816061001731
1412 0.5110047714428391
1413 0.5110321766190827
1414 0.5110641028167273
1415 0.5111012445427927
1416 0.5111446217992536
1417 0.5111908107284537
1418 0.5112378280347493
1419 0.5112871289972961
1420 0.5113387382489585
1421 0.5113923123440927
1422 0.5114454225745281
1423 0.5114962705615484
1424 0.5115462043024466
1425 0.511596597778046
1426 0.5116468130288541
1427 0.5116958068484221
1428 0.5117442328186168
1429 0.5117920595649219
1430 0.5118372319292493
1431 0.5118779574240327
1432 0.5119138829122607
1433 0.5119458366018721
1434 0.5119739046741771
1435 0.5120003598205436
1436 0.5120257157579127
1437 0.5120497854873777
1438 0.5120742505290923
1439 0.5120995159838339
1440 0.512125801051075
1441 0.5121517675936441
1442 0.5121763982811331
1443 0.5122000898763072
1444 0.5122224569432929
1445 0.5122431203986528
1446 0.5122613584565656
1447 0.5122775434609439
1448 0.5122951650623174
1449 0.5123140842387556
1450 0.5123330462688488
1451 0.5123518904956718
1452 0.512369992017453
1453 0.5123873085162759
1454 0.5124028141494561
1455 0.512417634880397
1456 0.5124320528299796
1457 0.5124458046386414
1458 0.5124587261191618
1459 0.5124707990450444
1460 0.5124821633233205
1461 0.512492429584368
1462 0.5125034041131831
1463 0.512516347711532
1464 0.5125314116519489
1465 0.5125476693243493
1466 0.5125656877524923
1467 0.5125835150831961
1468 0.5125994945145925
1469 0.5126131999516048
1470 0.5126244792122305
1471 0.5126342245149624
1472 0.5126423392753469
1473 0.5126522329450014
1474 0.512664460774229
1475 0.5126775417415373
1476 0.5126905439965704
1477 0.5127056341806766
1478 0.5127234767810421
1479 0.5127416995565491
1480 0.5127581092889495
1481 0.5127734397404782
1482 0.512789821741428
1483 0.5128062858023663
1484 0.5128229956691026
1485 0.5128410357763318
1486 0.512860610674321
1487 0.5128803516182734
1488 0.5129007605149168
1489 0.5129230330789735
1490 0.5129471877763375
1491 0.5129705712543758
1492 0.512993866607837
1493 0.5130194499005367
1494 0.5130473099604704
1495 0.513075457805431
1496 0.5131039195581093
1497 0.5131332173030922
1498 0.5131629525197862
1499 0.5131922880051168
1500 0.5132199741269476
1501 0.5132480234684375
1502 0.5132757134175984
1503 0.5133049199303196
1504 0.5133363971956929
1505 0.5133690291102918
1506 0.5134032800001962
1507 0.5134375294398212
1508 0.5134720885019924
1509 0.5135070914091194
1510 0.5135409964033496
1511 0.5135749961163714
1512 0.5136095803323315
1513 0.5136457093067907
1514 0.5136822556294965
1515 0.5137188895214598
1516 0.513756486103326
1517 0.5137949240730024
1518 0.5138340763310538
1519 0.5138725707984124
1520 0.5139121584163475
1521 0.5139526620517686
1522 0.5139945733892785
1523 0.5140372569127927
1524 0.514080784820756
1525 0.514126667920676
1526 0.5141727870858277
1527 0.5142197920025535
1528 0.5142678249076149
1529 0.514315535040729
1530 0.5143626965294792
1531 0.5144079515734646
1532 0.5144535441397331
1533 0.5144984505106698
1534 0.5145421570617115
1535 0.5145867494592626
1536 0.5146315301661949
1537 0.5146778855751761
1538 0.5147252594422478
1539 0.514774132247346
1540 0.5148239106460547
1541 0.5148751070711903
1542 0.5149290311809246
1543 0.5149847722964308
1544 0.5150427979829931
1545 0.5151043943477371
1546 0.5151694508831091
1547 0.5152379034663533
1548 0.5153091116882537
1549 0.5153842168946762
1550 0.515462932300184
1551 0.5155447320091849
1552 0.5156301268867
1553 0.5157175686014331
1554 0.5158069210296047
1555 0.5158961642408565
1556 0.5159852008006272
1557 0.5160752985858506
1558 0.5161661629998714
1559 0.516258623324292
1560 0.5163518040274757
1561 0.5164477310839305
1562 0.5165484226734902
1563 0.5166515799373513
1564 0.5167563110082986
1565 0.516860276332213
1566 0.5169636884986241
1567 0.5170662846183509
1568 0.5171665695609545
1569 0.5172650602182745
1570 0.51736035836782
1571 0.5174514672666363
1572 0.5175360829393706
1573 0.5176132163104536
1574 0.5176791265890615
1575 0.5177301373053876
1576 0.5177649709330737
1577 0.5177810524004618
1578 0.5177789381620309
1579 0.5177620590843383
1580 0.5177316454797011
1581 0.5176894907169264
1582 0.5176376250974066
1583 0.5175788237629616
1584 0.5175173839151119
1585 0.5174533415818269
1586 0.5173875085399109
1587 0.5173209261206643
1588 0.5172531345180683
1589 0.5171865114511066
1590 0.5171206144768418
1591 0.5170561247478731
1592 0.5169953758221486
1593 0.5169378265302417
1594 0.5168838861365954
1595 0.5168337309123988
1596 0.5167878767310534
1597 0.5167454947499781
1598 0.5167072685092483
1599 0.5166738734299678
1600 0.5166450645707188
1601 0.5166213699472002
1602 0.5166039095685873
1603 0.5165937943552176
1604 0.5165898528268468
1605 0.5165910709098647
1606 0.516596728656096
1607 0.5166069955451851
1608 0.5166216910994464
1609 0.5166410174183427
1610 0.5166647159349979
1611 0.5166939333702191
1612 0.5167281752626393
1613 0.5167651704474047
1614 0.5168049023397688
1615 0.5168466327086031
1616 0.5168908629724924
1617 0.516935411521896
1618 0.516981849026585
1619 0.5170309405848612
1620 0.5170820699799199
1621 0.5171335817522354
1622 0.5171846380613073
1623 0.5172358675072477
1624 0.5172865064827408
1625 0.5173363476833773
1626 0.5173853375962024
1627 0.5174341652439046
1628 0.5174825531780411
1629 0.5175285494560424
1630 0.5175719811801548
1631 0.5176136926198038
1632 0.5176540916114164
1633 0.5176942670630428
1634 0.5177333703008964
1635 0.5177726776218269
1636 0.5178118488565548
1637 0.5178505631422956
1638 0.5178882009229814
1639 0.5179232403347644
1640 0.5179551916465072
1641 0.5179841342761382
1642 0.518010825053385
1643 0.5180367695075525
1644 0.5180622395272074
1645 0.5180873941253396
1646 0.5181144750506905
1647 0.5181416918706163
1648 0.5181683006286962
1649 0.5181949080525194
1650 0.5182193491527421
1651 0.5182410517721021
1652 0.5182598580178042
1653 0.5182752589784207
1654 0.5182889660495987
1655 0.5183009881593279
1656 0.5183120259940939
1657 0.5183228194352576
1658 0.5183320091644538
1659 0.5183417530055053
1660 0.5183503816464633
1661 0.5183561867111183
1662 0.5183602277273152
1663 0.5183611191891478
1664 0.5183584693015331
1665 0.5183526033038971
1666 0.5183448296459212
1667 0.5183346908872553
1668 0.518323076601463
1669 0.5183124559831777
1670 0.5183019979750814
1671 0.518291997201706
1672 0.5182837771177348
1673 0.5182795933239828
1674 0.5182783204217035
1675 0.518277763724157
1676 0.5182815616303624
1677 0.5182901928916405
1678 0.5183042355285077
1679 0.5183253550169834
1680 0.5183564448942757
1681 0.5183990078149643
1682 0.5184501332607908
1683 0.5185080604898014
1684 0.5185732151040459
1685 0.5186454755828319
1686 0.5187240451855799
1687 0.5188103249488579
1688 0.5189057333419309
1689 0.5190120176665094
1690 0.5191276361295873
1691 0.5192516850053984
1692 0.5193850790952546
1693 0.5195263166193527
1694 0.5196753808616067
1695 0.5198306729329853
1696 0.519991352032734
1697 0.5201566809652788
1698 0.5203247016402551
1699 0.520496173052706
1700 0.5206721185214999
1701 0.52085323138292
1702 0.5210379408543155
1703 0.5212239369282619
1704 0.5214104858629778
1705 0.5215951349771218
1706 0.5217748799714377
1707 0.5219471856665514
1708 0.5221086372680174
1709 0.5222543284767142
1710 0.5223804866348122
1711 0.5224833335880443
1712 0.5225575315835836
1713 0.5226000305149913
1714 0.5226105695491499
1715 0.522591507631814
1716 0.5225431217329746
1717 0.5224683225644553
1718 0.5223723810304225
1719 0.5222582465311519
1720 0.5221301849939893
1721 0.521991615393248
1722 0.521846185784185
1723 0.5216981550993696
1724 0.5215489046234687
1725 0.5214000014403636
1726 0.5212517661589828
1727 0.5211045180784382
1728 0.5209611258559342
1729 0.5208222321181046
1730 0.5206886202322251
1731 0.520560058048186
1732 0.5204358537018425
1733 0.5203182724230794
1734 0.52020652168021
1735 0.520100517722818
1736 0.5199989928074097
1737 0.5199020991178461
1738 0.5198118977434839
1739 0.5197278370887062
1740 0.5196510598751637
1741 0.519581650993634
1742 0.5195212394947473
1743 0.519469103665791
1744 0.5194229017020208
1745 0.5193843754706619
1746 0.5193535245140911
1747 0.5193303115275233
1748 0.51931321134121
1749 0.5193018558596716
1750 0.519298890974912
1751 0.5193031625598504
1752 0.5193146981454791
1753 0.5193323555716137
1754 0.5193524091499335
1755 0.5193739128172925
1756 0.5193954861420871
1757 0.5194169746256504
1758 0.5194366452009409
1759 0.5194530027061861
1760 0.5194690872367207
1761 0.5194857250640212
1762 0.5195027638091537
1763 0.5195179972384875
1764 0.5195317542174974
1765 0.5195437828363418
1766 0.5195530791940697
1767 0.5195614619930105
1768 0.5195682495383748
1769 0.519573731472308
1770 0.5195784603713948
1771 0.5195822011182201
1772 0.519584505233177
1773 0.5195864800310751
1774 0.5195894698444516
1775 0.519594512088309
1776 0.5196009032011529
1777 0.5196087888817905
1778 0.5196178578138279
1779 0.5196262297407138
1780 0.5196338539736789
1781 0.5196418083295236
1782 0.5196486497498224
1783 0.5196542622321217
1784 0.5196599546044952
1785 0.5196651843902119
1786 0.5196700500403669
1787 0.5196742342589493
1788 0.5196793357168212
1789 0.5196857430154791
1790 0.5196937618998614
1791 0.5197036973174568
1792 0.5197163248047127
1793 0.5197301154246003
1794 0.5197431392497494
1795 0.5197551024325276
1796 0.5197652793862417
1797 0.5197754356484647
1798 0.5197858689359239
1799 0.5197968859937546
1800 0.5198083958213854
1801 0.5198203951778606
1802 0.5198342052469991
1803 0.5198491908402805
1804 0.519863830927783
1805 0.5198774488203225
1806 0.5198903636831976
1807 0.5199043877499869
1808 0.5199191764692241
1809 0.5199325786778236
1810 0.5199469268987311
1811 0.5199635940677011
1812 0.5199846096957814
1813 0.5200090012906472
1814 0.520033633046969
1815 0.5200602922766405
1816 0.5200888203467346
1817 0.5201182381466023
1818 0.5201460334421538
1819 0.5201724831426994
1820 0.5201993534938125
1821 0.5202266085829544
1822 0.5202532710035132
1823 0.5202808935002807
1824 0.5203104574253375
1825 0.5203396129009866
1826 0.5203698129177364
1827 0.5203998527002759
1828 0.5204301974733111
1829 0.5204602932585787
1830 0.520489965269342
1831 0.5205215052644939
1832 0.5205537840079077
1833 0.5205873971428318
1834 0.5206212121177466
1835 0.5206555885089277
1836 0.5206899379008987
1837 0.5207241142901061
1838 0.5207585426167107
1839 0.5207929877885317
1840 0.5208274453312332
1841 0.5208609956557911
1842 0.5208943714605265
1843 0.5209269455721678
1844 0.5209589752099034
1845 0.520989964512792
1846 0.5210199839349825
1847 0.5210487809338719
1848 0.5210768443559042
1849 0.5211041478466136
1850 0.5211310056464412
1851 0.521159522066184
1852 0.5211880171780078
1853 0.5212163222850578
1854 0.5212438234162193
1855 0.521269688779845
1856 0.5212948488764562
1857 0.5213187788605217
1858 0.5213415414972888
1859 0.5213628559744575
1860 0.5213817894629608
1861 0.5213978628900418
1862 0.5214100886638723
1863 0.5214189799083067
1864 0.5214264238215089
1865 0.5214324672612438
1866 0.521438456902028
1867 0.521443113276231
1868 0.5214457086554246
1869 0.5214478761602429
1870 0.5214482183940098
1871 0.5214486947670149
1872 0.5214489656671031
1873 0.5214512553961607
1874 0.5214553316588192
1875 0.5214564520392546
1876 0.521457329077365
1877 0.5214595933889346
1878 0.5214626956629584
1879 0.521466318960281
1880 0.5214736010660058
1881 0.5214880763691188
1882 0.5215112069912692
1883 0.5215397146176962
1884 0.5215763607301862
1885 0.5216246062232653
1886 0.5216795435069818
1887 0.5217390480081051
1888 0.5218019859452416
1889 0.5218716992493002
1890 0.5219398814130822
1891 0.5219935535301468
1892 0.5220377173072571
1893 0.5220830669521818
1894 0.5221299592050298
1895 0.5221732023441604
1896 0.5222244619457264
1897 0.5223001740345321
1898 0.5223999030631501
1899 0.5225183126607897
1900 0.5226606587506447
1901 0.5228294416653234
1902 0.5230115346953027
1903 0.5231952992008284
1904 0.5233698980604533
1905 0.5235205821780051
1906 0.523633708073032
1907 0.5236955459313882
1908 0.5237051509912799
1909 0.5236689118531619
1910 0.5235988639330883
1911 0.523503801044884
1912 0.5233828992143263
1913 0.5232491236775882
1914 0.5231123187491218
1915 0.5229770141499893
1916 0.5228472976611808
1917 0.522728122233761
1918 0.5226223386462979
1919 0.5225310062511611
1920 0.5224588976477481
1921 0.5224019631643013
1922 0.5223543968413862
1923 0.5223129400602513
1924 0.522277915907763
1925 0.522249916790823
1926 0.5222277948623867
1927 0.522215031748694
1928 0.5222136752751032
1929 0.5222202078413588
1930 0.5222345237507564
1931 0.5222544588896684
1932 0.522276481167828
1933 0.5222990300550139
1934 0.5223187302395773
1935 0.5223366058818892
1936 0.5223522016427155
1937 0.5223680931247666
1938 0.5223861882911722
1939 0.5224062966188509
1940 0.5224291757236829
1941 0.5224535951005601
1942 0.5224798141134598
1943 0.5225073069055658
1944 0.5225386507261393
1945 0.5225738642377636
1946 0.5226121368128882
1947 0.5226528853194393
1948 0.5226966498053363
1949 0.5227426131244532
1950 0.5227886045037663
1951 0.5228357941733507
1952 0.5228820041089464
1953 0.5229270430429194
1954 0.5229689768695491
1955 0.5230069469358669
1956 0.5230433801682106
1957 0.5230767883395501
1958 0.5231101582868083
1959 0.5231440656467007
1960 0.5231795720682965
1961 0.5232172865784782
1962 0.5232543008528785
1963 0.5232920403686996
1964 0.5233295610462706
1965 0.5233660511598989
1966 0.5234026451042217
1967 0.5234393005091059
1968 0.5234777061403656
1969 0.5235166074448427
1970 0.5235540198848199
1971 0.523589976726073
1972 0.5236244271713852
1973 0.5236578160317018
1974 0.5236896431369156
1975 0.5237202983461463
1976 0.5237499783397088
1977 0.5237785047862884
1978 0.5238062190572831
1979 0.5238332285087391
1980 0.5238598983205572
1981 0.5238867050963218
1982 0.5239143364152863
1983 0.5239431000695529
1984 0.5239721129343758
1985 0.5240001461774371
1986 0.5240258645120507
1987 0.5240490973601929
1988 0.5240704693664258
1989 0.5240899733063261
1990 0.5241064235953268
1991 0.5241214710253804
1992 0.524137031530924
1993 0.5241536011837828
1994 0.5241717028457299
1995 0.5241907631215387
1996 0.5242093397502746
1997 0.5242264437157699
1998 0.5242428832207623
1999 0.5242570929386442
2000 0.5242675347833317
2001 0.5242738729395306
2002 0.5242799645252074
2003 0.5242883833382103
2004 0.5243000929001589
2005 0.5243175978288159
2006 0.5243405714456711
2007 0.5243680437198436
2008 0.5243944138991106
2009 0.5244150538787492
2010 0.5244276850458772
2011 0.524431265715354
2012 0.5244275051408963
2013 0.5244180436097248
2014 0.5244065681946415
2015 0.5243958468231137
2016 0.5243872061055108
2017 0.5243809654199822
2018 0.5243757901992226
2019 0.5243730629586807
2020 0.5243735278677201
2021 0.5243777914193811
2022 0.524384286120394
2023 0.5243931905711551
2024 0.5244068600258321
2025 0.5244235195485019
2026 0.5244428517114366
2027 0.5244650421148852
2028 0.5244909768797342
2029 0.5245206024159003
2030 0.5245531906133318
2031 0.5245877305354163
2032 0.524624648315411
2033 0.5246649431897247
2034 0.524708454449497
2035 0.5247540655622477
2036 0.5248004312196214
2037 0.5248458519822682
2038 0.524887941192016
2039 0.524924185913431
2040 0.5249543381661763
2041 0.5249793081698064
2042 0.5250001292908334
2043 0.5250216816068999
2044 0.5250441611387736
2045 0.5250685166394751
2046 0.525095303602422
2047 0.5251230567187087
2048 0.5251528630462624
2049 0.5251828072200024
2050 0.525215004446451
2051 0.5252496569315516
2052 0.5252868212761684
2053 0.5253282465921427
2054 0.5253721992348094
2055 0.5254186463724877
2056 0.5254684992052777
2057 0.5255209464071837
2058 0.5255767268705617
2059 0.5256354241907072
2060 0.5256965463410255
2061 0.525760218835618
2062 0.5258228036930209
2063 0.5258845917297543
2064 0.5259469489282756
2065 0.5260101723807041
2066 0.5260715234166687
2067 0.526127067452155
2068 0.5261776403285384
2069 0.5262227176650791
2070 0.5262590646946224
2071 0.5262875635409244
2072 0.5263134800161077
2073 0.5263413342663136
2074 0.5263716714849099
2075 0.5264046601553025
2076 0.5264417640282558
2077 0.5264818019443622
2078 0.5265229836192181
2079 0.52656322826185
2080 0.5266017848762116
2081 0.5266402912038085
2082 0.5266800173011817
2083 0.5267204668718533
2084 0.5267613980592682
2085 0.5268015179640297
2086 0.5268420090958654
2087 0.5268844583076305
2088 0.5269271427125409
2089 0.5269682510517322
2090 0.5270061193831519
2091 0.5270417900053088
2092 0.5270772904204106
2093 0.5271097566155593
2094 0.5271377550252251
2095 0.5271640578457327
2096 0.5271907180599015
2097 0.5272186802579891
2098 0.5272459661573089
2099 0.527273387009579
2100 0.527301723637177
2101 0.5273301483785467
2102 0.5273584268626792
2103 0.5273862039056064
2104 0.5274143584260857
2105 0.5274427640753173
2106 0.5274706659284589
2107 0.5274976887038858
2108 0.5275236784044981
2109 0.5275501916124397
2110 0.5275762639971466
2111 0.5276015140765717
2112 0.52762711384255
2113 0.5276514459863175
2114 0.5276745089013437
2115 0.5276955216884114
2116 0.527717758381836
2117 0.5277418429564805
2118 0.5277646482157468
2119 0.5277875893539772
2120 0.5278109577526371
2121 0.5278350566758251
2122 0.527858210878118
2123 0.5278797024343466
2124 0.5279021444906231
2125 0.5279251300708996
2126 0.5279479670041023
2127 0.5279698906188364
2128 0.5279910721554464
2129 0.5280103786124555
2130 0.5280268586592769
2131 0.5280420601129762
2132 0.5280556232307989
2133 0.5280691784630478
2134 0.5280830998393041
2135 0.528098293861975
2136 0.5281173198743352
2137 0.5281407404223418
2138 0.5281677723054359
2139 0.5281978579938827
2140 0.5282294844117145
2141 0.528263741241804
2142 0.5283005125238532
2143 0.528335647408844
2144 0.5283687782929047
2145 0.5283981650464795
2146 0.5284253731565139
2147 0.5284500282138097
2148 0.5284744443616884
2149 0.5285033810484596
2150 0.5285380295485279
2151 0.5285812775593066
2152 0.5286341422486334
2153 0.5286976279846511
2154 0.5287686668676599
2155 0.5288445997778455
2156 0.528928409780396
2157 0.5290176481259604
2158 0.5291121443175559
2159 0.5292184144851214
2160 0.5293414559522991
2161 0.5294851473981218
2162 0.5296464330085356
2163 0.5298210900010809
2164 0.5300040768903163
2165 0.5301915667234242
2166 0.5303800916119462
2167 0.5305610399531991
2168 0.5307215961519284
2169 0.5308525669617149
2170 0.5309578022151307
2171 0.5310277185983346
2172 0.5310478783981684
2173 0.5310130037568431
2174 0.5309264360454302
2175 0.5308071791760858
2176 0.5306652304040452
2177 0.530510244257029
2178 0.5303581139978366
2179 0.5302256421403112
2180 0.5301231601899224
2181 0.5300410544875244
2182 0.5299827691104705
2183 0.5299569203867709
2184 0.5299523122099093
2185 0.529949981474552
2186 0.5299470506828523
2187 0.5299543675641506
2188 0.5299606074868414
2189 0.5299507105231287
2190 0.5299320825740853
2191 0.5299172063687339
2192 0.5299026099373024
2193 0.529883230116656
2194 0.5298628047622913
2195 0.5298512741335535
2196 0.5298505465199554
2197 0.529855966798652
2198 0.5298715657527227
2199 0.5299016607962779
2200 0.5299452827311603
2201 0.529998396405382
2202 0.5300582592658201
2203 0.530127129296129
2204 0.5302049833032694
2205 0.530286256478893
2206 0.5303714992134944
2207 0.5304602701358557
2208 0.5305512176928587
2209 0.5306443262299562
2210 0.5307380334138824
2211 0.5308317199333358
2212 0.5309234984534593
2213 0.5310131631655967
2214 0.531101268377365
2215 0.531188965966816
2216 0.5312774535761857
2217 0.5313641376489693
2218 0.5314471297018736
2219 0.5315250182396903
2220 0.5315986231350079
2221 0.5316669888764918
2222 0.53173120740186
2223 0.5317943064224875
2224 0.53185699121661
2225 0.5319198329042891
2226 0.5319818526882688
2227 0.5320432498453601
2228 0.5321037759400443
2229 0.5321626854342592
2230 0.5322208830892803
2231 0.5322783026086378
2232 0.5323352103212264
2233 0.5323917726868457
2234 0.5324471910829642
2235 0.532501303132744
2236 0.5325533017892781
2237 0.532602948324614
2238 0.5326504815514226
2239 0.5326961757377391
2240 0.5327403085535863
2241 0.532783605055466
2242 0.5328267243878448
2243 0.5328699072195757
2244 0.5329122930599018
2245 0.5329530797069005
2246 0.5329932811976814
2247 0.5330325370951434
2248 0.5330701543134702
2249 0.533105260173799
2250 0.5331391240519651
2251 0.5331743090729956
2252 0.5332081290945466
2253 0.5332401100037968
2254 0.5332708902630664
2255 0.5333017789869089
2256 0.5333324102423291
2257 0.5333603244014048
2258 0.5333861482023384
2259 0.5334107818469189
2260 0.5334350749748297
2261 0.5334591034953555
2262 0.5334856601927711
2263 0.5335164869198147
2264 0.5335494355550465
2265 0.5335830365668425
2266 0.5336161013380282
2267 0.5336489374355263
2268 0.5336790770713833
2269 0.5337067984827799
2270 0.5337360067462502
2271 0.5337667616166042
2272 0.5338005076486282
2273 0.533835464659691
2274 0.5338699490733441
2275 0.5339032525967239
2276 0.5339353409591021
2277 0.5339675885428898
2278 0.5339992145987963
2279 0.5340315032905955
2280 0.534064837696704
2281 0.5340982991628945
2282 0.5341316113236964
2283 0.5341656681503538
2284 0.5342001359699556
2285 0.5342348732969254
2286 0.5342709376983121
2287 0.5343082067266407
2288 0.5343463672777528
2289 0.5343841421140096
2290 0.5344224574446741
2291 0.5344621697536296
2292 0.5345031161038958
2293 0.5345457180209275
2294 0.5345889540935307
2295 0.534633000528042
2296 0.5346776034303161
2297 0.5347233582590775
2298 0.5347692300959306
2299 0.5348143740329584
2300 0.5348604937656338
2301 0.5349086185541769
2302 0.534956784465297
2303 0.5350044200827926
2304 0.5350519716418188
2305 0.5351015691910014
2306 0.53515311974748
2307 0.5352053345155652
2308 0.5352602305047052
2309 0.5353162423816807
2310 0.5353755074354485
2311 0.5354376130422093
2312 0.53550173739753
2313 0.5355684439529729
2314 0.5356369729620468
2315 0.5357087494442273
2316 0.5357816144253182
2317 0.5358550517318573
2318 0.5359291557539592
2319 0.5360045827376223
2320 0.5360804503515663
2321 0.5361564100552509
2322 0.5362334708278501
2323 0.5363112954315425
2324 0.5363884249100271
2325 0.5364627927125215
2326 0.5365355301869349
2327 0.5366057562475474
2328 0.5366738887003119
2329 0.5367404211310323
2330 0.5368069969719662
2331 0.5368763748196718
2332 0.5369452259244724
2333 0.5370137238207597
2334 0.5370821106547227
2335 0.5371512605727183
2336 0.5372218957142134
2337 0.5372908599038452
2338 0.5373578458443729
2339 0.537421877567979
2340 0.5374823581300502
2341 0.5375389794698092
2342 0.537589277202539
2343 0.5376334902984518
2344 0.5376734866307814
2345 0.5377078061166233
2346 0.5377381075906242
2347 0.5377648081673867
2348 0.5377882234495281
2349 0.5378090157141455
2350 0.537826729776501
2351 0.537843084330781
2352 0.5378572136546487
2353 0.5378697895626864
2354 0.5378826315494933
2355 0.5378965637303984
2356 0.5379117069845077
2357 0.5379277602170791
2358 0.5379445331872516
2359 0.5379623527741405
2360 0.5379807875111469
2361 0.5379988403249224
2362 0.5380168650756512
2363 0.538035951507963
2364 0.5380576937394039
2365 0.5380807226349649
2366 0.5381037551669519
2367 0.5381272414950202
2368 0.5381512432502521
2369 0.5381740356937469
2370 0.5381955365321829
2371 0.5382160544905382
2372 0.5382358283854471
2373 0.5382537757997737
2374 0.5382689925033307
2375 0.5382814819871119
2376 0.5382905902644788
2377 0.5382978075562577
2378 0.5383050910305731
2379 0.538313360729014
2380 0.5383228676339924
2381 0.5383338240821873
2382 0.5383474941840988
2383 0.538365100232526
2384 0.5383851594720123
2385 0.538405533200342
2386 0.5384264306982388
2387 0.5384493050885313
2388 0.538473502134187
2389 0.5384978388001641
2390 0.53852294423513
2391 0.5385506636531547
2392 0.5385809662885768
2393 0.538613070348112
2394 0.5386485623305142
2395 0.5386861969382729
2396 0.5387248287443273
2397 0.5387622564742147
2398 0.5387977829969021
2399 0.5388335387201221
2400 0.5388683514851579
2401 0.5389032962853337
2402 0.5389394494352285
2403 0.5389789682897567
2404 0.5390220793991995
2405 0.539067390594821
2406 0.5391138091408112
2407 0.539160591159968
2408 0.5392073518824329
2409 0.539254662031034
2410 0.5393033527459383
2411 0.5393541704776598
2412 0.5394091408740239
2413 0.5394675853699337
2414 0.5395284933898802
2415 0.5395900547820875
2416 0.5396511583279293
2417 0.5397095757658601
2418 0.5397652310197707
2419 0.5398200226350344
2420 0.5398735986113533
2421 0.5399257365995944
2422 0.5399779898640527
2423 0.5400324004450245
2424 0.5400876104774038
2425 0.5401427818780977
2426 0.540197208983892
2427 0.5402509186703619
2428 0.5403031407576745
2429 0.5403528712450217
2430 0.5404002640605252
2431 0.540446069061381
2432 0.540489640625876
2433 0.540531399225678
2434 0.5405718098282538
2435 0.5406112750353361
2436 0.5406496165922478
2437 0.5406854079307801
2438 0.5407203172796612
2439 0.5407544759491586
2440 0.5407863823525524
2441 0.5408163965010164
2442 0.5408461027009754
2443 0.5408751017228419
2444 0.5409028690282067
2445 0.5409300018672272
2446 0.5409553770374489
2447 0.5409766233015181
2448 0.5409934099427249
2449 0.5410056515274645
2450 0.5410135541279203
2451 0.5410164649561514
2452 0.5410172263055214
2453 0.5410167473094668
2454 0.5410134655269946
2455 0.5410079550194614
2456 0.5410002665035161
2457 0.5409902364322566
2458 0.5409766130363485
2459 0.5409618789179521
2460 0.5409474280555217
2461 0.54093342923792
2462 0.5409206111602967
2463 0.5409089123331089
2464 0.5408997404524443
2465 0.5408935038150362
2466 0.5408926165487111
2467 0.5408988890578903
2468 0.5409142688044053
2469 0.5409412281780646
2470 0.5409804034061811
2471 0.5410333656447913
2472 0.5411001731461534
2473 0.5411814984552142
2474 0.5412755284491708
2475 0.5413812164684568
2476 0.5414994871728414
2477 0.5416294760536293
2478 0.5417713668297026
2479 0.5419249196838333
2480 0.5420905946891951
2481 0.5422684879005821
2482 0.5424576492194756
2483 0.5426586725738526
2484 0.542870612975311
2485 0.5430916188241585
2486 0.5433186063731339
2487 0.5435486573073468
2488 0.5437821201008195
2489 0.5440211791114596
2490 0.5442672718871602
2491 0.544520204142911
2492 0.5447789070117295
2493 0.5450412446553708
2494 0.5453079030802318
2495 0.5455910854882103
2496 0.5459318470117538
2497 0.5463974266021847
2498 0.5473765602060746
2499 0.548468348272558
2500 0.5495892444967958
2501 0.5506553563155665
2502 0.5515506252451796
