0
1
200
0 0.5521158583836132
1 0.5515506252451796
2 0.5506553563155663
3 0.5495892444967958
4 0.548468348272558
5 0.5473765602060747
6 0.5463974266021848
7 0.5459318470117538
8 0.5455910854882101
9 0.5453079030802319
10 0.5450412446553711
11 0.5447789070117296
12 0.5445202041429108
13 0.5442672718871603
14 0.5440211791114596
15 0.5437821201008196
16 0.5435486573073469
17 0.5433186063731337
18 0.5430916188241585
19 0.5428706129753107
20 0.5426586725738527
21 0.5424576492194756
22 0.542268487900582
23 0.5420905946891948
24 0.5419249196838333
25 0.5417713668297027
26 0.5416294760536294
27 0.5414994871728416
28 0.5413812164684565
29 0.5412755284491709
30 0.5411814984552145
31 0.5411001731461534
32 0.5410333656447911
33 0.540980403406181
34 0.5409412281780647
35 0.5409142688044054
36 0.5408988890578901
37 0.5408926165487109
38 0.5408935038150363
39 0.5408997404524444
40 0.540908912333109
41 0.5409206111602967
42 0.5409334292379204
43 0.5409474280555218
44 0.540961878917952
45 0.5409766130363487
46 0.5409902364322566
47 0.5410002665035153
48 0.5410079550194612
49 0.5410134655269947
50 0.5410167473094669
51 0.5410172263055214
52 0.5410164649561515
53 0.5410135541279206
54 0.5410056515274647
55 0.540993409942725
56 0.5409766233015183
57 0.5409553770374494
58 0.5409300018672272
59 0.5409028690282071
60 0.5408751017228419
61 0.5408461027009749
62 0.5408163965010164
63 0.540786382352552
64 0.5407544759491589
65 0.5407203172796613
66 0.5406854079307798
67 0.5406496165922478
68 0.5406112750353361
69 0.5405718098282535
70 0.5405313992256784
71 0.5404896406258758
72 0.5404460690613808
73 0.5404002640605249
74 0.5403528712450224
75 0.540303140757675
76 0.5402509186703619
77 0.5401972089838916
78 0.5401427818780972
79 0.5400876104774041
80 0.5400324004450249
81 0.5399779898640527
82 0.5399257365995942
83 0.5398735986113536
84 0.5398200226350338
85 0.5397652310197704
86 0.5397095757658603
87 0.5396511583279299
88 0.5395900547820874
89 0.5395284933898801
90 0.5394675853699339
91 0.5394091408740241
92 0.5393541704776599
93 0.5393033527459384
94 0.5392546620310343
95 0.5392073518824332
96 0.5391605911599681
97 0.5391138091408115
98 0.5390673905948207
99 0.5390220793991997
100 0.5389789682897566
101 0.5389394494352286
102 0.5389032962853338
103 0.5388683514851585
104 0.5388335387201227
105 0.5387977829969021
106 0.5387622564742146
107 0.538724828744327
108 0.5386861969382728
109 0.5386485623305141
110 0.5386130703481123
111 0.5385809662885764
112 0.5385506636531548
113 0.5385229442351306
114 0.5384978388001647
115 0.5384735021341871
116 0.5384493050885313
117 0.538426430698239
118 0.5384055332003426
119 0.5383851594720122
120 0.5383651002325258
121 0.538347494184099
122 0.5383338240821874
123 0.5383228676339933
124 0.5383133607290146
125 0.538305091030573
126 0.5382978075562574
127 0.5382905902644787
128 0.5382814819871116
129 0.5382689925033303
130 0.5382537757997746
131 0.5382358283854471
132 0.5382160544905384
133 0.5381955365321834
134 0.5381740356937469
135 0.5381512432502518
136 0.5381272414950207
137 0.5381037551669523
138 0.5380807226349651
139 0.5380576937394038
140 0.5380359515079625
141 0.5380168650756498
142 0.5379988403249227
143 0.5379807875111465
144 0.5379623527741405
145 0.5379445331872521
146 0.5379277602170796
147 0.537911706984508
148 0.5378965637303981
149 0.5378826315494933
150 0.5378697895626867
151 0.5378572136546484
152 0.5378430843307811
153 0.5378267297765006
154 0.5378090157141461
155 0.5377882234495278
156 0.5377648081673869
157 0.5377381075906246
158 0.5377078061166235
159 0.5376734866307811
160 0.5376334902984528
161 0.5375892772025388
162 0.5375389794698087
163 0.5374823581300493
164 0.5374218775679785
165 0.5373578458443722
166 0.5372908599038448
167 0.5372218957142122
168 0.5371512605727188
169 0.5370821106547224
170 0.5370137238207596
171 0.5369452259244721
172 0.5368763748196721
173 0.536806996971967
174 0.5367404211310324
175 0.5366738887003123
176 0.536605756247548
177 0.5365355301869358
178 0.5364627927125216
179 0.5363884249100269
180 0.5363112954315427
181 0.5362334708278502
182 0.5361564100552513
183 0.5360804503515657
184 0.5360045827376227
185 0.5359291557539592
186 0.5358550517318567
187 0.5357816144253182
188 0.5357087494442275
189 0.535636972962047
190 0.5355684439529724
191 0.53550173739753
192 0.5354376130422099
193 0.5353755074354485
194 0.5353162423816817
195 0.5352602305047051
196 0.5352053345155653
197 0.5351531197474797
198 0.5351015691910013
199 0.5350519716418192
