0
1
177
0 6.93891471495089
1 6.93891471495089
2 -2.2060125695326915
3 1.4275993068731163
4 -0.9118248074900965
5 0.8174060106932699
6 -0.554245169330813
7 0.5821545346112884
8 -0.3910457245059323
9 0.45583520382532755
10 -0.29668602700594615
11 0.37758462644886487
12 -0.23483942560781804
13 0.32440661945463606
14 -0.19061875902618808
15 0.28572941285224046
16 -0.15727493272915694
17 0.2562319216907893
18 -0.13172841425594378
19 0.23301381757207978
20 -0.11130397425830957
21 0.21401589333208176
22 -0.09457423194944126
23 0.19825983419859644
24 -0.08060049230754382
25 0.1848625861484115
26 -0.06874672498601755
27 0.17333176453253887
28 -0.05850538903260415
29 0.16331571095883643
30 -0.04965773899012624
31 0.154446590138607
32 -0.04187201520994086
33 0.14652894220321905
34 -0.03497837706011444
35 0.13942091486492042
36 -0.028837848111809384
37 0.13296122976265584
38 -0.02327464200269579
39 0.12707087452108481
40 -0.01828765681470787
41 0.12164008257357756
42 -0.013714437976226651
43 0.11664262224101357
44 0.1119741369154192
45 0.10761639348629169
46 0.10352307525792344
47 0.099681601995786
48 0.0960364919407252
49 0.09257898934833425
50 0.08928972602734096
51 0.011809216728340455
52 0.08614950226560292
53 0.01407624545974049
54 0.08314111687730476
55 0.016196947776042837
56 0.08025498298249348
57 0.0181857637274223
58 0.0774785846525704
59 0.020052290014559316
60 0.0748015135816074
61 0.021805907215432532
62 0.07221627915228028
63 0.02345275860612498
64 0.06971217960075986
65 0.025002868517385358
66 0.06728272242811556
67 0.026459211669264127
68 0.06492249711242921
69 0.027829813015766005
70 0.06262458318457127
71 0.029119633248375923
72 0.060387410833635205
73 0.030330142250201232
74 0.05820217085781633
75 0.03146959051982049
76 0.056069205474088404
77 0.03253746964851388
78 0.053981870057588026
79 0.03354040085535877
80 0.05193680357474201
81 0.03448212067069556
82 0.04993206403334355
83 0.03536113556859941
84 0.04796682194920825
85 0.03618320239114849
86 0.046035349392517834
87 0.03694929177983808
88 0.044138841075413195
89 0.03766186694085638
90 0.042273071951415095
91 0.03832379262867445
92 0.04043747887161486
93 0.03893427011895974
94 0.03862800482912044
95 0.03950032121715109
96 0.03684661136562743
97 0.04001650601721671
98 0.03509116760356693
99 0.04049008535482512
100 0.03336051251398996
101 0.04092017381081044
102 0.03165310767302173
103 0.04130636576146934
104 0.029967915037221668
105 0.04165333629934506
106 0.028306217394946362
107 0.04196023951332005
108 0.026664866868540478
109 0.04222777683281024
110 0.025044203460024228
111 0.04245756326782901
112 0.023443270818366335
113 0.04265184932483676
114 0.021862966687629992
115 0.042810178842909
116 0.020301607050140436
117 0.04293242574189075
118 0.01875889650479075
119 0.0430217091091589
120 0.01723498387794822
121 0.04307710490791433
122 0.015729181597884615
123 0.04310028472502183
124 0.01424147554120176
125 0.04309140316343857
126 0.012771683747436952
127 0.04305128400554782
128 0.011319602146681498
129 0.04298049195083983
130 0.0428796967462322
131 0.042749603377331385
132 0.042590138727390925
133 0.04240238926441562
134 0.04218663607297496
135 0.04194320957670796
136 0.041672551737750516
137 0.0413755568123407
138 0.04105121939597378
139 0.04070095835017261
140 0.040324979103636915
141 0.03992392495705387
142 0.039497608182625515
143 0.03904626594660694
144 0.03857016393894984
145 0.038069905062127846
146 -0.01075384172235156
147 0.03754545536495251
148 -0.011900440030332322
149 0.03699688805258827
150 -0.013029917658066471
151 0.03642530898530245
152 -0.014142005457481982
153 0.03583035820554414
154 -0.015236785770558998
155 0.035212569443124786
156 -0.016314466601244228
157 0.03457153693510294
158 -0.01737434117062944
159 0.03390827347605756
160 -0.018416487743627113
161 0.0332222951618284
162 -0.019440638882349204
163 0.03251495479838515
164 -0.02044700131072399
165 0.031785470060706346
166 -0.021435118918673723
167 0.031034688558808823
168 -0.022404556464133543
169 0.030262690770651957
170 -0.02335553102317363
171 0.029469730330779778
172 -0.024287616752346794
173 0.02865609703546218
174 -0.025200501602123823
175 0.0278221600481682
176 -0.0260941074063029
