0
1
2500
0 0.234
1 0.234
2 0.235
3 0.238
4 0.237
5 0.233
6 0.231
7 0.231
8 0.23
9 0.231
10 0.232
11 0.231
12 0.23
13 0.231
14 0.229
15 0.231
16 0.234
17 0.236
18 0.234
19 0.234
20 0.234
21 0.233
22 0.234
23 0.233
24 0.233
25 0.233
26 0.233
27 0.234
28 0.234
29 0.235
30 0.234
31 0.233
32 0.232
33 0.234
34 0.234
35 0.232
36 0.234
37 0.232
38 0.232
39 0.23
40 0.23
41 0.231
42 0.233
43 0.234
44 0.232
45 0.234
46 0.234
47 0.232
48 0.233
49 0.234
50 0.236
51 0.237
52 0.237
53 0.238
54 0.239
55 0.239
56 0.239
57 0.243
58 0.243
59 0.241
60 0.242
61 0.243
62 0.242
63 0.239
64 0.239
65 0.24
66 0.239
67 0.238
68 0.239
69 0.238
70 0.236
71 0.238
72 0.24
73 0.24
74 0.242
75 0.243
76 0.242
77 0.243
78 0.244
79 0.244
80 0.244
81 0.244
82 0.244
83 0.245
84 0.246
85 0.247
86 0.246
87 0.247
88 0.25
89 0.248
90 0.246
91 0.244
92 0.246
93 0.247
94 0.245
95 0.246
96 0.245
97 0.244
98 0.245
99 0.245
100 0.242
101 0.24
102 0.243
103 0.244
104 0.244
105 0.247
106 0.245
107 0.241
108 0.243
109 0.243
110 0.241
111 0.241
112 0.24
113 0.241
114 0.238
115 0.236
116 0.237
117 0.239
118 0.239
119 0.238
120 0.24
121 0.243
122 0.247
123 0.247
124 0.247
125 0.249
126 0.25
127 0.253
128 0.256
129 0.257
130 0.26
131 0.265
132 0.268
133 0.268
134 0.27
135 0.274
136 0.279
137 0.286
138 0.287
139 0.281
140 0.28
141 0.28
142 0.28
143 0.28
144 0.281
145 0.282
146 0.282
147 0.278
148 0.278
149 0.28
150 0.283
151 0.288
152 0.291
153 0.291
154 0.293
155 0.296
156 0.299
157 0.302
158 0.306
159 0.309
160 0.31
161 0.313
162 0.316
163 0.316
164 0.319
165 0.322
166 0.328
167 0.336
168 0.346
169 0.35
170 0.344
171 0.342
172 0.34
173 0.335
174 0.332
175 0.326
176 0.322
177 0.319
178 0.319
179 0.316
180 0.313
181 0.313
182 0.314
183 0.31
184 0.304
185 0.301
186 0.3
187 0.298
188 0.291
189 0.282
190 0.277
191 0.271
192 0.269
193 0.267
194 0.263
195 0.258
196 0.253
197 0.251
198 0.25
199 0.249
200 0.249
201 0.246
202 0.243
203 0.242
204 0.238
205 0.233
206 0.227
207 0.22
208 0.213
209 0.208
210 0.204
211 0.203
212 0.205
213 0.205
214 0.202
215 0.203
216 0.203
217 0.204
218 0.205
219 0.206
220 0.209
221 0.209
222 0.212
223 0.213
224 0.207
225 0.204
226 0.206
227 0.206
228 0.203
229 0.202
230 0.202
231 0.203
232 0.202
233 0.201
234 0.202
235 0.203
236 0.202
237 0.199
238 0.2
239 0.2
240 0.2
241 0.201
242 0.201
243 0.201
244 0.2
245 0.199
246 0.198
247 0.198
248 0.198
249 0.199
250 0.202
251 0.204
252 0.205
253 0.202
254 0.2
255 0.2
256 0.2
257 0.198
258 0.196
259 0.197
260 0.197
261 0.195
262 0.193
263 0.192
264 0.194
265 0.194
266 0.192
267 0.192
268 0.193
269 0.192
270 0.191
271 0.191
272 0.193
273 0.193
274 0.192
275 0.193
276 0.191
277 0.192
278 0.192
279 0.194
280 0.196
281 0.195
282 0.193
283 0.194
284 0.194
285 0.194
286 0.196
287 0.195
288 0.195
289 0.193
290 0.192
291 0.19
292 0.188
293 0.184
294 0.181
295 0.182
296 0.184
297 0.188
298 0.189
299 0.188
300 0.189
301 0.195
302 0.203
303 0.213
304 0.228
305 0.245
306 0.272
307 0.3
308 0.327
309 0.357
310 0.386
311 0.42
312 0.463
313 0.5
314 0.529
315 0.568
316 0.611
317 0.64
318 0.68
319 0.724
320 0.762
321 0.792
322 0.813
323 0.835
324 0.849
325 0.857
326 0.838
327 0.797
328 0.743
329 0.67
330 0.589
331 0.514
332 0.44
333 0.359
334 0.283
335 0.223
336 0.172
337 0.119
338 0.077
339 0.048
340 0.033
341 0.018
342 0.009
343 -0.021
344 -0.07
345 -0.088
346 -0.097
347 -0.109
348 -0.12
349 -0.134
350 -0.141
351 -0.133
352 -0.117
353 -0.102
354 -0.085
355 -0.069
356 -0.052
357 -0.036
358 -0.021
359 -0.005
360 0.013
361 0.034
362 0.056
363 0.074
364 0.089
365 0.105
366 0.118
367 0.131
368 0.143
369 0.154
370 0.165
371 0.174
372 0.181
373 0.188
374 0.197
375 0.205
376 0.21
377 0.211
378 0.21
379 0.211
380 0.211
381 0.211
382 0.213
383 0.214
384 0.215
385 0.214
386 0.213
387 0.215
388 0.217
389 0.217
390 0.217
391 0.22
392 0.224
393 0.227
394 0.232
395 0.234
396 0.232
397 0.231
398 0.233
399 0.235
400 0.237
401 0.237
402 0.238
403 0.241
404 0.243
405 0.242
406 0.242
407 0.242
408 0.245
409 0.246
410 0.246
411 0.246
412 0.245
413 0.246
414 0.246
415 0.247
416 0.248
417 0.25
418 0.252
419 0.252
420 0.251
421 0.252
422 0.251
423 0.25
424 0.249
425 0.248
426 0.249
427 0.251
428 0.253
429 0.253
430 0.253
431 0.253
432 0.252
433 0.254
434 0.256
435 0.255
436 0.252
437 0.251
438 0.251
439 0.251
440 0.251
441 0.252
442 0.254
443 0.254
444 0.255
445 0.256
446 0.257
447 0.258
448 0.261
449 0.262
450 0.261
451 0.261
452 0.262
453 0.263
454 0.263
455 0.266
456 0.269
457 0.273
458 0.277
459 0.274
460 0.274
461 0.275
462 0.276
463 0.277
464 0.278
465 0.277
466 0.278
467 0.278
468 0.278
469 0.278
470 0.279
471 0.281
472 0.282
473 0.283
474 0.286
475 0.287
476 0.287
477 0.288
478 0.289
479 0.292
480 0.293
481 0.294
482 0.297
483 0.301
484 0.305
485 0.303
486 0.301
487 0.303
488 0.306
489 0.304
490 0.306
491 0.309
492 0.312
493 0.315
494 0.313
495 0.315
496 0.316
497 0.317
498 0.319
499 0.32
500 0.322
501 0.324
502 0.322
503 0.325
504 0.329
505 0.332
506 0.336
507 0.339
508 0.338
509 0.339
510 0.342
511 0.346
512 0.351
513 0.355
514 0.357
515 0.357
516 0.356
517 0.358
518 0.361
519 0.361
520 0.362
521 0.365
522 0.37
523 0.378
524 0.38
525 0.381
526 0.385
527 0.388
528 0.392
529 0.394
530 0.395
531 0.395
532 0.398
533 0.4
534 0.401
535 0.402
536 0.405
537 0.407
538 0.409
539 0.412
540 0.412
541 0.413
542 0.415
543 0.414
544 0.416
545 0.415
546 0.417
547 0.421
548 0.421
549 0.419
550 0.417
551 0.419
552 0.421
553 0.425
554 0.426
555 0.424
556 0.427
557 0.429
558 0.431
559 0.429
560 0.428
561 0.429
562 0.43
563 0.43
564 0.431
565 0.431
566 0.432
567 0.435
568 0.434
569 0.432
570 0.432
571 0.432
572 0.433
573 0.434
574 0.433
575 0.429
576 0.427
577 0.426
578 0.422
579 0.42
580 0.419
581 0.421
582 0.42
583 0.418
584 0.416
585 0.413
586 0.412
587 0.413
588 0.41
589 0.406
590 0.402
591 0.397
592 0.395
593 0.396
594 0.392
595 0.384
596 0.379
597 0.376
598 0.37
599 0.366
600 0.363
601 0.357
602 0.354
603 0.351
604 0.345
605 0.341
606 0.338
607 0.333
608 0.329
609 0.324
610 0.317
611 0.314
612 0.309
613 0.306
614 0.302
615 0.296
616 0.291
617 0.287
618 0.282
619 0.278
620 0.274
621 0.27
622 0.266
623 0.266
624 0.265
625 0.261
626 0.258
627 0.256
628 0.254
629 0.253
630 0.249
631 0.245
632 0.245
633 0.245
634 0.243
635 0.24
636 0.237
637 0.235
638 0.234
639 0.232
640 0.23
641 0.23
642 0.229
643 0.23
644 0.229
645 0.228
646 0.229
647 0.229
648 0.225
649 0.224
650 0.222
651 0.22
652 0.222
653 0.221
654 0.218
655 0.216
656 0.216
657 0.217
658 0.218
659 0.219
660 0.218
661 0.22
662 0.22
663 0.219
664 0.22
665 0.221
666 0.219
667 0.216
668 0.216
669 0.216
670 0.217
671 0.216
672 0.219
673 0.219
674 0.217
675 0.219
676 0.217
677 0.217
678 0.218
679 0.22
680 0.226
681 0.222
682 0.218
683 0.216
684 0.214
685 0.216
686 0.218
687 0.22
688 0.221
689 0.221
690 0.222
691 0.225
692 0.224
693 0.224
694 0.225
695 0.226
696 0.224
697 0.223
698 0.223
699 0.222
700 0.221
701 0.223
702 0.222
703 0.219
704 0.217
705 0.216
706 0.218
707 0.218
708 0.217
709 0.217
710 0.217
711 0.217
712 0.217
713 0.217
714 0.218
715 0.217
716 0.219
717 0.221
718 0.22
719 0.222
720 0.223
721 0.222
722 0.224
723 0.224
724 0.222
725 0.221
726 0.223
727 0.224
728 0.223
729 0.222
730 0.222
731 0.225
732 0.225
733 0.226
734 0.224
735 0.222
736 0.224
737 0.225
738 0.224
739 0.221
740 0.222
741 0.223
742 0.221
743 0.221
744 0.22
745 0.218
746 0.216
747 0.216
748 0.215
749 0.215
750 0.214
751 0.213
752 0.213
753 0.212
754 0.211
755 0.214
756 0.217
757 0.217
758 0.216
759 0.214
760 0.212
761 0.213
762 0.212
763 0.213
764 0.215
765 0.215
766 0.215
767 0.212
768 0.212
769 0.211
770 0.209
771 0.206
772 0.204
773 0.205
774 0.206
775 0.204
776 0.203
777 0.203
778 0.203
779 0.203
780 0.202
781 0.2
782 0.201
783 0.203
784 0.202
785 0.201
786 0.201
787 0.2
788 0.2
789 0.2
790 0.2
791 0.199
792 0.197
793 0.198
794 0.198
795 0.196
796 0.194
797 0.192
798 0.192
799 0.191
800 0.191
801 0.192
802 0.191
803 0.188
804 0.188
805 0.19
806 0.189
807 0.189
808 0.189
809 0.188
810 0.189
811 0.19
812 0.189
813 0.185
814 0.186
815 0.187
816 0.185
817 0.184
818 0.186
819 0.188
820 0.186
821 0.186
822 0.185
823 0.186
824 0.186
825 0.186
826 0.186
827 0.186
828 0.185
829 0.184
830 0.186
831 0.185
832 0.183
833 0.183
834 0.184
835 0.184
836 0.181
837 0.179
838 0.179
839 0.178
840 0.18
841 0.184
842 0.185
843 0.185
844 0.186
845 0.185
846 0.185
847 0.187
848 0.188
849 0.186
850 0.184
851 0.184
852 0.184
853 0.185
854 0.184
855 0.183
856 0.181
857 0.179
858 0.181
859 0.184
860 0.186
861 0.182
862 0.182
863 0.185
864 0.184
865 0.181
866 0.182
867 0.182
868 0.18
869 0.181
870 0.182
871 0.181
872 0.179
873 0.179
874 0.181
875 0.179
876 0.18
877 0.182
878 0.183
879 0.183
880 0.182
881 0.18
882 0.181
883 0.181
884 0.18
885 0.181
886 0.183
887 0.184
888 0.183
889 0.182
890 0.181
891 0.182
892 0.182
893 0.181
894 0.181
895 0.182
896 0.181
897 0.18
898 0.178
899 0.178
900 0.179
901 0.179
902 0.18
903 0.18
904 0.18
905 0.179
906 0.18
907 0.18
908 0.178
909 0.178
910 0.18
911 0.184
912 0.188
913 0.192
914 0.199
915 0.2
916 0.2
917 0.204
918 0.205
919 0.207
920 0.211
921 0.214
922 0.218
923 0.225
924 0.229
925 0.234
926 0.235
927 0.23
928 0.23
929 0.234
930 0.237
931 0.237
932 0.233
933 0.237
934 0.24
935 0.238
936 0.236
937 0.238
938 0.244
939 0.246
940 0.249
941 0.251
942 0.25
943 0.251
944 0.255
945 0.261
946 0.261
947 0.261
948 0.262
949 0.266
950 0.27
951 0.272
952 0.272
953 0.275
954 0.282
955 0.288
956 0.296
957 0.299
958 0.295
959 0.291
960 0.285
961 0.281
962 0.28
963 0.276
964 0.271
965 0.27
966 0.268
967 0.265
968 0.264
969 0.263
970 0.263
971 0.263
972 0.259
973 0.254
974 0.252
975 0.247
976 0.242
977 0.24
978 0.237
979 0.23
980 0.224
981 0.221
982 0.22
983 0.217
984 0.215
985 0.215
986 0.215
987 0.215
988 0.211
989 0.208
990 0.205
991 0.203
992 0.199
993 0.193
994 0.188
995 0.181
996 0.176
997 0.172
998 0.169
999 0.167
1000 0.168
1001 0.168
1002 0.167
1003 0.169
1004 0.172
1005 0.172
1006 0.172
1007 0.173
1008 0.17
1009 0.171
1010 0.171
1011 0.17
1012 0.171
1013 0.172
1014 0.171
1015 0.169
1016 0.168
1017 0.169
1018 0.169
1019 0.169
1020 0.171
1021 0.171
1022 0.169
1023 0.167
1024 0.166
1025 0.167
1026 0.167
1027 0.167
1028 0.168
1029 0.167
1030 0.166
1031 0.165
1032 0.165
1033 0.164
1034 0.164
1035 0.161
1036 0.161
1037 0.161
1038 0.16
1039 0.161
1040 0.159
1041 0.157
1042 0.158
1043 0.157
1044 0.158
1045 0.155
1046 0.155
1047 0.157
1048 0.156
1049 0.155
1050 0.154
1051 0.157
1052 0.159
1053 0.163
1054 0.164
1055 0.165
1056 0.164
1057 0.16
1058 0.159
1059 0.156
1060 0.158
1061 0.159
1062 0.158
1063 0.16
1064 0.164
1065 0.163
1066 0.163
1067 0.165
1068 0.163
1069 0.166
1070 0.166
1071 0.165
1072 0.166
1073 0.165
1074 0.167
1075 0.168
1076 0.167
1077 0.166
1078 0.166
1079 0.165
1080 0.162
1081 0.157
1082 0.153
1083 0.155
1084 0.16
1085 0.161
1086 0.16
1087 0.16
1088 0.162
1089 0.169
1090 0.177
1091 0.19
1092 0.204
1093 0.226
1094 0.253
1095 0.278
1096 0.306
1097 0.336
1098 0.366
1099 0.4
1100 0.44
1101 0.478
1102 0.509
1103 0.55
1104 0.59
1105 0.625
1106 0.668
1107 0.709
1108 0.744
1109 0.769
1110 0.792
1111 0.813
1112 0.826
1113 0.825
1114 0.8
1115 0.75
1116 0.693
1117 0.619
1118 0.535
1119 0.463
1120 0.383
1121 0.302
1122 0.229
1123 0.176
1124 0.123
1125 0.073
1126 0.036
1127 0.005
1128 -0.006
1129 -0.017
1130 -0.035
1131 -0.077
1132 -0.116
1133 -0.126
1134 -0.138
1135 -0.146
1136 -0.16
1137 -0.177
1138 -0.176
1139 -0.165
1140 -0.152
1141 -0.137
1142 -0.118
1143 -0.1
1144 -0.081
1145 -0.061
1146 -0.044
1147 -0.033
1148 -0.018
1149 0.003
1150 0.025
1151 0.045
1152 0.059
1153 0.07
1154 0.081
1155 0.096
1156 0.11
1157 0.118
1158 0.127
1159 0.136
1160 0.142
1161 0.147
1162 0.152
1163 0.156
1164 0.164
1165 0.172
1166 0.177
1167 0.179
1168 0.179
1169 0.182
1170 0.182
1171 0.183
1172 0.185
1173 0.189
1174 0.191
1175 0.191
1176 0.19
1177 0.19
1178 0.192
1179 0.191
1180 0.191
1181 0.194
1182 0.198
1183 0.2
1184 0.2
1185 0.199
1186 0.198
1187 0.2
1188 0.201
1189 0.203
1190 0.204
1191 0.205
1192 0.204
1193 0.203
1194 0.206
1195 0.207
1196 0.205
1197 0.206
1198 0.206
1199 0.207
1200 0.209
1201 0.21
1202 0.211
1203 0.21
1204 0.209
1205 0.21
1206 0.211
1207 0.213
1208 0.213
1209 0.212
1210 0.214
1211 0.216
1212 0.213
1213 0.215
1214 0.214
1215 0.213
1216 0.215
1217 0.22
1218 0.221
1219 0.219
1220 0.222
1221 0.223
1222 0.225
1223 0.225
1224 0.221
1225 0.222
1226 0.224
1227 0.222
1228 0.222
1229 0.226
1230 0.227
1231 0.227
1232 0.225
1233 0.226
1234 0.23
1235 0.227
1236 0.223
1237 0.227
1238 0.228
1239 0.227
1240 0.229
1241 0.232
1242 0.233
1243 0.233
1244 0.23
1245 0.232
1246 0.236
1247 0.236
1248 0.237
1249 0.237
1250 0.238
1251 0.242
1252 0.244
1253 0.242
1254 0.242
1255 0.245
1256 0.244
1257 0.245
1258 0.247
1259 0.25
1260 0.253
1261 0.253
1262 0.254
1263 0.254
1264 0.255
1265 0.256
1266 0.258
1267 0.259
1268 0.261
1269 0.263
1270 0.264
1271 0.264
1272 0.264
1273 0.267
1274 0.271
1275 0.273
1276 0.272
1277 0.271
1278 0.274
1279 0.275
1280 0.277
1281 0.284
1282 0.289
1283 0.287
1284 0.285
1285 0.289
1286 0.293
1287 0.295
1288 0.296
1289 0.301
1290 0.306
1291 0.307
1292 0.308
1293 0.307
1294 0.309
1295 0.314
1296 0.315
1297 0.319
1298 0.322
1299 0.324
1300 0.329
1301 0.331
1302 0.333
1303 0.335
1304 0.336
1305 0.339
1306 0.342
1307 0.344
1308 0.35
1309 0.351
1310 0.347
1311 0.349
1312 0.352
1313 0.355
1314 0.359
1315 0.361
1316 0.361
1317 0.362
1318 0.367
1319 0.369
1320 0.373
1321 0.376
1322 0.377
1323 0.38
1324 0.382
1325 0.381
1326 0.381
1327 0.387
1328 0.393
1329 0.394
1330 0.394
1331 0.395
1332 0.397
1333 0.399
1334 0.401
1335 0.402
1336 0.399
1337 0.399
1338 0.399
1339 0.401
1340 0.404
1341 0.403
1342 0.405
1343 0.404
1344 0.406
1345 0.404
1346 0.404
1347 0.406
1348 0.407
1349 0.408
1350 0.407
1351 0.407
1352 0.409
1353 0.409
1354 0.409
1355 0.409
1356 0.408
1357 0.406
1358 0.408
1359 0.41
1360 0.409
1361 0.407
1362 0.409
1363 0.407
1364 0.406
1365 0.406
1366 0.405
1367 0.405
1368 0.404
1369 0.403
1370 0.399
1371 0.399
1372 0.402
1373 0.397
1374 0.393
1375 0.393
1376 0.388
1377 0.382
1378 0.379
1379 0.376
1380 0.371
1381 0.365
1382 0.359
1383 0.355
1384 0.352
1385 0.349
1386 0.345
1387 0.341
1388 0.335
1389 0.329
1390 0.323
1391 0.318
1392 0.315
1393 0.31
1394 0.303
1395 0.3
1396 0.298
1397 0.29
1398 0.286
1399 0.283
1400 0.277
1401 0.272
1402 0.271
1403 0.269
1404 0.264
1405 0.257
1406 0.251
1407 0.246
1408 0.239
1409 0.234
1410 0.231
1411 0.229
1412 0.228
1413 0.226
1414 0.23
1415 0.228
1416 0.222
1417 0.218
1418 0.214
1419 0.213
1420 0.211
1421 0.21
1422 0.212
1423 0.21
1424 0.206
1425 0.206
1426 0.205
1427 0.206
1428 0.207
1429 0.209
1430 0.207
1431 0.206
1432 0.203
1433 0.2
1434 0.202
1435 0.2
1436 0.198
1437 0.198
1438 0.198
1439 0.195
1440 0.192
1441 0.194
1442 0.197
1443 0.197
1444 0.196
1445 0.197
1446 0.198
1447 0.196
1448 0.195
1449 0.192
1450 0.191
1451 0.195
1452 0.195
1453 0.194
1454 0.192
1455 0.191
1456 0.194
1457 0.193
1458 0.193
1459 0.194
1460 0.193
1461 0.191
1462 0.193
1463 0.194
1464 0.192
1465 0.192
1466 0.193
1467 0.195
1468 0.195
1469 0.192
1470 0.192
1471 0.193
1472 0.192
1473 0.195
1474 0.194
1475 0.192
1476 0.195
1477 0.197
1478 0.193
1479 0.193
1480 0.196
1481 0.199
1482 0.199
1483 0.195
1484 0.195
1485 0.194
1486 0.191
1487 0.19
1488 0.19
1489 0.192
1490 0.195
1491 0.195
1492 0.192
1493 0.192
1494 0.19
1495 0.19
1496 0.189
1497 0.189
1498 0.189
1499 0.189
1500 0.19
1501 0.19
1502 0.188
1503 0.19
1504 0.188
1505 0.189
1506 0.189
1507 0.185
1508 0.19
1509 0.188
1510 0.185
1511 0.185
1512 0.182
1513 0.185
1514 0.187
1515 0.185
1516 0.185
1517 0.184
1518 0.185
1519 0.184
1520 0.181
1521 0.18
1522 0.182
1523 0.182
1524 0.181
1525 0.18
1526 0.178
1527 0.181
1528 0.181
1529 0.182
1530 0.182
1531 0.181
1532 0.183
1533 0.183
1534 0.18
1535 0.181
1536 0.181
1537 0.179
1538 0.178
1539 0.177
1540 0.18
1541 0.184
1542 0.186
1543 0.182
1544 0.176
1545 0.176
1546 0.177
1547 0.172
1548 0.172
1549 0.177
1550 0.174
1551 0.173
1552 0.172
1553 0.167
1554 0.166
1555 0.168
1556 0.169
1557 0.17
1558 0.169
1559 0.167
1560 0.168
1561 0.166
1562 0.164
1563 0.163
1564 0.16
1565 0.159
1566 0.158
1567 0.159
1568 0.16
1569 0.159
1570 0.155
1571 0.154
1572 0.153
1573 0.153
1574 0.156
1575 0.155
1576 0.154
1577 0.157
1578 0.16
1579 0.16
1580 0.157
1581 0.155
1582 0.155
1583 0.157
1584 0.157
1585 0.156
1586 0.158
1587 0.158
1588 0.159
1589 0.155
1590 0.15
1591 0.152
1592 0.154
1593 0.153
1594 0.153
1595 0.152
1596 0.151
1597 0.153
1598 0.153
1599 0.155
1600 0.153
1601 0.151
1602 0.155
1603 0.153
1604 0.146
1605 0.144
1606 0.146
1607 0.147
1608 0.149
1609 0.148
1610 0.145
1611 0.148
1612 0.15
1613 0.147
1614 0.147
1615 0.143
1616 0.141
1617 0.145
1618 0.144
1619 0.147
1620 0.15
1621 0.148
1622 0.15
1623 0.149
1624 0.147
1625 0.145
1626 0.144
1627 0.144
1628 0.145
1629 0.146
1630 0.144
1631 0.146
1632 0.149
1633 0.152
1634 0.152
1635 0.147
1636 0.148
1637 0.147
1638 0.146
1639 0.147
1640 0.147
1641 0.148
1642 0.143
1643 0.146
1644 0.148
1645 0.149
1646 0.149
1647 0.146
1648 0.144
1649 0.142
1650 0.145
1651 0.144
1652 0.141
1653 0.143
1654 0.145
1655 0.144
1656 0.142
1657 0.141
1658 0.139
1659 0.14
1660 0.143
1661 0.143
1662 0.143
1663 0.143
1664 0.143
1665 0.145
1666 0.145
1667 0.145
1668 0.144
1669 0.145
1670 0.144
1671 0.141
1672 0.144
1673 0.146
1674 0.142
1675 0.139
1676 0.14
1677 0.141
1678 0.14
1679 0.139
1680 0.139
1681 0.14
1682 0.141
1683 0.14
1684 0.142
1685 0.143
1686 0.141
1687 0.139
1688 0.14
1689 0.144
1690 0.144
1691 0.141
1692 0.145
1693 0.149
1694 0.15
1695 0.154
1696 0.157
1697 0.158
1698 0.162
1699 0.161
1700 0.159
1701 0.163
1702 0.17
1703 0.175
1704 0.177
1705 0.183
1706 0.187
1707 0.191
1708 0.19
1709 0.185
1710 0.191
1711 0.192
1712 0.189
1713 0.187
1714 0.183
1715 0.184
1716 0.187
1717 0.187
1718 0.186
1719 0.186
1720 0.186
1721 0.188
1722 0.194
1723 0.194
1724 0.191
1725 0.195
1726 0.2
1727 0.203
1728 0.207
1729 0.207
1730 0.209
1731 0.215
1732 0.216
1733 0.218
1734 0.218
1735 0.224
1736 0.232
1737 0.243
1738 0.256
1739 0.256
1740 0.249
1741 0.246
1742 0.243
1743 0.237
1744 0.234
1745 0.23
1746 0.224
1747 0.226
1748 0.222
1749 0.215
1750 0.211
1751 0.208
1752 0.208
1753 0.209
1754 0.206
1755 0.203
1756 0.202
1757 0.197
1758 0.189
1759 0.183
1760 0.179
1761 0.176
1762 0.172
1763 0.167
1764 0.163
1765 0.162
1766 0.163
1767 0.159
1768 0.152
1769 0.152
1770 0.152
1771 0.15
1772 0.147
1773 0.141
1774 0.136
1775 0.13
1776 0.124
1777 0.117
1778 0.112
1779 0.113
1780 0.114
1781 0.111
1782 0.112
1783 0.115
1784 0.113
1785 0.115
1786 0.117
1787 0.117
1788 0.118
1789 0.118
1790 0.119
1791 0.116
1792 0.111
1793 0.118
1794 0.122
1795 0.119
1796 0.121
1797 0.121
1798 0.119
1799 0.116
1800 0.116
1801 0.115
1802 0.112
1803 0.115
1804 0.116
1805 0.117
1806 0.117
1807 0.117
1808 0.114
1809 0.118
1810 0.12
1811 0.118
1812 0.118
1813 0.114
1814 0.113
1815 0.116
1816 0.114
1817 0.115
1818 0.117
1819 0.114
1820 0.111
1821 0.113
1822 0.114
1823 0.113
1824 0.108
1825 0.107
1826 0.11
1827 0.108
1828 0.111
1829 0.107
1830 0.106
1831 0.11
1832 0.108
1833 0.108
1834 0.106
1835 0.104
1836 0.102
1837 0.105
1838 0.104
1839 0.101
1840 0.103
1841 0.103
1842 0.105
1843 0.103
1844 0.102
1845 0.104
1846 0.105
1847 0.107
1848 0.107
1849 0.105
1850 0.105
1851 0.105
1852 0.107
1853 0.107
1854 0.108
1855 0.117
1856 0.116
1857 0.109
1858 0.106
1859 0.103
1860 0.104
1861 0.103
1862 0.099
1863 0.093
1864 0.087
1865 0.091
1866 0.1
1867 0.102
1868 0.103
1869 0.103
1870 0.1
1871 0.104
1872 0.118
1873 0.13
1874 0.141
1875 0.158
1876 0.184
1877 0.209
1878 0.234
1879 0.268
1880 0.298
1881 0.329
1882 0.357
1883 0.396
1884 0.432
1885 0.467
1886 0.513
1887 0.545
1888 0.577
1889 0.614
1890 0.652
1891 0.678
1892 0.697
1893 0.714
1894 0.721
1895 0.733
1896 0.72
1897 0.675
1898 0.617
1899 0.549
1900 0.473
1901 0.398
1902 0.328
1903 0.249
1904 0.172
1905 0.117
1906 0.072
1907 0.025
1908 -0.017
1909 -0.048
1910 -0.07
1911 -0.082
1912 -0.09
1913 -0.136
1914 -0.184
1915 -0.198
1916 -0.204
1917 -0.208
1918 -0.212
1919 -0.221
1920 -0.226
1921 -0.218
1922 -0.206
1923 -0.188
1924 -0.17
1925 -0.153
1926 -0.135
1927 -0.121
1928 -0.105
1929 -0.087
1930 -0.07
1931 -0.051
1932 -0.031
1933 -0.015
1934 -0.001
1935 0.013
1936 0.03
1937 0.043
1938 0.056
1939 0.07
1940 0.079
1941 0.086
1942 0.095
1943 0.103
1944 0.11
1945 0.114
1946 0.12
1947 0.123
1948 0.126
1949 0.129
1950 0.13
1951 0.131
1952 0.132
1953 0.134
1954 0.132
1955 0.131
1956 0.135
1957 0.137
1958 0.137
1959 0.136
1960 0.135
1961 0.136
1962 0.139
1963 0.135
1964 0.137
1965 0.141
1966 0.141
1967 0.143
1968 0.145
1969 0.146
1970 0.15
1971 0.151
1972 0.148
1973 0.15
1974 0.152
1975 0.154
1976 0.154
1977 0.153
1978 0.153
1979 0.151
1980 0.15
1981 0.157
1982 0.161
1983 0.16
1984 0.159
1985 0.157
1986 0.159
1987 0.163
1988 0.162
1989 0.162
1990 0.16
1991 0.163
1992 0.164
1993 0.163
1994 0.163
1995 0.16
1996 0.167
1997 0.175
1998 0.173
1999 0.173
2000 0.174
2001 0.172
2002 0.171
2003 0.172
2004 0.175
2005 0.176
2006 0.171
2007 0.169
2008 0.17
2009 0.174
2010 0.178
2011 0.176
2012 0.176
2013 0.177
2014 0.181
2015 0.181
2016 0.179
2017 0.181
2018 0.181
2019 0.181
2020 0.183
2021 0.184
2022 0.182
2023 0.183
2024 0.186
2025 0.184
2026 0.181
2027 0.187
2028 0.185
2029 0.183
2030 0.188
2031 0.188
2032 0.186
2033 0.182
2034 0.189
2035 0.191
2036 0.186
2037 0.191
2038 0.189
2039 0.191
2040 0.194
2041 0.195
2042 0.197
2043 0.2
2044 0.208
2045 0.209
2046 0.209
2047 0.21
2048 0.212
2049 0.212
2050 0.212
2051 0.217
2052 0.22
2053 0.223
2054 0.219
2055 0.218
2056 0.222
2057 0.224
2058 0.227
2059 0.228
2060 0.229
2061 0.23
2062 0.229
2063 0.23
2064 0.234
2065 0.236
2066 0.24
2067 0.24
2068 0.242
2069 0.244
2070 0.241
2071 0.243
2072 0.251
2073 0.254
2074 0.257
2075 0.261
2076 0.262
2077 0.262
2078 0.264
2079 0.265
2080 0.27
2081 0.274
2082 0.274
2083 0.273
2084 0.272
2085 0.276
2086 0.278
2087 0.276
2088 0.275
2089 0.276
2090 0.277
2091 0.278
2092 0.284
2093 0.29
2094 0.29
2095 0.293
2096 0.298
2097 0.298
2098 0.296
2099 0.302
2100 0.306
2101 0.306
2102 0.309
2103 0.308
2104 0.31
2105 0.316
2106 0.318
2107 0.317
2108 0.315
2109 0.314
2110 0.318
2111 0.322
2112 0.327
2113 0.327
2114 0.323
2115 0.329
2116 0.336
2117 0.335
2118 0.333
2119 0.335
2120 0.333
2121 0.336
2122 0.34
2123 0.342
2124 0.344
2125 0.344
2126 0.347
2127 0.346
2128 0.349
2129 0.354
2130 0.354
2131 0.354
2132 0.35
2133 0.348
2134 0.35
2135 0.35
2136 0.349
2137 0.348
2138 0.351
2139 0.353
2140 0.353
2141 0.354
2142 0.354
2143 0.352
2144 0.353
2145 0.355
2146 0.357
2147 0.351
2148 0.347
2149 0.351
2150 0.351
2151 0.348
2152 0.345
2153 0.344
2154 0.342
2155 0.338
2156 0.331
2157 0.325
2158 0.327
2159 0.329
2160 0.326
2161 0.318
2162 0.317
2163 0.314
2164 0.303
2165 0.3
2166 0.298
2167 0.291
2168 0.286
2169 0.282
2170 0.281
2171 0.277
2172 0.27
2173 0.265
2174 0.263
2175 0.259
2176 0.253
2177 0.251
2178 0.249
2179 0.243
2180 0.24
2181 0.238
2182 0.232
2183 0.227
2184 0.225
2185 0.222
2186 0.221
2187 0.214
2188 0.206
2189 0.201
2190 0.202
2191 0.198
2192 0.192
2193 0.193
2194 0.185
2195 0.185
2196 0.188
2197 0.183
2198 0.179
2199 0.175
2200 0.17
2201 0.167
2202 0.173
2203 0.168
2204 0.16
2205 0.164
2206 0.166
2207 0.16
2208 0.155
2209 0.154
2210 0.153
2211 0.151
2212 0.152
2213 0.152
2214 0.147
2215 0.148
2216 0.152
2217 0.151
2218 0.15
2219 0.146
2220 0.144
2221 0.145
2222 0.146
2223 0.149
2224 0.146
2225 0.141
2226 0.137
2227 0.135
2228 0.135
2229 0.137
2230 0.14
2231 0.143
2232 0.143
2233 0.142
2234 0.143
2235 0.142
2236 0.141
2237 0.142
2238 0.143
2239 0.145
2240 0.142
2241 0.14
2242 0.139
2243 0.143
2244 0.145
2245 0.144
2246 0.143
2247 0.142
2248 0.139
2249 0.133
2250 0.135
2251 0.138
2252 0.137
2253 0.133
2254 0.135
2255 0.131
2256 0.131
2257 0.137
2258 0.131
2259 0.134
2260 0.135
2261 0.13
2262 0.129
2263 0.133
2264 0.131
2265 0.124
2266 0.127
2267 0.128
2268 0.129
2269 0.131
2270 0.13
2271 0.128
2272 0.13
2273 0.131
2274 0.13
2275 0.13
2276 0.134
2277 0.134
2278 0.129
2279 0.132
2280 0.136
2281 0.131
2282 0.131
2283 0.132
2284 0.135
2285 0.135
2286 0.135
2287 0.137
2288 0.136
2289 0.136
2290 0.132
2291 0.134
2292 0.136
2293 0.133
2294 0.137
2295 0.137
2296 0.13
2297 0.127
2298 0.132
2299 0.134
2300 0.131
2301 0.129
2302 0.131
2303 0.134
2304 0.134
2305 0.133
2306 0.135
2307 0.135
2308 0.134
2309 0.133
2310 0.13
2311 0.13
2312 0.129
2313 0.135
2314 0.134
2315 0.125
2316 0.127
2317 0.128
2318 0.131
2319 0.13
2320 0.13
2321 0.133
2322 0.134
2323 0.136
2324 0.137
2325 0.131
2326 0.126
2327 0.126
2328 0.122
2329 0.123
2330 0.127
2331 0.125
2332 0.127
2333 0.124
2334 0.121
2335 0.126
2336 0.126
2337 0.123
2338 0.126
2339 0.13
2340 0.131
2341 0.124
2342 0.124
2343 0.128
2344 0.12
2345 0.118
2346 0.119
2347 0.12
2348 0.121
2349 0.118
2350 0.121
2351 0.123
2352 0.119
2353 0.123
2354 0.126
2355 0.123
2356 0.124
2357 0.122
2358 0.123
2359 0.124
2360 0.122
2361 0.12
2362 0.114
2363 0.114
2364 0.117
2365 0.118
2366 0.12
2367 0.119
2368 0.12
2369 0.116
2370 0.113
2371 0.112
2372 0.112
2373 0.112
2374 0.112
2375 0.117
2376 0.118
2377 0.118
2378 0.117
2379 0.116
2380 0.112
2381 0.107
2382 0.109
2383 0.112
2384 0.108
2385 0.109
2386 0.112
2387 0.103
2388 0.102
2389 0.105
2390 0.104
2391 0.107
2392 0.109
2393 0.115
2394 0.117
2395 0.113
2396 0.112
2397 0.111
2398 0.115
2399 0.111
2400 0.11
2401 0.111
2402 0.105
2403 0.106
2404 0.107
2405 0.107
2406 0.105
2407 0.104
2408 0.111
2409 0.107
2410 0.104
2411 0.107
2412 0.105
2413 0.107
2414 0.107
2415 0.102
2416 0.102
2417 0.103
2418 0.102
2419 0.105
2420 0.109
2421 0.106
2422 0.107
2423 0.109
2424 0.11
2425 0.108
2426 0.106
2427 0.104
2428 0.102
2429 0.098
2430 0.101
2431 0.105
2432 0.105
2433 0.107
2434 0.104
2435 0.102
2436 0.102
2437 0.102
2438 0.099
2439 0.101
2440 0.108
2441 0.103
2442 0.101
2443 0.1
2444 0.099
2445 0.097
2446 0.097
2447 0.096
2448 0.098
2449 0.1
2450 0.096
2451 0.093
2452 0.096
2453 0.096
2454 0.093
2455 0.088
2456 0.089
2457 0.092
2458 0.09
2459 0.09
2460 0.09
2461 0.09
2462 0.089
2463 0.085
2464 0.088
2465 0.092
2466 0.087
2467 0.088
2468 0.092
2469 0.092
2470 0.093
2471 0.096
2472 0.101
2473 0.106
2474 0.106
2475 0.107
2476 0.111
2477 0.111
2478 0.116
2479 0.117
2480 0.117
2481 0.125
2482 0.13
2483 0.14
2484 0.141
2485 0.131
2486 0.13
2487 0.135
2488 0.134
2489 0.134
2490 0.135
2491 0.136
2492 0.141
2493 0.141
2494 0.141
2495 0.142
2496 0.143
2497 0.149
2498 0.154
2499 0.152
