0
1
2506
-3 0.002964713414557109
-2 0.018465712530875034
-1 0.05467666153711014
0 0.3355809142694178
1 0.3721199481039034
2 0.3891681052761949
3 0.39544250491598965
4 0.39402156782877984
5 0.38895621808295333
6 0.38585563576783555
7 0.385192824506206
8 0.38401792584424743
9 0.3851136731119397
10 0.38619385565545217
11 0.3850883336810461
12 0.3838600992414194
13 0.3847129411854458
14 0.38292217857655503
15 0.3856375936893588
16 0.38960406306590767
17 0.39226590430819097
18 0.3903866917840247
19 0.3901942272292938
20 0.38998595985753076
21 0.38884907034191263
22 0.3897396833394272
23 0.38862813325470275
24 0.38853968333942723
25 0.3885523530548741
26 0.3887070465561168
27 0.38996062042663715
28 0.3901910941277085
29 0.3912237309110189
30 0.3899954964713923
31 0.3886848402268085
32 0.3875606204266371
33 0.3896198658829398
34 0.38964810032256647
35 0.387544817609605
36 0.3893260436046343
37 0.38697045626325094
38 0.3864714997147677
39 0.3840559349905879
40 0.3840210589458327
41 0.3854388629314572
42 0.38801576276200833
43 0.3894144935199098
44 0.3875983914801253
45 0.3896607700380133
46 0.3896198658829398
47 0.38757329014208397
48 0.3887890929591161
49 0.39038692987687695
50 0.3931498907498826
51 0.394817104355196
52 0.39533789183102974
53 0.3967841683491332
54 0.39820221042761006
55 0.3986881218586886
56 0.3993604697341797
57 0.404053321993139
58 0.40444162229703834
59 0.40251486401267006
60 0.40350659664090704
61 0.40437537871107115
62 0.4029195655791062
63 0.39929735924979787
64 0.39885548507537816
65 0.39963581723026675
66 0.3984513819544466
67 0.397226042523553
68 0.39795593390950657
69 0.39668015370967785
70 0.3946209082533752
71 0.3969926738137486
72 0.3997020608162339
73 0.4004815564327657
74 0.403140502666316
75 0.4045994488998663
76 0.40390756666025324
77 0.40519914967711407
78 0.40650026930783645
79 0.40670853667959944
80 0.4068001196964603
81 0.4068917027133211
82 0.4071253095159778
83 0.4085335768877408
84 0.40998939001970575
85 0.4113598863379806
86 0.4107215779688878
87 0.4121520516699592
88 0.4153859576953682
89 0.4130870773260905
90 0.4104248606818493
91 0.40797128681132894
92 0.40993894925077073
93 0.41103469651846314
94 0.40897231796057515
95 0.4097462466031876
96 0.40849267273266726
97 0.40729556774140036
98 0.4080632301808421
99 0.40758045185134884
100 0.4039360391927322
101 0.4016149524941462
102 0.4048995373813425
103 0.4065665128938036
104 0.40717551219206055
105 0.41033074300890776
106 0.4079212063950462
107 0.4032945977220541
108 0.40484885851955515
109 0.40454587502934597
110 0.40217410946897275
111 0.40176360283576495
112 0.4003617389762782
113 0.40079780808392623
114 0.3970684540135772
115 0.39454512805354647
116 0.39554639729564506
117 0.3978896903235394
118 0.3982557842981304
119 0.39775973780768575
120 0.40075943858493346
121 0.4052213560064224
122 0.41063059339753166
123 0.41161859447867866
124 0.41233521770368087
125 0.4151773299709529
126 0.41736219795051455
127 0.42181771185972733
128 0.4263901482166945
129 0.42909893677367533
130 0.4340625684432749
131 0.4411203216139323
132 0.4458883556272158
133 0.44735937313070834
134 0.45106013240877835
135 0.45745737088103466
136 0.4652817118599247
137 0.47449005541089323
138 0.4761604021177919
139 0.4694874557967963
140 0.46751422638343515
141 0.46698741079728306
142 0.466924062220049
143 0.46713232959181206
144 0.46843634423126734
145 0.46952606338864133
146 0.4691535659017741
147 0.4646029755214629
148 0.46456833756956006
149 0.46753667080559574
150 0.4723675772104087
151 0.4794535648206928
152 0.4842215988339762
153 0.48560103332060794
154 0.4889639330637136
155 0.49362481933595626
156 0.49858845100555593
157 0.5037067761763983
158 0.509775929820404
159 0.5146228771351014
160 0.5172527523906681
161 0.5217589451616682
162 0.5261640183019459
163 0.5275783288333327
164 0.5323779684806805
165 0.5380648649804107
166 0.5478783389734408
167 0.5603791309487534
168 0.5742481226791124
169 0.5801150370616736
170 0.5737923818982367
171 0.570177278310456
172 0.5660728920971589
173 0.5586427787487399
174 0.5528803401420332
175 0.5440421975147035
176 0.5375498675220431
177 0.5326588829506869
178 0.5311909985487796
179 0.5268901781408095
180 0.522803653214921
181 0.5219545428179844
182 0.5218635582466281
183 0.5160406811207259
184 0.5077324871811335
185 0.5025761528639507
186 0.4995768124393554
187 0.4950049745278927
188 0.4843918570593987
189 0.47116757721040875
190 0.46220030355627667
191 0.4530494027320239
192 0.44863828643212234
193 0.4444547488245591
194 0.43800683149051545
195 0.43031160648912214
196 0.422859524904247
197 0.4190832235192005
198 0.4169865673620621
199 0.4151992982074089
200 0.41427754071222905
201 0.4100176244593325
202 0.4054578578178121
203 0.402569036328695
204 0.39611798589306607
205 0.3879144050384337
206 0.3780533852852016
207 0.36687857618580044
208 0.3558838000185355
209 0.3476015439553413
210 0.34145347700992157
211 0.33948617492313216
212 0.34121709745833184
213 0.34101172509530187
214 0.33769890576847894
215 0.33853907799705857
216 0.3387286475430564
217 0.3402158282162334
218 0.3419366156920671
219 0.3438596424293455
220 0.3479046497053505
221 0.34890194930750684
222 0.3524325726199543
223 0.3530331099355589
224 0.3458549408629094
225 0.34170241044390576
226 0.34304213766647323
227 0.3425464515286809
228 0.3388989057684789
229 0.3373137385661649
230 0.3370360945068494
231 0.33792357440277876
232 0.33678981798874585
233 0.3357096354452334
234 0.33675180884240546
235 0.3376868344985367
236 0.33629726495253887
237 0.3327761782539529
238 0.3334711935951513
239 0.33348073020901287
240 0.33366365814988225
241 0.3348636581498822
242 0.3349394383497109
243 0.3347720751330214
244 0.33336380776125835
245 0.33185442075877297
246 0.33044615338700994
247 0.3303167993166609
248 0.33061664970528476
249 0.33241321738094715
250 0.33650553232430197
251 0.3393664797264446
252 0.3404906995266159
253 0.3369065023436481
254 0.3341086654258872
255 0.3334553907781192
256 0.3328556900008714
257 0.3301872071534596
258 0.3276071742213233
259 0.3282074734440756
260 0.32774979645262375
261 0.32504040945013835
262 0.32232148583379155
263 0.3209636592309635
264 0.32291865195495845
265 0.3228397386535445
266 0.32061312998055236
267 0.32040486260878925
268 0.3212514383496451
269 0.3200514383496451
270 0.31889547560630394
271 0.3189839255215794
272 0.3212514383496451
273 0.32143436629051453
274 0.3204017295072039
275 0.32122923202033676
276 0.3190977148677486
277 0.32019972833861166
278 0.32066380884233964
279 0.3233225169830377
280 0.3257700627432397
281 0.3247687935011412
282 0.3225266201039692
283 0.323401668377304
284 0.323531022447653
285 0.32381507001924476
286 0.3260477068025552
287 0.3250119369176594
288 0.3245887605690048
289 0.3218353363098607
290 0.3198207265557214
291 0.3165211753898499
292 0.3129153703230783
293 0.3072883289463445
294 0.30324958787351014
295 0.3042822246568206
296 0.3072598564138656
297 0.31249859748669995
298 0.31445009675645735
299 0.31434861677308257
300 0.31709565256925615
301 0.3264868018012941
302 0.339824510643801
303 0.3572608156821387
304 0.3821868360497343
305 0.41204465940931845
306 0.4546948861937334
307 0.5003192512809557
308 0.546047270654981
309 0.5957040891358137
310 0.6458650557370912
311 0.7029508121513872
312 0.7702503890915445
313 0.8315363224687929
314 0.8845881690295637
315 0.9479497641749566
316 1.015665976642387
317 1.0696526258157424
318 1.1351851922356297
319 1.2047705186932192
320 1.2665048520169633
321 1.3166880098982434
322 1.3540355636363908
323 1.3886078170401273
324 1.410041742379427
325 1.4171915461300921
326 1.3859907616626084
327 1.3203434320490892
328 1.2304351433757688
329 1.1130889811992597
330 0.982969458727032
331 0.857143390787384
332 0.7321258894422518
333 0.6011065777112999
334 0.4781926222129914
335 0.3762002200437378
336 0.28830944256003754
337 0.20327432368772855
338 0.13486715125348325
339 0.08598487491007309
340 0.056748351588982754
341 0.029974391881434147
342 0.0073781181976136185
343 -0.04008421638210254
344 -0.10784397130622476
345 -0.14145181929785816
346 -0.16142470697282932
347 -0.18174787581365465
348 -0.20015650137590743
349 -0.21991727073401668
350 -0.22887620466529643
351 -0.21774170127546416
352 -0.19429597545631705
353 -0.1694745466976281
354 -0.14178893665146444
355 -0.11488304526537928
356 -0.0870202972958123
357 -0.06030687046445805
358 -0.034569373444308625
359 -0.007319356320088522
360 0.022886086231868195
361 0.05690619966786416
362 0.0919307154475439
363 0.12209814885316014
364 0.1481070237294545
365 0.174122763254424
366 0.1963648733595334
367 0.21795020031333157
368 0.23796943329253872
369 0.2564381370213348
370 0.27424402948850124
371 0.2892869610826619
372 0.30172765341537794
373 0.313931605843852
374 0.3279736285485666
375 0.3403453045463825
376 0.3483688524688786
377 0.35089784618657527
378 0.35043980884247117
379 0.3516400469353234
380 0.35188632345342696
381 0.3523281976278467
382 0.35494913471505657
383 0.3565343019173705
384 0.3578258849342315
385 0.3568752945539202
386 0.3560413885285112
387 0.3585425081592336
388 0.36121099100664544
389 0.3618896050853071
390 0.3628144956820723
391 0.36732068845307236
392 0.373405406821258
393 0.3787035268313843
394 0.3856348209404257
395 0.38870740690876915
396 0.38698915408901613
397 0.38614281644101256
398 0.3887228493731489
399 0.39166271007670556
400 0.3945961672679862
401 0.3954421445633373
402 0.39738386912638096
403 0.4014070454750355
404 0.404182676063488
405 0.4035414726856622
406 0.40376867597604266
407 0.4042580959106644
408 0.4080001196964602
409 0.4096515304847414
410 0.40995138087336525
411 0.4099671836903975
412 0.40894721662253375
413 0.4100714364227051
414 0.4104061628560841
415 0.4119722568306752
416 0.41378149422178434
417 0.4166991485960328
418 0.4194338750294118
419 0.419787299288556
420 0.41882090609121264
421 0.419657945218207
422 0.41831278833082575
423 0.4168034013283405
424 0.4153320234721955
425 0.41421093677360954
426 0.41561920414537257
427 0.4184043713476866
428 0.4211673322206923
429 0.421609206395112
430 0.42172612884286653
431 0.4217546013753455
432 0.4209838058343184
433 0.4234342466032534
434 0.4257112960451805
435 0.4244101764144582
436 0.42065861601480087
437 0.4189536313559992
438 0.418600207096855
439 0.4185875373814082
440 0.4188620483391384
441 0.4203841050570707
442 0.4230177118597274
443 0.4236269492508365
444 0.4252057129408744
445 0.42684469210656106
446 0.428631723168362
447 0.43058298434526704
448 0.43450504106319926
449 0.43610601108254543
450 0.4353510183585504
451 0.43552151467682526
452 0.43686064345388814
453 0.438439407143926
454 0.43937383435455263
455 0.44383248136535064
456 0.44875497078702453
457 0.4546378252957233
458 0.4598419284166549
459 0.4572425992132488
460 0.4573277787178333
461 0.4586133336243758
462 0.460138285351041
463 0.4616603420689732
464 0.46300549895635434
465 0.4621937992602538
466 0.4633180190604251
467 0.46343180840659426
468 0.46357696529397535
469 0.4638894853980461
470 0.4654777857019455
471 0.4682914254367384
472 0.470233149999782
473 0.472263324478101
474 0.476276964212894
475 0.4780988713194501
476 0.4787239115275915
477 0.48039425823449017
478 0.4823046152563217
479 0.48638449857708194
480 0.48853159550315545
481 0.4908774231871305
482 0.4955947783386266
483 0.5013987195459113
484 0.5066123592807045
485 0.5049952260916738
486 0.5030842706243376
487 0.5054500080743926
488 0.5090626777898394
489 0.5077800329413356
490 0.5107955365356153
491 0.5152479173432427
492 0.519776078350699
493 0.5238999989281179
494 0.5225891196399873
495 0.5251627490598475
496 0.5268775084253629
497 0.5287403196869923
498 0.5316991163091666
499 0.533703951356592
500 0.5366187107221073
501 0.539359703358657
502 0.5381813112424607
503 0.5424979344674629
504 0.5484219312240874
505 0.5536189316034916
506 0.5595965022306364
507 0.5640142450863609
508 0.5639854122012297
509 0.5660725317445066
510 0.5707996616027166
511 0.5771810972579406
512 0.5847625329131648
513 0.590935701196626
514 0.5942954678381462
515 0.5949489805787666
516 0.5944402643728751
517 0.597187660521701
518 0.6011350566705268
519 0.6021357274671207
520 0.6044564538130544
521 0.609577912085482
522 0.6174909410724999
523 0.6285021185023014
524 0.632966570579871
525 0.6359374384719877
526 0.6418803711472295
527 0.6469546590614131
528 0.6528720142129092
529 0.6563329004851519
530 0.6583693411666415
531 0.659316438092715
532 0.6633963214134754
533 0.6665320178662005
534 0.6686188993166252
535 0.6707659962426988
536 0.6750921560815625
537 0.6785432676470913
538 0.6819408053420998
539 0.6861122716797208
540 0.6870086897440072
541 0.6887012427802142
542 0.6912590693830422
543 0.6907031828189066
544 0.6931221187375242
545 0.6927649629312899
546 0.6957235214606118
547 0.7006341777051958
548 0.7009562344231279
549 0.6986949877982328
550 0.6965288326937418
551 0.699073989581123
552 0.7022852281408246
553 0.7075619783599995
554 0.7094532621541081
555 0.708120176536669
556 0.7119442467254642
557 0.714852739887809
558 0.7173725573442965
559 0.715376660465228
560 0.7142460371527805
561 0.7153515591271865
562 0.7166809131975357
563 0.7170565437859884
564 0.71843970981971
565 0.7189478275800966
566 0.7205865686529311
567 0.7240667511964437
568 0.7230876882836534
569 0.720757064971206
570 0.7204983568305079
571 0.7205614673148898
572 0.7217738989374843
573 0.7226835851627219
574 0.7209405913575798
575 0.7156385017075113
576 0.7121211465560152
577 0.7095701846018625
578 0.7040820339093394
579 0.7009368008427524
580 0.6993675737665762
581 0.7011171941275413
582 0.6996551147924056
583 0.6966994512718166
584 0.6934315057400093
585 0.6892505027885267
586 0.6873338795635247
587 0.6873753821641028
588 0.6828787260069643
589 0.6766928880080564
590 0.6701947679979301
591 0.6629791882244448
592 0.6592784289463746
593 0.6585750738823238
594 0.6521271565482804
595 0.6409010701415871
596 0.6324989966219053
597 0.626313757068502
598 0.6173235778558105
599 0.610433786347347
600 0.6046146407685347
601 0.5958707380739464
602 0.5901809465654831
603 0.5844502509019464
604 0.5756305680075294
605 0.5688196898004803
606 0.5630636547060498
607 0.5552199016228377
608 0.5481218427426112
609 0.5397889078176298
610 0.5294538098104092
611 0.523366181384185
612 0.515569974061175
613 0.5098295036909244
614 0.5028861383119406
615 0.49370349454451806
616 0.48547167925025886
617 0.4783609506545858
618 0.47040051321647147
619 0.4635642955785286
620 0.4568798764330953
621 0.4505013357866041
622 0.44464998612822293
623 0.44325788192614435
624 0.4408993845267225
625 0.4352721050571364
626 0.43053254357633197
627 0.4269645095630486
628 0.42353536623397575
629 0.4209717345643761
630 0.4152404404553347
631 0.4097047440026095
632 0.40863782962004846
633 0.40777604950766505
634 0.40463721995335455
635 0.40011859555976
636 0.3955210578647514
637 0.39212038706815744
638 0.3899323859870104
639 0.3868851394495607
640 0.38403059555969415
641 0.3834749320391053
642 0.382192885636106
643 0.3830045853322067
644 0.3818045853322067
645 0.38060748034093966
646 0.38132156890986113
647 0.38068699208785833
648 0.375628045854308
649 0.373405406821258
650 0.37039616943014875
651 0.3677749942500867
652 0.36934168667018225
653 0.3676966793941773
654 0.36375241634693667
655 0.3609263449895491
656 0.36063916431637205
657 0.36187693536986026
658 0.3633200787863785
659 0.36471880954428004
660 0.36404913363397523
661 0.3663197795636262
662 0.36649981249576263
663 0.36561522760856624
664 0.3666700707211851
665 0.3674504028760738
666 0.3647945897441087
667 0.36097678575848413
668 0.36044646166878896
669 0.36034885054160976
670 0.36155487865192804
671 0.3609483132260051
672 0.36435271556968896
673 0.364560982941452
674 0.36252394381445774
675 0.3643558486712743
676 0.3622243315186861
677 0.3623852912230995
678 0.3641343131385599
679 0.367276175010709
680 0.3739427178194285
681 0.36943943510646704
682 0.3640269273046669
683 0.36066763684885106
684 0.358109810246023
685 0.36047180109968263
686 0.3633989920877925
687 0.3663828900480081
688 0.36815435638562904
689 0.3688076310333971
690 0.37049705096801877
691 0.3741223903989125
692 0.3735316277900217
693 0.3737839324184435
694 0.3749652345926784
695 0.37593162779002165
696 0.3735852016605421
697 0.3720758146580567
698 0.3716057060440103
699 0.3702792469823943
700 0.3691170180358825
701 0.3709173172586348
702 0.369338553568597
703 0.3653533863662829
704 0.3624261953781729
705 0.3610021251893778
706 0.36301069178389317
707 0.363073802268275
708 0.3619936197247625
709 0.36186426565441343
710 0.3617980220684463
711 0.3617980220684463
712 0.3618515959389666
713 0.36196538528513583
714 0.36316851838672115
715 0.3625524163469367
716 0.36513244927907307
717 0.36777872579717646
718 0.36737089112915516
719 0.3698878135769096
720 0.37133409009501317
721 0.37069264862433504
722 0.372884381252572
723 0.37278990322697814
724 0.3705001840696041
725 0.36937909737101815
726 0.37156769689766983
727 0.3727645637960845
728 0.3717223903989125
729 0.37065801067243215
730 0.37092649351984397
731 0.3744884843735035
732 0.3749367620601995
733 0.3759189580745748
734 0.37354743060705387
735 0.3712672480635413
736 0.37328848437350354
737 0.37429929022946357
738 0.3729759642694328
739 0.3695084514413672
740 0.37021300339642715
741 0.3710342397063893
742 0.36872558463039784
743 0.3681825908252558
744 0.3664208991943486
745 0.36351880954428006
746 0.3606769353698603
747 0.3600550282633042
748 0.35861828835906223
749 0.35821731833971615
750 0.3567837115370594
751 0.35533743501895587
752 0.35493356999087666
753 0.35373670309246186
754 0.35303215113740205
755 0.3568626248384734
756 0.36075620902392663
757 0.36109383046603866
758 0.35970136591130786
759 0.35692886842444055
760 0.35425435746671036
761 0.354936703092462
762 0.3540207506640537
763 0.3554163483203699
764 0.35787945880475175
765 0.35804368891985594
766 0.3577120955880623
767 0.35404585200209504
768 0.3532565816788495
769 0.35132439372966745
770 0.34814779312186867
771 0.3439416888323448
772 0.34112804909755173
773 0.3418041285201327
774 0.3426126951146481
775 0.34025359926972154
776 0.33882312556865024
777 0.3385359448954733
778 0.33835277886175164
779 0.33806559818857457
780 0.33664779420295005
781 0.33436761165943757
782 0.3354224547720564
783 0.3376110542987081
784 0.3365939822395775
785 0.33531820203974877
786 0.33496791088218986
787 0.33368899758077586
788 0.3335089646486395
789 0.3333511380458115
790 0.3330639573726345
791 0.33162081395611637
792 0.3291954745252227
793 0.3298620173339421
794 0.32940434034249033
795 0.32660337032314407
796 0.3235845963181733
797 0.3206764785577864
798 0.32006724116667723
799 0.31876298843436957
800 0.3186333962711683
801 0.3194137284260569
802 0.3179170111390184
803 0.31434837868023047
804 0.3140738677225002
805 0.31610777374790916
806 0.31516648188860724
807 0.31509070168877856
808 0.3149740173338763
809 0.31396961499019255
810 0.31505269254243806
811 0.315934144328049
812 0.31440255099625536
813 0.3097223684527428
814 0.31025955719111326
815 0.31098631547548156
816 0.30875970680248943
817 0.3077457678449441
818 0.310048156717765
819 0.3123439039854573
820 0.3103195345739098
821 0.31007952425897695
822 0.30892707001917896
823 0.3099470370870426
824 0.3100354870023181
825 0.3100763911573916
826 0.3100101475714244
827 0.3098145499151082
828 0.30857967387035307
829 0.30744278435473493
830 0.309334666594348
831 0.3080684230083809
832 0.3056997905495929
833 0.3054661837469362
834 0.30629695667075985
835 0.30582974306544647
836 0.3019739299334815
837 0.2990816149901267
838 0.2986019697622188
839 0.2978185045057448
840 0.30072348916454644
841 0.30593399579775415
842 0.30792616112973276
843 0.3084596183210133
844 0.30964718669841873
845 0.30875970680248943
846 0.3090215480447728
847 0.31136484107266715
848 0.31241968418528593
849 0.30999747785597753
850 0.30739234358579987
851 0.30701671299734734
852 0.30693466659434804
853 0.3078630506453509
854 0.30650522404252295
855 0.3048002393837213
856 0.3020530813277477
857 0.2997982382151289
858 0.3022895831391375
859 0.30608555619741157
860 0.30847601958355003
861 0.30439553781728523
862 0.3043070879020097
863 0.30732669844533733
864 0.3061422631695172
865 0.3027156544965251
866 0.30330352209668276
867 0.30301634142350575
868 0.30085284323489553
869 0.3018192364322388
870 0.3027542620883701
871 0.3014658121730946
872 0.29909717971430655
873 0.2989237883872987
874 0.300960827514293
875 0.2991447254745086
876 0.3005434562324101
877 0.303133025778408
878 0.3045917339191061
879 0.3046170733499997
880 0.3032655129503423
881 0.3008655129503423
882 0.3016363084913694
883 0.301582734620849
884 0.3007234891645464
885 0.30214442625175625
886 0.30470865636686045
887 0.30603801043720963
888 0.3049295934540704
889 0.303578033054413
890 0.30231178946844584
891 0.30321193907982197
892 0.30314569549385484
893 0.3020528432348955
894 0.3019865996489283
895 0.3028740795448576
896 0.30152892265747644
897 0.29994375545516244
898 0.2974017316693665
899 0.2971807945821566
900 0.29830188128074264
901 0.2985859288523344
902 0.29983950272285476
903 0.2999532920690239
904 0.2999310857397156
905 0.29887310952551144
906 0.2997859288523344
907 0.29959033119601824
908 0.2974270711002602
909 0.297755394021363
910 0.30095733406005537
911 0.3070138179886143
912 0.31366022798770715
913 0.3205184138621062
914 0.3300582134357629
915 0.3329343652094332
916 0.33431379969606495
917 0.3396065908251242
918 0.34205040503823625
919 0.34573825650800716
920 0.35178230881397154
921 0.3572793976748517
922 0.3642449693831437
923 0.3744758146580567
924 0.38143801517191106
925 0.38839464871184615
926 0.3899989899256299
927 0.38483856370870495
928 0.38501219312856505
929 0.38990704655611674
930 0.39384817650177195
931 0.3942614408346071
932 0.3905030157862746
933 0.3950285048285444
934 0.39856576974612035
935 0.3967432641940597
936 0.3950154747604452
937 0.39811026705809693
938 0.4059952846490348
939 0.41001449135774715
940 0.41460249243889424
941 0.4176373073537494
942 0.4174664506828223
943 0.4196984890206281
944 0.42554043937425345
945 0.43342545696519136
946 0.4347481844797174
947 0.4356666715642064
948 0.4378517776366205
949 0.4435577323147682
950 0.449390146054532
951 0.4529739828848476
952 0.4546028269911681
953 0.45996766677296613
954 0.47035320554912174
955 0.48022039072177775
956 0.4913986932754165
957 0.49576262416776845
958 0.4909657572693538
959 0.4846412666790875
960 0.4758598310238634
961 0.4693330003884058
962 0.46610342435559143
963 0.45994268769472485
964 0.4528818014224821
965 0.4501099023811194
966 0.4466303182831115
967 0.442370402030215
968 0.4404064711378632
969 0.438777028586038
970 0.4381897594313849
971 0.4371355147642706
972 0.431353541793442
973 0.42403081427891587
974 0.41946234756189077
975 0.411827099943294
976 0.40426099091939743
977 0.39972716215427523
978 0.3939048834738777
979 0.3837054057401767
980 0.374630147806647
981 0.36922150886104244
982 0.3664747111577212
983 0.3621358816034106
984 0.35916754836737497
985 0.3585960820297539
986 0.35812260222126996
987 0.35724174888116356
988 0.3517535981886403
989 0.3468875776462199
990 0.3419081431595881
991 0.33771506893816344
992 0.3310208750860163
993 0.32173108357755303
994 0.3130478574950126
995 0.3023497986147863
996 0.2940168636898048
997 0.2873324445443715
998 0.2824506211849189
999 0.2794002415458839
1000 0.2800005407686363
1001 0.2800005407686362
1002 0.2793495626840966
1003 0.2820716194020288
1004 0.2859274325339938
1005 0.28653956493383603
1006 0.28673226758141923
1007 0.28757243980999886
1008 0.2842691570970374
1009 0.28501774630875615
1010 0.28491059856771556
1011 0.2839471003791052
1012 0.28506818707769127
1013 0.28605678660434286
1014 0.2847020931031002
1015 0.28213786298799604
1016 0.28072959561623295
1017 0.28165508465850275
1018 0.28185068231481897
1019 0.28218830375693105
1020 0.28444314686954986
1021 0.2842979899821687
1022 0.2816675162810973
1023 0.2788950187942301
1024 0.2774078381210531
1025 0.2783079877324292
1026 0.2784246720873314
1027 0.2785540261576805
1028 0.2795330890704706
1029 0.27826684548450337
1030 0.2768110323525384
1031 0.2753365213948082
1032 0.27491021194456833
1033 0.27343256788525283
1034 0.2728011241648353
1035 0.2691222108634213
1036 0.2685918867737261
1037 0.26827936666965535
1038 0.2670382244217296
1039 0.267654326461514
1040 0.2650869632448245
1041 0.2625322697435818
1042 0.26317660622299294
1043 0.2619294358647488
1044 0.26257690544574525
1045 0.25919784253295514
1046 0.25901780960081877
1047 0.2609981417557074
1048 0.2598865916709829
1049 0.25873376202922704
1050 0.25798541091036054
1051 0.2619388351695047
1052 0.2654216896782035
1053 0.2709254050949066
1054 0.2729524464716404
1055 0.27416511618708717
1056 0.27251370539880604
1057 0.26730984037072675
1058 0.2651185688788888
1059 0.2614491921913363
1060 0.26338197858602297
1061 0.2647084376476389
1062 0.2643193008053827
1063 0.26720872074000446
1064 0.27213517980162044
1065 0.2717809190041194
1066 0.2721314482545305
1067 0.2744052272857668
1068 0.2727533553610865
1069 0.2761228816600152
1070 0.27637869479198024
1071 0.2754658754651573
1072 0.27653965449639356
1073 0.27579106528467473
1074 0.2781657258537811
1075 0.27940060189853627
1076 0.27830774963957694
1077 0.2769403864228875
1078 0.27631534621474607
1079 0.27419045561798083
1080 0.26940998998210286
1081 0.2624567276366054
1082 0.2573251343048117
1083 0.2595641746003984
1084 0.26563368859705644
1085 0.2675596103430679
1086 0.26709203638510226
1087 0.26794138487489094
1088 0.27206532050161547
1089 0.2830381284324243
1090 0.2970706295725829
1091 0.31836237234092785
1092 0.34330060128757117
1093 0.3790164008613595
1094 0.4220140237946003
1095 0.4645243003129012
1096 0.5111178313463998
1097 0.560847296925476
1098 0.6120504369239254
1099 0.6689310590680435
1100 0.733009399698239
1101 0.7954477873152851
1102 0.8510422711566619
1103 0.9171128779025824
1104 0.9827725168788962
1105 1.0438802527508375
1106 1.1130414290123098
1107 1.1790803293404195
1108 1.2363716811612924
1109 1.2801605106283547
1110 1.3185628924298152
1111 1.3510484016922324
1112 1.369293041658981
1113 1.3638848853258287
1114 1.3224093040612146
1115 1.2438566182150521
1116 1.1481291839629193
1117 1.0281053626777894
1118 0.8939850074953208
1119 0.7703004544585218
1120 0.6386230519097985
1121 0.5077387469575563
1122 0.38905371557289004
1123 0.2958020679473339
1124 0.2075628347329041
1125 0.1270117023022868
1126 0.06503107741113359
1127 0.015465380810762725
1128 -0.009040757290732351
1129 -0.0325255489763324
1130 -0.06615594217387306
1131 -0.12705599050529368
1132 -0.18412808474241807
1133 -0.20773506349845197
1134 -0.22917796978844301
1135 -0.2450700268288458
1136 -0.26645337409010494
1137 -0.2886529891329115
1138 -0.288358705718207
1139 -0.27306213529550966
1140 -0.2521025628284096
1141 -0.2269779124866593
1142 -0.19656047101584959
1143 -0.16638350099637184
1144 -0.1349909662527142
1145 -0.10307016588973755
1146 -0.07512826652590432
1147 -0.053742629128164576
1148 -0.027702148617805993
1149 0.005667823272007221
1150 0.040610054555835405
1151 0.07262822795313897
1152 0.09686587458466454
1153 0.11670784738066838
1154 0.13613945085257007
1155 0.1595568199722904
1156 0.1814930365291521
1157 0.19645621828354193
1158 0.21146427383294755
1159 0.2256865675626507
1160 0.23613172336895055
1161 0.24490990366278934
1162 0.2534449405401099
1163 0.26125648954375313
1164 0.27346393542646485
1165 0.28553576103565687
1166 0.29370133274394883
1167 0.2977048374193758
1168 0.2989235502944465
1169 0.3028109690604757
1170 0.3036382485300618
1171 0.305636680065211
1172 0.30898064388969926
1173 0.3144529917651903
1174 0.3175506790715751
1175 0.31802102577847374
1176 0.3171240092686829
1177 0.3172377986148521
1178 0.3194548706739827
1179 0.31880099758071007
1180 0.3195331855298921
1181 0.32384354255172365
1182 0.32939167062704344
1183 0.33253026208850167
1184 0.33294703492488004
1185 0.33192066434474016
1186 0.33099228029373734
1187 0.3334711935951513
1188 0.33528996760012203
1189 0.33817274592961527
1190 0.3398494961487901
1191 0.3411664185965446
1192 0.3402694020867537
1193 0.3394986065457266
1194 0.34292521521871877
1195 0.3442672390045146
1196 0.3423753567649015
1197 0.3434618055115846
1198 0.3437965319449636
1199 0.3454257364039365
1200 0.34820136699238907
1201 0.3498527777806703
1202 0.3511443607975311
1203 0.3501148571158059
1204 0.34908535343408076
1205 0.35036426673549476
1206 0.351936764222362
1207 0.3545041274390515
1208 0.3548955608445362
1209 0.3542445827599966
1210 0.3566512243651251
1211 0.35895010473440275
1212 0.35600978289444696
1213 0.35790793133723076
1214 0.356885069260634
1215 0.35627812843275325
1216 0.359296902437724
1217 0.3655875916144442
1218 0.367582890048008
1219 0.36624980443056915
1220 0.3699571902644621
1221 0.37176016145240076
1222 0.37423594165222945
1223 0.3741223903989125
1224 0.36972938852857706
1225 0.37051285378505094
1226 0.37254386480172685
1227 0.37074646058770766
1228 0.37126724806354133
1229 0.3760894543928497
1230 0.3777630715104393
1231 0.3779902748008197
1232 0.37608885594734515
1233 0.37736150304558846
1234 0.38150533338908743
1235 0.3782238816034764
1236 0.373909793034555
1237 0.3780567564796392
1238 0.3795883498114329
1239 0.37927812627059065
1240 0.38217067930679766
1241 0.38614317679366483
1242 0.3877536834268726
1243 0.38785153264690414
1244 0.38493014672556586
1245 0.3875101796577021
1246 0.39248707948825307
1247 0.39336769473550715
1248 0.394974930958024
1249 0.39562531059705897
1250 0.3976174759290376
1251 0.4027617389762782
1252 0.4055753787110712
1253 0.4039484708153267
1254 0.4042327564797708
1255 0.4076624982543482
1256 0.4072264291467001
1257 0.4090165933100863
1258 0.41220586363333184
1259 0.41664557472551245
1260 0.42092105570258886
1261 0.4217765696118016
1262 0.42329222281745765
1263 0.4237312019831442
1264 0.4252972959577352
1265 0.42706562919377095
1266 0.4299990863850514
1267 0.4320419305788174
1268 0.43511741155589373
1269 0.4380730750764826
1270 0.43976562811268965
1271 0.44032755783644917
1272 0.4411735351318004
1273 0.44552479630870545
1274 0.45101935051350484
1275 0.4540539273355078
1276 0.453523004800308
1277 0.45290714085337574
1278 0.45668741187836437
1279 0.4591090197621681
1280 0.4632385073135065
1281 0.47266778795168485
1282 0.4795046040351324
1283 0.4783733822771803
1284 0.4769929889923917
1285 0.48217839428755793
1286 0.48787832085538735
1287 0.49168598978164585
1288 0.49462838514128327
1289 0.501818625483875
1290 0.5088919433787122
1291 0.5113230878763776
1292 0.513113490132616
1293 0.5128510504448281
1294 0.5160656601989674
1295 0.5227791503223842
1296 0.525715279478851
1297 0.5316864465937198
1298 0.5367007571251067
1299 0.5407737757971915
1300 0.5477997860246792
1301 0.5515982937390339
1302 0.5550778778370418
1303 0.5583745339941804
1304 0.5607298982920169
1305 0.5653150043644309
1306 0.5701901861187552
1307 0.5742093928274672
1308 0.5818705783224624
1309 0.5837209579614975
1310 0.580044579316164
1311 0.5826815573132583
1312 0.587093033965812
1313 0.5919901839565924
1314 0.5978003913670479
1315 0.6011854974394619
1316 0.6023091187941285
1317 0.6046489183677852
1318 0.6114413217926162
1319 0.6155112073631157
1320 0.6215328152469196
1321 0.6263261886910967
1322 0.6288644809298025
1323 0.6331117274672523
1324 0.6360013854947261
1325 0.6357956527790439
1326 0.6371497478347821
1327 0.6453032482731318
1328 0.6535861027818307
1329 0.6562033083219506
1330 0.6571440017357479
1331 0.6589534772197093
1332 0.6619753843262655
1333 0.6650886363568301
1334 0.6678991429900378
1335 0.6691022760916231
1336 0.6658401356265873
1337 0.665638134457995
1338 0.6659475214604803
1339 0.6687326886627944
1340 0.6726071996205246
1341 0.6722722501435989
1342 0.6746940810709493
1343 0.673952133464359
1344 0.6760332098480122
1345 0.6740468495828051
1346 0.6742455803407066
1347 0.6767466999714291
1348 0.6783191974582962
1349 0.6796770240611241
1350 0.6788557877511621
1351 0.6790893945538187
1352 0.6814358206832983
1353 0.6817198682548901
1354 0.6817607724099636
1355 0.6815242705985738
1356 0.6801727101989165
1357 0.6780472211566468
1358 0.6802893945538188
1359 0.6825917834266395
1360 0.6816060789087209
1361 0.6793734421254103
1362 0.681047520379399
1363 0.6786443872778136
1364 0.6771759044304019
1365 0.676746699971429
1366 0.6753762036531542
1367 0.6749372244874675
1368 0.6732513130563891
1369 0.6713031849810692
1370 0.6664176300745267
1371 0.665802126480247
1372 0.6680860405708493
1373 0.6618173196305852
1374 0.6560353466597565
1375 0.6539144257029333
1376 0.6464212018701326
1377 0.6376708956632682
1378 0.6319401999997312
1379 0.6261683620882688
1380 0.6180532311489116
1381 0.6086118792407911
1382 0.5992589772479457
1383 0.5923565160240358
1384 0.5868845285011969
1385 0.5815196887193989
1386 0.5749139447825272
1387 0.5678567900573744
1388 0.5583460614617014
1389 0.5486048591649569
1390 0.5389930109385613
1391 0.5307073836809296
1392 0.5245852546119081
1393 0.5164070131881693
1394 0.5062735409475831
1395 0.5003314448106981
1396 0.49539977912781497
1397 0.48430945030374706
1398 0.4771765153787656
1399 0.471130404602425
1400 0.4622349415081796
1401 0.45470684163062347
1402 0.45156861052181746
1403 0.4472934898973935
1404 0.4393108461299709
1405 0.4286441547909565
1406 0.41870422173631044
1407 0.40979692546497487
1408 0.3991397707398221
1409 0.39104044261749726
1410 0.38573895141293335
1411 0.38221846315985186
1412 0.3803772447327206
1413 0.37806232345355856
1414 0.3817038260541366
1415 0.37853362895861414
1416 0.37036745880481753
1417 0.36384713246538286
1418 0.35770570712509153
1419 0.3551956493260122
1420 0.35227775685891155
1421 0.3507776683774355
1422 0.3523034566424576
1423 0.34948981690766456
1424 0.3444466734911464
1425 0.34364497154530627
1426 0.34240093428864743
1427 0.34365740316790083
1428 0.34511008319828057
1429 0.3473047108352505
1430 0.34490157773366525
1431 0.34289987578782516
1432 0.3386811017828545
1433 0.3346769986619229
1434 0.33595964351042684
1435 0.33332290360618483
1436 0.3306699854829529
1437 0.33001671083518475
1438 0.3292214124016209
1439 0.325302488785274
1440 0.3217465260419328
1441 0.3239351255685845
1442 0.32755419879630754
1443 0.32803697712580077
1444 0.3272566449709122
1445 0.32834949722987145
1446 0.3292243074103539
1447 0.3266664808075259
1448 0.3247563618785467
1449 0.32099213176344243
1450 0.31984257253237747
1451 0.32418489554092567
1452 0.3243995664249648
1453 0.32311424961127466
1454 0.3206416025130313
1455 0.3194638088423396
1456 0.32262193466791994
1457 0.3218480060253075
1458 0.32194248405090137
1459 0.32285240836899126
1460 0.321630202039683
1461 0.31949204328196634
1462 0.32155128873826894
1463 0.32261880156633466
1464 0.32057222582547884
1465 0.32064160251303125
1466 0.32199316291268865
1467 0.3243237862251362
1468 0.3242480060253075
1469 0.320846736783209
1470 0.3205344547719906
1471 0.3215670915553011
1472 0.32085627339707057
1473 0.3241186519549585
1474 0.32324384177447596
1475 0.3214210981295631
1476 0.32472788934606767
1477 0.32686604810378433
1478 0.3227855663375195
1479 0.32300009991245315
1480 0.3267738666414189
1481 0.330522293939491
1482 0.330553661480703
1483 0.3258861486526373
1484 0.32493928981941594
1485 0.3229439913858521
1486 0.3190092649524731
1487 0.3174494371810527
1488 0.31759146096684854
1489 0.32031327959192846
1490 0.3240112661210655
1491 0.32411841386210616
1492 0.320609996878967
1493 0.3198618688036473
1494 0.31719689445977856
1495 0.31669480480971
1496 0.3153623176377757
1497 0.31519495442108614
1498 0.3151949544210862
1499 0.31531163877598845
1500 0.31640449103494767
1501 0.3163569452747457
1502 0.31421275840671076
1503 0.31607289770315405
1504 0.3139538121731604
1505 0.31474994714508114
1506 0.31448459739925466
1507 0.31032847274226677
1508 0.3152142506923559
1509 0.3128206542046322
1510 0.3090310846586343
1511 0.30825785524527316
1512 0.3050050133012467
1513 0.3082798234817292
1514 0.31062311650962354
1515 0.3086396512531496
1516 0.3083996409382167
1517 0.3071429339661111
1518 0.3077968070593837
1519 0.30618027231585765
1520 0.302456946355827
1521 0.3010360092686172
1522 0.30299100199261214
1523 0.3029498597446863
1524 0.3016205056743373
1525 0.30018049535940444
1526 0.2980363084913694
1527 0.30131425177343724
1528 0.30177519917558
1529 0.3031076863475143
1530 0.3032781826657891
1531 0.3024158041079012
1532 0.3044877192796507
1533 0.304333025778408
1534 0.3009821973052445
1535 0.3015982993450289
1536 0.30116596178447075
1537 0.2986112682832281
1538 0.29720926711463563
1539 0.296476480719949
1540 0.3005307865169633
1541 0.3056843480852131
1542 0.30787294761186473
1543 0.30276982681254994
1544 0.2951371138500339
1545 0.29379279350100956
1546 0.29383453419443994
1547 0.2882064181864971
1548 0.2880612612991159
1549 0.2931997192795849
1550 0.29002555254412016
1551 0.2881941088237026
1552 0.2858896614805056
1553 0.27962117863309377
1554 0.2779570981293657
1555 0.2800667843546034
1556 0.28150968967826934
1557 0.28270968967826937
1558 0.28148748334896095
1559 0.279008570047547
1560 0.2793910652846747
1561 0.2765869621637433
1562 0.2735523853417403
1563 0.2713801870776254
1564 0.26725939960179174
1565 0.2654279558813742
1566 0.2640701292785461
1567 0.26504895409848406
1568 0.26589239673775455
1569 0.2642029768031328
1570 0.2591062595160943
1571 0.257117227285701
1572 0.2556709507675975
1573 0.2557845020209144
1574 0.259122660778631
1575 0.2584561179699115
1576 0.25796296648819994
1577 0.2618061099047181
1578 0.26556720691823704
1579 0.2656207807887574
1580 0.2619734731214076
1581 0.2592798889359544
1582 0.2590684884626061
1583 0.2612570879892577
1584 0.2615189292315411
1585 0.26077347312140764
1586 0.26305968377523853
1587 0.26312919777189653
1588 0.2635243627244711
1589 0.258288754753222
1590 0.2521654287931913
1591 0.25378280007507426
1592 0.255942927069247
1593 0.25504253936501853
1594 0.25485007481028765
1595 0.2535869643259058
1596 0.2525543275425953
1597 0.25484053819642616
1598 0.2552225722971549
1599 0.25735119444101
1600 0.2552161687848787
1601 0.2530368677792363
1602 0.256621901500561
1603 0.2534928466529643
1604 0.24485886444834973
1605 0.24169517164885007
1606 0.24357125107143107
1607 0.245064597164032
1608 0.2474110232935117
1609 0.24637198299792495
1610 0.2433210049133854
1611 0.24652667649916765
1612 0.24866459716403203
1613 0.2452443920033161
1614 0.24425022550274506
1615 0.2392197518016737
1616 0.23675350821570654
1617 0.24106119327235181
1618 0.2409342730743368
1619 0.2449761472487565
1620 0.24883509348230684
1621 0.2473030390141141
1622 0.2493178718118001
1623 0.24787823689882504
1624 0.24505506055017048
1625 0.24216274560681575
1626 0.24058711501836322
1627 0.24047019257060873
1628 0.2416261553139499
1629 0.24282928841553522
1630 0.2411963524094724
1631 0.24402868997003063
1632 0.2482189914425224
1633 0.2520716714729021
1634 0.2520399285297323
1635 0.24635244863380293
1636 0.24660872290216695
1637 0.2451437485582983
1638 0.24395931328247816
1639 0.24495394091944817
1640 0.24489120583702415
1641 0.24559538239012624
1642 0.24037198299792495
1643 0.24364038966613125
1644 0.24630260631037248
1645 0.2477233053047301
1646 0.24742658801769155
1647 0.24351430600647314
1648 0.24053956925816125
1649 0.23799127926919472
1650 0.24078331112018403
1651 0.239583311120184
1652 0.2364312134049221
1653 0.23855670244719185
1654 0.24075483858770505
1655 0.2395577335964381
1656 0.2368863557402932
1657 0.23513093031255658
1658 0.23278450418307697
1659 0.23404761466745883
1660 0.2376571512813203
1661 0.2381621359401219
1662 0.23839887584436387
1663 0.23856937216263868
1664 0.23887875916512405
1665 0.24126608944967726
1666 0.24152190258164224
1667 0.2415532701228543
1668 0.24042905032268294
1669 0.24115894170863658
1670 0.23980738130897916
1671 0.23665215049213192
1672 0.23974089963015974
1673 0.24158874461311405
1674 0.23687368602484637
1675 0.2330336757099135
1676 0.2336057404930391
1677 0.23449008728738313
1678 0.23333099144245667
1679 0.23213412454404195
1680 0.23213412454404198
1681 0.23336900058879712
1682 0.23470148776073146
1683 0.23407271600550025
1684 0.23639380270408616
1685 0.2374204113770783
1686 0.23510245778007763
1687 0.23290432163956448
1688 0.23425588203922187
1689 0.2389046970415223
1690 0.23941594790349452
1691 0.23699001002709627
1692 0.24211230483788074
1693 0.2477900250764018
1694 0.2506659387572198
1695 0.256517288415601
1696 0.26125998299799075
1697 0.2637288985491442
1698 0.26869649985868604
1699 0.2682638019454755
1700 0.2671325801875234
1701 0.2730470403302865
1702 0.2829026304187047
1703 0.29098264722045425
1704 0.29591431290333725
1705 0.30471468447717887
1706 0.3111278630755729
1707 0.3165595448888427
1708 0.3159559752553995
1709 0.31107333040689567
1710 0.31741492148894984
1711 0.3185519483136735
1712 0.3148790631225779
1713 0.31164272322483494
1714 0.306700699439039
1715 0.30756283990407474
1716 0.31096097604458794
1717 0.31128592777125313
1718 0.31032266767549516
1719 0.3104144887852082
1720 0.31105509371752943
1721 0.31433257586319824
1722 0.3216939109695694
1723 0.3226188015663346
1724 0.3204296035941783
1725 0.32586441850903347
1726 0.33301351660369943
1727 0.3382580627433055
1728 0.34411254550327197
1729 0.3457129170771136
1730 0.3494356445916396
1731 0.35728289112908934
1732 0.3599289446036461
1733 0.36340525829096315
1734 0.3654543837372051
1735 0.3749304743809755
1736 0.3880467699505679
1737 0.40480410698433955
1738 0.4222099882303167
1739 0.4237314465027443
1740 0.4155931504359221
1741 0.41017545106216047
1742 0.40447009482951723
1743 0.39571352241948227
1744 0.3899577254179041
1745 0.3834118215547235
1746 0.3752740231496592
1747 0.37530972068346563
1748 0.3689851293094527
1749 0.3592053194208632
1750 0.3526314192109081
1751 0.34792649568200656
1752 0.3470267064232827
1753 0.3473018158265175
1754 0.3432248275144903
1755 0.3386397214420764
1756 0.33541014540926184
1757 0.3273330236162454
1758 0.31562415888005907
1759 0.3059745396001753
1760 0.29886067790291687
1761 0.2931424138619746
1762 0.286486229156168
1763 0.2789456976560174
1764 0.27293011788253196
1765 0.27053047823518434
1766 0.27016498270609784
1767 0.2643198992508873
1768 0.2553293596855432
1769 0.2538237042301477
1770 0.25272518421352247
1771 0.24931160560862947
1772 0.24406682137617114
1773 0.2350233063858114
1774 0.22645676465817324
1775 0.21659261180335584
1776 0.2066558118502951
1777 0.1961722865450024
1778 0.18879888016868904
1779 0.18865432172681246
1780 0.1892292815186711
1781 0.18611495485689736
1782 0.18728672041727068
1783 0.19070379247640132
1784 0.18923798159417576
1785 0.19186205178297097
1786 0.19454320434582964
1787 0.19512710230604519
1788 0.19651316334849986
1789 0.19658581044674325
1790 0.1971454436072743
1791 0.19345372328130786
1792 0.18836570606977399
1793 0.19625156019906875
1794 0.2014335942997975
1795 0.199136772400896
1796 0.2012558579308896
1797 0.2009090752768739
1798 0.19812680308329286
1799 0.1941385027793935
1800 0.19322651999092738
1801 0.19154976977175253
1802 0.18830006092931142
1803 0.19159067392682608
1804 0.19319804745844843
1805 0.1946754534249117
1806 0.19478634776234782
1807 0.19469149433479607
1808 0.19183008579625438
1809 0.19634290512307734
1810 0.19880288250587388
1811 0.19666159064657193
1812 0.19588836123321074
1813 0.19099991131793528
1814 0.18950006092931143
1815 0.19246258909857547
1816 0.19065891868138565
1817 0.19180823981959835
1818 0.19363098346451124
1819 0.19006235100572325
1820 0.18650638826238206
1821 0.18829401776968754
1822 0.18906808372140557
1823 0.18731555330240196
1824 0.18127114064378533
1825 0.1796137017451857
1826 0.1825537854922892
1827 0.18067471027722848
1828 0.1835170455880472
1829 0.17917158947791376
1830 0.17801249363298727
1831 0.18209610850083735
1832 0.18004013345522563
1833 0.17951583747584873
1834 0.17663016413762245
1835 0.17377211174421275
1836 0.17129006534121344
1837 0.17409476690764955
1838 0.17286942747675588
1839 0.16962285173590008
1840 0.17163768453358602
1841 0.17189990117782725
1842 0.17404408804586227
1843 0.17196927786537974
1844 0.1709933480541749
1845 0.17341868748506856
1846 0.17512053904228483
1847 0.17766256282808068
1848 0.1777541458449415
1849 0.1755246421632163
1850 0.17537308176355898
1851 0.17556265130955684
1852 0.17811758290365176
1853 0.1791651859656375
1854 0.18173498305466107
1855 0.19205860823744406
1856 0.19099749892165463
1857 0.18240152586338054
1858 0.17735594857452827
1859 0.1728532643070714
1860 0.17280607889952176
1861 0.17043177868306778
1862 0.16423037595997997
1863 0.15580886885992287
1864 0.14864336950272017
1865 0.15360446651623907
1866 0.16492539130117836
1867 0.16902327321845242
1868 0.17103147946031544
1869 0.1714109574289101
1870 0.16960076123964396
1871 0.17704934937028144
1872 0.1970697792404978
1873 0.2170196355321525
1874 0.2377229122548351
1875 0.26679170338402597
1876 0.30745640644159083
1877 0.3492436562226132
1878 0.39268835995154083
1879 0.44639030796817863
1880 0.49676715739381
1881 0.5485480148837457
1882 0.5982228470103976
1883 0.6602582061377215
1884 0.7206057426644009
1885 0.7807540872967796
1886 0.851786014099766
1887 0.9079592043293966
1888 0.9633703697786405
1889 1.023264574355768
1890 1.0826095038752774
1891 1.1266983059907638
1892 1.1597519039696165
1893 1.1870079341548492
1894 1.2000507826132003
1895 1.2111736822962373
1896 1.1864442183831152
1897 1.1168771286148917
1898 1.0231028917502405
1899 0.9117731458855736
1900 0.7884017514886654
1901 0.664368281584738
1902 0.5448518387404279
1903 0.4171671923129552
1904 0.294874545475698
1905 0.20023623836218252
1906 0.12118084580618457
1907 0.044371260975658626
1908 -0.023382023316008534
1909 -0.07506227388628518
1910 -0.1126045572746339
1911 -0.13788639282160087
1912 -0.16166580410648568
1913 -0.22760572544373361
1914 -0.2956174611689843
1915 -0.3242351261198097
1916 -0.33836110996204627
1917 -0.3469031423703998
1918 -0.35451885562487445
1919 -0.366370104499509
1920 -0.37181747329675885
1921 -0.3603610504980999
1922 -0.34097649512464234
1923 -0.3129148941373738
1924 -0.2836345802750345
1925 -0.2551910674468373
1926 -0.22608717722934454
1927 -0.2012656326376034
1928 -0.17434080533290083
1929 -0.1449684322679962
1930 -0.11607991216379397
1931 -0.08492387923152604
1932 -0.053050624628751396
1933 -0.02597423692439141
1934 -0.001676988312027142
1935 0.02225767482928927
1936 0.049003067647360135
1937 0.07139009654699843
1938 0.0931552183400807
1939 0.11501275968838066
1940 0.1307847461301381
1941 0.14367998235272067
1942 0.15808833712487855
1943 0.17108215832210275
1944 0.1824588312809908
1945 0.1901505628281465
1946 0.19923522006643204
1947 0.204792524402961
1948 0.20984773908942148
1949 0.21442017544638864
1950 0.2165672723724622
1951 0.21842054702023023
1952 0.22004372336888484
1953 0.2223523784448762
1954 0.22047629902229526
1955 0.21986333008409614
1956 0.2246982061288513
1957 0.2275464838155472
1958 0.22789990807469146
1959 0.226832633339478
1960 0.2258060246664859
1961 0.22700953317002906
1962 0.23024970539860867
1963 0.22654172111921111
1964 0.2291784610234531
1965 0.2342187094312382
1966 0.23537383563622255
1967 0.2384904588612247
1968 0.2416828622860556
1969 0.24397174490507273
1970 0.24906556718337824
1971 0.25066967030430976
1972 0.24796922147018127
1973 0.2504639375886274
1974 0.2532839808356966
1975 0.2560216022778087
1976 0.2563087829509857
1977 0.2551214526664325
1978 0.2547051560157587
1979 0.2525986028921064
1980 0.25241170531129486
1981 0.26106438534167453
1982 0.26660938031540904
1983 0.26621734846441975
1984 0.2650900963464099
1985 0.2630815297518945
1986 0.26564575986699873
1987 0.2704299570499666
1988 0.2698614007703841
1989 0.2698990345147667
1990 0.26800112416483524
1991 0.27136751736217857
1992 0.2727064080463892
1993 0.27172445012486596
1994 0.2717749916775477
1995 0.26970888157256984
1996 0.2787371921914021
1997 0.28892459865516085
1998 0.2882287467756055
1999 0.2885475330828468
2000 0.2893534427614814
2001 0.28703235606289534
2002 0.28595530662096824
2003 0.28734777117569904
2004 0.29080901780059415
2005 0.2916333872121415
2006 0.28580701663200175
2007 0.28320814856499466
2008 0.28463862226606607
2009 0.2898837668511766
2010 0.2950467277241823
2011 0.29366006823622304
2012 0.294086002284505
2013 0.29579762854843505
2014 0.30061983487774335
2015 0.30112795263813025
2016 0.29931498369993115
2017 0.3014816149901267
2018 0.3018036717080589
2019 0.30226111060665856
2020 0.3047213260823073
2021 0.30602557881461495
2022 0.3042408443160426
2023 0.30551662451587125
2024 0.30871940109292045
2025 0.30673242733290335
2026 0.30380477520839444
2027 0.3100676910818869
2028 0.3083936128278984
2029 0.30679180627019537
2030 0.312242784354735
2031 0.31237275191989416
2032 0.3101489009465294
2033 0.30625485562467714
2034 0.31394511209765574
2035 0.316670063824321
2036 0.31205879683196197
2037 0.31736761382160006
2038 0.3159559903047051
2039 0.3188701361754102
2040 0.32303557440271297
2041 0.3254162781314432
2042 0.3292017407283933
2043 0.334519172059095
2044 0.34489577266689364
2045 0.34764897388249105
2046 0.3486588058909887
2047 0.3503357942030158
2048 0.3529665059969394
2049 0.3537113636615683
2050 0.3548667279594049
2051 0.36150419979014076
2052 0.3660641037407668
2053 0.36982506344518007
2054 0.3658868435575634
2055 0.3650940797800803
2056 0.370033208557143
2057 0.3734780539195014
2058 0.37787335235306524
2059 0.379928866262278
2060 0.38160874958303814
2061 0.3830299247631003
2062 0.382508538841762
2063 0.38443469868062574
2064 0.38991017965770214
2065 0.3936266409690576
2066 0.3991714986336864
2067 0.40037730370045804
2068 0.40320361315069786
2069 0.40573344340675144
2070 0.40345266241773436
2071 0.40702069643101774
2072 0.41747018222991217
2073 0.4231439328284911
2074 0.4284483190417881
2075 0.4341925209591285
2076 0.43639319175572244
2077 0.4372898479128609
2078 0.44034336065348134
2079 0.4429038592214956
2080 0.44979714418419653
2081 0.4553832814058568
2082 0.45617568483068766
2083 0.4554396280253101
2084 0.4548615351318662
2085 0.4596048281597605
2086 0.4621817279903116
2087 0.46026763942139004
2088 0.45917502525528303
2089 0.4604101393928904
2090 0.46230142318699896
2091 0.4650353130820211
2092 0.47343509003847434
2093 0.4819042436824801
2094 0.48403783435474995
2095 0.4888594422385537
2096 0.4953430721557094
2097 0.4964540237949292
2098 0.4956163862224303
2099 0.5032271309484904
2100 0.5090088658264668
2101 0.5104229382650014
2102 0.5144177428649236
2103 0.514464690179621
2104 0.5179567059002236
2105 0.5256556624487068
2106 0.5288037905240265
2107 0.5280110267465433
2108 0.5258257984143293
2109 0.5252226041828438
2110 0.5306727457290267
2111 0.5367227253615626
2112 0.5434048479437676
2113 0.544361344174597
2114 0.5413224373599996
2115 0.5489582834241009
2116 0.5577596288454051
2117 0.5577870267466748
2118 0.555986965616775
2119 0.5580400456536535
2120 0.5565586700472481
2121 0.5607330313936023
2122 0.5663318383307092
2123 0.5698713998115137
2124 0.5730698313466629
2125 0.5739982304469712
2126 0.5778634428836922
2127 0.5779481612518778
2128 0.58236566601475
2129 0.5887508332170641
2130 0.5894200479909699
2131 0.5890633533211348
2132 0.5841498020678181
2133 0.5814277453498857
2134 0.5831744707021177
2135 0.583117763730012
2136 0.5820942881586052
2137 0.5813615017639185
2138 0.5850626213946408
2139 0.5879140321829222
2140 0.5885388342982113
2141 0.5897895131599985
2142 0.5897517421065103
2143 0.5877305057965483
2144 0.5889996443912483
2145 0.5912830973454517
2146 0.5928909320134731
2147 0.5857916762422375
2148 0.5808021066962398
2149 0.5843744707021178
2150 0.5839767710934624
2151 0.5800354030549548
2152 0.57568414187805
2153 0.5731582812619385
2154 0.5692083504570319
2155 0.5625397341286308
2156 0.5526054688316506
2157 0.5444361655762688
2158 0.5454029191262645
2159 0.5466194576979069
2160 0.5420435128373964
2161 0.5316444678074371
2162 0.5278027593747804
2163 0.5215544093369952
2164 0.5070374718399351
2165 0.5006880021714275
2166 0.49559248177539816
2167 0.48549388557956724
2168 0.47750483829986834
2169 0.47093397040775203
2170 0.4675494627808426
2171 0.4608270344890688
2172 0.45073470449640857
2173 0.4427238262893593
2174 0.4379943998679208
2175 0.43137911931718786
2176 0.42284661709594784
2177 0.4184832846491006
2178 0.4141735260727737
2179 0.4057830476373296
2180 0.40032686293152303
2181 0.39575526311291265
2182 0.38702716323535663
2183 0.37940771843379195
2184 0.37519243788305895
2185 0.37015605833146914
2186 0.3666199903049024
2187 0.35628513039053405
2188 0.344740120367494
2189 0.3368398984050286
2190 0.3356442283976231
2191 0.32960307110039183
2192 0.32141193691765935
2193 0.32023193241818043
2194 0.31047386772250013
2195 0.3093087287179498
2196 0.3113023290337899
2197 0.3047179548878697
2198 0.2983552170584108
2199 0.2917470542985107
2200 0.28466998980727803
2201 0.28047645444945424
2202 0.28557773982193946
2203 0.27929658725908085
2204 0.26995781500655414
2205 0.27311364426890594
2206 0.27426707235616643
2207 0.26668769517131846
2208 0.2596964236794804
2209 0.25707632313062745
2210 0.25507124999034975
2211 0.2524783092499143
2212 0.25297146073162596
2213 0.25232445228702854
2214 0.24677235457176658
2215 0.24775141748455673
2216 0.2521032771069664
2217 0.2510799388446652
2218 0.24926429794127972
2219 0.24406356601478582
2220 0.24122482494195138
2221 0.24215320899295423
2222 0.2435267376290677
2223 0.2464763579900327
2224 0.24235557051419898
2225 0.2353516293069142
2226 0.22933339261754804
2227 0.2261158878546758
2228 0.22602430483781494
2229 0.2289039500657229
2230 0.23323940842559582
2231 0.23738240223073784
2232 0.23796943329253872
2233 0.2370819533966094
2234 0.23795700166994416
2235 0.23676967138539098
2236 0.23571482827277218
2237 0.23695573242784565
2238 0.23831682944136456
2239 0.24031585942201839
2240 0.2367792079992525
2241 0.23419590465642529
2242 0.23325171778839032
2243 0.23795700166994416
2244 0.24065058585539742
2245 0.23975333125275428
2246 0.2381523612334081
2247 0.23592056098845446
2248 0.23132928949661655
2249 0.22408174373641454
2250 0.2256893403115837
2251 0.2287689282377078
2252 0.2275525119258656
2253 0.22286630127203474
2254 0.22407653711514752
2255 0.21962972328143948
2256 0.21966146622460933
2257 0.2259050707775265
2258 0.22004952843565642
2259 0.2229296347999633
2260 0.223483239850176
2261 0.21784558722837163
2262 0.21637397127937447
2263 0.21996564660582768
2264 0.21718337441224667
2265 0.20926928584332516
2266 0.21195089954258287
2267 0.21340044647137726
2268 0.21508298670801823
2269 0.21748009169928517
2270 0.21650416188808033
2271 0.21445758614722452
2272 0.21659574490494116
2273 0.21785596038059
2274 0.21718277596674204
2275 0.21767509091009676
2276 0.22212830825608107
2277 0.22221035465908037
2278 0.21714103527331166
2279 0.22030580270402048
2280 0.22447786748714604
2281 0.2193362764050918
2282 0.2192192166482317
2283 0.22060275808391125
2284 0.22431944243881347
2285 0.2249695839849962
2286 0.2254241278748627
2287 0.22765676465817322
2288 0.2265265167476836
2289 0.22604336301623246
2290 0.2216063238892382
2291 0.2235362152751918
2292 0.2257815217739491
2293 0.22310280308342445
2294 0.22709483493441374
2295 0.22632198092301042
2296 0.2180414229775401
2297 0.21427719286243588
2298 0.21943472407062783
2299 0.22174954456604323
2300 0.21861324966781345
2301 0.21645312267364072
2302 0.21882175513242869
2303 0.22251974166156574
2304 0.22306876357702615
2305 0.22238955105285987
2306 0.22459395339654364
2307 0.22457815057951153
2308 0.22314454377685483
2309 0.2213384394873309
2310 0.21752727710683484
2311 0.21721438160080633
2312 0.21655087110992546
2313 0.22283262211828878
2314 0.2212474549159747
2315 0.21109119294988124
2316 0.2124494806891082
2317 0.21374784262020308
2318 0.21740431149945647
2319 0.2169713754933937
2320 0.21758374598608823
2321 0.22145536193508536
2322 0.22340638501913823
2323 0.22585369268648794
2324 0.22620795348398903
2325 0.2184836575046121
2326 0.211394774885595
2327 0.2097346640218091
2328 0.20492175621350997
2329 0.20595125989523516
2330 0.2104260700757177
2331 0.2087330559031117
2332 0.21050185027554638
2333 0.2069965663939925
2334 0.20377509199117808
2335 0.2089768985488811
2336 0.20929895526681333
2337 0.20673388861335223
2338 0.21052948626966847
2339 0.2152858244149675
2340 0.2162331443845878
2341 0.2084544379963337
2342 0.20755199182172912
2343 0.21054359096897673
2344 0.20124320326474832
2345 0.1981042364013322
2346 0.19869850751376616
2347 0.19981332800918156
2348 0.20096891535056485
2349 0.1981484109670966
2350 0.20145833528518656
2351 0.2038205642316983
2352 0.2002701684622765
2353 0.20489991023685397
2354 0.20845587298019516
2355 0.20556912501075975
2356 0.20632398042564914
2357 0.20411354997164696
2358 0.205029264307203
2359 0.20574624788485754
2360 0.20283499702288535
2361 0.1993143714606983
2362 0.19189656747507378
2363 0.19136624338537855
2364 0.19481795339641209
2365 0.19666182873942417
2366 0.19927612422150556
2367 0.19834147396733212
2368 0.1987017628751515
2369 0.19348522813162547
2370 0.1891653344959324
2371 0.18724894936378247
2372 0.1869081948200851
2373 0.18714782973306013
2374 0.1879748711097939
2375 0.19411689489558978
2376 0.19601144910038917
2377 0.19622574458247055
2378 0.1946723203233264
2379 0.19240564403361754
2380 0.1867817357584691
2381 0.18054148735068398
2382 0.18210215166046123
2383 0.1851151205986603
2384 0.18108773651721138
2385 0.18174825121561247
2386 0.1838555035685161
2387 0.17356651633763603
2388 0.17162152136390157
2389 0.1745780214228473
2390 0.17433441686993012
2391 0.17869797236032417
2392 0.18254378774202867
2393 0.1902709787301386
2394 0.1930719487494848
2395 0.18883387847324423
2396 0.18728321191372754
2397 0.18603001344516504
2398 0.18988604962067684
2399 0.18546144211627705
2400 0.1836648744406147
2401 0.18364663775124848
2402 0.17670534589194656
2403 0.17716011282535982
2404 0.17798485763886515
2405 0.1778428338530693
2406 0.1757800798932235
2407 0.1750632336246746
2408 0.1823965573349658
2409 0.17829713965008354
2410 0.17488633379412358
2411 0.17766906712410357
2412 0.17572977643339405
2413 0.17764989311263385
2414 0.17710400429875878
2415 0.17126472591031977
2416 0.170643056896616
2417 0.1716065550852263
2418 0.17118894571049112
2419 0.1751332087577317
2420 0.17997121790407214
2421 0.17747590334012142
2422 0.17886509748416143
2423 0.18126860598770458
2424 0.1823390138245033
2425 0.17977165060781375
2426 0.1766612935859822
2427 0.17329573692699576
2428 0.17005915893640045
2429 0.1655210001786838
2430 0.16898851300674947
2431 0.1740567577613091
2432 0.17490890047608423
2433 0.17701531629063097
2434 0.17346599515241828
2435 0.1706963926742841
2436 0.17004022301778304
2437 0.16962682137584223
2438 0.16671122547197006
2439 0.16937344211621128
2440 0.17696547396720053
2441 0.17175450619759383
2442 0.1688238067059408
2443 0.1667847091085703
2444 0.16491212314022696
2445 0.16222494246704994
2446 0.1618397752647359
2447 0.1608858136899871
2448 0.163112184270127
2449 0.16497583207011343
2450 0.16033968678325974
2451 0.1567048107385046
2452 0.1593390159866659
2453 0.158771058152588
2454 0.15466256499024325
2455 0.14856457846110624
2456 0.14912397352878498
2457 0.152200052951366
2458 0.15026702846382708
2459 0.15015637221924322
2460 0.14994497174589488
2461 0.1495379736162304
2462 0.14796860923094843
2463 0.14367962200006837
2464 0.14689483019971217
2465 0.15122472158566574
2466 0.14641121533186205
2467 0.14777217503627535
2468 0.15255058220177714
2469 0.15358902405185926
2470 0.15592531512197283
2471 0.16083537292105207
2472 0.16815183423240757
2473 0.17525362465972374
2474 0.1768159870872249
2475 0.17909267617649974
2476 0.18445460590025925
2477 0.18597933458337773
2478 0.1925130298675105
2479 0.19513047350048277
2480 0.19731184802580687
2481 0.2084900132703401
2482 0.21722671243965422
2483 0.23000971655972915
2484 0.23163939720440652
2485 0.22068372985570142
2486 0.21883695950395624
2487 0.22389047607269283
2488 0.22334991613988484
2489 0.22379805651747514
2490 0.22548107293982067
2491 0.22759656423182995
2492 0.23383017103448658
2493 0.234761465143528
2494 0.2354023081687015
2495 0.23728116034021546
2496 0.23986989334785644
2497 0.24600601402142794
2498 0.24263467626080273
2499 0.2179048628093779
2500 0.03560271202940936
2501 0.012020161245821021
2502 0.0019257967479174383
