0
1
2506
-3 -0.35480894778120425
-2 -0.33930794866488634
-1 -0.3030969996586512
0 -0.0221927469263436
1 0.014346286908142047
2 0.031394444080433515
3 0.03766884372022827
4 0.03624790663301847
5 0.03118255688719196
6 0.028081974572074175
7 0.02741916331044464
8 0.02624426464848606
9 0.027340011916178353
10 0.028420194459690795
11 0.02731467248528474
12 0.026086438045658022
13 0.026939279989684428
14 0.025148517380793656
15 0.02786393249359742
16 0.031830401870146297
17 0.0344922431124296
18 0.032613030588263314
19 0.03242056603353244
20 0.03221229866176939
21 0.031075409146151256
22 0.03196602214366584
23 0.030854472058941373
24 0.03076602214366586
25 0.03077869185911275
26 0.030933385360355448
27 0.03218695923087578
28 0.032417432931947154
29 0.03345006971525755
30 0.03222183527563094
31 0.03091117903104712
32 0.02978695923087571
33 0.031846204687178414
34 0.0318744391268051
35 0.029771156413843647
36 0.031552382408872925
37 0.029196795067489567
38 0.028697838519006313
39 0.026282273794826505
40 0.026247397750071344
41 0.02766520173569581
42 0.03024210156624696
43 0.03164083232414844
44 0.029824730284363943
45 0.03188710884225193
46 0.031846204687178414
47 0.0297996289463226
48 0.03101543176335475
49 0.03261326868111558
50 0.03537622955412123
51 0.03704344315943464
52 0.03756423063526837
53 0.03901050715337184
54 0.04042854923184869
55 0.040914460662927254
56 0.04158680853841834
57 0.04627966079737761
58 0.04666796110127697
59 0.04474120281690869
60 0.04573293544514567
61 0.04660171751530978
62 0.045145904383344815
63 0.041523698054036495
64 0.041081823879616786
65 0.04186215603450538
66 0.040677720758685254
67 0.03945238132779161
68 0.04018227271374519
69 0.03890649251391648
70 0.03684724705761383
71 0.039219012617987214
72 0.04192839962047251
73 0.0427078952370043
74 0.04536684147055464
75 0.04682578770410495
76 0.046133905464491864
77 0.047425488481352696
78 0.048726608112075076
79 0.04893487548383807
80 0.04902645850069892
81 0.04911804151755972
82 0.049351648320216435
83 0.05075991569197941
84 0.052215728823944374
85 0.053586225142219224
86 0.052947916773126436
87 0.054378390474197846
88 0.05761229649960681
89 0.05531341613032914
90 0.05265119948608793
91 0.050197625615567565
92 0.05216528805500936
93 0.053261035322701766
94 0.05119865676481378
95 0.05197258540742622
96 0.05071901153690589
97 0.04952190654563898
98 0.050289568985080746
99 0.04980679065558746
100 0.046162377996970816
101 0.04384129129838482
102 0.04712587618558112
103 0.048792851698042206
104 0.04940185099629918
105 0.05255708181314639
106 0.050147545199284826
107 0.04552093652629274
108 0.04707519732379378
109 0.0467722138335846
110 0.04440044827321138
111 0.04398994164000358
112 0.04258807778051682
113 0.04302414688816486
114 0.03929479281781584
115 0.036771466857785096
116 0.037772736099883686
117 0.04011602912777801
118 0.04048212310236904
119 0.03998607661192438
120 0.042985777389172086
121 0.04744769481066102
122 0.05285693220177029
123 0.053844933282917284
124 0.054561556507919495
125 0.05740366877519154
126 0.059588536754753174
127 0.06404405066396596
128 0.06861648702093315
129 0.07132527557791396
130 0.07628890724751353
131 0.0833466604181709
132 0.08811469443145442
133 0.08958571193494697
134 0.09328647121301697
135 0.09968370968527329
136 0.1075080506641633
137 0.11671639421513186
138 0.11838674092203055
139 0.11171379460103492
140 0.10974056518767378
141 0.10921374960152169
142 0.10915040102428764
143 0.10935866839605068
144 0.11066268303550597
145 0.11175240219287996
146 0.11137990470601272
147 0.10682931432570153
148 0.10679467637379869
149 0.10976300960983437
150 0.1145939160146473
151 0.12167990362493142
152 0.12644793763821482
153 0.12782737212484657
154 0.13119027186795224
155 0.13585115814019488
156 0.14081478980979456
157 0.14593311498063688
158 0.1520022686246426
159 0.15684921593933998
160 0.15947909119490677
161 0.16398528396590684
162 0.16839035710618455
163 0.1698046676375713
164 0.17460430728491916
165 0.18029120378464936
166 0.19010467777767948
167 0.20260546975299198
168 0.21647446148335103
169 0.22234137586591218
170 0.2160187207024753
171 0.21240361711469458
172 0.20829923090139757
173 0.20086911755297854
174 0.19510667894627187
175 0.18626853631894214
176 0.17977620632628177
177 0.1748852217549255
178 0.17341733735301823
179 0.16911651694504815
180 0.16502999201915958
181 0.164180881622223
182 0.16408989705086674
183 0.1582670199249645
184 0.14995882598537214
185 0.14480249166818937
186 0.14180315124359405
187 0.13723131333213134
188 0.12661819586363732
189 0.11339391601464738
190 0.1044266423605153
191 0.0952757415362625
192 0.09086462523636096
193 0.08668108762879773
194 0.08023317029475407
195 0.07253794529336077
196 0.06508586370848563
197 0.06130956232343915
198 0.059212906166300705
199 0.057425637011647546
200 0.05650387951646768
201 0.052243963263571114
202 0.0476841966220507
203 0.044795375132933635
204 0.0383443246973047
205 0.030140743842672346
206 0.020279724089440232
207 0.00910491499003907
208 -0.0018898611772258933
209 -0.010172117240420053
210 -0.016320184185839803
211 -0.018287486272629216
212 -0.01655656373742953
213 -0.016761936100459507
214 -0.02007475542728243
215 -0.019234583198702804
216 -0.019045013652704945
217 -0.017557832979527954
218 -0.015837045503694247
219 -0.013914018766415848
220 -0.009869011490410862
221 -0.00887171188825453
222 -0.0053410885758070625
223 -0.004740551260202452
224 -0.011918720332851962
225 -0.016071250751855615
226 -0.014731523529288137
227 -0.015227209667080466
228 -0.018874755427282452
229 -0.02045992262959645
230 -0.020737566688911968
231 -0.019850086792982613
232 -0.020983843207015518
233 -0.02206402575052796
234 -0.021021852353355908
235 -0.02008682669722467
236 -0.021476396243222506
237 -0.02499748294180848
238 -0.024302467600610056
239 -0.024292930986748507
240 -0.024110003045879125
241 -0.022910003045879146
242 -0.022834222846050467
243 -0.023001586062739998
244 -0.024409853434503026
245 -0.0259192404369884
246 -0.027327507808751428
247 -0.027456861879100458
248 -0.027157011490476612
249 -0.025360443814814226
250 -0.021268128871459402
251 -0.018407181469316747
252 -0.017282961669145447
253 -0.020867158852113266
254 -0.023664995769874186
255 -0.024318270417642174
256 -0.024917971194889976
257 -0.027586454042301756
258 -0.030166486974438078
259 -0.02956618775168579
260 -0.030023864743137618
261 -0.032733251745623027
262 -0.03545217536196982
263 -0.03681000196479789
264 -0.034855009240802926
265 -0.03493392254221689
266 -0.037160531215209014
267 -0.03736879858697212
268 -0.03652222284611628
269 -0.03772222284611626
270 -0.03887818558945744
271 -0.03878973567418198
272 -0.03652222284611628
273 -0.036339294905246844
274 -0.03737193168855746
275 -0.03654442917542461
276 -0.038675946328012745
277 -0.03757393285714972
278 -0.037109852353421735
279 -0.03445114421272366
280 -0.03200359845252165
281 -0.03300486769462019
282 -0.035247041091792164
283 -0.034371992818457375
284 -0.034242638748108345
285 -0.03395859117651662
286 -0.03172595439320619
287 -0.03276172427810198
288 -0.03318490062675655
289 -0.03593832488590065
290 -0.03795293464003996
291 -0.041252485805911454
292 -0.04485829087268306
293 -0.05048533224941687
294 -0.05452407332225123
295 -0.053491436538940784
296 -0.050513804781895766
297 -0.045275063709061425
298 -0.04332356443930402
299 -0.043425044422678805
300 -0.040678008626505224
301 -0.03128685939446729
302 -0.01794915055196039
303 -0.0005128455136226839
304 0.02441317485397293
305 0.054270998213557076
306 0.09692122499797201
307 0.1425455900851943
308 0.18827360945921967
309 0.23793042794005237
310 0.2880913945413298
311 0.34517715095562584
312 0.41247672789578316
313 0.47376266127303157
314 0.5268145078338023
315 0.5901761029791952
316 0.6578923154466256
317 0.711878964619981
318 0.7774115310398684
319 0.8469968574974578
320 0.9087311908212019
321 0.958914348702482
322 0.9962619024406294
323 1.0308341558443659
324 1.0522680811836655
325 1.0594178849343308
326 1.028217100466847
327 0.9625697708533278
328 0.8726614821800074
329 0.7553153200034983
330 0.6251957975312706
331 0.4993697295916226
332 0.3743522282464904
333 0.24333291651553857
334 0.12041896101723004
335 0.01842655884797645
336 -0.06946421863572383
337 -0.15449933750803282
338 -0.22290650994227812
339 -0.27178878628568826
340 -0.30102530960677865
341 -0.32779926931432724
342 -0.35039554299814774
343 -0.3978578775778639
344 -0.4656176325019861
345 -0.49922548049361953
346 -0.5191983681685907
347 -0.539521537009416
348 -0.5579301625716688
349 -0.577690931929778
350 -0.5866498658610578
351 -0.5755153624712255
352 -0.5520696366520784
353 -0.5272482078933894
354 -0.4995625978472258
355 -0.47265670646114066
356 -0.44479395849157366
357 -0.4180805316602194
358 -0.39234303464007
359 -0.3650930175158499
360 -0.33488757496389315
361 -0.30086746152789723
362 -0.2658429457482175
363 -0.23567551234260123
364 -0.20966663746630687
365 -0.18365089794133738
366 -0.16140878783622797
367 -0.1398234608824298
368 -0.11980422790322265
369 -0.1013355241744266
370 -0.08352963170726013
371 -0.06848670011309949
372 -0.05604600778038343
373 -0.04384205535190938
374 -0.029800032647194774
375 -0.017428356649378862
376 -0.009404808726882763
377 -0.006875815009186104
378 -0.0073338523532902045
379 -0.006133614260437958
380 -0.005887337742334409
381 -0.005445463567914699
382 -0.002824526480704803
383 -0.0012393592783908614
384 5.222373847013628e-05
385 -0.0008983666418411751
386 -0.0017322726672501787
387 0.0007688469634722361
388 0.003437329810884071
389 0.004115943889545726
390 0.00504083448631093
391 0.009547027257310992
392 0.01563174562549663
393 0.020929865635622935
394 0.027861159744664354
395 0.030933745713007776
396 0.029215492893254758
397 0.028369155245251187
398 0.03094918817738751
399 0.033889048880944184
400 0.036822506072224814
401 0.037668483367575945
402 0.03961020793061959
403 0.0436333842792741
404 0.04640901486772664
405 0.045767811489900834
406 0.045995014780281285
407 0.046484434714903045
408 0.050226458500698845
409 0.05187786928898003
410 0.05217771967760387
411 0.0521935224946361
412 0.05117355542677238
413 0.05229777522694373
414 0.05263250166032274
415 0.054198595634913804
416 0.05600783302602297
417 0.058925487400271426
418 0.061660213833650446
419 0.06201363809279464
420 0.06104724489545127
421 0.06188428402244561
422 0.060539127135064374
423 0.05902974013257911
424 0.05755836227643413
425 0.05643727557784817
426 0.057845542949611195
427 0.06063071015192523
428 0.06339367102493093
429 0.06383554519935064
430 0.06395246764710516
431 0.06398094017958411
432 0.06321014463855701
433 0.06566058540749203
434 0.06793763484941912
435 0.06663651521869685
436 0.0628849548190395
437 0.06117997016023785
438 0.060826545901093654
439 0.06081387618564682
440 0.061088387143377054
441 0.06261044386130932
442 0.06524405066396605
443 0.06585328805507512
444 0.06743205174511302
445 0.06907103091079969
446 0.07085806197260064
447 0.07280932314950567
448 0.07673137986743789
449 0.07833234988678406
450 0.07757735716278902
451 0.07774785348106389
452 0.07908698225812677
453 0.08066574594816461
454 0.08160017315879126
455 0.08605882016958927
456 0.09098130959126316
457 0.0968641640999619
458 0.10206826722089352
459 0.09946893801748741
460 0.09955411752207194
461 0.10083967242861441
462 0.10236462415527964
463 0.10388668087321185
464 0.10523183776059297
465 0.10442013806449241
466 0.10554435786466371
467 0.10565814721083289
468 0.10580330409821398
469 0.10611582420228471
470 0.1077041245061841
471 0.11051776424097703
472 0.11245948880402062
473 0.11448966328233962
474 0.11850330301713263
475 0.12032521012368874
476 0.1209502503318301
477 0.1226205970387288
478 0.1245309540605603
479 0.12861083738132056
480 0.13075793430739407
481 0.13310376199136914
482 0.1378211171428652
483 0.14362505835014994
484 0.1488386980849431
485 0.14722156489591243
486 0.1453106094285762
487 0.14767634687863118
488 0.151289016594078
489 0.15000637174557419
490 0.1530218753398539
491 0.15747425614748134
492 0.16200241715493757
493 0.16612633773235652
494 0.16481545844422596
495 0.16738908786408613
496 0.16910384722960148
497 0.17096665849123094
498 0.17392545511340518
499 0.17593029016083062
500 0.17884504952634594
501 0.18158604216289564
502 0.18040765004669934
503 0.1847242732717015
504 0.19064827002832607
505 0.19584527040773025
506 0.20182284103487502
507 0.20624058389059952
508 0.2062117510054683
509 0.20829887054874519
510 0.21302600040695518
511 0.21940743606217927
512 0.22698887171740345
513 0.2331620400008646
514 0.23652180664238487
515 0.23717531938300518
516 0.23666660317711374
517 0.23941399932593965
518 0.24336139547476543
519 0.24436206627135937
520 0.24668279261729298
521 0.2518042508897206
522 0.25971727987673854
523 0.27072845730654005
524 0.2751929093841097
525 0.2781637772762263
526 0.28410670995146814
527 0.28918099786565177
528 0.2950983530171478
529 0.29855923928939054
530 0.3005956799708801
531 0.30154277689695363
532 0.305622660217714
533 0.30875835667043916
534 0.31084523812086384
535 0.31299233504693746
536 0.3173184948858011
537 0.3207696064513299
538 0.3241671441463384
539 0.3283386104839594
540 0.3292350285482458
541 0.3309275815844528
542 0.3334854081872808
543 0.33292952162314526
544 0.3353484575417628
545 0.3349913017355285
546 0.3379498602648504
547 0.3428605165094344
548 0.34318257322736656
549 0.34092132660247143
550 0.3387551714979804
551 0.3413003283853616
552 0.34451156694506324
553 0.3497883171642381
554 0.3516796009583467
555 0.35034651534090766
556 0.3541705855297028
557 0.3570790786920476
558 0.35959889614853513
559 0.3576029992694666
560 0.3564723759570191
561 0.35757789793142514
562 0.3589072520017743
563 0.359282882590227
564 0.3606660486239486
565 0.3611741663843352
566 0.36281290745716976
567 0.36629309000068233
568 0.36531402708789207
569 0.3629834037754446
570 0.3627246956347465
571 0.3627878061191284
572 0.36400023774172297
573 0.36490992396696054
574 0.36316693016181845
575 0.35786484051174994
576 0.35434748536025384
577 0.3517965234061011
578 0.34630837271357806
579 0.3431631396469911
580 0.34159391257081484
581 0.3433435329317799
582 0.34188145359664424
583 0.3389257900760553
584 0.33565784454424796
585 0.33147684159276536
586 0.3295602183677633
587 0.3296017209683414
588 0.32510506481120294
589 0.318919226812295
590 0.3124211068021687
591 0.3052055270286834
592 0.3015047677506132
593 0.30080141268656246
594 0.294353495352519
595 0.2831274089458258
596 0.27472533542614397
597 0.26854009587274064
598 0.2595499166600491
599 0.25266012515158565
600 0.2468409795727733
601 0.23809707687818504
602 0.23240728536972177
603 0.22667658970618498
604 0.21785690681176806
605 0.21104602860471888
606 0.20528999351028843
607 0.19744624042707637
608 0.19034818154684985
609 0.1820152466218684
610 0.17168014861464787
611 0.16559252018842363
612 0.15779631286541362
613 0.15205584249516302
614 0.14511247711617925
615 0.1359298333487567
616 0.1276980180544975
617 0.12058728945882441
618 0.1126268520207101
619 0.1057906343827672
620 0.09910621523733393
621 0.09272767459084275
622 0.08687632493246156
623 0.08548422073038298
624 0.08312572333096113
625 0.07749844386137505
626 0.0727588823805706
627 0.06919084836728723
628 0.06576170503821438
629 0.06319807336861472
630 0.05746677925957333
631 0.051931082806848106
632 0.05086416842428709
633 0.05000238831190368
634 0.04686355875759318
635 0.04234493436399861
636 0.03774739666899002
637 0.03434672587239607
638 0.03215872479124904
639 0.02911147825379934
640 0.026256934363932782
641 0.02570127084334395
642 0.02441922444034461
643 0.025230924136445343
644 0.02403092413644531
645 0.02283381914517829
646 0.02354790771409976
647 0.02291333089209696
648 0.017854384658546607
649 0.01563174562549663
650 0.012622508234387375
651 0.010001333054325323
652 0.011568025474420873
653 0.0099230181984159
654 0.005978755151175297
655 0.003152683793787747
656 0.0028655031206106796
657 0.004103274174098892
658 0.0055464175906171365
659 0.0069451483485186705
660 0.006275472438213858
661 0.008546118367864841
662 0.008726151300001261
663 0.007841566412804868
664 0.008896409525423754
665 0.009676741680312406
666 0.007020928548347349
667 0.003203124562722759
668 0.0026728004730275923
669 0.002575189345848383
670 0.0037812174561666634
671 0.003174652030243752
672 0.006579054373927584
673 0.006787321745690633
674 0.0047502826186963665
675 0.006582187475512924
676 0.004450670322924732
677 0.0046116300273381094
678 0.006360651942798501
679 0.009502513814947655
680 0.016169056623667133
681 0.011665773910705668
682 0.006253266108905531
683 0.0028939756530896865
684 0.000336149050261636
685 0.0026981399039212595
686 0.005625330892031155
687 0.008609228852246742
688 0.010380695189867672
689 0.011033969837635715
690 0.012723389772257399
691 0.016348729203151113
692 0.01575796659426032
693 0.016010271222682115
694 0.017191573396917015
695 0.018157966594260277
696 0.015811540464780727
697 0.014302153462295353
698 0.013832044848248903
699 0.012505585786632911
700 0.01134335684012111
701 0.013143656062873432
702 0.011564892372835645
703 0.007579725170521523
704 0.004652534182411516
705 0.003228463993616426
706 0.005237030588131797
707 0.005300141072513642
708 0.004219958529001144
709 0.0040906044586520585
710 0.004024360872684929
711 0.004024360872684929
712 0.004077934743205225
713 0.00419172408937446
714 0.005394857190959779
715 0.004778755151175318
716 0.007358788083311696
717 0.010005064601415092
718 0.009597229933393792
719 0.012114152381148213
720 0.013560428899251797
721 0.01291898742857367
722 0.015110720056810634
723 0.015016242031216764
724 0.012726522873842738
725 0.011605436175256778
726 0.013794035701908458
727 0.014990902600323153
728 0.0139487292031511
729 0.012884349476670776
730 0.013152832324082597
731 0.016714823177742144
732 0.01716310086443812
733 0.018145296878813444
734 0.015773769411292493
735 0.013493586867779905
736 0.015514823177742165
737 0.016525629033702194
738 0.01520230307367143
739 0.011734790245605808
740 0.012439342200665782
741 0.013260578510627952
742 0.010951923434636468
743 0.010408929629494412
744 0.008647237998587243
745 0.005745148348518692
746 0.002903274174098913
747 0.002281367067542839
748 0.0008446271633008595
749 0.00044365714395477873
750 -0.0009899496587019718
751 -0.0024362261768055005
752 -0.0028400912048847093
753 -0.004036958103299515
754 -0.004741510058359322
755 -0.0009110363572879532
756 0.0029825478281652607
757 0.0033201692702772845
758 0.0019277047155464855
759 -0.0008447927713208236
760 -0.0035193037290510154
761 -0.0028369581032993696
762 -0.003752910531707676
763 -0.002357312875391482
764 0.00010579760899037671
765 0.0002700277240945681
766 -6.156560769909891e-05
767 -0.0037278091936663316
768 -0.004517079516911882
769 -0.006449267466093922
770 -0.009625868073892707
771 -0.013831972363416545
772 -0.01664561209820964
773 -0.015969532675628673
774 -0.01516096608111328
775 -0.01752006192603983
776 -0.01895053562711113
777 -0.019237716300288088
778 -0.019420882334009737
779 -0.019708063007186805
780 -0.021125866992811326
781 -0.023406049536323803
782 -0.022351206423704972
783 -0.020162606897053292
784 -0.02117967895618389
785 -0.022455459156012603
786 -0.022805750313571516
787 -0.024084663614985513
788 -0.024264696547121878
789 -0.02442252314994986
790 -0.024709703823126872
791 -0.026152847239645005
792 -0.028578186670538686
793 -0.02791164386181927
794 -0.02836932085327104
795 -0.0311702908726173
796 -0.03418906487758805
797 -0.03709718263797496
798 -0.03770642002908414
799 -0.03901067276139181
800 -0.03914026492459305
801 -0.03835993276970445
802 -0.03985665005674299
803 -0.043425282515530905
804 -0.043699793473261195
805 -0.04166588744785221
806 -0.04260717930715413
807 -0.04268295950698281
808 -0.04279964386188506
809 -0.043804046205568825
810 -0.04272096865332331
811 -0.04183951686771237
812 -0.04337111019950601
813 -0.04805129274301856
814 -0.04751410400464812
815 -0.046787345720279816
816 -0.04901395439327194
817 -0.050027893350817254
818 -0.047725504477996394
819 -0.04542975721030407
820 -0.047454126621851556
821 -0.047694136936784426
822 -0.04884659117658241
823 -0.047826624108718796
824 -0.047738174193443283
825 -0.047697270038369766
826 -0.04776351362433695
827 -0.047959111280653166
828 -0.049193987325408306
829 -0.05033087684102644
830 -0.04843899460141338
831 -0.049705238187380485
832 -0.052073870646168474
833 -0.05230747744882519
834 -0.051476704525001526
835 -0.0519439181303149
836 -0.055799731262279884
837 -0.058692046205634674
838 -0.05917169143354256
839 -0.05995515669001655
840 -0.05705017203121493
841 -0.05183966539800722
842 -0.049847500066028616
843 -0.049314042874748054
844 -0.04812647449734264
845 -0.04901395439327194
846 -0.048752113150988596
847 -0.04640882012309422
848 -0.045353977010475444
849 -0.04777618333978384
850 -0.05038131760996151
851 -0.05075694819841403
852 -0.050838994601413334
853 -0.04991061055041046
854 -0.05126843715323842
855 -0.05297342181204007
856 -0.05572057986801365
857 -0.05797542298063246
858 -0.055484078056623864
859 -0.051688104998349804
860 -0.04929764161221134
861 -0.05337812337847614
862 -0.05346657329375165
863 -0.05044696275042404
864 -0.05163139802624417
865 -0.05505800669923627
866 -0.05447013909907861
867 -0.05475731977225562
868 -0.056920817960865844
869 -0.05595442476352258
870 -0.05501939910739129
871 -0.05630784902266678
872 -0.05867648148145482
873 -0.058849872808462655
874 -0.05681283368146839
875 -0.05862893572125277
876 -0.057230204963351294
877 -0.05464063541735337
878 -0.05318192727665527
879 -0.05315658784576166
880 -0.05450814824541905
881 -0.056908148245419066
882 -0.05613735270439196
883 -0.05619092657491237
884 -0.057050172031214985
885 -0.055629234944005124
886 -0.05306500482890092
887 -0.05173565075855174
888 -0.05284406774169098
889 -0.05419562814134837
890 -0.05546187172731554
891 -0.054561722115939404
892 -0.05462796570190653
893 -0.055720817960865865
894 -0.05578706154683305
895 -0.05489958165090375
896 -0.05624473853828493
897 -0.05782990574059893
898 -0.06037192952639486
899 -0.060592866613604746
900 -0.05947177991501873
901 -0.059187732343426946
902 -0.057934158472906616
903 -0.05782036912673749
904 -0.057842575456045764
905 -0.058900551670249934
906 -0.05798773234342697
907 -0.05818332999974313
908 -0.060346590095501196
909 -0.0600182671743984
910 -0.056816327135706
911 -0.05075984320714705
912 -0.04411343320805422
913 -0.03725524733365515
914 -0.027715447759998457
915 -0.02483929598632817
916 -0.02345986149969642
917 -0.018167070370637195
918 -0.015723256157525123
919 -0.012035404687754214
920 -0.005991352381789827
921 -0.000494263520909699
922 0.006471308187382341
923 0.01670215346229531
924 0.023664353976149688
925 0.030620987516084774
926 0.03222532872986855
927 0.02706490251294358
928 0.027238531932803678
929 0.03213338536035537
930 0.03607451530601058
931 0.03648777963884575
932 0.03272935459051324
933 0.03725484363278303
934 0.040792108550358974
935 0.038969602998298325
936 0.03724181356468381
937 0.04033660586233556
938 0.04822162345327341
939 0.052240830161985774
940 0.05682883124313287
941 0.059863646157988004
942 0.059692789487060915
943 0.061924827824866746
944 0.06776677817849208
945 0.07565179576942999
946 0.07697452328395604
947 0.07789301036844504
948 0.0800781164408591
949 0.08578407111900682
950 0.09161648485877061
951 0.09520032168908621
952 0.09682916579540674
953 0.10219400557720476
954 0.11257954435336037
955 0.12244672952601637
956 0.13362503207965515
957 0.13798896297200708
958 0.13319209607359245
959 0.12686760548332615
960 0.11808616982810205
961 0.11155933919264444
962 0.10832976315983006
963 0.10216902649896348
964 0.0951081402267207
965 0.09233624118535805
966 0.08885665708735013
967 0.08459674083445362
968 0.08263280994210181
969 0.08100336739027664
970 0.08041609823562351
971 0.07936185356850922
972 0.07357988059768061
973 0.0662571530831545
974 0.0616886863661294
975 0.0540534387475326
976 0.04648732972363606
977 0.041953500958513856
978 0.036131222278116326
979 0.025931744544415325
980 0.016856486610885624
981 0.011447847665281063
982 0.008701049961959806
983 0.00436222040764922
984 0.0013938871716135948
985 0.0008224208339925321
986 0.00034894102550858674
987 -0.0005319123145978155
988 -0.006020063007121046
989 -0.010886083549541459
990 -0.015865518036173254
991 -0.02005859225759793
992 -0.026752786109745075
993 -0.03604257761820834
994 -0.044725803700748745
995 -0.05542386258097509
996 -0.06375679750595659
997 -0.07044121665138986
998 -0.07532304001084245
999 -0.07837341964987748
1000 -0.07777312042712509
1001 -0.0777731204271252
1002 -0.07842409851166476
1003 -0.07570204179373258
1004 -0.0718462286617676
1005 -0.07123409626192534
1006 -0.07104139361434214
1007 -0.07020122138576251
1008 -0.073504504098724
1009 -0.07275591488700522
1010 -0.07286306262804582
1011 -0.07382656081665617
1012 -0.0727054741180701
1013 -0.07171687459141851
1014 -0.07307156809266119
1015 -0.07563579820776534
1016 -0.07704406557952842
1017 -0.07611857653725862
1018 -0.0759229788809424
1019 -0.07558535743883033
1020 -0.07333051432621152
1021 -0.07347567121359266
1022 -0.07610614491466405
1023 -0.07887864240153125
1024 -0.0803658230747083
1025 -0.07946567346333216
1026 -0.07934898910842997
1027 -0.07921963503808088
1028 -0.07824057212529079
1029 -0.079506815711258
1030 -0.08096262884322297
1031 -0.08243713980095319
1032 -0.08286344925119304
1033 -0.08434109331050854
1034 -0.08497253703092605
1035 -0.08865145033234006
1036 -0.08918177442203529
1037 -0.08949429452610602
1038 -0.09073543677403179
1039 -0.09011933473424738
1040 -0.09268669795093687
1041 -0.09524139145217958
1042 -0.09459705497276844
1043 -0.09584422533101256
1044 -0.09519675575001613
1045 -0.09857581866280624
1046 -0.0987558515949426
1047 -0.09677551944005397
1048 -0.09788706952477849
1049 -0.09903989916653433
1050 -0.09978825028540084
1051 -0.09583482602625665
1052 -0.09235197151755786
1053 -0.08684825610085478
1054 -0.08482121472412096
1055 -0.0836085450086742
1056 -0.08525995579695533
1057 -0.09046382082503462
1058 -0.09265509231687258
1059 -0.0963244690044251
1060 -0.0943916826097384
1061 -0.09306522354812247
1062 -0.09345436039037869
1063 -0.09056494045575691
1064 -0.08563848139414093
1065 -0.08599274219164199
1066 -0.08564221294123087
1067 -0.0833684339099946
1068 -0.08502030583467485
1069 -0.08165077953574618
1070 -0.08139496640378113
1071 -0.0823077857306041
1072 -0.08123400669936781
1073 -0.08198259591108664
1074 -0.0796079353419803
1075 -0.0783730592972251
1076 -0.07946591155618443
1077 -0.08083327477287389
1078 -0.0814583149810153
1079 -0.08358320557778054
1080 -0.08836367121365851
1081 -0.09531693355915599
1082 -0.10044852689094969
1083 -0.098209486595363
1084 -0.09213997259870493
1085 -0.09021405085269346
1086 -0.09068162481065911
1087 -0.08983227632087043
1088 -0.0857083406941459
1089 -0.07473553276333705
1090 -0.06070303162317847
1091 -0.039411288854833526
1092 -0.0144730599081902
1093 0.021242739665598143
1094 0.06424036259883892
1095 0.10675063911713983
1096 0.1533441701506384
1097 0.2030736357297146
1098 0.254276775728164
1099 0.31115739787228214
1100 0.3752357385024776
1101 0.4376741261195237
1102 0.4932686099609005
1103 0.5593392167068211
1104 0.6249988556831348
1105 0.6861065915550761
1106 0.7552677678165485
1107 0.8213066681446581
1108 0.878598019965531
1109 0.9223868494325933
1110 0.9607892312340538
1111 0.993274740496471
1112 1.0115193804632197
1113 1.0061112241300674
1114 0.9646356428654532
1115 0.8860829570192907
1116 0.7903555227671579
1117 0.670331701482028
1118 0.5362113462995595
1119 0.4125267932627604
1120 0.28084939071403714
1121 0.1499650857617949
1122 0.03128005437712866
1123 -0.06197159324842749
1124 -0.15021082646285727
1125 -0.23076195889347456
1126 -0.2927425837846278
1127 -0.34230828038499866
1128 -0.3668144184864937
1129 -0.3902992101720938
1130 -0.4239296033696344
1131 -0.4848296517010551
1132 -0.5419017459381794
1133 -0.5655087246942133
1134 -0.5869516309842044
1135 -0.6028436880246072
1136 -0.6242270352858663
1137 -0.6464266503286729
1138 -0.6461323669139684
1139 -0.630835796491271
1140 -0.609876224024171
1141 -0.5847515736824207
1142 -0.554334132211611
1143 -0.5241571621921333
1144 -0.4927646274484756
1145 -0.4608438270854989
1146 -0.4329019277216657
1147 -0.41151629032392595
1148 -0.3854758098135674
1149 -0.35210583792375416
1150 -0.317163606639926
1151 -0.2851454332426224
1152 -0.2609077866110968
1153 -0.241065813815093
1154 -0.2216342103431913
1155 -0.19821684122347097
1156 -0.17628062466660926
1157 -0.16131744291221944
1158 -0.14630938736281382
1159 -0.13208709363311066
1160 -0.12164193782681082
1161 -0.11286375753297204
1162 -0.10432872065565146
1163 -0.09651717165200824
1164 -0.08430972576929652
1165 -0.0722379001601045
1166 -0.06407232845181254
1167 -0.06006882377638556
1168 -0.05885011090131487
1169 -0.05496269213528565
1170 -0.054135412665699545
1171 -0.052136981130550375
1172 -0.048793017306062114
1173 -0.04332066943057106
1174 -0.04022298212418629
1175 -0.03975263541728763
1176 -0.04064965192707848
1177 -0.0405358625809093
1178 -0.03831879052177867
1179 -0.038972663615051306
1180 -0.038240475665869245
1181 -0.03393011864403772
1182 -0.02838199056871793
1183 -0.0252433991072597
1184 -0.024826626270881336
1185 -0.025852996851021215
1186 -0.026781380902024032
1187 -0.024302467600610056
1188 -0.022483693595639342
1189 -0.0196009152661461
1190 -0.017924165046971252
1191 -0.016607242599216754
1192 -0.017504259109007658
1193 -0.01827505465003476
1194 -0.014848445977042601
1195 -0.013506422191246759
1196 -0.015398304430859877
1197 -0.014311855684176755
1198 -0.013977129250797748
1199 -0.012347924791824894
1200 -0.0095722942033723
1201 -0.007920883415091062
1202 -0.006629300398230287
1203 -0.00765880407995545
1204 -0.008688307761680614
1205 -0.007409394460266616
1206 -0.005836896973399397
1207 -0.0032695337567098526
1208 -0.0028781003512251546
1209 -0.0035290784357647764
1210 -0.0011224368306362864
1211 0.0011764435386413807
1212 -0.0017638783013144144
1213 0.00013427014146938365
1214 -0.0008885919351273586
1215 -0.0014955327630081228
1216 0.0015232412419626251
1217 0.007813930418682835
1218 0.00980922885224661
1219 0.008476143234807776
1220 0.012183529068700738
1221 0.01398650025663939
1222 0.01646228045646808
1223 0.016348729203151113
1224 0.011955727332815691
1225 0.012739192589289572
1226 0.014770203605965482
1227 0.012972799391946288
1228 0.01349358686777996
1229 0.018315793197088315
1230 0.019989410314677936
1231 0.02021661360505833
1232 0.018315194751583774
1233 0.019587841849827092
1234 0.02373167219332606
1235 0.020450220407715047
1236 0.016136131838793644
1237 0.02028309528387784
1238 0.02181468861567154
1239 0.021504465074829282
1240 0.024397018111036284
1241 0.02836951559790346
1242 0.029980022231111236
1243 0.030077871451142768
1244 0.027156485529804486
1245 0.029736518461940753
1246 0.03471341829249169
1247 0.03559403353974577
1248 0.03720126976226262
1249 0.037851649401297593
1250 0.03984381473327625
1251 0.04498807778051683
1252 0.047801717515309816
1253 0.04617480961956533
1254 0.04645909528400943
1255 0.04988883705858682
1256 0.049452767950938725
1257 0.0512429321143249
1258 0.054432202437570465
1259 0.058871913529751074
1260 0.06314739450682749
1261 0.06400290841604023
1262 0.06551856162169628
1263 0.0659575407873828
1264 0.06752363476197382
1265 0.06929196799800957
1266 0.07222542518929004
1267 0.07426826938305603
1268 0.07734375036013236
1269 0.0802994138807212
1270 0.08199196691692828
1271 0.0825538966406878
1272 0.08339987393603904
1273 0.08775113511294408
1274 0.09324568931774346
1275 0.09628026613974644
1276 0.09574934360454662
1277 0.09513347965761437
1278 0.098913750682603
1279 0.10133535856640674
1280 0.10546484611774515
1281 0.11489412675592348
1282 0.12173094283937103
1283 0.12059972108141892
1284 0.1192193277966303
1285 0.12440473309179656
1286 0.13010465965962598
1287 0.13391232858588448
1288 0.1368547239455219
1289 0.14404496428811364
1290 0.15111828218295087
1291 0.15354942668061622
1292 0.1553398289368546
1293 0.15507738924906678
1294 0.158291999003206
1295 0.16500548912662283
1296 0.16794161828308962
1297 0.1739127853979584
1298 0.1789270959293453
1299 0.18300011460143017
1300 0.1900261248289178
1301 0.19382463254327253
1302 0.1973042166412804
1303 0.20060087279841898
1304 0.20295623709625554
1305 0.20754134316866957
1306 0.2124165249229938
1307 0.21643573163170582
1308 0.224096917126701
1309 0.2259472967657361
1310 0.22227091812040267
1311 0.22490789611749695
1312 0.22931937277005066
1313 0.23421652276083105
1314 0.2400267301712865
1315 0.24341183624370055
1316 0.24453545759836715
1317 0.24687525717202385
1318 0.25366766059685486
1319 0.25773754616735434
1320 0.26375915405115824
1321 0.2685525274953353
1322 0.27109081973404114
1323 0.27533806627149093
1324 0.2782277242989647
1325 0.27802199158328256
1326 0.2793760866390207
1327 0.2875295870773704
1328 0.29581244158606934
1329 0.29842964712618925
1330 0.29937034053998657
1331 0.30117981602394794
1332 0.3042017231305041
1333 0.30731497516106876
1334 0.31012548179427646
1335 0.3113286148958617
1336 0.3080664744308259
1337 0.30786447326223365
1338 0.30817386026471894
1339 0.3109590274670331
1340 0.31483353842476325
1341 0.31449858894783755
1342 0.31692041987518793
1343 0.31617847226859763
1344 0.3182595486522508
1345 0.31627318838704377
1346 0.3164719191449452
1347 0.31897303877566774
1348 0.3205455362625348
1349 0.3219033628653627
1350 0.3210821265554007
1351 0.3213157333580573
1352 0.32366215948753696
1353 0.3239462070591287
1354 0.3239871112142022
1355 0.3237506094028124
1356 0.3223990490031551
1357 0.32027355996088547
1358 0.3225157333580574
1359 0.32481812223087814
1360 0.32383241771295956
1361 0.3215997809296489
1362 0.3232738591836376
1363 0.32087072608205225
1364 0.3194022432346405
1365 0.3189730387756676
1366 0.31760254245739283
1367 0.31716356329170614
1368 0.3154776518606277
1369 0.31352952378530785
1370 0.30864396887876533
1371 0.3080284652844856
1372 0.31031237937508793
1373 0.30404365843482384
1374 0.2982616854639951
1375 0.29614076450717197
1376 0.28864754067437126
1377 0.2798972344675068
1378 0.2741665388039698
1379 0.2683947008925074
1380 0.26027956995315027
1381 0.2508382180450297
1382 0.24148531605218437
1383 0.23458285482827446
1384 0.2291108673054355
1385 0.22374602752363748
1386 0.21714028358676585
1387 0.21008312886161307
1388 0.20057240026594003
1389 0.19083119796919557
1390 0.18121934974279996
1391 0.17293372248516825
1392 0.1668115934161467
1393 0.1586333519924079
1394 0.14849987975182177
1395 0.14255778361493676
1396 0.1376261179320536
1397 0.12653578910798569
1398 0.11940285418300423
1399 0.11335674340666363
1400 0.10446128031241825
1401 0.0969331804348621
1402 0.09379494932605609
1403 0.08951982870163211
1404 0.08153718493420953
1405 0.07087049359519515
1406 0.06093056054054907
1407 0.0520232642692135
1408 0.041366109544060725
1409 0.03326678142173589
1410 0.02796529021717198
1411 0.02444480196409049
1412 0.022603583536959237
1413 0.020288662257797185
1414 0.023930164858375236
1415 0.02075996776285277
1416 0.012593797609056157
1417 0.006073471269621489
1418 -6.795407066984005e-05
1419 -0.0025780118697491528
1420 -0.005495904336849822
1421 -0.006995992818325858
1422 -0.00547020455330377
1423 -0.008283844288096809
1424 -0.01332698770461499
1425 -0.014128689650455106
1426 -0.015372726907113943
1427 -0.01411625802786054
1428 -0.012663577997480802
1429 -0.010468950360510876
1430 -0.012872083462096118
1431 -0.014873785407936213
1432 -0.019092559412906884
1433 -0.023096662533838463
1434 -0.02181401768533453
1435 -0.024450757589576544
1436 -0.027103675712808473
1437 -0.027756950360576627
1438 -0.028552248794140478
1439 -0.03247117241048736
1440 -0.03602713515382855
1441 -0.03383853562717687
1442 -0.030219462399453834
1443 -0.029736684069960606
1444 -0.030517016224849147
1445 -0.029424163965889927
1446 -0.02854935378540746
1447 -0.031107180388235456
1448 -0.0330172993172147
1449 -0.03678152943231894
1450 -0.037931088663383905
1451 -0.033588765654835706
1452 -0.03337409477079656
1453 -0.03465941158448671
1454 -0.03713205868273006
1455 -0.03830985235342177
1456 -0.03515172652784143
1457 -0.035925655170453874
1458 -0.035831177144860005
1459 -0.03492125282677011
1460 -0.03614345915607836
1461 -0.03828161791379503
1462 -0.036222372457492436
1463 -0.035154859629426716
1464 -0.03720143537028253
1465 -0.03713205868273012
1466 -0.035780498283072726
1467 -0.03344987497062518
1468 -0.03352565517045386
1469 -0.03692692441255235
1470 -0.037239206423770765
1471 -0.03620656964046026
1472 -0.036917387798690804
1473 -0.03365500924080289
1474 -0.03452981942128541
1475 -0.036352563066198273
1476 -0.033045771849693706
1477 -0.030907613091977038
1478 -0.03498809485824189
1479 -0.03477356128330822
1480 -0.030999794554342486
1481 -0.027251367256270365
1482 -0.027219999715058396
1483 -0.03188751254312405
1484 -0.03283437137634543
1485 -0.03482966980990926
1486 -0.03876439624328826
1487 -0.0403242240147087
1488 -0.040182200228912834
1489 -0.037460381603832915
1490 -0.03376239507469586
1491 -0.033655247333655214
1492 -0.037163664316794354
1493 -0.03791179239211406
1494 -0.04057676673598282
1495 -0.041078856386051354
1496 -0.04241134355798565
1497 -0.042578706774675235
1498 -0.04257870677467518
1499 -0.04246202241977293
1500 -0.041369170160813706
1501 -0.041416715921015645
1502 -0.043560902789050615
1503 -0.04170076349260732
1504 -0.043819849022601
1505 -0.04302371405068023
1506 -0.04328906379650671
1507 -0.0474451884534946
1508 -0.04255941050340545
1509 -0.044953006991129196
1510 -0.04874257653712705
1511 -0.04951580595048821
1512 -0.052768647894514686
1513 -0.04949383771403215
1514 -0.04715054468613783
1515 -0.049134009942611745
1516 -0.04937402025754467
1517 -0.050630727229650285
1518 -0.049976854136377646
1519 -0.05159338887990372
1520 -0.05531671483993439
1521 -0.056737651927144195
1522 -0.05478265920314923
1523 -0.05482380145107507
1524 -0.05615315552142408
1525 -0.05759316583635693
1526 -0.059737352704391955
1527 -0.056459409422324136
1528 -0.05599846202018138
1529 -0.05466597484824709
1530 -0.054495478529972274
1531 -0.055357857087860174
1532 -0.05328594191611069
1533 -0.05344063541735339
1534 -0.05679146389051687
1535 -0.056175361850732464
1536 -0.056607699411290624
1537 -0.05916239291253328
1538 -0.06056439408112574
1539 -0.061297180475812396
1540 -0.05724287467879807
1541 -0.05208931311054826
1542 -0.04990071358389664
1543 -0.055003834383211436
1544 -0.06263654734572749
1545 -0.06398086769475181
1546 -0.06393912700132143
1547 -0.06956724300926426
1548 -0.06971239989664546
1549 -0.06457394191617649
1550 -0.06774810865164121
1551 -0.06957955237205876
1552 -0.07188399971525578
1553 -0.0781524825626676
1554 -0.07981656306639567
1555 -0.07770687684115796
1556 -0.07626397151749204
1557 -0.075063971517492
1558 -0.07628617784680042
1559 -0.0787650911482144
1560 -0.07838259591108665
1561 -0.08118669903201808
1562 -0.08422127585402106
1563 -0.08639347411813597
1564 -0.09051426159396964
1565 -0.09234570531438718
1566 -0.09370353191721525
1567 -0.09272470709727731
1568 -0.09188126445800682
1569 -0.09357068439262856
1570 -0.09866740167966709
1571 -0.10065643391006035
1572 -0.10210271042816388
1573 -0.10198915917484697
1574 -0.09865100041713037
1575 -0.09931754322584985
1576 -0.09981069470756143
1577 -0.09596755129104328
1578 -0.09220645427752433
1579 -0.09215288040700398
1580 -0.09580018807435375
1581 -0.09849377225980699
1582 -0.09870517273315527
1583 -0.0965165732065037
1584 -0.0962547319642203
1585 -0.09700018807435373
1586 -0.09471397742052284
1587 -0.09464446342386484
1588 -0.09424929847129027
1589 -0.09948490644253938
1590 -0.10560823240257006
1591 -0.10399086112068712
1592 -0.10183073412651439
1593 -0.10273112183074284
1594 -0.10292358638547372
1595 -0.1041866968698556
1596 -0.10521933365316605
1597 -0.10293312299933521
1598 -0.10255108889860648
1599 -0.10042246675475136
1600 -0.10255749241088269
1601 -0.10473679341652509
1602 -0.10115175969520035
1603 -0.10428081454279708
1604 -0.11291479674741164
1605 -0.1160784895469113
1606 -0.1142024101243303
1607 -0.11270906403172937
1608 -0.11036263790224968
1609 -0.11140167819783642
1610 -0.11445265628237597
1611 -0.11124698469659372
1612 -0.10910906403172935
1613 -0.11252926919244527
1614 -0.11352343569301632
1615 -0.11855390939408766
1616 -0.12102015298005483
1617 -0.11671246792340956
1618 -0.11683938812142458
1619 -0.11279751394700488
1620 -0.10893856771345453
1621 -0.11047062218164727
1622 -0.10845578938396128
1623 -0.10989542429693633
1624 -0.11271860064559089
1625 -0.11561091558894562
1626 -0.11718654617739815
1627 -0.11730346862515265
1628 -0.11614750588181147
1629 -0.11494437278022615
1630 -0.11657730878628897
1631 -0.11374497122573074
1632 -0.10955466975323896
1633 -0.10570198972285927
1634 -0.10573373266602909
1635 -0.11142121256195844
1636 -0.11116493829359442
1637 -0.11262991263746308
1638 -0.11381434791328321
1639 -0.1128197202763132
1640 -0.11288245535873723
1641 -0.11217827880563513
1642 -0.11740167819783642
1643 -0.11413327152963013
1644 -0.11147105488538889
1645 -0.11005035589103127
1646 -0.11034707317806983
1647 -0.11425935518928823
1648 -0.11723409193760012
1649 -0.11978238192656665
1650 -0.11699035007557734
1651 -0.11819035007557738
1652 -0.12134244779083928
1653 -0.11921695874856952
1654 -0.11701882260805632
1655 -0.11821592759932328
1656 -0.12088730545546816
1657 -0.12264273088320479
1658 -0.1249891570126844
1659 -0.12372604652830255
1660 -0.12011650991444106
1661 -0.11961152525563948
1662 -0.1193747853513975
1663 -0.11920428903312269
1664 -0.11889490203063732
1665 -0.11650757174608412
1666 -0.11625175861411913
1667 -0.11622039107290708
1668 -0.11734461087307843
1669 -0.11661471948712479
1670 -0.11796627988678221
1671 -0.12112151070362945
1672 -0.11803276156560163
1673 -0.11618491658264732
1674 -0.120899975170915
1675 -0.12473998548584786
1676 -0.12416792070272228
1677 -0.12328357390837824
1678 -0.1244426697533047
1679 -0.12563953665171942
1680 -0.1256395366517194
1681 -0.12440466060696426
1682 -0.12307217343502991
1683 -0.12370094519026112
1684 -0.12137985849167521
1685 -0.12035324981868306
1686 -0.12267120341568374
1687 -0.12486933955619689
1688 -0.1235177791565395
1689 -0.11886896415423906
1690 -0.11835771329226685
1691 -0.1207836511686651
1692 -0.11566135635788063
1693 -0.10998363611935957
1694 -0.10710772243854155
1695 -0.10125637278016036
1696 -0.09651367819777062
1697 -0.09404476264661715
1698 -0.08907716133707533
1699 -0.08950985925028587
1700 -0.09064108100823798
1701 -0.08472662086547489
1702 -0.07487103077705665
1703 -0.06679101397530712
1704 -0.06185934829242412
1705 -0.05305897671858251
1706 -0.046645798120188486
1707 -0.04121411630691868
1708 -0.04181768594036189
1709 -0.04670033078886571
1710 -0.04035873970681153
1711 -0.03922171288208787
1712 -0.042894598073183465
1713 -0.04613093797092643
1714 -0.05107296175672238
1715 -0.050210821291686636
1716 -0.04681268515117343
1717 -0.04648773342450824
1718 -0.047450993520266216
1719 -0.04735917241055315
1720 -0.04671856747823194
1721 -0.043441085332563134
1722 -0.036079750226191976
1723 -0.03515485962942677
1724 -0.03734405760158305
1725 -0.0319092426867279
1726 -0.02476014459206194
1727 -0.019515598452455873
1728 -0.0136611156924894
1729 -0.01206074411864777
1730 -0.008338016604121756
1731 -0.0004907700666720305
1732 0.002155283407884734
1733 0.005631597095201779
1734 0.007680722541443752
1735 0.017156813185214115
1736 0.030273108754806544
1737 0.04703044578857818
1738 0.06443632703455532
1739 0.06595778530698293
1740 0.057819489240160726
1741 0.052401789866399096
1742 0.04669643363375586
1743 0.037939861223720894
1744 0.032184064222142705
1745 0.025638160358962103
1746 0.017500361953897814
1747 0.01753605948770426
1748 0.011211468113691336
1749 0.0014316582251018284
1750 -0.005142241984853246
1751 -0.009847165513754808
1752 -0.010746954772478667
1753 -0.010471845369243893
1754 -0.014548833681271078
1755 -0.019133939753684992
1756 -0.022363515786499533
1757 -0.030440637579515983
1758 -0.0421495023157023
1759 -0.051799121595586084
1760 -0.0589129832928445
1761 -0.06463124733378678
1762 -0.07128743203959337
1763 -0.07882796353974397
1764 -0.08484354331322941
1765 -0.08724318296057704
1766 -0.08760867848966353
1767 -0.09345376194487409
1768 -0.10244430151021816
1769 -0.10394995696561365
1770 -0.1050484769822389
1771 -0.1084620555871319
1772 -0.11370683981959023
1773 -0.12275035480994997
1774 -0.13131689653758813
1775 -0.14118104939240553
1776 -0.15111784934546627
1777 -0.16160137465075897
1778 -0.16897478102707233
1779 -0.16911933946894891
1780 -0.16854437967709027
1781 -0.17165870633886401
1782 -0.1704869407784907
1783 -0.16706986871936005
1784 -0.1685356796015856
1785 -0.1659116094127904
1786 -0.16323045684993173
1787 -0.1626465588897162
1788 -0.1612604978472615
1789 -0.16118785074901812
1790 -0.16062821758848708
1791 -0.1643199379144535
1792 -0.1694079551259874
1793 -0.16152210099669262
1794 -0.15634006689596386
1795 -0.15863688879486537
1796 -0.15651780326487177
1797 -0.15686458591888747
1798 -0.1596468581124685
1799 -0.16363515841636786
1800 -0.164547141204834
1801 -0.16622389142400884
1802 -0.16947360026644995
1803 -0.1661829872689353
1804 -0.16457561373731294
1805 -0.16309820777084968
1806 -0.16298731343341355
1807 -0.1630821668609653
1808 -0.165943575399507
1809 -0.16143075607268403
1810 -0.1589707786898875
1811 -0.16111207054918944
1812 -0.16188529996255063
1813 -0.1667737498778261
1814 -0.16827360026644994
1815 -0.1653110720971859
1816 -0.16711474251437572
1817 -0.16596542137616302
1818 -0.16414267773125013
1819 -0.16771131019003813
1820 -0.17126727293337932
1821 -0.16947964342607383
1822 -0.1687055774743558
1823 -0.1704581078933594
1824 -0.17650252055197604
1825 -0.17815995945057567
1826 -0.17521987570347217
1827 -0.1770989509185329
1828 -0.17425661560771416
1829 -0.17860207171784762
1830 -0.1797611675627741
1831 -0.17567755269492402
1832 -0.17773352774053575
1833 -0.17825782371991264
1834 -0.18114349705813892
1835 -0.18400154945154862
1836 -0.18648359585454793
1837 -0.18367889428811182
1838 -0.1849042337190055
1839 -0.1881508094598613
1840 -0.18613597666217535
1841 -0.18587376001793413
1842 -0.1837295731498991
1843 -0.18580438333038163
1844 -0.18678031314158647
1845 -0.18435497371069282
1846 -0.18265312215347654
1847 -0.1801110983676807
1848 -0.18001951535081986
1849 -0.18224901903254506
1850 -0.1824005794322024
1851 -0.18221100988620453
1852 -0.1796560782921096
1853 -0.17860847523012388
1854 -0.1760386781411003
1855 -0.16571505295831732
1856 -0.16677616227410674
1857 -0.17537213533238083
1858 -0.1804177126212331
1859 -0.18492039688868997
1860 -0.1849675822962396
1861 -0.1873418825126936
1862 -0.1935432852357814
1863 -0.2019647923358385
1864 -0.2091302916930412
1865 -0.2041691946795223
1866 -0.192848269894583
1867 -0.18875038797730895
1868 -0.18674218173544593
1869 -0.18636270376685127
1870 -0.1881728999561174
1871 -0.18072431182547993
1872 -0.16070388195526358
1873 -0.14075402566360887
1874 -0.12005074894092627
1875 -0.0909819578117354
1876 -0.05031725475417054
1877 -0.008530004973148153
1878 0.03491469875577946
1879 0.08861664677241726
1880 0.13899349619804863
1881 0.19077435368798434
1882 0.24044918581463626
1883 0.3024845449419601
1884 0.36283208146863954
1885 0.42298042610101827
1886 0.4940123529040046
1887 0.5501855431336352
1888 0.6055967085828792
1889 0.6654909131600066
1890 0.7248358426795161
1891 0.7689246447950024
1892 0.8019782427738551
1893 0.8292342729590878
1894 0.8422771214174389
1895 0.853400021100476
1896 0.8286705571873538
1897 0.7591034674191304
1898 0.6653292305544791
1899 0.5539994846898122
1900 0.43062809029290405
1901 0.30659462038897667
1902 0.1870781775446665
1903 0.05939353111719381
1904 -0.06289911572006335
1905 -0.15753742283357886
1906 -0.2365928153895768
1907 -0.31340240022010274
1908 -0.3811556845117699
1909 -0.43283593508204654
1910 -0.4703782184703953
1911 -0.49566005401736224
1912 -0.519439465302247
1913 -0.585379386639495
1914 -0.6533911223647457
1915 -0.6820087873155711
1916 -0.6961347711578076
1917 -0.7046768035661612
1918 -0.7122925168206358
1919 -0.7241437656952704
1920 -0.7295911344925202
1921 -0.7181347116938612
1922 -0.6987501563204037
1923 -0.6706885553331352
1924 -0.6414082414707959
1925 -0.6129647286425987
1926 -0.5838608384251059
1927 -0.5590392938333648
1928 -0.5321144665286622
1929 -0.5027420934637575
1930 -0.47385357335955536
1931 -0.44269754042728743
1932 -0.41082428582451275
1933 -0.38374789812015275
1934 -0.3594506495077885
1935 -0.3355159863664721
1936 -0.30877059354840125
1937 -0.2863835646487629
1938 -0.2646184428556807
1939 -0.24276090150738072
1940 -0.22698891506562327
1941 -0.2140936788430407
1942 -0.19968532407088282
1943 -0.18669150287365863
1944 -0.17531482991477057
1945 -0.16762309836761488
1946 -0.15853844112932933
1947 -0.15298113679280037
1948 -0.1479259221063399
1949 -0.14335348574937273
1950 -0.14120638882329917
1951 -0.13935311417553115
1952 -0.13772993782687654
1953 -0.13542128275088516
1954 -0.1372973621734661
1955 -0.13791033111166523
1956 -0.13307545506691007
1957 -0.13022717738021417
1958 -0.1298737531210699
1959 -0.13094102785628337
1960 -0.13196763652927548
1961 -0.1307641280257323
1962 -0.1275239557971527
1963 -0.13123194007655026
1964 -0.12859520017230827
1965 -0.12355495176452316
1966 -0.12239982555953882
1967 -0.11928320233453668
1968 -0.11609079890970578
1969 -0.11380191629068864
1970 -0.10870809401238313
1971 -0.10710399089145162
1972 -0.1098044397255801
1973 -0.10730972360713398
1974 -0.10448968036006478
1975 -0.10175205891795269
1976 -0.10146487824477568
1977 -0.10265220852932888
1978 -0.10306850518000266
1979 -0.10517505830365498
1980 -0.10536195588446651
1981 -0.09670927585408684
1982 -0.09116428088035233
1983 -0.09155631273134163
1984 -0.09268356484935147
1985 -0.09469213144386684
1986 -0.09212790132876264
1987 -0.08734370414579479
1988 -0.08791226042537725
1989 -0.08787462668099466
1990 -0.08977253703092614
1991 -0.0864061438335828
1992 -0.08506725314937219
1993 -0.08604921107089541
1994 -0.08599866951821367
1995 -0.08806477962319154
1996 -0.07903646900435929
1997 -0.06884906254060053
1998 -0.06954491442015587
1999 -0.06922612811291456
2000 -0.06842021843427998
2001 -0.07074130513286603
2002 -0.07181835457479313
2003 -0.07042589002006233
2004 -0.06696464339516722
2005 -0.06614027398361988
2006 -0.07196664456375962
2007 -0.07456551263076672
2008 -0.0731350389296953
2009 -0.06788989434458476
2010 -0.0627269334715791
2011 -0.06411359295953833
2012 -0.06368765891125638
2013 -0.06197603264732632
2014 -0.05715382631801802
2015 -0.056645708557631125
2016 -0.058458677495830225
2017 -0.05629204620563466
2018 -0.05596998948770249
2019 -0.055512550589102816
2020 -0.053052335113454085
2021 -0.05174808238114642
2022 -0.05353281687971878
2023 -0.05225703667989012
2024 -0.04905426010284092
2025 -0.051041233862858026
2026 -0.05396888598736693
2027 -0.04770597011387445
2028 -0.04938004836786297
2029 -0.050981854925566006
2030 -0.04553087684102636
2031 -0.04540090927586721
2032 -0.04762476024923196
2033 -0.051518805571084236
2034 -0.04382854909810563
2035 -0.04110359737144037
2036 -0.0457148643637994
2037 -0.040406047374161314
2038 -0.04181767089105626
2039 -0.03890352502035116
2040 -0.034738086793048406
2041 -0.03235738306431818
2042 -0.02857192046736806
2043 -0.02325448913666639
2044 -0.012877888528867731
2045 -0.01012468731327032
2046 -0.009114855304772684
2047 -0.007437866992745568
2048 -0.004807155198821966
2049 -0.004062297534193071
2050 -0.0029069332363564904
2051 0.0037305385943793845
2052 0.008290442545005439
2053 0.012051402249418697
2054 0.00811318236180203
2055 0.007320418584318922
2056 0.012259547361381629
2057 0.015704392723740024
2058 0.020099691157303867
2059 0.022155205066516637
2060 0.02383508838727677
2061 0.025256263567338955
2062 0.02473487764600063
2063 0.02666103748486437
2064 0.032136518461940766
2065 0.03585297977329621
2066 0.04139783743792502
2067 0.04260364250469667
2068 0.04542995195493649
2069 0.047959782210990065
2070 0.04567900122197299
2071 0.049247035235256365
2072 0.059696521034150796
2073 0.06537027163272974
2074 0.07067465784602672
2075 0.07641885976336715
2076 0.07861953055996107
2077 0.07951618671709954
2078 0.08256969945771997
2079 0.08513019802573424
2080 0.09202348298843516
2081 0.09760962021009545
2082 0.09840202363492628
2083 0.0976659668295487
2084 0.09708787393610485
2085 0.10183116696399913
2086 0.10440806679455022
2087 0.10249397822562867
2088 0.10140136405952166
2089 0.10263647819712901
2090 0.10452776199123759
2091 0.10726165188625975
2092 0.11566142884271297
2093 0.12413058248671871
2094 0.12626417315898858
2095 0.13108578104279234
2096 0.137569410959948
2097 0.13868036259916783
2098 0.13784272502666894
2099 0.145453469752729
2100 0.1512352046307054
2101 0.15264927706924003
2102 0.15664408166916222
2103 0.15669102898385967
2104 0.1601830447044622
2105 0.1678820012529454
2106 0.1710301293282651
2107 0.17023736555078195
2108 0.16805213721856793
2109 0.16744894298708246
2110 0.1728990845332653
2111 0.17894906416580125
2112 0.18563118674800627
2113 0.18658768297883566
2114 0.18354877616423826
2115 0.19118462222833954
2116 0.19998596764964371
2117 0.20001336555091342
2118 0.1982133044210136
2119 0.20026638445789213
2120 0.19878500885148676
2121 0.20295937019784094
2122 0.20855817713494784
2123 0.21209773861575232
2124 0.21529617015090152
2125 0.2162245692512098
2126 0.2200897816879308
2127 0.22017450005611638
2128 0.22459200481898867
2129 0.23097717202130275
2130 0.23164638679520855
2131 0.23128969212537343
2132 0.2263761408720567
2133 0.22365408415412436
2134 0.22540080950635633
2135 0.22534410253425063
2136 0.22432062696284383
2137 0.22358784056815717
2138 0.22728896019887945
2139 0.23014037098716078
2140 0.23076517310244993
2141 0.23201585196423713
2142 0.2319780809107489
2143 0.2299568446007869
2144 0.23122598319548693
2145 0.23350943614969033
2146 0.23511727081771172
2147 0.22801801504647612
2148 0.2230284455004784
2149 0.22660080950635642
2150 0.22620310989770098
2151 0.22226174185919345
2152 0.21791048068228858
2153 0.2153846200661771
2154 0.21143468926127051
2155 0.20476607293286941
2156 0.19483180763588925
2157 0.18666250438050747
2158 0.1876292579305031
2159 0.1888457965021455
2160 0.184269851641635
2161 0.17387080661167575
2162 0.170029098179019
2163 0.16378074814123378
2164 0.1492638106441737
2165 0.14291434097566613
2166 0.1378188205796368
2167 0.12772022438380587
2168 0.11973117710410697
2169 0.11316030921199066
2170 0.10977580158508121
2171 0.10305337329330744
2172 0.0929610433006472
2173 0.08495016509359793
2174 0.08022073867215945
2175 0.07360545812142649
2176 0.06507295590018647
2177 0.060709623453339245
2178 0.05639986487701232
2179 0.048009386441568214
2180 0.04255320173576166
2181 0.037981601917151275
2182 0.02925350203959526
2183 0.02163405723803058
2184 0.017418776687297577
2185 0.012382397135707768
2186 0.008846329109141016
2187 -0.0014885308052273172
2188 -0.013033540828267354
2189 -0.02093376279073278
2190 -0.022129432798138282
2191 -0.02817059009536954
2192 -0.036361724278102026
2193 -0.03754172877758094
2194 -0.04729979347326124
2195 -0.048464932477811584
2196 -0.04647133216197147
2197 -0.05305570630789169
2198 -0.05941844413735059
2199 -0.06602660689725065
2200 -0.07310367138848334
2201 -0.07729720674630713
2202 -0.07219592137382191
2203 -0.07847707393668052
2204 -0.08781584618920724
2205 -0.08466001692685543
2206 -0.08350658883959494
2207 -0.09108596602444291
2208 -0.09807723751628095
2209 -0.10069733806513392
2210 -0.10270241120541163
2211 -0.10529535194584705
2212 -0.10480220046413541
2213 -0.10544920890873283
2214 -0.1110013066239948
2215 -0.11002224371120464
2216 -0.10567038408879498
2217 -0.1066937223510962
2218 -0.10850936325448166
2219 -0.11371009518097555
2220 -0.11654883625380999
2221 -0.11562045220280714
2222 -0.11424692356669366
2223 -0.11129730320572867
2224 -0.11541809068156239
2225 -0.12242203188884718
2226 -0.12844026857821333
2227 -0.13165777334108558
2228 -0.13174935635794643
2229 -0.12886971113003848
2230 -0.12453425277016555
2231 -0.12039125896502353
2232 -0.11980422790322265
2233 -0.12069170779915198
2234 -0.11981665952581722
2235 -0.12100398981037039
2236 -0.12205883292298919
2237 -0.12081792876791572
2238 -0.11945683175439681
2239 -0.11745780177374299
2240 -0.12099445319650887
2241 -0.12357775653933609
2242 -0.12452194340737105
2243 -0.11981665952581722
2244 -0.11712307534036395
2245 -0.1180203299430071
2246 -0.11962129996235327
2247 -0.12185310020730691
2248 -0.12644437169914483
2249 -0.13369191745934683
2250 -0.13208432088417768
2251 -0.12900473295805356
2252 -0.13022114926989578
2253 -0.13490735992372663
2254 -0.13369712408061385
2255 -0.1381439379143219
2256 -0.13811219497115204
2257 -0.13186859041823487
2258 -0.13772413276010495
2259 -0.13484402639579807
2260 -0.13429042134558536
2261 -0.13992807396738974
2262 -0.1413996899163869
2263 -0.1378080145899337
2264 -0.1405902867835147
2265 -0.1485043753524362
2266 -0.1458227616531785
2267 -0.1443732147243841
2268 -0.14269067448774314
2269 -0.1402935694964762
2270 -0.14126949930768104
2271 -0.14331607504853686
2272 -0.14117791629082022
2273 -0.13991770081517138
2274 -0.14059088522901933
2275 -0.1400985702856646
2276 -0.1356453529396803
2277 -0.135563306536681
2278 -0.1406326259224497
2279 -0.1374678584917409
2280 -0.13329579370861533
2281 -0.13843738479066958
2282 -0.13855444454752966
2283 -0.13717090311185012
2284 -0.1334542187569479
2285 -0.13280407721076518
2286 -0.13234953332089866
2287 -0.13011689653758815
2288 -0.13124714444807778
2289 -0.13173029817952892
2290 -0.13616733730652317
2291 -0.13423744592056958
2292 -0.13199213942181226
2293 -0.13467085811233692
2294 -0.13067882626134764
2295 -0.13145168027275095
2296 -0.13973223821822128
2297 -0.1434964683333255
2298 -0.13833893712513354
2299 -0.13602411662971814
2300 -0.13916041152794792
2301 -0.14132053852212065
2302 -0.1389519060633327
2303 -0.13525391953419563
2304 -0.13470489761873522
2305 -0.1353841101429015
2306 -0.13317970779921773
2307 -0.13319551061624985
2308 -0.13462911741890654
2309 -0.13643522170843048
2310 -0.14024638408892653
2311 -0.14055927959495504
2312 -0.1412227900858359
2313 -0.1349410390774726
2314 -0.13652620627978668
2315 -0.14668246824588013
2316 -0.14532418050665316
2317 -0.1440258185755583
2318 -0.1403693496963049
2319 -0.14080228570236766
2320 -0.14018991520967314
2321 -0.136318299260676
2322 -0.13436727617662314
2323 -0.13191996850927343
2324 -0.13156570771177234
2325 -0.13929000369114927
2326 -0.14637888631016638
2327 -0.14803899717395227
2328 -0.1528519049822514
2329 -0.1518224013005262
2330 -0.14734759112004367
2331 -0.14904060529264967
2332 -0.147271810920215
2333 -0.15077709480176887
2334 -0.1539985692045833
2335 -0.14879676264688027
2336 -0.14847470592894804
2337 -0.15103977258240914
2338 -0.1472441749260929
2339 -0.14248783678079388
2340 -0.14154051681117358
2341 -0.14931922319942767
2342 -0.15022166937403225
2343 -0.14723007022678464
2344 -0.15653045793101306
2345 -0.15966942479442917
2346 -0.1590751536819952
2347 -0.15796033318657982
2348 -0.15680474584519652
2349 -0.15962525022866478
2350 -0.15631532591057481
2351 -0.15395309696406306
2352 -0.15750349273348488
2353 -0.1528737509589074
2354 -0.1493177882155662
2355 -0.15220453618500163
2356 -0.15144968077011223
2357 -0.1536601112241144
2358 -0.15274439688855837
2359 -0.15202741331090383
2360 -0.15493866417287602
2361 -0.15845928973506307
2362 -0.1658770937206876
2363 -0.16640741781038282
2364 -0.1629557077993493
2365 -0.1611118324563372
2366 -0.1584975369742558
2367 -0.15943218722842925
2368 -0.15907189832060986
2369 -0.1642884330641359
2370 -0.16860832669982898
2371 -0.1705247118319789
2372 -0.17086546637567626
2373 -0.17062583146270124
2374 -0.16979879008596746
2375 -0.1636567663001716
2376 -0.1617622120953722
2377 -0.16154791661329082
2378 -0.16310134087243497
2379 -0.16536801716214383
2380 -0.17099192543729227
2381 -0.1772321738450774
2382 -0.17567150953530014
2383 -0.17265854059710106
2384 -0.17668592467855
2385 -0.1760254099801489
2386 -0.17391815762724527
2387 -0.18420714485812534
2388 -0.1861521398318598
2389 -0.18319563977291406
2390 -0.18343924432583125
2391 -0.1790756888354372
2392 -0.1752298734537327
2393 -0.16750268246562278
2394 -0.16470171244627657
2395 -0.16893978272251714
2396 -0.17049044928203383
2397 -0.17174364775059633
2398 -0.16788761157508453
2399 -0.17231221907948432
2400 -0.17410878675514668
2401 -0.1741270234445129
2402 -0.18106831530381481
2403 -0.18061354837040156
2404 -0.17978880355689622
2405 -0.17993082734269208
2406 -0.18199358130253787
2407 -0.18271042757108677
2408 -0.17537710386079558
2409 -0.17947652154567784
2410 -0.1828873274016378
2411 -0.1801045940716578
2412 -0.18204388476236733
2413 -0.18012376808312752
2414 -0.1806696568970026
2415 -0.1865089352854416
2416 -0.18713060429914538
2417 -0.18616710611053508
2418 -0.18658471548527025
2419 -0.18264045243802968
2420 -0.17780244329168923
2421 -0.18029775785563995
2422 -0.17890856371159994
2423 -0.1765050552080568
2424 -0.17543464737125808
2425 -0.17800201058794762
2426 -0.18111236760977917
2427 -0.1844779242687656
2428 -0.18771450225936093
2429 -0.19225266101707758
2430 -0.1887851481890119
2431 -0.18371690343445227
2432 -0.18286476071967714
2433 -0.1807583449051304
2434 -0.1843076660433431
2435 -0.18707726852147727
2436 -0.18773343817797833
2437 -0.18814683981991914
2438 -0.1910624357237913
2439 -0.1884002190795501
2440 -0.18080818722856085
2441 -0.18601915499816754
2442 -0.18894985448982057
2443 -0.19098895208719108
2444 -0.1928615380555344
2445 -0.19554871872871143
2446 -0.19593388593102548
2447 -0.19688784750577426
2448 -0.19466147692563437
2449 -0.19279782912564794
2450 -0.19743397441250163
2451 -0.20106885045725678
2452 -0.19843464520909548
2453 -0.19900260304317338
2454 -0.20311109620551812
2455 -0.20920908273465513
2456 -0.2086496876669764
2457 -0.20557360824439538
2458 -0.2075066327319343
2459 -0.20761728897651816
2460 -0.2078286894498665
2461 -0.20823568757953098
2462 -0.20980505196481294
2463 -0.214094039195693
2464 -0.2108788309960492
2465 -0.20654893961009563
2466 -0.21136244586389932
2467 -0.21000148615948602
2468 -0.20522307899398423
2469 -0.20418463714390211
2470 -0.20184834607378854
2471 -0.1969382882747093
2472 -0.1896218269633538
2473 -0.18252003653603763
2474 -0.18095767410853647
2475 -0.17868098501926163
2476 -0.17331905529550212
2477 -0.17179432661238364
2478 -0.16526063132825086
2479 -0.1626431876952786
2480 -0.1604618131699545
2481 -0.14928364792542126
2482 -0.14054694875610715
2483 -0.12776394463603222
2484 -0.12613426399135486
2485 -0.13708993134005995
2486 -0.13893670169180514
2487 -0.13388318512306854
2488 -0.13442374505587654
2489 -0.13397560467828623
2490 -0.1322925882559407
2491 -0.13017709696393143
2492 -0.12394349016127479
2493 -0.12301219605223337
2494 -0.12237135302705987
2495 -0.12049250085554591
2496 -0.11790376784790493
2497 -0.11176764717433343
2498 -0.11513898493495864
2499 -0.13986879838638347
2500 -0.322170949166352
2501 -0.34575349994994037
2502 -0.35584786444784394
