0
1
2506
-3 -0.5810169958434466
-2 -0.5636878499889622
-1 -0.5232062776625844
0 -0.2091729221210885
1 -0.1683245715116638
2 -0.1492657998820458
3 -0.1422514141839738
4 -0.1438399328239358
5 -0.14950267648908433
6 -0.15296893326191063
7 -0.15370991472643314
8 -0.15502337782158848
9 -0.15379840102628617
10 -0.15259082461746676
11 -0.15382672892247717
12 -0.1551998180755103
13 -0.15424639421373498
14 -0.15624835461689113
15 -0.1532126906450305
16 -0.148778426386464
17 -0.14580265464537334
18 -0.14790349651230628
19 -0.1481186598263431
20 -0.1483514896997553
21 -0.14962246095062393
22 -0.14862681141745393
23 -0.14986945477213154
24 -0.14996833623590833
25 -0.14995417228781271
26 -0.14978123464517057
27 -0.14837981759594632
28 -0.14812216243762266
29 -0.14696773920990613
30 -0.14834082836293916
31 -0.1498060599300821
32 -0.15106286723285534
33 -0.1487607598270888
34 -0.1487291954925103
35 -0.1510805337922303
36 -0.1490892347258903
37 -0.15172263379297612
38 -0.15228043595390994
39 -0.15498088597730186
40 -0.15501987521030902
41 -0.15343485918162658
42 -0.15055404661716376
43 -0.1489903532621133
44 -0.15102064156146056
45 -0.14871503154441468
46 -0.1487607598270888
47 -0.1510487032847596
48 -0.14968951190693014
49 -0.14790323033941433
50 -0.14481441318645127
51 -0.14295057282879053
52 -0.14236836505881456
53 -0.14075151852266143
54 -0.13916623632108693
55 -0.138623017784118
56 -0.13787137498277935
57 -0.13262506017050113
58 -0.13219096475825576
59 -0.13434495980629146
60 -0.13323626486124884
61 -0.132265020937121
62 -0.13389252881009028
63 -0.13794192855036513
64 -0.13843591619338025
65 -0.1375635537330293
66 -0.1388876781650007
67 -0.1402575308796462
68 -0.13944155803878555
69 -0.14086780037292135
70 -0.14316990777868766
71 -0.14051842247635737
72 -0.13748949755416395
73 -0.13661807029128592
74 -0.13364553498858256
75 -0.13201452450433404
76 -0.13278800550090797
77 -0.1313440966073971
78 -0.12988952637707007
79 -0.1296566965036582
80 -0.12955431242860171
81 -0.12945192835354524
82 -0.12919077058394213
83 -0.12761641589207573
84 -0.12598890801910667
85 -0.12445677899863483
86 -0.12517036776443902
87 -0.12357118778766107
88 -0.11995588345963148
89 -0.12252588768466788
90 -0.12550207910162792
91 -0.1282450209693068
92 -0.12604529763859695
93 -0.12482032084329431
94 -0.12712593086034019
95 -0.12626072712552572
96 -0.12766214417474986
97 -0.12900043255481675
98 -0.12814223404256142
99 -0.12868194996825078
100 -0.1327561749934374
101 -0.13535100450338533
102 -0.1316790443829734
103 -0.12981547019820494
104 -0.12913464713734402
105 -0.12560729676338322
106 -0.12830100773710817
107 -0.13347326637052115
108 -0.13173570017535574
109 -0.13207441673510378
110 -0.13472590203743395
111 -0.13518482273459098
112 -0.1367520187009208
113 -0.13626452075886164
114 -0.14043370496067598
115 -0.14325462529436916
116 -0.1421352690125104
117 -0.1395156142176509
118 -0.1391063440903172
119 -0.13966089298868278
120 -0.13630741545483693
121 -0.13131927132248555
122 -0.12527208281491464
123 -0.12416755950573266
124 -0.12336641963754813
125 -0.12018911618473205
126 -0.11774657066837502
127 -0.11276558526156
128 -0.10765388788349761
129 -0.10462563198588481
130 -0.09907660275718955
131 -0.09118647688972081
132 -0.08585611358634171
133 -0.08421160817857831
134 -0.08007439116303128
135 -0.07292267934627816
136 -0.06417555633691874
137 -0.0538812051615194
138 -0.052013862192579086
139 -0.059473798110770804
140 -0.061679744969544315
141 -0.06226869178918748
142 -0.062339511529665215
143 -0.062106681656253215
144 -0.06064887498753879
145 -0.05943063724190345
146 -0.05984706609477364
147 -0.06493434103961337
148 -0.06497306409972836
149 -0.06165465351174071
150 -0.056254002813668214
151 -0.04833231261162074
152 -0.04300194930824175
153 -0.041459827975534824
154 -0.03770031675274277
155 -0.03248973791090337
156 -0.026940708682207992
157 -0.021218741810870356
158 -0.01443380827716445
159 -0.00901522484682471
160 -0.006075189076172993
161 -0.0010375478769757418
162 0.003887047910348995
163 0.0054681584760629676
164 0.01083385489819233
165 0.01719144889350055
166 0.02816229799092329
167 0.042137400228605015
168 0.057642064072952026
169 0.06420090678291301
170 0.05713257443267983
171 0.053091115112436915
172 0.04850266847105322
173 0.04019626725369174
174 0.033754221915594185
175 0.023873732179258145
176 0.016615714000299597
177 0.011147899676006157
178 0.00950689687952222
179 0.004698849115349457
180 0.0001303702742556645
181 -0.000818881951659356
182 -0.0009205970021350929
183 -0.00743020881814227
184 -0.016718249123555684
185 -0.02248270783917994
186 -0.025835782521336892
187 -0.030946810874818764
188 -0.04281161127911659
189 -0.0575955276321225
190 -0.06762037776619845
191 -0.07785051157199052
192 -0.08278186323316294
193 -0.08745879617439944
194 -0.09466716378353457
195 -0.10326994321933491
196 -0.11160090354871621
197 -0.1158225719070527
198 -0.11816650213252478
199 -0.12016455707271245
200 -0.1211950242030293
201 -0.12595734368452804
202 -0.13105487711449493
203 -0.13428439855094088
204 -0.14149626877135568
205 -0.15066735820192834
206 -0.16169136048045374
207 -0.17418409693740156
208 -0.18647556785551622
209 -0.19573461124015767
210 -0.20260776490082455
211 -0.2048070853798456
212 -0.20287202243001845
213 -0.20310161586504294
214 -0.2068051403200334
215 -0.20586588040635356
216 -0.20565395353070426
217 -0.2039913787118769
218 -0.20206764612344652
219 -0.19991782271127112
220 -0.19539575800161313
221 -0.19428083952850694
222 -0.19033382386328845
223 -0.18966246076887872
224 -0.1976872040705634
225 -0.20232947291763037
226 -0.200831741818436
227 -0.2013858878651129
228 -0.205463615501579
229 -0.20723573312099908
230 -0.207546121784556
231 -0.20655397486266547
232 -0.20782144350225473
233 -0.20902901991107403
234 -0.20786393534654135
235 -0.20681863524354815
236 -0.20837208693765208
237 -0.21230844126605453
238 -0.21153145765820092
239 -0.21152079632138487
240 -0.211316294344164
241 -0.2099747695257097
242 -0.2098900520100282
243 -0.21007715360076618
244 -0.21165150829263257
245 -0.21333890839637148
246 -0.214913263088238
247 -0.21505787283468902
248 -0.21472265888622055
249 -0.21271420878210878
250 -0.20813925706424008
251 -0.20494089711068397
252 -0.20368408980791086
253 -0.2076909977038992
254 -0.21081880408986942
255 -0.2115491242175761
256 -0.21221955211451304
257 -0.2152027487540321
258 -0.2180870639297744
259 -0.21741596700825683
260 -0.2179276212106469
261 -0.22095654613284033
262 -0.22399613239184957
263 -0.22551409746422602
264 -0.2233285380816118
265 -0.22341675820857243
266 -0.2259059672050766
267 -0.2261387970784886
268 -0.22519237843927242
269 -0.22653390325772682
270 -0.22782619718222752
271 -0.22772731571845073
272 -0.22519237843927242
273 -0.22498787646205154
274 -0.2261422996897683
275 -0.22521720372418386
276 -0.2276001063584826
277 -0.22636812434062104
278 -0.2258493114126945
279 -0.2228770422828833
280 -0.22014083946487162
281 -0.22126019574673017
282 -0.22376680512971725
283 -0.22278855598303038
284 -0.22264394623657924
285 -0.22232639884748595
286 -0.2198304508013148
287 -0.220988376640311
288 -0.22146146128556343
289 -0.22453961710171055
290 -0.22679182458894243
291 -0.23048051607125664
292 -0.23451158022757568
293 -0.24080225994537452
294 -0.24531731943247348
295 -0.24416289620475695
296 -0.2408340904528451
297 -0.23497750614729174
298 -0.23279585222764576
299 -0.23290930049120706
300 -0.22983828657641558
301 -0.21933957010259197
302 -0.2044288472413064
303 -0.18493615061541258
304 -0.15707042149172012
305 -0.12369124560679401
306 -0.07601096415345754
307 -0.025005782411177457
308 0.02611527832967364
309 0.08162849032761144
310 0.13770530833867722
311 0.20152360751369747
312 0.2767603181276195
313 0.3452741520007241
314 0.40458279268915054
315 0.4754170863761573
316 0.5511195694068187
317 0.611473260849527
318 0.6847345644072727
319 0.7625265997765327
320 0.8315417166969852
321 0.8876433431687818
322 0.9293955683756869
323 0.9680451816848614
324 0.9920069673511698
325 1.0
326 0.9651194777346852
327 0.8917298761165213
328 0.791218042249832
329 0.6600323848246912
330 0.5145669108564106
331 0.373901250065098
332 0.23413951606871541
333 0.0876681340821377
334 -0.049741967447352486
335 -0.163763083117221
336 -0.2620194658735898
337 -0.357083401213113
338 -0.4335583341971413
339 -0.48820565661150306
340 -0.520890257978641
341 -0.550821867508621
342 -0.5760830858014832
343 -0.6291430022852154
344 -0.704894163054467
345 -0.7424656315341512
346 -0.7647940686276321
347 -0.7875140981189717
348 -0.8080937881734696
349 -0.8301850902781845
350 -0.8402006171246059
351 -0.8277529399257513
352 -0.8015420873648644
353 -0.7737932851071305
354 -0.7428425076146467
355 -0.7127634067337523
356 -0.6816146001408224
357 -0.6517506625739649
358 -0.6229777533927747
359 -0.5925139414965661
360 -0.5587461491333574
361 -0.5207137937158369
362 -0.4815585794051783
363 -0.44783327888625635
364 -0.4187569862640683
365 -0.38967301939474064
366 -0.36480773379407305
367 -0.3406766906082612
368 -0.3182964423682375
369 -0.2976495886875189
370 -0.2777437164713229
371 -0.2609266614080902
372 -0.24701874680551117
373 -0.23337549258381496
374 -0.2176773909507519
375 -0.20384663228662903
376 -0.19487680839488974
377 -0.19204955186321848
378 -0.19256160891729734
379 -0.19121981792595077
380 -0.19094449620825216
381 -0.19045050856523715
382 -0.18752046510682063
383 -0.18574834748740043
384 -0.18430443859388934
385 -0.18536713908336566
386 -0.18629939377448645
387 -0.18350329872570492
388 -0.18052010208618585
389 -0.17976145406228816
390 -0.17872748432069163
391 -0.1736898431214946
392 -0.16688750920130557
393 -0.16096454296402662
394 -0.1532157904046214
395 -0.14978083179348178
396 -0.15170173079521343
397 -0.15264788326153778
398 -0.1497635680857955
399 -0.14647698800527864
400 -0.14319756665029804
401 -0.1422518170356627
402 -0.1400810906257245
403 -0.13558343152510866
404 -0.13248045042405
405 -0.1331972756282418
406 -0.13294327658417515
407 -0.13239613576005727
408 -0.12821278761014732
409 -0.12636661381186187
410 -0.1260313998633934
411 -0.12601373330401822
412 -0.12715399258363935
413 -0.12589718528086624
414 -0.1255229820993906
415 -0.12377218715360239
416 -0.12174957310139511
417 -0.11848781830578958
418 -0.11543056548740505
419 -0.11503545930816705
420 -0.11611582635701845
421 -0.11518006905461808
422 -0.11668387017889881
423 -0.11837127028263761
424 -0.12001617854209001
425 -0.12126948323358344
426 -0.11969512854171704
427 -0.11658148610384234
428 -0.11349266895087928
429 -0.11299868130786406
430 -0.11286796933661647
431 -0.11283613882914578
432 -0.11369783995268079
433 -0.11095840069628171
434 -0.10841280208028747
435 -0.10986737231061428
436 -0.11406138179734038
437 -0.11596744782639568
438 -0.116362554005634
439 -0.1163767179537295
440 -0.11606983190145215
441 -0.11436826784961762
442 -0.11142406044310549
443 -0.11074297120935273
444 -0.108978012315469
445 -0.10714573629238688
446 -0.10514794752509116
447 -0.10296655977833713
448 -0.09858194608959359
449 -0.09679216191079831
450 -0.09763619647495825
451 -0.0974455922729408
452 -0.09594853019832728
453 -0.09418357130444333
454 -0.09313894022603098
455 -0.08815445220793672
456 -0.08265141743480742
457 -0.07607475466249403
458 -0.07025689341705554
459 -0.07316278061514114
460 -0.07306755526562148
461 -0.07163038542177758
462 -0.06992558493155543
463 -0.06822402087972101
464 -0.0667202197554404
465 -0.06762764916164954
466 -0.06637084185887643
467 -0.0662436324989083
468 -0.06608135619308231
469 -0.06573197829651811
470 -0.06395635806581823
471 -0.06081088512047306
472 -0.05864015871053507
473 -0.05637055083682019
474 -0.051883553073020394
475 -0.049846775072717286
476 -0.04914801927958934
477 -0.04728067631064925
478 -0.04514501684656946
479 -0.0405839629039042
480 -0.03818364305894184
481 -0.0355611546773833
482 -0.03028744716638665
483 -0.023799004521034228
484 -0.017970481938779703
485 -0.019778335528638946
486 -0.02191466401729958
487 -0.01926991776463627
488 -0.01523117936117735
489 -0.016665095942452912
490 -0.01329395184923221
491 -0.008316469053696762
492 -0.0032542687424798045
493 0.0013560160941390453
494 -0.00010946482171525496
495 0.002767691628490665
496 0.004684685167253955
497 0.006767191450230969
498 0.01007494070140269
499 0.01231622067892646
500 0.015574739036144258
501 0.018638997077087938
502 0.017321628518964127
503 0.022147342842511852
504 0.028770000070391655
505 0.0345799208957982
506 0.04126247035444752
507 0.04620123008986776
508 0.0461689967307084
509 0.04850226561936455
510 0.0537869006400693
511 0.06092094589744712
512 0.06939651597327945
513 0.07629773135724527
514 0.08005373996875775
515 0.08078432626935639
516 0.0802156134228953
517 0.08328703018937533
518 0.08769997177430988
519 0.08881865903158759
520 0.09141308568984674
521 0.09713855517246395
522 0.10598482581849233
523 0.11829463232056248
524 0.12328561003961269
525 0.1266068542142995
526 0.13325068061283352
527 0.13892341659021756
528 0.14553864891966883
529 0.14940770294305383
530 0.15168431603932753
531 0.15274311106583527
532 0.15730416500850075
533 0.16080967718722605
534 0.16314267990299025
535 0.16554299974795272
536 0.1703793754083165
537 0.1742375019219935
538 0.17803573620490032
539 0.18269917422262205
540 0.183701313456748
541 0.18559348171059953
542 0.18845297160143049
543 0.187831525249736
544 0.19053574405729967
545 0.19013646624220093
546 0.19344394932048048
547 0.19893375534298707
548 0.1992937945763671
549 0.1967658625197477
550 0.19434423682533386
551 0.1971895627680691
552 0.20077952628958395
553 0.20667860243942382
554 0.20879293922987174
555 0.2073026330291059
556 0.2115777039172564
557 0.21482921705191504
558 0.21764621509845905
559 0.2154149274331707
560 0.2141509614048609
561 0.21538686570987142
562 0.21687300027477718
563 0.21729293173892716
564 0.2188392247074944
565 0.21940726852937442
566 0.22123927837956492
567 0.22512990442529301
568 0.22403537342834623
569 0.22142988258158192
570 0.22114066308867963
571 0.22121121665626564
572 0.2225666392499237
573 0.22358361145672556
574 0.22163505358338353
575 0.21570764953735222
576 0.2117754668448102
577 0.20892365120111922
578 0.20278824256658767
579 0.1992720690510461
580 0.19751777149397842
581 0.19947373744156827
582 0.19783922434604007
583 0.19453497770614803
584 0.19088161934258374
585 0.1862075199880462
586 0.18406485530140748
587 0.18411125260866235
588 0.17908427274628136
589 0.17216889341422004
590 0.16490440235848647
591 0.15683783623709613
592 0.15270061922154876
593 0.1519143123260407
594 0.14470594471690568
595 0.13215588344299456
596 0.12276289164871779
597 0.11584818134123731
598 0.1057977242277548
599 0.09809536897560434
600 0.09158992879545735
601 0.08181479339967312
602 0.0754539629659774
603 0.06904740424960742
604 0.05918755133814191
605 0.05157341621295264
606 0.045138529600391664
607 0.03636970507459347
608 0.028434519949031012
609 0.019118820772007217
610 0.007564828707135929
611 0.0007592415243786732
612 -0.007956429820316635
613 -0.014373916046394708
614 -0.0221361635293148
615 -0.03240178395683435
616 -0.041604437721985965
617 -0.049553786795643706
618 -0.058453057119797314
619 -0.06609552014117781
620 -0.07356828195830345
621 -0.08069909077729387
622 -0.08724053310077173
623 -0.08879681838157438
624 -0.09143347071122832
625 -0.0977244166019191
626 -0.10302294939782741
627 -0.10701178788275179
628 -0.1108453552844092
629 -0.11371133487619567
630 -0.12011856261714637
631 -0.1263071244327807
632 -0.12749986786892376
633 -0.12846328404293428
634 -0.13197229883293926
635 -0.13702383780733995
636 -0.14216359690870173
637 -0.14596533380288834
638 -0.14841138193052494
639 -0.15181801264547345
640 -0.15500921387349298
641 -0.1556304108764761
642 -0.15706365843317105
643 -0.1561562290269618
644 -0.15749775384541642
645 -0.1588360422254833
646 -0.15803773594399773
647 -0.15874715307394172
648 -0.16440273801355376
649 -0.16688750920130557
650 -0.17025164807196735
651 -0.17318195770327582
652 -0.17143049373290686
653 -0.17326950880565595
654 -0.17767894777931104
655 -0.18083831849985987
656 -0.18115936850023273
657 -0.17977561801038378
658 -0.17816227408551
659 -0.17659858073045964
660 -0.17734723644212214
661 -0.17480879655166415
662 -0.17460753101283077
663 -0.1755964414963339
664 -0.17441719298370562
665 -0.17354483052335457
666 -0.17651386321477824
667 -0.1807819288803697
668 -0.18137479798716172
669 -0.18148392111188516
670 -0.1801356572437638
671 -0.1808137593878405
672 -0.17700785085779336
673 -0.17677502098438136
674 -0.17905230310523612
675 -0.1770043482465139
676 -0.17938725088081264
677 -0.17920730801561124
678 -0.17725201109260214
679 -0.1737396063612322
680 -0.16628682916857707
681 -0.17132121710520598
682 -0.17737206172703368
683 -0.18112753799276216
684 -0.18398702788359278
685 -0.1813464700909705
686 -0.17807405395854903
687 -0.17473824298407847
688 -0.17275785460326587
689 -0.17202753447555919
690 -0.170138868832987
691 -0.16608596648143237
692 -0.166746402066134
693 -0.16646434129876841
694 -0.16514371947807638
695 -0.1640633524292251
696 -0.16668650983536415
697 -0.16837390993910306
698 -0.1688994619166969
699 -0.17038236004321494
700 -0.17168165919027478
701 -0.1696690374503027
702 -0.17143399634418632
703 -0.17588916360051565
704 -0.17916157973293712
705 -0.1807536009841786
706 -0.1785081493707944
707 -0.17843759580320873
708 -0.17964517221202814
709 -0.17978978195847928
710 -0.17986383813734452
711 -0.17986383813734452
712 -0.17980394590657478
713 -0.17967673654660676
714 -0.17833170911687268
715 -0.17902047259776543
716 -0.17613615742202315
717 -0.17317778606741574
718 -0.17363371967489616
719 -0.17081995806673977
720 -0.16920311153058665
721 -0.16992020290767051
722 -0.1674699831441735
723 -0.16757560365761748
724 -0.17013536622170733
725 -0.17138867091320098
726 -0.16894195376098342
727 -0.1676039315538086
728 -0.16876901611834128
729 -0.16995892596778572
730 -0.16965877896517534
731 -0.16567669635409854
732 -0.16517554998554707
733 -0.1640775163773206
734 -0.16672873550675882
735 -0.16927783673403285
736 -0.16701822117255316
737 -0.16588820355387845
738 -0.16736759906911713
739 -0.17124406116674973
740 -0.1704564162220802
741 -0.169538325479055
742 -0.17211925721379961
743 -0.17272629026868724
744 -0.17469575113979174
745 -0.17794010554891404
746 -0.18111714282883806
747 -0.18181239601068655
748 -0.18341858121002375
749 -0.1838668405703645
750 -0.18546952315842202
751 -0.18708636969457526
752 -0.18753786549330365
753 -0.1888758877004787
754 -0.18966353264514824
755 -0.18538130303146116
756 -0.18102851985018853
757 -0.1806510802303255
758 -0.1822077683628167
759 -0.18530724685259592
760 -0.18829718254178207
761 -0.18753436288202407
762 -0.1885583403113853
763 -0.1869981495676143
764 -0.1842445463631197
765 -0.1840609473836614
766 -0.18443164795385747
767 -0.18853027858808624
768 -0.1894126333606725
769 -0.19157269843379443
770 -0.19512393889519397
771 -0.19982609997303058
772 -0.2029715729183761
773 -0.20221575848117723
774 -0.20131183168624756
775 -0.20394915304048233
776 -0.20554833301726028
777 -0.20586938301763302
778 -0.20607415116774597
779 -0.20639520116811882
780 -0.20798021719680126
781 -0.2105293184240753
782 -0.2093500699114469
783 -0.20690335275922955
784 -0.20804037560046307
785 -0.20946661793459886
786 -0.20985822150255762
787 -0.21128796644797299
788 -0.21148923198680636
789 -0.21166567224072808
790 -0.21198672224110093
791 -0.21360006616597438
792 -0.2163114436990745
793 -0.2155662905986917
794 -0.21607794480108178
795 -0.21920925379833178
796 -0.2225840540058096
797 -0.22583514746459898
798 -0.22651623669835164
799 -0.22797430953995823
800 -0.2281191854593012
801 -0.22724682299895038
802 -0.22892005915459368
803 -0.2329095666640989
804 -0.23321645271637614
805 -0.23094267320680117
806 -0.2319949785323534
807 -0.23207969604803458
808 -0.23221014184639022
809 -0.23333300073952812
810 -0.2321221878923213
811 -0.23113678002009796
812 -0.23284900540874842
813 -0.23808115627293125
814 -0.23748061291899947
815 -0.23666814268941816
816 -0.23915735168592223
817 -0.24029087191587628
818 -0.23771694540369082
819 -0.235150443789934
820 -0.23741356196269314
821 -0.23768187845783262
822 -0.23897025009518447
823 -0.23782999081556333
824 -0.23773110935178643
825 -0.2376853810691123
826 -0.23775943724797766
827 -0.23797810317329404
828 -0.2393586172247556
829 -0.24062958847562432
830 -0.23851458266059578
831 -0.23993016365791553
832 -0.24257814634896624
833 -0.24283930411856947
834 -0.24191055203872824
835 -0.24243286757793447
836 -0.24674342508781255
837 -0.24997685198722697
838 -0.25051306530163664
839 -0.25138893037326715
840 -0.24814133952575734
841 -0.2423163195547825
842 -0.24008920352535434
843 -0.23949283180728265
844 -0.2381652047640318
845 -0.23915735168592223
846 -0.2388646295817406
847 -0.2362449747868809
848 -0.2350657262742527
849 -0.23777360119607327
850 -0.2406859780951146
851 -0.24110590955926436
852 -0.24119763229750468
853 -0.24015975709294002
854 -0.24167772216531624
855 -0.24358378819437154
856 -0.24665493878795974
857 -0.24917571211904244
858 -0.246390544579969
859 -0.24214688452341981
860 -0.23947449622332695
861 -0.24403621919057283
862 -0.24413510065434973
863 -0.24075936524939912
864 -0.2420834896813705
865 -0.24591422349632897
866 -0.24525702435001506
867 -0.2455780743503878
868 -0.2479967297793062
869 -0.2469163627304547
870 -0.2458710626274616
871 -0.24731146890969302
872 -0.24995945160074373
873 -0.2501532922411486
874 -0.24787601012029392
875 -0.24990629841964096
876 -0.2483426050645906
877 -0.24544762855203217
878 -0.2438168842406755
879 -0.24378855634448449
880 -0.24529951619430168
881 -0.2479825658312107
882 -0.24712086470767558
883 -0.24718075693844554
884 -0.24814133952575734
885 -0.24655282088579533
886 -0.24368617226942801
887 -0.24220003770452236
888 -0.2434391784479204
889 -0.2449501382977377
890 -0.24636571929505746
891 -0.24535940842507153
892 -0.24543346460393667
893 -0.24665520496085158
894 -0.24672926113971705
895 -0.24573711421782662
896 -0.24724091534210724
897 -0.24901303296152755
898 -0.2518548562929831
899 -0.2521018501144907
900 -0.25084854542299706
901 -0.2505309980339038
902 -0.24912958098467952
903 -0.2490023716247115
904 -0.24902719690962305
905 -0.2502099480335309
906 -0.24918947321544915
907 -0.24940813914076554
908 -0.251826528396792
909 -0.25145948394085293
910 -0.24787991558326206
911 -0.24110914599765187
912 -0.23367887602481274
913 -0.22601185389141254
914 -0.21534695564879447
915 -0.21213159816044402
916 -0.210589476827737
917 -0.20467246794562988
918 -0.2019404367634785
919 -0.19781764986891892
920 -0.19106077805851218
921 -0.18491537711174522
922 -0.1771283043439137
923 -0.16569086030219426
924 -0.15790755631853415
925 -0.15013047586293782
926 -0.1483369228999709
927 -0.15410595610314415
928 -0.15391184928984736
929 -0.14843970982671617
930 -0.14403377346434065
931 -0.14357176983177367
932 -0.14777345356563942
933 -0.14271424034409896
934 -0.13875979978045194
935 -0.14079724680533556
936 -0.14272880714388336
937 -0.13926902324783208
938 -0.13045406758767109
939 -0.1259608462958075
940 -0.12083174853126188
941 -0.11743901559151693
942 -0.11763002264522293
943 -0.11513474362363263
944 -0.10860380913399337
945 -0.09978885347383237
946 -0.09831012698317454
947 -0.09728331596711459
948 -0.09484050427786539
949 -0.0884616044331058
950 -0.08194133128028269
951 -0.07793482623598302
952 -0.07611388057429791
953 -0.0701163258123696
954 -0.058505944128008025
955 -0.04747504929683799
956 -0.03497840737692204
957 -0.03009980604516338
958 -0.035462402707701624
959 -0.0425327869501384
960 -0.05234988184442502
961 -0.059646469580521
962 -0.06325693324810966
963 -0.07014425085687181
964 -0.07803787933562023
965 -0.08113668880081881
966 -0.0850266458219664
967 -0.08978896530346492
968 -0.09198451699831434
969 -0.0938061316845803
970 -0.09446266180631357
971 -0.09564124129436125
972 -0.10210512482769407
973 -0.11029147541062423
974 -0.11539873497993458
975 -0.1239344634594286
976 -0.13239289932166987
977 -0.137461435830865
978 -0.14397037862229123
979 -0.15537275571815268
980 -0.16551832551124068
981 -0.17156484499423064
982 -0.17463559273612994
983 -0.17948613234458943
984 -0.18280454293257697
985 -0.1834434064949353
986 -0.18397272725670055
987 -0.18495746610434316
988 -0.19109287473887493
989 -0.19653278084284664
990 -0.2020994766309171
991 -0.20678707090896953
992 -0.21427076023580338
993 -0.22465616512486264
994 -0.2343634678698452
995 -0.24632322745077084
996 -0.25563892662779475
997 -0.2631116884449204
998 -0.2685692611082674
999 -0.27197939443449537
1000 -0.2713082975129778
1001 -0.2713082975129778
1002 -0.2720360502268777
1003 -0.2689929613565887
1004 -0.2646824038467107
1005 -0.2639980781745703
1006 -0.26378264868764134
1007 -0.2628433887739615
1008 -0.26653625189213603
1009 -0.2656993760535128
1010 -0.26581916051505217
1011 -0.26689629112551605
1012 -0.2656429864340223
1013 -0.26453779410025946
1014 -0.2660522565613561
1015 -0.2689189051777233
1016 -0.27049325986958994
1017 -0.2694586211034127
1018 -0.2692399551780963
1019 -0.26886251555823315
1020 -0.26634174222715046
1021 -0.26650401853297656
1022 -0.2694447233282091
1023 -0.2725442018179882
1024 -0.2742067766368156
1025 -0.27320046576682966
1026 -0.273070019968474
1027 -0.2729254102220229
1028 -0.271830879225076
1029 -0.27324646022239596
1030 -0.2748739680953649
1031 -0.27652237896609677
1032 -0.27699896622262876
1033 -0.2786508797046401
1034 -0.2793567942233045
1035 -0.28346958880562867
1036 -0.2840624579124207
1037 -0.2844118358089849
1038 -0.28579935508300547
1039 -0.28511059160211283
1040 -0.2879807428297595
1041 -0.29083673010931066
1042 -0.2901164022938394
1043 -0.29151066061752706
1044 -0.2907868301907761
1045 -0.2945644108246319
1046 -0.2947656763634654
1047 -0.29255178908465995
1048 -0.29379443243933756
1049 -0.2950832237525587
1050 -0.29591983341829
1051 -0.29150015278368846
1052 -0.287606539648284
1053 -0.2814537306272693
1054 -0.27918762536483377
1055 -0.27783193659828387
1056 -0.2796781103965693
1057 -0.28549570546911573
1058 -0.28794540971100935
1059 -0.29204754295651747
1060 -0.2898868088588148
1061 -0.2884039107322969
1062 -0.28883894134201493
1063 -0.28560875088098814
1064 -0.2801012782991067
1065 -0.2804973196758176
1066 -0.280105449934967
1067 -0.27756350743322966
1068 -0.2794101967531186
1069 -0.27564327745607875
1070 -0.275357294401564
1071 -0.27637776921964563
1072 -0.2751773515363628
1073 -0.27601422737498604
1074 -0.27335950563426825
1075 -0.2719789915828066
1076 -0.2732007319397216
1077 -0.27472935834891377
1078 -0.2754281141420418
1079 -0.27780360870209275
1080 -0.2831478697806752
1081 -0.2909211814521001
1082 -0.296657981296114
1083 -0.29415487452440625
1084 -0.2873695381390118
1085 -0.28521647828844876
1086 -0.28573919667934367
1087 -0.2847896782805367
1088 -0.28017937661973713
1089 -0.26791246481364217
1090 -0.25222500769321443
1091 -0.22842217323331193
1092 -0.20054279568312738
1093 -0.16061476940047525
1094 -0.11254612081756765
1095 -0.06502229499368206
1096 -0.012933646442960134
1097 0.04266078045937949
1098 0.09990268303497807
1099 0.16349165494786533
1100 0.2351272251818537
1101 0.3049294306923098
1102 0.3670805805609536
1103 0.4409433794942845
1104 0.5143467422088552
1105 0.5826613624353296
1106 0.6599792244588869
1107 0.7338065776035532
1108 0.7978547195623089
1109 0.8468078874799208
1110 0.8897393443752737
1111 0.9260561084716608
1112 0.9464524729042938
1113 0.9404064929517892
1114 0.8940393915965354
1115 0.8062224102474658
1116 0.6992051362006293
1117 0.5650260236508422
1118 0.41508786936983477
1119 0.27681628807124037
1120 0.12960920178063118
1121 -0.016711251085698042
1122 -0.1493936804036784
1123 -0.25364318011322307
1124 -0.35228911454534717
1125 -0.44234023397058475
1126 -0.5116306894329168
1127 -0.5670420328774013
1128 -0.5944383599337579
1129 -0.6206928856858126
1130 -0.6582895582932149
1131 -0.7263719968612792
1132 -0.7901750225781743
1133 -0.8165661458197965
1134 -0.8405379716263102
1135 -0.8583042957396387
1136 -0.8822095382834798
1137 -0.9070273170668631
1138 -0.9066983266464584
1139 -0.889597719263721
1140 -0.8661662303897131
1141 -0.8380784453993394
1142 -0.8040736515268585
1143 -0.7703376896711205
1144 -0.7352428026104448
1145 -0.6995573476838921
1146 -0.6683200547911093
1147 -0.644412252018163
1148 -0.6153006262772248
1149 -0.5779950883761313
1150 -0.5389318629766051
1151 -0.5031375510982209
1152 -0.47604138068395363
1153 -0.4538592982231725
1154 -0.43213598295657074
1155 -0.40595683140905914
1156 -0.3814335156307077
1157 -0.36470561589190864
1158 -0.3479275500616831
1159 -0.3320279167168946
1160 -0.3203508869279156
1161 -0.31053743132370504
1162 -0.30099579482591365
1163 -0.29226297244344646
1164 -0.2786158127587819
1165 -0.2651202680431275
1166 -0.25599167045684146
1167 -0.25151600305443833
1168 -0.2501535584140405
1169 -0.2458076677854123
1170 -0.24488282116853943
1171 -0.24264869991655225
1172 -0.23891035786441472
1173 -0.23279261578925836
1174 -0.22932959545481946
1175 -0.22880377730433366
1176 -0.22980658556304023
1177 -0.2296793762030721
1178 -0.2272008285433842
1179 -0.2279318176956715
1180 -0.22711327744100407
1181 -0.22229456834001526
1182 -0.2160921087491774
1183 -0.21258336013206447
1184 -0.2121174342123484
1185 -0.21326485221750602
1186 -0.21430272742207068
1187 -0.21153145765820092
1188 -0.2094981822691776
1189 -0.20627541670657945
1190 -0.20440091501210267
1191 -0.20292867822240068
1192 -0.20393148648110726
1193 -0.20479318760464216
1194 -0.20096245378968358
1195 -0.19946215527668243
1196 -0.20157716109171098
1197 -0.20036257946033242
1198 -0.1999883762788569
1199 -0.198167027765483
1200 -0.19506404666442423
1201 -0.19321787286613867
1202 -0.1917739639726278
1203 -0.19292488458906487
1204 -0.19407580520550205
1205 -0.19264606026008657
1206 -0.19088810658876199
1207 -0.1880179553611151
1208 -0.18758035733759026
1209 -0.18830811005149017
1210 -0.18561763551615273
1211 -0.18304763129111634
1212 -0.1863347268932366
1213 -0.1842127158556489
1214 -0.18535621157365767
1215 -0.18603473339360366
1216 -0.18265993318612583
1217 -0.1756273368063317
1218 -0.1733967181656242
1219 -0.1748870243663898
1220 -0.17074239927659485
1221 -0.1687267904469466
1222 -0.1659590232943562
1223 -0.16608596648143237
1224 -0.17099706734524223
1225 -0.17012120227361183
1226 -0.16785065920242426
1227 -0.1698600445040087
1228 -0.16927783673403274
1229 -0.16388691217530327
1230 -0.16201591309210606
1231 -0.16176191404803952
1232 -0.1638875811998841
1233 -0.16246484147702778
1234 -0.15783229876930405
1235 -0.1615007562784364
1236 -0.1663236370152853
1237 -0.1616875916962821
1238 -0.15997536630763165
1239 -0.16032217679038885
1240 -0.1570884837180826
1241 -0.1526474804098491
1242 -0.15084703489423767
1243 -0.15073764559662195
1244 -0.15400357202808768
1245 -0.1511192568523454
1246 -0.1455553946509739
1247 -0.14457092197622323
1248 -0.1427741325748687
1249 -0.14204704888554975
1250 -0.13981993285612138
1251 -0.1340689690640119
1252 -0.1309234961186666
1253 -0.13274227721823384
1254 -0.13242446365624827
1255 -0.12859022723001035
1256 -0.1290777251720696
1257 -0.12707643379349443
1258 -0.12351102938399938
1259 -0.11854771053655944
1260 -0.11376799066857779
1261 -0.1128115797171263
1262 -0.11111717439082813
1263 -0.11062642318620075
1264 -0.10887562824041264
1265 -0.10689874247087927
1266 -0.10361932111589889
1267 -0.10133554929408839
1268 -0.09789735424456136
1269 -0.09459310760466921
1270 -0.09270093935081736
1271 -0.0920727371252752
1272 -0.09112698751063975
1273 -0.08626255012697681
1274 -0.08011998276690868
1275 -0.07672751600005556
1276 -0.07732105413142842
1277 -0.07800955143942923
1278 -0.07378344527234038
1279 -0.07107623937510066
1280 -0.06645973101041802
1281 -0.05591838601351107
1282 -0.048275253967549725
1283 -0.04953988902044015
1284 -0.0510830822294166
1285 -0.04528612398174103
1286 -0.038913963186648526
1287 -0.034657227882453845
1288 -0.031367814215238043
1289 -0.023329575990038598
1290 -0.01542204973608674
1291 -0.01270418250203087
1292 -0.010702624950563622
1293 -0.010996016079325988
1294 -0.007402283773639717
1295 0.00010297757553745512
1296 0.0033853860201940034
1297 0.010060776753307188
1298 0.015666461774384688
1299 0.02021984146990996
1300 0.028074480715651218
1301 0.032320974358899246
1302 0.03621093138004672
1303 0.03989638642397342
1304 0.04252953614234789
1305 0.04765539746850589
1306 0.05310554523342459
1307 0.057598766525287726
1308 0.06616349192555382
1309 0.0682321004333275
1310 0.06412213943770184
1311 0.0670701156283855
1312 0.0720018701412466
1313 0.07747657701818489
1314 0.08397202488609645
1315 0.08775636139380016
1316 0.08901249967199232
1317 0.09162824900388378
1318 0.09922173048002203
1319 0.10377160756426762
1320 0.11050338791687087
1321 0.11586207911644086
1322 0.11869973081203633
1323 0.12344788634543913
1324 0.12667834297935765
1325 0.1264483466926447
1326 0.1279621401291604
1327 0.137077242791932
1328 0.14633695520115442
1329 0.14926282702371063
1330 0.15031446332468223
1331 0.15233734354978123
1332 0.15571564636853852
1333 0.15919606708946055
1334 0.16233803742352637
1335 0.16368306485326034
1336 0.160036196190652
1337 0.15981037153979916
1338 0.16015624682508367
1339 0.1632698892629585
1340 0.16760134977059904
1341 0.1672268972404123
1342 0.16993435248636324
1343 0.1691049015461683
1344 0.17143141456097677
1345 0.16921078823250424
1346 0.1694329567691002
1347 0.17222905181788195
1348 0.17398700548920631
1349 0.17550497056158232
1350 0.17458687981855725
1351 0.17484803758816048
1352 0.17747119499429975
1353 0.17778874238339304
1354 0.17783447066606728
1355 0.17757007645807632
1356 0.17605911660825946
1357 0.17368295302362813
1358 0.17618956240661499
1359 0.17876348891880034
1360 0.17766153302342502
1361 0.17516558497725376
1362 0.17703709958205427
1363 0.1743505473338658
1364 0.17270887551280123
1365 0.17222905181788173
1366 0.17069692279741
1367 0.17020617159278228
1368 0.1683214282373593
1369 0.1661435431018845
1370 0.1606817988026772
1371 0.15999370434636528
1372 0.16254697720949962
1373 0.15553893994172485
1374 0.14907505640839203
1375 0.14670399965709335
1376 0.1383270448721461
1377 0.1285447507508255
1378 0.12213819203445508
1379 0.11568563886251915
1380 0.10661343089572317
1381 0.09605859097530134
1382 0.0856026325186563
1383 0.07788611331841078
1384 0.07176877409494264
1385 0.06577121933301444
1386 0.05838641146995749
1387 0.05049695462706949
1388 0.03986455591650295
1389 0.02897450204761265
1390 0.018229057925173375
1391 0.00896624575636018
1392 0.0021220890164652673
1393 -0.007020672517916382
1394 -0.018349259607804425
1395 -0.024992150808865743
1396 -0.03050544406712241
1397 -0.042903736869045694
1398 -0.05087791122761509
1399 -0.057637084278936546
1400 -0.06758165470608324
1401 -0.07599759872403788
1402 -0.07950594448946213
1403 -0.08428526150575488
1404 -0.09320935711481992
1405 -0.1051340497498876
1406 -0.11624627215537386
1407 -0.1262040713331436
1408 -0.1381181026313949
1409 -0.1471726440388157
1410 -0.15309937906026616
1411 -0.15703506436408798
1412 -0.1590934312109149
1413 -0.16168136816821832
1414 -0.15761039640560004
1415 -0.1611544781414631
1416 -0.1702837447523301
1417 -0.177573061092975
1418 -0.18443878985521323
1419 -0.18724487721622995
1420 -0.19050689818472732
1421 -0.19218390312454214
1422 -0.19047816743684753
1423 -0.19362364038219282
1424 -0.1992615587624299
1425 -0.2001578113102196
1426 -0.2015485670226278
1427 -0.20014391353501604
1428 -0.19851990827332633
1429 -0.19606645207144202
1430 -0.1987530043196304
1431 -0.2009907816858747
1432 -0.20570710671180692
1433 -0.21018344313879078
1434 -0.2087495265575151
1435 -0.2116972365753068
1436 -0.21466303282834276
1437 -0.21539335295604956
1438 -0.21628244677830266
1439 -0.22066355785576652
1440 -0.22463890141717624
1441 -0.2221921842649588
1442 -0.2181462871359634
1443 -0.21760657121027405
1444 -0.218478933670625
1445 -0.21725719331371018
1446 -0.21627921033991526
1447 -0.2191387002307459
1448 -0.22127409352193372
1449 -0.22548226695675533
1450 -0.22676740215571956
1451 -0.22191295708429182
1452 -0.22167296848534346
1453 -0.2231098721562953
1454 -0.22587413669760603
1455 -0.22719083623114888
1456 -0.22366024941880058
1457 -0.22452545315361505
1458 -0.22441983264017096
1459 -0.22340259426047693
1460 -0.2247689443638431
1461 -0.22715927189657026
1462 -0.22485716449080406
1463 -0.22366375203008015
1464 -0.22595169548775085
1465 -0.22587413669760603
1466 -0.22436317684778884
1467 -0.22175768600102486
1468 -0.22184240351670603
1469 -0.2256448094354736
1470 -0.22599392115914552
1471 -0.22483949793142877
1472 -0.22563414809865745
1473 -0.22198701326315717
1474 -0.2229649962369521
1475 -0.22500270943472778
1476 -0.2213059240294043
1477 -0.21891559649667724
1478 -0.22347731946392302
1479 -0.2232374843679521
1480 -0.21901864959631434
1481 -0.2148281427208677
1482 -0.2147930757750096
1483 -0.22001106269109683
1484 -0.22106959154471284
1485 -0.22330021018542046
1486 -0.2276989878222596
1487 -0.2294427775454887
1488 -0.22928400385094205
1489 -0.22624118115354508
1490 -0.22210706389758872
1491 -0.22198727943604923
1492 -0.2259094698163563
1493 -0.22674583013337613
1494 -0.22972510448574635
1495 -0.23028640925795985
1496 -0.23177604643414496
1497 -0.23196314802488271
1498 -0.2319631480248826
1499 -0.23183270222652708
1500 -0.23061096186961227
1501 -0.23066411505071482
1502 -0.23306118163310896
1503 -0.2309816624398081
1504 -0.2333506672989034
1505 -0.2324606382791774
1506 -0.2327572826705081
1507 -0.23740356965045784
1508 -0.23194157600253928
1509 -0.2346174669139116
1510 -0.23885396824492455
1511 -0.23971839028524367
1512 -0.243354863783928
1513 -0.23969383117322407
1514 -0.23707417637836448
1515 -0.23929156626844938
1516 -0.23955988276358908
1517 -0.2409648024240928
1518 -0.24023381327180537
1519 -0.24204099783708388
1520 -0.24620344298923125
1521 -0.24779196162919326
1522 -0.24560640224657893
1523 -0.24565239670214511
1524 -0.24713853126705077
1525 -0.24874837258064486
1526 -0.2511454391630391
1527 -0.2474809039410557
1528 -0.2469655936244084
1529 -0.2454759564482235
1530 -0.24528535224620618
1531 -0.24624943744479755
1532 -0.24393316609093563
1533 -0.24410610373357788
1534 -0.24785212003285495
1535 -0.24716335655196242
1536 -0.24764668285816138
1537 -0.25050267013771244
1538 -0.2520700196070199
1539 -0.2528892288862682
1540 -0.2483567690126861
1541 -0.24259541005665275
1542 -0.2401486929044352
1543 -0.2458536622409786
1544 -0.2543865571337738
1545 -0.2558894230605818
1546 -0.2558427595804348
1547 -0.2621346406685984
1548 -0.2622969169744245
1549 -0.2565524428832707
1550 -0.2601009624278863
1551 -0.2621484017650051
1552 -0.26472462951810527
1553 -0.27173240061298787
1554 -0.27359273835936915
1555 -0.27123424133411245
1556 -0.26962116358213095
1557 -0.26827963876367633
1558 -0.2696459888670425
1559 -0.27241725863091226
1560 -0.27198965291962274
1561 -0.2751244645281521
1562 -0.278516931295005
1563 -0.2809453128632665
1564 -0.2855520950886059
1565 -0.2875995344257247
1566 -0.28911749949810117
1567 -0.2880232346740461
1568 -0.2870803186461094
1569 -0.2889689842886818
1570 -0.2946667948996884
1571 -0.2968904083178371
1572 -0.2985072548539902
1573 -0.29838031166691426
1574 -0.2946484593157326
1575 -0.2953936124161155
1576 -0.2959449248760936
1577 -0.2916485313143111
1578 -0.287443860490769
1579 -0.28738396825999923
1580 -0.29146142972357336
1581 -0.2944726880863917
1582 -0.29470902057108306
1583 -0.29226230341886583
1584 -0.291969581314684
1585 -0.29280295454202776
1586 -0.29024711426508687
1587 -0.2901694019719646
1588 -0.2897276323125795
1589 -0.2955807140068534
1590 -0.30242620879590976
1591 -0.30061808903315856
1592 -0.2982032023884118
1593 -0.2992097794312898
1594 -0.2994249427453267
1595 -0.300837021131367
1596 -0.30199144435908354
1597 -0.29943560408214265
1598 -0.2990085138924563
1599 -0.2966288476965453
1600 -0.2990156726179929
1601 -0.30145199460628636
1602 -0.2974441515128253
1603 -0.3009422387931221
1604 -0.31059448996777594
1605 -0.3141313003081879
1606 -0.31203396105253456
1607 -0.31036449368106267
1608 -0.3077413362749235
1609 -0.30890291822817684
1610 -0.31231372057898554
1611 -0.30872998058553447
1612 -0.30633991922569936
1613 -0.31016349431512136
1614 -0.3112749101769481
1615 -0.31689866460908944
1616 -0.3196557704248638
1617 -0.3148400484135513
1618 -0.3149819372432181
1619 -0.3104633751448397
1620 -0.30614931502368203
1621 -0.3078620559339359
1622 -0.3056095990979927
1623 -0.3072190207357174
1624 -0.3103751550178788
1625 -0.3136085819172931
1626 -0.3153700381998972
1627 -0.3155007501711449
1628 -0.31420845624664406
1629 -0.3128634288169101
1630 -0.3146889489661445
1631 -0.3115225730230363
1632 -0.3068380785045747
1633 -0.30253102360597617
1634 -0.30256651022770387
1635 -0.3089247564234122
1636 -0.30863825784729415
1637 -0.31027600738121
1638 -0.31160013181318125
1639 -0.3104882004297512
1640 -0.3105583343214676
1641 -0.30977110905266747
1642 -0.31561054232044905
1643 -0.3119566684352818
1644 -0.30898047701832165
1645 -0.3073922245512516
1646 -0.3077239358884405
1647 -0.3120976220674758
1648 -0.31542319138099995
1649 -0.31827201993501464
1650 -0.31515070325000005
1651 -0.31649222806845456
1652 -0.3200160758311358
1653 -0.31763991224650423
1654 -0.31518253375747074
1655 -0.31652082213753774
1656 -0.3195072552154443
1657 -0.32146971086399
1658 -0.3240928682701292
1659 -0.3226807898840889
1660 -0.31864555409190953
1661 -0.3180810128813085
1662 -0.31781635250042595
1663 -0.3176257482984087
1664 -0.3172798730131242
1665 -0.3146109873243107
1666 -0.31432500426979604
1667 -0.31428993732393784
1668 -0.31554674462671106
1669 -0.3147307717858503
1670 -0.3162417316356675
1671 -0.3197690820096283
1672 -0.3163160539874248
1673 -0.31425027906634995
1674 -0.31952141916353993
1675 -0.32381431011404294
1676 -0.323174777527104
1677 -0.32218613321649303
1678 -0.3234819297522732
1679 -0.32481995195944824
1680 -0.32481995195944824
1681 -0.3234394379079867
1682 -0.32194980073180146
1683 -0.3226527281607897
1684 -0.3200578986508418
1685 -0.3189102144727922
1686 -0.3215015413714606
1687 -0.3239589198604941
1688 -0.3224479600106769
1689 -0.31725087609235236
1690 -0.3166793296591923
1691 -0.3193913762168731
1692 -0.3136649715367833
1693 -0.3073176360266022
1694 -0.30410254471114395
1695 -0.2975611023876661
1696 -0.2922590669804782
1697 -0.28949897407502767
1698 -0.28394550703758004
1699 -0.2844292361954679
1700 -0.2856938712483582
1701 -0.27908187535729456
1702 -0.2680639431038556
1703 -0.25903099054295875
1704 -0.2535176972847024
1705 -0.24367943321976104
1706 -0.23650990134065564
1707 -0.23043762137528123
1708 -0.23111237441105592
1709 -0.2365708654476948
1710 -0.22948136392680718
1711 -0.22821023917296102
1712 -0.23231629470561832
1713 -0.23593431995043201
1714 -0.24145919291879658
1715 -0.24049537389309716
1716 -0.23669647058560928
1717 -0.23633319491384186
1718 -0.23741005935141346
1719 -0.23730740910346526
1720 -0.23659125292385408
1721 -0.23292723322347408
1722 -0.22469772177167646
1723 -0.22366375203008015
1724 -0.22611113820687823
1725 -0.22003535563022447
1726 -0.2120431118605911
1727 -0.206180037854082
1728 -0.19963509291932469
1729 -0.19784597776511004
1730 -0.1936842016375433
1731 -0.18491147164877697
1732 -0.18195334964288068
1733 -0.1780670487359901
1734 -0.17577625486743986
1735 -0.1651825792169882
1736 -0.15051938252299435
1737 -0.1317857295879855
1738 -0.11232704485586109
1739 -0.1106261498286073
1740 -0.11972425495658412
1741 -0.12578090343060622
1742 -0.13215913425078518
1743 -0.1419484335946648
1744 -0.14838305403433383
1745 -0.155700964444062
1746 -0.1647985132173727
1747 -0.16475860561107358
1748 -0.17182910252342465
1749 -0.1827623172611823
1750 -0.19011152583259705
1751 -0.19537133556839015
1752 -0.1963772435866875
1753 -0.19606968850982964
1754 -0.20062750601410717
1755 -0.20575336734026517
1756 -0.20936383100785383
1757 -0.21839354713036296
1758 -0.2314833243299631
1759 -0.24227099412379705
1760 -0.25022384580873436
1761 -0.2566165067499009
1762 -0.264057704232448
1763 -0.2724875460256061
1764 -0.27921258732854215
1765 -0.28189523411376227
1766 -0.2823038352165155
1767 -0.2888382723174342
1768 -0.2988891322826057
1769 -0.3005723607504843
1770 -0.30180043730537753
1771 -0.3056166043205518
1772 -0.3114799444999531
1773 -0.3215900276713135
1774 -0.3311668846179404
1775 -0.3421943895077454
1776 -0.3533031093019521
1777 -0.3650230337869068
1778 -0.3732660401622191
1779 -0.37342764744346446
1780 -0.372784878418138
1781 -0.3762665005094247
1782 -0.3749565400255488
1783 -0.37113646754740626
1784 -0.3727751522787949
1785 -0.36984160620909867
1786 -0.366844245621484
1787 -0.36619148428392234
1788 -0.3646419548769674
1789 -0.36456073997256555
1790 -0.36393510516083016
1791 -0.3680622171942275
1792 -0.37375030166589096
1793 -0.36493441080825717
1794 -0.359141221344753
1795 -0.3617089243288747
1796 -0.3593399194697796
1797 -0.3597276007505892
1798 -0.3628380067500765
1799 -0.3672966766176853
1800 -0.368316216238294
1801 -0.3701907179327707
1802 -0.37382368882017547
1803 -0.37014498965009657
1804 -0.3683480467457647
1805 -0.36669639943664545
1806 -0.36657242651506483
1807 -0.3666784667043783
1808 -0.3698773421795376
1809 -0.36483229290609276
1810 -0.3620821923128775
1811 -0.36447602245688415
1812 -0.3653404444972034
1813 -0.3708054252347981
1814 -0.37248216400172096
1815 -0.36917024311468916
1816 -0.37118663363883275
1817 -0.3699017646127605
1818 -0.3678640514149848
1819 -0.3718535589244901
1820 -0.37582890248589973
1821 -0.37383044469402316
1822 -0.37296508745623125
1823 -0.37492430666638943
1824 -0.38168158132848484
1825 -0.3835344941764376
1826 -0.3802476647472093
1827 -0.3823483531111648
1828 -0.37917080030963746
1829 -0.38402874799234454
1830 -0.3853245445281248
1831 -0.38075931894959947
1832 -0.38305777024110876
1833 -0.3836439002982337
1834 -0.38686990229921947
1835 -0.3900650258143882
1836 -0.3928397981895375
1837 -0.3897043175564272
1838 -0.39107417027107294
1839 -0.39470363854719803
1840 -0.39245118171125504
1841 -0.3921580399312037
1842 -0.38976097334880955
1843 -0.39208048114105887
1844 -0.3931715095267263
1845 -0.39046013199362617
1846 -0.38855756857585033
1847 -0.3857157452443948
1848 -0.3856133611693383
1849 -0.38810580660423
1850 -0.3882752416355927
1851 -0.38806331475994327
1852 -0.38520706130750015
1853 -0.38403590671788124
1854 -0.38116303457345024
1855 -0.3696218684075129
1856 -0.3708081221427001
1857 -0.3804178814730673
1858 -0.3860585207700885
1859 -0.3910922396821368
1860 -0.3911449900115508
1861 -0.3937993089005797
1862 -0.4007320886191241
1863 -0.41014680593872177
1864 -0.41815738529231083
1865 -0.4126111896503143
1866 -0.39995510501127063
1867 -0.39537392976533814
1868 -0.39312888100364285
1869 -0.39270464840953756
1870 -0.39472833433801435
1871 -0.3864012794716014
1872 -0.36401969318241634
1873 -0.3417170037325373
1874 -0.3185720374435296
1875 -0.28607495015829754
1876 -0.2406143598359607
1877 -0.19389883260579632
1878 -0.14533037570349838
1879 -0.08529496231710587
1880 -0.028976800833749317
1881 0.028910953702585784
1882 0.08444430382797141
1883 0.15379594873717162
1884 0.2212607137231113
1885 0.2885027946508516
1886 0.3679120385748904
1887 0.43071014592890156
1888 0.49265635732027424
1889 0.5596143255884451
1890 0.6259582387549893
1891 0.6752467572998664
1892 0.7121986089897387
1893 0.7426691431114336
1894 0.7572502305366158
1895 0.76968493551826
1896 0.7420389441961541
1897 0.6642672963030529
1898 0.5594335745650889
1899 0.43497389364035666
1900 0.29705240408136824
1901 0.15839075558541604
1902 0.024778860344552456
1903 -0.11796457475381206
1904 -0.2546800921260346
1905 -0.36047979026711496
1906 -0.4488587662225577
1907 -0.5347270698436692
1908 -0.6104709968512294
1909 -0.668246279154539
1910 -0.710216199910306
1911 -0.7384797081122565
1912 -0.765063600118014
1913 -0.8387803009520581
1914 -0.9148131604700497
1915 -0.9468059169515052
1916 -0.9625978818760443
1917 -0.9721473389392515
1918 -0.9806612292235101
1919 -0.9939101829693457
1920 -1.0
1921 -0.9871924370707429
1922 -0.9655217186305778
1923 -0.9341506068222554
1924 -0.901417050373535
1925 -0.869618985054323
1926 -0.8370826591873726
1927 -0.8093337274355437
1928 -0.7792334573839945
1929 -0.7463969845144338
1930 -0.7141014289409271
1931 -0.6792709360882422
1932 -0.6436386343427921
1933 -0.6133689292598803
1934 -0.5862061275651762
1935 -0.559448673710657
1936 -0.5295490001733605
1937 -0.5045217044397587
1938 -0.4801896618880055
1939 -0.455754300063723
1940 -0.4381222073571023
1941 -0.42370614116341265
1942 -0.4075985032301239
1943 -0.3930722252112606
1944 -0.38035381760643716
1945 -0.3717549436336052
1946 -0.36159886600667845
1947 -0.3553861479307132
1948 -0.3497347346269615
1949 -0.344623037248899
1950 -0.3422227174039365
1951 -0.34015087245777553
1952 -0.3383362629940684
1953 -0.335755331259324
1954 -0.33785267051497736
1955 -0.33853793138459065
1956 -0.33313284287776557
1957 -0.3299486468723051
1958 -0.32955354069306686
1959 -0.3307466869808987
1960 -0.33189437115894826
1961 -0.3305489240533449
1962 -0.3269266145027562
1963 -0.33107190861713176
1964 -0.3281241985993403
1965 -0.3224895166574908
1966 -0.3211981579304628
1967 -0.3177139684253696
1968 -0.31414506140459475
1969 -0.3115862340379776
1970 -0.3058916598653584
1971 -0.30409837307528353
1972 -0.30711730568524165
1973 -0.3043283693619968
1974 -0.30117573769111494
1975 -0.2981152484343429
1976 -0.29779419843397004
1977 -0.29912155930432893
1978 -0.29958695287826087
1979 -0.3019419472922378
1980 -0.30215088707821103
1981 -0.2924777329057947
1982 -0.2862787759262363
1983 -0.28671704297434186
1984 -0.2879772402184799
1985 -0.2902226918318639
1986 -0.2873560432154969
1987 -0.28200761050105416
1988 -0.28264322080084403
1989 -0.2826011486324269
1990 -0.28472289349712243
1991 -0.28095947681136213
1992 -0.27946268090964055
1993 -0.28056044834497484
1994 -0.28050394605557016
1995 -0.28281372770847635
1996 -0.27272064207191016
1997 -0.2613317598995636
1998 -0.26210967870489
1999 -0.261753295585767
2000 -0.26085233905633287
2001 -0.2634471685662809
2002 -0.26465124236382065
2003 -0.26309455423132944
2004 -0.25922509735625576
2005 -0.2583035040019511
2006 -0.2648170212809263
2007 -0.26772239295740874
2008 -0.2661232129806307
2009 -0.26025946994954086
2010 -0.2544876031596688
2011 -0.2560378015912044
2012 -0.2555616340105419
2013 -0.25364814308305794
2014 -0.24825721852432858
2015 -0.24768917470244822
2016 -0.2497159603905157
2017 -0.24729380235031795
2018 -0.24693376311693793
2019 -0.2464223750874397
2020 -0.2436720083213325
2021 -0.24221393547972603
2022 -0.24420915683321498
2023 -0.24278291449907918
2024 -0.23920241094401573
2025 -0.2414237231212496
2026 -0.24469665477527436
2027 -0.23769510720845555
2028 -0.23956662181325594
2029 -0.241357341189524
2030 -0.2352634892018064
2031 -0.2351181936065938
2032 -0.2376043196676879
2033 -0.24195761837056395
2034 -0.23336039343824655
2035 -0.23031406812957
2036 -0.2354691757252113
2037 -0.2295342509350179
2038 -0.23111235758687498
2039 -0.22785452507841886
2040 -0.22319782611036398
2041 -0.2205363484957985
2042 -0.2163044384765156
2043 -0.2103598833927125
2044 -0.19875949402058612
2045 -0.19568158755315035
2046 -0.1945526586349261
2047 -0.19267789076755737
2048 -0.18973691979943275
2049 -0.1889042155966697
2050 -0.18761259069674974
2051 -0.1801923130361459
2052 -0.17509462610320148
2053 -0.17089010878263688
2054 -0.17529279188244407
2055 -0.17617905211799856
2056 -0.1706574155880216
2057 -0.16680629429690363
2058 -0.1618926260192871
2059 -0.159594690249381
2060 -0.15771668594362487
2061 -0.1561279011307708
2062 -0.1567107779253275
2063 -0.15455745190187253
2064 -0.1484362072154365
2065 -0.1442814363104289
2066 -0.13808263283384803
2067 -0.1367346183144379
2068 -0.13357498142099689
2069 -0.13074678969185283
2070 -0.13329655994370737
2071 -0.1293077214587829
2072 -0.11762585100936274
2073 -0.11128295330793403
2074 -0.10535298184809594
2075 -0.09893132398615767
2076 -0.09647111191042546
2077 -0.09546870650340766
2078 -0.09205507056590012
2079 -0.08919259358539311
2080 -0.08148633287027474
2081 -0.07524138143515013
2082 -0.07435552405128443
2083 -0.07517838944478972
2084 -0.07582466108139552
2085 -0.07052195664962702
2086 -0.0676411440851642
2087 -0.0697809751851044
2088 -0.07100244936912736
2089 -0.06962166914477375
2090 -0.06750733235432593
2091 -0.06445101473341419
2092 -0.055060590352944305
2093 -0.0455926071823296
2094 -0.04320738648293543
2095 -0.03781713094878669
2096 -0.030568838909171614
2097 -0.02932686457907485
2098 -0.03026329090605584
2099 -0.02175495512528003
2100 -0.015291337764839152
2101 -0.013710493372016908
2102 -0.009244552108957249
2103 -0.009192067952435212
2104 -0.005288213156083965
2105 0.003318737915576575
2106 0.006838147869505429
2107 0.005951887633951047
2108 0.00350893926590512
2109 0.002834605906000043
2110 0.008927522696245083
2111 0.01569102088640406
2112 0.02316121528972337
2113 0.024230518150069713
2114 0.020833210722775775
2115 0.02936960822685064
2116 0.03920896099224236
2117 0.03923959012934808
2118 0.037227234562268174
2119 0.03952244941538985
2120 0.03786636429751833
2121 0.04253303875362757
2122 0.048792154136847454
2123 0.05274916211430125
2124 0.05632480818474295
2125 0.05736270021348844
2126 0.06168376555720512
2127 0.0617784753851216
2128 0.06671696894764989
2129 0.07385518584088802
2130 0.07460332603094733
2131 0.07420456373745199
2132 0.06871152127655833
2133 0.0656684324062693
2134 0.06762116191547163
2135 0.0675577670734222
2136 0.06641358550665233
2137 0.06559437622740405
2138 0.06973199609463987
2139 0.07291969471137993
2140 0.07361818433161593
2141 0.07501636494245245
2142 0.0749741392710579
2143 0.07271452370957854
2144 0.07413334114528558
2145 0.07668609848681629
2146 0.07848355691275155
2147 0.07054703373802762
2148 0.0649690075885605
2149 0.06896268673392614
2150 0.06851808348784205
2151 0.0641118809525747
2152 0.05924744356891187
2153 0.05642368964851996
2154 0.052007914476886796
2155 0.04455281921913601
2156 0.033446933011628044
2157 0.024314163789481702
2158 0.02539493369002188
2159 0.02675494759540964
2160 0.02163932793019807
2161 0.010013847100268203
2162 0.005719057760539048
2163 -0.001266206114527324
2164 -0.017495232731409294
2165 -0.02459354201834818
2166 -0.030290014580193425
2167 -0.0415796124370742
2168 -0.050510866771676044
2169 -0.057856685401725616
2170 -0.06164035288484848
2171 -0.06915560654626107
2172 -0.0804381991805827
2173 -0.0893938591242266
2174 -0.09468106155873812
2175 -0.102076530758611
2176 -0.11161533366970378
2177 -0.11649326597688148
2178 -0.12131130605328933
2179 -0.13069133526983545
2180 -0.13679100793392807
2181 -0.14190177011451777
2182 -0.1516592389509267
2183 -0.16017730087104576
2184 -0.16488972043400962
2185 -0.17052007723702156
2186 -0.174473179751507
2187 -0.18602690564348656
2188 -0.1989335035394979
2189 -0.20776545673445324
2190 -0.2091021408924667
2191 -0.21585577626448593
2192 -0.22501295109567443
2193 -0.22633212219729015
2194 -0.23724102717173967
2195 -0.23854357958136774
2196 -0.23631485932988594
2197 -0.24367577710550414
2198 -0.25078891936511927
2199 -0.2581764313207797
2200 -0.2660881460347725
2201 -0.2707762558344283
2202 -0.2650733383900886
2203 -0.2720952734330667
2204 -0.28253543572528206
2205 -0.27900741632674053
2206 -0.27771795598893856
2207 -0.28619122482385606
2208 -0.2940070283395677
2209 -0.2969361366005113
2210 -0.29917768275092727
2211 -0.302076428047657
2212 -0.3015251155876789
2213 -0.30224843049282635
2214 -0.3084553278924166
2215 -0.3073607968954697
2216 -0.302495690487226
2217 -0.3036397185510187
2218 -0.30566949132876253
2219 -0.31148358379002916
2220 -0.3146571184586737
2221 -0.31361924325410906
2222 -0.31208372429227227
2223 -0.3087862335262279
2224 -0.3133930157515674
2225 -0.32122298321537435
2226 -0.32795099478380607
2227 -0.33154796352787985
2228 -0.3316503476029363
2229 -0.3284310846516175
2230 -0.32358431382732966
2231 -0.31895270631707884
2232 -0.3182964423682375
2233 -0.31928858929012793
2234 -0.31831034014344106
2235 -0.31963770101379996
2236 -0.32081694952642814
2237 -0.3194296964252996
2238 -0.3179080752386664
2239 -0.31567328496209834
2240 -0.319627039676984
2241 -0.3225150109669832
2242 -0.32357055273092294
2243 -0.31831034014344106
2244 -0.3152990817806227
2245 -0.31630215621222124
2246 -0.3180919403910166
2247 -0.320586953239715
2248 -0.3257197071185175
2249 -0.333822009210347
2250 -0.3320248169573038
2251 -0.32858203059604707
2252 -0.329941907822638
2253 -0.3351807977364878
2254 -0.333827829886722
2255 -0.33879908915419366
2256 -0.33876360253246596
2257 -0.3317836438121713
2258 -0.33832977329311276
2259 -0.33510999482019077
2260 -0.33449109905812235
2261 -0.3407936414831019
2262 -0.3424388159154461
2263 -0.33842354792355667
2264 -0.34153395392304375
2265 -0.3503814091152563
2266 -0.3473835330060382
2267 -0.34576303035562805
2268 -0.34388205578437625
2269 -0.34120224258585496
2270 -0.3422932709715224
2271 -0.3445812144291931
2272 -0.34219088689646593
2273 -0.34078204494881315
2274 -0.3415346229476246
2275 -0.3409842456851193
2276 -0.33600582769211107
2277 -0.33591410495387064
2278 -0.3415812864277715
2279 -0.3380432747169947
2280 -0.33337916767469233
2281 -0.33912714437712566
2282 -0.3392580098513506
2283 -0.33771129720691373
2284 -0.3335562769531949
2285 -0.3328294594367678
2286 -0.33232130784565717
2287 -0.329825359799486
2288 -0.3310889061519261
2289 -0.33162904175348484
2290 -0.3365893735112485
2291 -0.33443187585193335
2292 -0.3319217638576667
2293 -0.33491640352849716
2294 -0.3304535620250282
2295 -0.3313175643894778
2296 -0.3405747093848934
2297 -0.34478288281971514
2298 -0.3390170860549294
2299 -0.3364292617675404
2300 -0.33993544297084644
2301 -0.3423503296155933
2302 -0.3397023469245426
2303 -0.33556822966858624
2304 -0.3349544575640315
2305 -0.33571377461251006
2306 -0.33324939090091754
2307 -0.3332670574602926
2308 -0.33486974004835035
2309 -0.33688885148927805
2310 -0.341149492256441
2311 -0.34149928982887445
2312 -0.3422410529878924
2313 -0.33521844892033337
2314 -0.3369905665397537
2315 -0.3483446311149533
2316 -0.3468261505209739
2317 -0.3453746632260569
2318 -0.34128696010153625
2319 -0.34177095543231606
2320 -0.3410863635872837
2321 -0.3367581395180306
2322 -0.3345770179441685
2323 -0.3318410812990489
2324 -0.33144503992233787
2325 -0.34008031889018975
2326 -0.3480052455306246
2327 -0.34986114546825353
2328 -0.3552416748630589
2329 -0.35409075424662173
2330 -0.3490881968174635
2331 -0.35098088059291854
2332 -0.3490034793017821
2333 -0.3529221670708096
2334 -0.3565235736236356
2335 -0.35070827979200414
2336 -0.3503482405586241
2337 -0.3532158243724641
2338 -0.3489725839917842
2339 -0.3436552959360507
2340 -0.3425962515608313
2341 -0.3512923579569256
2342 -0.3523012362407184
2343 -0.3489568158216352
2344 -0.3593540665936944
2345 -0.3628632348866768
2346 -0.3621988770148262
2347 -0.3609525775458917
2348 -0.3596607032972605
2349 -0.3628138504897457
2350 -0.35911356247314263
2351 -0.3564727385076285
2352 -0.3604418585409743
2353 -0.3552660972962818
2354 -0.35129075373487206
2355 -0.3545179571062226
2356 -0.3536740760450402
2357 -0.3561451988062998
2358 -0.35512148754983064
2359 -0.35431994482995743
2360 -0.3575745409000264
2361 -0.36151037970682554
2362 -0.3698030198277803
2363 -0.3703958889345723
2364 -0.3665370933963147
2365 -0.3644757562839922
2366 -0.3615531377240043
2367 -0.3625980181511279
2368 -0.36219523772475004
2369 -0.36802699674539174
2370 -0.3728563671831966
2371 -0.37499876569694346
2372 -0.37537970792808606
2373 -0.375111811108816
2374 -0.37418723066483495
2375 -0.367320832878016
2376 -0.3652028399733114
2377 -0.3649632710502323
2378 -0.3666999020479249
2379 -0.3692339041296304
2380 -0.3755210812361497
2381 -0.38249728799645355
2382 -0.3807525630757518
2383 -0.3773842525692297
2384 -0.38188661565148985
2385 -0.381148201600774
2386 -0.37879242549230163
2387 -0.3902948685981239
2388 -0.3924692511223189
2389 -0.38916406928495395
2390 -0.3894364039129764
2391 -0.38455822225708736
2392 -0.3802588416056285
2393 -0.37162032619938945
2394 -0.36848901720213945
2395 -0.3732269142504152
2396 -0.37496046231269775
2397 -0.3763614596860525
2398 -0.3720506528274632
2399 -0.3769970868100233
2400 -0.37900553691413497
2401 -0.37902592439029437
2402 -0.3867858538081189
2403 -0.38627745286829696
2404 -0.3853554398381227
2405 -0.38551421353266946
2406 -0.3878202432255847
2407 -0.3886216324424805
2408 -0.38042343597655026
2409 -0.3850063281144508
2410 -0.3888193953700343
2411 -0.3857084738489438
2412 -0.38787647934209757
2413 -0.3857299091924903
2414 -0.38634017868576553
2415 -0.3928681260857285
2416 -0.39356311309468506
2417 -0.3924859824842212
2418 -0.3929528436014098
2419 -0.38854340462775483
2420 -0.3831348135096504
2421 -0.38592441885747597
2422 -0.38437138683924155
2423 -0.3816844149151837
2424 -0.38048776601607237
2425 -0.38335791724371904
2426 -0.3868351015262532
2427 -0.39059758301454084
2428 -0.3942158744322467
2429 -0.3992892516018829
2430 -0.3954127895042501
2431 -0.38974680940071393
2432 -0.38879416723343396
2433 -0.3864393263224345
2434 -0.39040724498541546
2435 -0.39350348703680726
2436 -0.39423704360290135
2437 -0.3946992007384459
2438 -0.39795865429313637
2439 -0.3949824628761762
2440 -0.38649504691734393
2441 -0.39232058240992196
2442 -0.3955969208294924
2443 -0.39787650419126186
2444 -0.399969937983947
2445 -0.40297403762122863
2446 -0.40340463042219443
2447 -0.4044710996958424
2448 -0.40198215687223027
2449 -0.39989871539178035
2450 -0.4050816353620095
2451 -0.40914519905037994
2452 -0.4062003226192872
2453 -0.4068352638944964
2454 -0.4114283018476097
2455 -0.41824546874047497
2456 -0.41762010010163164
2457 -0.41418123602752366
2458 -0.4163422362981184
2459 -0.41646594304680684
2460 -0.4167022755314985
2461 -0.41715727394150626
2462 -0.4189117250015515
2463 -0.42370654401510144
2464 -0.42011214268483443
2465 -0.41527159538861025
2466 -0.4206527938079965
2467 -0.4191313261243407
2468 -0.41378936628667307
2469 -0.4126284533580006
2470 -0.4100166263132582
2471 -0.40452748931533256
2472 -0.39634814395496154
2473 -0.3884087871935391
2474 -0.3866621638836111
2475 -0.3841169681193055
2476 -0.3781226666199454
2477 -0.37641811547843484
2478 -0.369113853495199
2479 -0.3661877154997507
2480 -0.3637490754463619
2481 -0.3512525870294232
2482 -0.3414855047235854
2483 -0.32719490698901366
2484 -0.32537302612985564
2485 -0.33762077583903827
2486 -0.33968534938974826
2487 -0.33403583447522234
2488 -0.33464014661332575
2489 -0.3341391537477516
2490 -0.3322576468307158
2491 -0.3298926601045036
2492 -0.32292387824262825
2493 -0.32188274977549525
2494 -0.3211663274229922
2495 -0.31906588840774797
2496 -0.31617184709266244
2497 -0.3093120486154727
2498 -0.3130809930131989
2499 -0.3407273750972284
2500 -0.5445297582046911
2501 -0.5708935725035631
2502 -0.5821784395872824
