0
1
2506
-3 0.08172598620217211
-2 0.08152449111357368
-1 0.08097744987827767
0 0.08011515999521981
1 0.07896414851781784
2 0.07755462901864114
3 0.07591959633389572
4 0.07411152300146932
5 0.07214682716223038
6 0.07005796488515348
7 0.06787415963571153
8 0.06562466639801139
9 0.06333902697167586
10 0.06104526546681801
11 0.058768310503714144
12 0.056529288675079885
13 0.05434827006318114
14 0.05224580481611579
15 0.050244299876879624
16 0.04836427812343851
17 0.04662029845716126
18 0.045024219975361456
19 0.043587172713959704
20 0.04231423662849506
21 0.041207989105877606
22 0.0402698590292685
23 0.03949610093098476
24 0.03888066090732387
25 0.03841475177535792
26 0.0380878768729985
27 0.037888020433395043
28 0.03780290811908268
29 0.03782100061008284
30 0.03792931776027766
31 0.038113456786566496
32 0.038360317685735154
33 0.0386591714075631
34 0.03899869792242306
35 0.039368668740059294
36 0.039758944280594975
37 0.040160737175810785
38 0.040565367079889426
39 0.040964349593970266
40 0.041351816605006884
41 0.04172243863398296
42 0.04207073664717298
43 0.04239182012395948
44 0.04268398299541563
45 0.04294647519332148
46 0.043178211018715135
47 0.04337707400301493
48 0.04354231703790541
49 0.04367625213574666
50 0.04378021784776372
51 0.04385529574988792
52 0.043903314697161216
53 0.04392653771923616
54 0.043927054576424276
55 0.04390602847946949
56 0.04386670112542401
57 0.043812056864812064
58 0.04374496310925909
59 0.043667482441194394
60 0.043581629026464126
61 0.04349009843065471
62 0.043393616380542045
63 0.043293039469882624
64 0.04318830755279238
65 0.04308180220898202
66 0.04297482554217341
67 0.04286766404752426
68 0.0427602632264621
69 0.04265197012874187
70 0.04254282891008066
71 0.04243237426360297
72 0.04232020838190432
73 0.04220526012758548
74 0.04208855007864465
75 0.041971773406333776
76 0.04185485274715527
77 0.04173754821753393
78 0.04162045896168161
79 0.04150318763190389
80 0.04138527374185967
81 0.041266649264087324
82 0.04114642839213787
83 0.041024110909657484
84 0.040899110032533596
85 0.040771529043061985
86 0.0406421116108385
87 0.040511844757897965
88 0.04038022464370686
89 0.04024817869465501
90 0.04011578668977017
91 0.03998277953065969
92 0.039850563461066524
93 0.03971881195935341
94 0.039589099926664574
95 0.039461740972026975
96 0.03933509751921409
97 0.03921110551411212
98 0.03909018118809254
99 0.03897154315136939
100 0.038855159832509
101 0.03874178416018925
102 0.038633200550651975
103 0.038528608594704375
104 0.03842950703551258
105 0.03833799284710273
106 0.03825366401062797
107 0.03817817066335403
108 0.03811281276389051
109 0.038059144358459814
110 0.038016100810132895
111 0.037981998861629555
112 0.03795884101813158
113 0.037946184257591144
114 0.03794345934967749
115 0.03795003919339122
116 0.03796502261687089
117 0.037987488599785936
118 0.038014074523353016
119 0.03804324159573422
120 0.038073949813582295
121 0.03810545820106125
122 0.03813718696051241
123 0.0381693626389489
124 0.03820199357689642
125 0.03823446247032498
126 0.038265995848870187
127 0.03829535636711937
128 0.0383220530102979
129 0.03834600656705166
130 0.038368328411925536
131 0.038389022792164065
132 0.03840752877780428
133 0.03842198590834761
134 0.038431107360806196
135 0.03843336995971635
136 0.03842642612653827
137 0.038409807389331994
138 0.03838166830249393
139 0.038341532849980056
140 0.03828953363205135
141 0.03822620548975715
142 0.038151398508805626
143 0.038063667325407634
144 0.03796397754319302
145 0.03785276760622739
146 0.037728466592559705
147 0.03759067172463205
148 0.03743810749600747
149 0.03726947483234578
150 0.037084069668602754
151 0.03688108531606238
152 0.036660645095188724
153 0.03642193245257829
154 0.03616538021408956
155 0.03589408530256128
156 0.03560899070724026
157 0.03531250098073143
158 0.03500938288003307
159 0.03470401518375218
160 0.034400331651433184
161 0.03409957921788266
162 0.0338045543992336
163 0.03351836186772432
164 0.03324082805942383
165 0.03297216998135889
166 0.0327127958499516
167 0.032464278500014376
168 0.0322290016637273
169 0.032006865857456046
170 0.031799210244997475
171 0.03160611345749525
172 0.03142653719439558
173 0.03126197029323264
174 0.031111372490135306
175 0.030974693453269513
176 0.030851287048573997
177 0.030739739547456627
178 0.030639161715401944
179 0.030547879819161083
180 0.030463991565843333
181 0.03038559803983924
182 0.030311082231855014
183 0.030237262649366582
184 0.03016466702496521
185 0.030093661751060336
186 0.03002328525363485
187 0.029953922189223874
188 0.02988534073727328
189 0.029821060142927052
190 0.029760970087962114
191 0.029704717422078072
192 0.029653587008470542
193 0.02960800583340768
194 0.02957014569327232
195 0.029540560410246247
196 0.029519408173075832
197 0.029505697528163427
198 0.029498585292079615
199 0.0294995155433518
200 0.029509437605730156
201 0.029527704943369433
202 0.029553960080703878
203 0.029589289388685065
204 0.02963494141761679
205 0.029690400577218345
206 0.02975567397542547
207 0.029830821586417307
208 0.029914402313143292
209 0.03000415262497262
210 0.030098391110039095
211 0.030197056885505374
212 0.03029846804180802
213 0.030401936014632126
214 0.030507743971062734
215 0.030614876075115167
216 0.03072362523652175
217 0.03083225283192624
218 0.030940364530987096
219 0.031048829275942463
220 0.031156743864311793
221 0.03126523082025755
222 0.031375792218335516
223 0.03148803552577098
224 0.03159934827663568
225 0.03170966092464432
226 0.031820740964269706
227 0.03193107098369315
228 0.03203909201237738
229 0.03214591282224505
230 0.03225287221913932
231 0.03235885010432346
232 0.03246288085820285
233 0.032565622809920224
234 0.032668587692521144
235 0.032772534129118694
236 0.03287624726617477
237 0.032979311603714555
238 0.033082188134465264
239 0.03318670847209772
240 0.03329117850080987
241 0.03339469745019989
242 0.03349751746872107
243 0.033599577436529124
244 0.03370028683095743
245 0.03379786524350256
246 0.03389273281836694
247 0.0339830126758281
248 0.034068156597541824
249 0.03414798820531555
250 0.03422227967034153
251 0.03429213469986702
252 0.034356185633501186
253 0.03441373307571852
254 0.034465502710774344
255 0.034512026944327076
256 0.034551296990896097
257 0.0345810411206858
258 0.03460042282293691
259 0.034610030327237445
260 0.03460906899717692
261 0.03459621263277339
262 0.034571450273835534
263 0.034535667859933165
264 0.03448959143335305
265 0.03443261417792105
266 0.034365234623259674
267 0.03428884659889702
268 0.03420495053164614
269 0.034113644906747786
270 0.03401462494016969
271 0.03390889559928785
272 0.03379662311489644
273 0.033677881353463356
274 0.03355426170657779
275 0.03342707741330533
276 0.033297276022635096
277 0.03316492998638087
278 0.0330309448531149
279 0.03289632046518351
280 0.032761225612513524
281 0.03262523266506272
282 0.0324888657226949
283 0.03235228638736771
284 0.032215446678253414
285 0.03207959743404997
286 0.03194515894121015
287 0.0318127701082349
288 0.031682115381244304
289 0.03155470339791018
290 0.031431889363830526
291 0.03131353357340171
292 0.031200653539106615
293 0.031093061990253888
294 0.03099008257352697
295 0.030891942137637234
296 0.030799953254306005
297 0.030713628637474146
298 0.030631205648426883
299 0.030552230145989435
300 0.030478475991640455
301 0.030408634424738987
302 0.030340199395873523
303 0.03027281969088809
304 0.030204236640987064
305 0.030135388308546375
306 0.030066200223185797
307 0.029996345124280042
308 0.0299255052617095
309 0.029852854474319575
310 0.029779014744414415
311 0.029704617127809193
312 0.029632307560016426
313 0.029560800759068202
314 0.029488700668133482
315 0.029418246661415275
316 0.029348890946843342
317 0.02927952522911987
318 0.0292092543966519
319 0.02914095651266243
320 0.029077721511358096
321 0.02901966012913011
322 0.028969846121411635
323 0.02893156617889298
324 0.02891097976117607
325 0.028913131381679405
326 0.028941117902712605
327 0.028999488302797437
328 0.029089562117527654
329 0.02920842351986871
330 0.02935066515523217
331 0.029512135389177362
332 0.029688276258989545
333 0.029871923126694077
334 0.030057966648423178
335 0.030245452105082928
336 0.03043118723550203
337 0.030611538242167863
338 0.030784366774416996
339 0.030951879096209382
340 0.031116384317912978
341 0.03127991896823758
342 0.031445566903719434
343 0.03161151987602072
344 0.03177695992613955
345 0.03194076891446118
346 0.032101922117391504
347 0.032259106164171686
348 0.032409194187419436
349 0.032551817873129586
350 0.03268632660542043
351 0.03281289912803282
352 0.03293209427509478
353 0.03304445686504754
354 0.03315163120317832
355 0.03325600516900483
356 0.03336110648297575
357 0.033467674664075804
358 0.03357407031940609
359 0.03367949831694713
360 0.03378437074720545
361 0.033889280012216944
362 0.03399351446801169
363 0.03409695354512239
364 0.03420087685722753
365 0.034304691940226215
366 0.03440816705487005
367 0.034512281814991025
368 0.03461654055454466
369 0.03472149148323755
370 0.0348271011487094
371 0.03493289988298764
372 0.03503824986320271
373 0.0351421321206817
374 0.03524487162714234
375 0.03534606705011057
376 0.03544628555888716
377 0.03554563238575606
378 0.03564308467730173
379 0.03573905924524128
380 0.03583220186402113
381 0.03592182508893547
382 0.036007969142547634
383 0.036091265188230005
384 0.036171359087510624
385 0.036247350075053884
386 0.03632004420034208
387 0.036388673337052035
388 0.036451604279567916
389 0.03650807990595578
390 0.036559261558556023
391 0.03660499905553876
392 0.03664471475968857
393 0.036679506735248786
394 0.0367099402587445
395 0.03673703258552546
396 0.03676130430231316
397 0.036782522199841315
398 0.036801042390320296
399 0.03681600992218595
400 0.03682674619636721
401 0.036834084445044026
402 0.036838530884596966
403 0.036840715436700304
404 0.036839303662309655
405 0.03683379167100609
406 0.03682482780895971
407 0.03681266674314308
408 0.036796566433223404
409 0.03677549499881243
410 0.03674921653643994
411 0.03671712066414339
412 0.036680440677321444
413 0.03663980939527552
414 0.036595305097674974
415 0.03654697853517453
416 0.03649518899511901
417 0.036441512140532525
418 0.03638566966224019
419 0.03632655154603664
420 0.03626529366513635
421 0.036202164203393776
422 0.0361374578022138
423 0.036070601060923684
424 0.036000370513489595
425 0.035926867187198515
426 0.03585035162163406
427 0.03577167982940605
428 0.03569074167484776
429 0.03560780358889498
430 0.03552316182738086
431 0.035436043403206115
432 0.03534671769185394
433 0.03525632639575813
434 0.03516624317778041
435 0.035075876465438464
436 0.034984671987023985
437 0.03489330325923188
438 0.03480165394972211
439 0.03470962866280025
440 0.034617251103443415
441 0.03452565148428651
442 0.034435799433243035
443 0.03434789373504984
444 0.034262073845229786
445 0.03417879630987382
446 0.03409720869143961
447 0.034017718932409506
448 0.033941082684139055
449 0.03386826319053847
450 0.03379938527421783
451 0.03373341886918362
452 0.03367041082890641
453 0.033609410720871535
454 0.033551649643319324
455 0.03349730854173296
456 0.0334463292139888
457 0.03340008941653768
458 0.03335881940476942
459 0.03332209567762761
460 0.033288160782543555
461 0.03325732357873789
462 0.03322813982952036
463 0.033200603794232265
464 0.033175051429328924
465 0.03315111199415363
466 0.03312980744555057
467 0.033110901875571634
468 0.03309616335512819
469 0.033084204383794336
470 0.033074845617568724
471 0.03307004513390521
472 0.033069244050251315
473 0.0330732613742632
474 0.03308229926020074
475 0.033096865778060626
476 0.033116325767476855
477 0.03313971953276689
478 0.03316809816476386
479 0.03320059830902981
480 0.03323605057035032
481 0.03327506164428941
482 0.0333188460227515
483 0.033368796810250456
484 0.03342517172168841
485 0.033487006710135846
486 0.03355367080545169
487 0.03362564739812811
488 0.03370316846419957
489 0.03378471736554952
490 0.03386892717237351
491 0.03395543324955926
492 0.03404424660640022
493 0.034134751412601236
494 0.034226348544258725
495 0.03431876214198763
496 0.03441122792230382
497 0.03450401275547079
498 0.03459718447406266
499 0.03468944722376035
500 0.0347803546659471
501 0.03486986666068409
502 0.03495750429007651
503 0.03504147192757683
504 0.035120628602206716
505 0.03519449428691376
506 0.03526270327672265
507 0.03532422131591219
508 0.035378757001872624
509 0.035427624738930734
510 0.03547002047430895
511 0.03550628582441256
512 0.03553609841378817
513 0.03555925684788159
514 0.03557680087442632
515 0.03558805057160796
516 0.03559340605586314
517 0.03559211481265687
518 0.03558245765735596
519 0.03556358529871421
520 0.03553481452423178
521 0.03549583710786174
522 0.03544675146146284
523 0.03538788547125299
524 0.035320873003107635
525 0.03524661791830863
526 0.03516522472402634
527 0.03507918023458768
528 0.034988959990780215
529 0.03489425317940019
530 0.034795682470481024
531 0.03469363852811277
532 0.03458913443971106
533 0.03448173364150995
534 0.03436982896535105
535 0.03425282309237653
536 0.03413177211203296
537 0.03400654096905383
538 0.03387748870497053
539 0.03374441726436993
540 0.0336080255097175
541 0.03347015182761362
542 0.033330011264800306
543 0.03318783075066664
544 0.03304287773671765
545 0.03289526207451351
546 0.03274618529746474
547 0.03259568786846657
548 0.03244336557030077
549 0.03228949103151219
550 0.03213459888219664
551 0.03197774824954326
552 0.031819445363028574
553 0.03166016879139292
554 0.03149968313348523
555 0.031338534748134514
556 0.031177240358566304
557 0.031016856003850884
558 0.030857348695551654
559 0.0306991272285926
560 0.03054261580453422
561 0.030388236246028915
562 0.030236774836060985
563 0.03008844351871049
564 0.02994301572408561
565 0.0298005963894579
566 0.029662823508370358
567 0.02953024163432826
568 0.02940214667192483
569 0.029278181427407783
570 0.0291582264654073
571 0.029043443620289325
572 0.028933888201606188
573 0.02882976850231595
574 0.028731626957067
575 0.028638920354311516
576 0.02855190433526301
577 0.028469920864960252
578 0.028389779661641048
579 0.028309022515248868
580 0.02822727295666644
581 0.02814492580183082
582 0.028062427669289687
583 0.02797907478088591
584 0.027892775787245132
585 0.02780367969304851
586 0.027714721720241614
587 0.027627019669914103
588 0.027541182188702943
589 0.02745742311862006
590 0.027378540710878353
591 0.027303134580845607
592 0.02722548795435642
593 0.02714427577850982
594 0.027057776678253032
595 0.026967013544446517
596 0.026876288339531575
597 0.026788358340994668
598 0.026705078674888538
599 0.026631049599264867
600 0.026572716698567762
601 0.02653536311799113
602 0.02652469532251637
603 0.026546477211039837
604 0.02660208501793537
605 0.02669106958233132
606 0.026811264388972886
607 0.026959366119554764
608 0.02712931261518219
609 0.027315160275500794
610 0.027515432506944486
611 0.02772708295103443
612 0.027949796738333622
613 0.028180620346237955
614 0.028416627061540932
615 0.028657384046618384
616 0.028902172095005535
617 0.02915041937363336
618 0.029398452611167705
619 0.029645651319359007
620 0.02988926284973189
621 0.03012664653153864
622 0.030357529459349757
623 0.03057903155501353
624 0.030788498273503627
625 0.03098405013260509
626 0.031165290670579222
627 0.03133058839161551
628 0.031479523176657254
629 0.031613392091161235
630 0.03173391873812689
631 0.03184298061822823
632 0.03194211246488961
633 0.03203248493762559
634 0.03211359832335307
635 0.03218492585444012
636 0.0322475578468465
637 0.032302593120595
638 0.032349048252043835
639 0.03238679653864902
640 0.032417563354755256
641 0.03244137416813652
642 0.03245942440940484
643 0.03247252788273363
644 0.03248001245985231
645 0.0324838484478223
646 0.032486155446477046
647 0.03248727031508601
648 0.032485863524592665
649 0.0324806236237185
650 0.03247259571074061
651 0.03246293576683102
652 0.03245208269754232
653 0.03244033456664157
654 0.032427610754306314
655 0.032414741071324894
656 0.03240200101484927
657 0.03238878091838928
658 0.03237540479924197
659 0.032361189640872
660 0.03234795781471081
661 0.03233694308682745
662 0.03232748956485868
663 0.03231979177016455
664 0.0323137813843421
665 0.032311432481868366
666 0.032312305795212895
667 0.03231645384431661
668 0.03232434087741062
669 0.03233608587465006
670 0.032351225571147155
671 0.03236949720752379
672 0.032392280025737165
673 0.0324175047605253
674 0.03244568614395172
675 0.032476396402402484
676 0.03250849913910057
677 0.03254228945908523
678 0.03257603014093156
679 0.03261129715192614
680 0.032648239105774475
681 0.03268648934380915
682 0.0327257672993516
683 0.03276521055995185
684 0.03280458346239998
685 0.03284250453395556
686 0.032878283530161465
687 0.03291228482928054
688 0.03294580960466428
689 0.03297851659497866
690 0.03301042793798429
691 0.03304160252855475
692 0.03307106114933157
693 0.03309873460687766
694 0.03312456228159442
695 0.03314848415438855
696 0.03317019673987934
697 0.03318928152213562
698 0.033205675249255225
699 0.03321829406379735
700 0.03322676746808881
701 0.033232216053767354
702 0.03323651638215857
703 0.03323921903257771
704 0.03324071295849166
705 0.03324192239945152
706 0.033242004848317346
707 0.03324064733389666
708 0.03323797336397391
709 0.0332348338013259
710 0.03323085072692633
711 0.033226038019854715
712 0.03322215698074986
713 0.033219152725678325
714 0.033215780870476594
715 0.03321230859707022
716 0.03320837881995048
717 0.03320338228811177
718 0.03319735895033152
719 0.0331894503418239
720 0.0331789021356366
721 0.033165125291153036
722 0.03314745450444857
723 0.033124577137147795
724 0.033094305769880775
725 0.033055776307813645
726 0.033010070902882764
727 0.03295664740608008
728 0.03289356991219699
729 0.032818361373863014
730 0.032729495305959685
731 0.032626929242294093
732 0.03251027682520566
733 0.03237799989074274
734 0.03222813975092301
735 0.03206127634710433
736 0.031879329537429724
737 0.031683096321332364
738 0.03147309950121025
739 0.0312516116833125
740 0.031022237974567154
741 0.0307889060671557
742 0.030555886237299462
743 0.030327477036640793
744 0.0301092683453339
745 0.029908143672904494
746 0.029731027366337
747 0.02958415863366146
748 0.02947381532533393
749 0.029406841596436657
750 0.029391397747654553
751 0.029436067517984717
752 0.02954908618902945
753 0.029739059580005663
754 0.030014127521009334
755 0.030382765266501046
756 0.030851764426257283
757 0.031424902436051706
758 0.03210560507675595
759 0.03289571777366108
760 0.03379668394110109
761 0.034806993879379015
762 0.0359214227455278
763 0.03713180052608713
764 0.03842792082856459
765 0.039799342204860734
766 0.041233945340221796
767 0.04272128822028058
768 0.044247876976169685
769 0.04579759852497038
770 0.04735415790847671
771 0.04889952313406249
772 0.050416169169458624
773 0.05188321362235091
774 0.05327794853616953
775 0.054578867036397756
776 0.05576566769524739
777 0.056818622442195904
778 0.05771777107472273
779 0.05844404214197654
780 0.05898230108269678
781 0.05932288618297293
782 0.0594618145758612
783 0.05939847446464729
784 0.05913345170551782
785 0.05867082260422834
786 0.05802053719150399
787 0.05719911131408998
788 0.05622536581878598
789 0.055118114276980754
790 0.0538986069269878
791 0.052587346087994855
792 0.051205766614650615
793 0.04977517151199077
794 0.04831484872316147
795 0.04684480178535893
796 0.04538164794423114
797 0.043941049597684786
798 0.04253736167333988
799 0.04118368319755986
800 0.03989287098493955
801 0.03867502764599475
802 0.03753946806013552
803 0.03649505054469112
804 0.03554991271735934
805 0.034708038267652126
806 0.033969689150857824
807 0.03333434500393005
808 0.03280033614409948
809 0.03236538649350604
810 0.032026079360801325
811 0.03177685083671801
812 0.03161033190051237
813 0.031520568852806415
814 0.03150003497656695
815 0.03153965462943986
816 0.031632140558975376
817 0.03177113772849316
818 0.03195048759562121
819 0.03216191056102841
820 0.03239805792932415
821 0.03265272838000369
822 0.032920021390404015
823 0.03319384456890759
824 0.03346837252115712
825 0.03373979805805531
826 0.03400440622595296
827 0.03425859500747885
828 0.03449943120420575
829 0.03472489484254762
830 0.03493277682783153
831 0.03512135516393866
832 0.035290532687428745
833 0.0354420015436421
834 0.03557650125762875
835 0.03569347681279432
836 0.035793419342817843
837 0.03587731766223908
838 0.035945604513595804
839 0.03599847489560164
840 0.036036916438618116
841 0.036062513249780624
842 0.03607733681020449
843 0.03608310767813481
844 0.03608106304438344
845 0.03607274767236903
846 0.03605905967976099
847 0.036041784659547424
848 0.03602295587002054
849 0.03600205814443266
850 0.03597920089672552
851 0.035954777952711375
852 0.03592986475597867
853 0.035904220816532904
854 0.035877458243104086
855 0.03585027510661389
856 0.035821453375060666
857 0.03579167648256647
858 0.03576039211845247
859 0.0357274772291566
860 0.035691821367378286
861 0.03565327671499565
862 0.03561425546172889
863 0.03557442249947401
864 0.035534197496920175
865 0.03549341551716652
866 0.03545232810697326
867 0.03541025511613853
868 0.035365832254563044
869 0.0353197168284415
870 0.03527152913839149
871 0.03522003385449966
872 0.03516380339019163
873 0.035102402678976796
874 0.035035543676400174
875 0.03496224589160815
876 0.034882219241226926
877 0.03479559377495942
878 0.03470292604544957
879 0.03460371554852003
880 0.03449739453641879
881 0.0343836373417519
882 0.03426035438079394
883 0.034127075842669934
884 0.03398352817739523
885 0.03383002243520982
886 0.03366855596838645
887 0.033499269255673675
888 0.033323122544567534
889 0.033141616177493775
890 0.032956647073787385
891 0.0327711497288233
892 0.032586127375850774
893 0.032402917565111294
894 0.03222538279136791
895 0.0320571379473764
896 0.03190175484760174
897 0.03176201768971804
898 0.03164083691918231
899 0.03154221894425931
900 0.0314701284349024
901 0.031427782385956705
902 0.03141728352242884
903 0.03144299888787848
904 0.031507997450190076
905 0.031615111604094165
906 0.03176834734186031
907 0.03197033549026569
908 0.03222350968514503
909 0.03253004170989796
910 0.03289167139879672
911 0.033308274863143965
912 0.033778518629942765
913 0.03430150391565314
914 0.03487552424286517
915 0.03549636159590571
916 0.036158300166206116
917 0.03685420868276748
918 0.03757614277319057
919 0.038316613374670586
920 0.039067191942035125
921 0.03981875934559048
922 0.040562673647793875
923 0.04129038676943529
924 0.041992983131242764
925 0.04265964123474249
926 0.04327795147132501
927 0.043835026254122667
928 0.04431900509069075
929 0.04471958324892994
930 0.04502649944060651
931 0.04522972501277404
932 0.045322199389315754
933 0.045298945210999565
934 0.04515680528788595
935 0.04489665306079199
936 0.04452225077507925
937 0.04404105330676593
938 0.04346194931906941
939 0.04279501798028573
940 0.042053116692518905
941 0.04124959004908717
942 0.040398066250986575
943 0.03950958563512608
944 0.03859523070420964
945 0.037666469306712025
946 0.03673392493240238
947 0.03580669868529694
948 0.03489385944779661
949 0.03400433113747176
950 0.03314479551665134
951 0.03232250806574644
952 0.03154403326903312
953 0.030814598765760582
954 0.030138044495232965
955 0.029518353124843858
956 0.028961012672861206
957 0.028469573486805788
958 0.028044118504736065
959 0.027681980773915774
960 0.02738070109721626
961 0.02713705762344862
962 0.026946035512492632
963 0.026801820479806712
964 0.026699432213220253
965 0.026635458594012
966 0.026605838723875702
967 0.026605742931328325
968 0.026629788337440077
969 0.026673297415100883
970 0.026732930765444488
971 0.026805869910442322
972 0.02688859083033993
973 0.026978503674480493
974 0.02707245521184392
975 0.0271679017568532
976 0.027263174017958046
977 0.027356307878140005
978 0.027446704338184576
979 0.02753249724329994
980 0.027612606506351098
981 0.027687580464956143
982 0.0277577345476885
983 0.027822687855318325
984 0.027882610115561375
985 0.027938074511402924
986 0.02798995142726772
987 0.028039563333961345
988 0.028087713659664268
989 0.028135135206975952
990 0.02818238162680128
991 0.028229507039813778
992 0.028278631155475124
993 0.028330799895514513
994 0.02838610411977431
995 0.028444679640408452
996 0.0285045061182665
997 0.028565980016238408
998 0.02862820027204994
999 0.028690693985185596
1000 0.028753694016097713
1001 0.02881626805631246
1002 0.02887851190835419
1003 0.028940404508040727
1004 0.029001894302515048
1005 0.0290629630666437
1006 0.029123575923602808
1007 0.029183751882624655
1008 0.02924389253757635
1009 0.02930331147204889
1010 0.029361879842669948
1011 0.029419406858371723
1012 0.029475594544711776
1013 0.029529717714772943
1014 0.029580814570152922
1015 0.02962890751692872
1016 0.02967554099841751
1017 0.029721199254428895
1018 0.02976552099514491
1019 0.02980847376889099
1020 0.02985056413892001
1021 0.029892959539643892
1022 0.029934709246801246
1023 0.029974108792597834
1024 0.03001110982713187
1025 0.030046606491848944
1026 0.03008078728745937
1027 0.03011304100504627
1028 0.030142607800377773
1029 0.030169649964326663
1030 0.03019415857923962
1031 0.03021646973576291
1032 0.03023731001971261
1033 0.03025617502213744
1034 0.030272075314244272
1035 0.030285349692661123
1036 0.030296025855959672
1037 0.030303238096292987
1038 0.030307647728012112
1039 0.030309201999590765
1040 0.0303074385641207
1041 0.030302314463934832
1042 0.03029427147628186
1043 0.030283631309928612
1044 0.030269253632618
1045 0.03025107299008273
1046 0.030230120735829685
1047 0.030207335871882943
1048 0.03018212751281005
1049 0.03015343227421745
1050 0.030121649496042888
1051 0.030086962641419458
1052 0.03005046085679829
1053 0.030011958972136522
1054 0.029972449061510247
1055 0.029933365828677217
1056 0.029894138766187187
1057 0.02985482038141796
1058 0.029813217817730185
1059 0.0297687294197575
1060 0.029721438958618503
1061 0.029670795970554917
1062 0.02961656466338094
1063 0.029559437273817095
1064 0.029500895393799544
1065 0.029440554166571396
1066 0.02937864152346527
1067 0.02931522942680825
1068 0.029251634565365586
1069 0.02918750717891417
1070 0.029121143494264264
1071 0.029053336301245
1072 0.028983310735878474
1073 0.02891149587419914
1074 0.028837264523970677
1075 0.028759561558152662
1076 0.028679190196603813
1077 0.02859692048044009
1078 0.028514400807728324
1079 0.02843234835650784
1080 0.02835052223822728
1081 0.02826763248629455
1082 0.028182872292469754
1083 0.02809681495302178
1084 0.02800938881741765
1085 0.027919434154000347
1086 0.027827041291660123
1087 0.027731680425691674
1088 0.027633075858028676
1089 0.02752894020062868
1090 0.02741699285531033
1091 0.02729665971735322
1092 0.027167779827039797
1093 0.027032258043224268
1094 0.02689178376950635
1095 0.026749290536084432
1096 0.0266072489524589
1097 0.02646563935701868
1098 0.026324130544250313
1099 0.026183090090894937
1100 0.02604353012220417
1101 0.02590427248798727
1102 0.025765730288889795
1103 0.02562932751641819
1104 0.025494592659496572
1105 0.02536202639747739
1106 0.025232454735041418
1107 0.025108895142033676
1108 0.024992056518930248
1109 0.024883516409882355
1110 0.024788150390886853
1111 0.024710498470095623
1112 0.024655488422172665
1113 0.02462776283507478
1114 0.024629516719347204
1115 0.02466267833391165
1116 0.024726769605525244
1117 0.02481720880716227
1118 0.024929633135249405
1119 0.025058091428611838
1120 0.02519712042316651
1121 0.025339667267293243
1122 0.025483081517099174
1123 0.02562663617520953
1124 0.02576596799900044
1125 0.025898856727066103
1126 0.026024081994657323
1127 0.02614411621238209
1128 0.026261061741028456
1129 0.026379577851136836
1130 0.026501820915686612
1131 0.026624643970307123
1132 0.026748646724415966
1133 0.02687374353076455
1134 0.02699984757772386
1135 0.027123641972287924
1136 0.027242312178547962
1137 0.02735702917233617
1138 0.027468018139082596
1139 0.0275750896666871
1140 0.027677724111640933
1141 0.02777654569761195
1142 0.02787385108425481
1143 0.02797251711089024
1144 0.02807377504032235
1145 0.02817866540381454
1146 0.028287163064732463
1147 0.028398040446724223
1148 0.028510778426841823
1149 0.02862552784651016
1150 0.02874225911564735
1151 0.028860697618156163
1152 0.028981131274928545
1153 0.02910396773812605
1154 0.029229220642250565
1155 0.029356217012479285
1156 0.029484428999685813
1157 0.029612976888345636
1158 0.02974252386568664
1159 0.029873366609383823
1160 0.030004006502513225
1161 0.030133345639918586
1162 0.030259839084025443
1163 0.030383988970807626
1164 0.03050526105845193
1165 0.030623937172459394
1166 0.030740493750008785
1167 0.030854622582593767
1168 0.03096758326434588
1169 0.03107894461937651
1170 0.03118819821013229
1171 0.03129427133492534
1172 0.031396249318562434
1173 0.03149423182826616
1174 0.03158844998529477
1175 0.03167895993197107
1176 0.03176474262641049
1177 0.03184644058060958
1178 0.031924792644580445
1179 0.03199940950757559
1180 0.03206989621115878
1181 0.03213586248201635
1182 0.03219833939583604
1183 0.03225777738686533
1184 0.03231418808741384
1185 0.03236705440707819
1186 0.03241615593762075
1187 0.0324616167410063
1188 0.03250300551950744
1189 0.03254030844094018
1190 0.03257309626587565
1191 0.03260088107351587
1192 0.032623204644441885
1193 0.03264082185841975
1194 0.03265471527162872
1195 0.032663682952056135
1196 0.03266669697524858
1197 0.032663845010136
1198 0.032655595035427434
1199 0.032641836841818934
1200 0.03262280598067868
1201 0.03259913363036162
1202 0.032570878534614246
1203 0.03253830523915288
1204 0.032500852016507514
1205 0.03245839103507048
1206 0.03241075044565091
1207 0.032357561674334914
1208 0.03229962447712371
1209 0.03223778431957481
1210 0.03217332102333498
1211 0.03210628690926957
1212 0.03203659251822808
1213 0.03196359660488196
1214 0.031886198156570594
1215 0.031804606545113835
1216 0.03172106048446352
1217 0.03163674434683664
1218 0.031550358837964046
1219 0.031462695149974934
1220 0.0313750317558615
1221 0.031287280719627004
1222 0.03119834547547247
1223 0.031107830798972617
1224 0.03101739423048477
1225 0.03092837871381107
1226 0.03084122093310589
1227 0.030756173528009998
1228 0.03067361913576435
1229 0.030593868084168835
1230 0.030517434439337993
1231 0.030444357383631847
1232 0.0303752238736769
1233 0.030311181603308538
1234 0.030251593928770866
1235 0.030195074845271556
1236 0.030142068265393313
1237 0.030092785069084305
1238 0.030046798331053275
1239 0.030003849209758956
1240 0.02996432554754566
1241 0.0299290016931803
1242 0.029898018154362615
1243 0.029870676153014808
1244 0.02984561298675396
1245 0.029823446345945866
1246 0.029805362531984864
1247 0.029791803826349914
1248 0.0297821484621635
1249 0.029775886666218297
1250 0.029773713070044925
1251 0.029775886666218235
1252 0.02978214846216353
1253 0.029791803826349852
1254 0.029805362531984788
1255 0.029823446345945814
1256 0.029845612986753974
1257 0.029870676153014784
1258 0.029898018154362608
1259 0.029929001693180364
1260 0.029964325547545714
1261 0.030003849209759088
1262 0.030046798331053347
1263 0.030092785069084346
1264 0.03014206826539324
1265 0.030195074845271654
1266 0.0302515939287708
1267 0.030311181603308524
1268 0.030375223873676933
1269 0.03044435738363195
1270 0.030517434439337923
1271 0.030593868084168845
1272 0.030673619135764253
1273 0.03075617352801003
1274 0.030841220933105953
1275 0.030928378713811152
1276 0.031017394230484687
1277 0.03110783079897273
1278 0.03119834547547253
1279 0.031287280719627025
1280 0.03137503175586154
1281 0.03146269514997496
1282 0.03155035883796398
1283 0.03163674434683662
1284 0.03172106048446347
1285 0.03180460654511382
1286 0.03188619815657057
1287 0.03196359660488197
1288 0.03203659251822818
1289 0.03210628690926954
1290 0.03217332102333493
1291 0.032237784319574886
1292 0.0322996244771237
1293 0.032357561674334866
1294 0.032410750445650956
1295 0.032458391035070464
1296 0.03250085201650745
1297 0.03253830523915291
1298 0.03257087853461426
1299 0.032599133630361626
1300 0.03262280598067865
1301 0.03264183684181899
1302 0.03265559503542736
1303 0.032663845010136056
1304 0.03266669697524861
1305 0.03266368295205611
1306 0.032654715271628665
1307 0.032640821858419725
1308 0.032623204644441905
1309 0.03260088107351591
1310 0.03257309626587554
1311 0.032540308440940184
1312 0.03250300551950747
1313 0.03246161674100635
1314 0.03241615593762079
1315 0.03236705440707822
1316 0.03231418808741383
1317 0.03225777738686536
1318 0.03219833939583593
1319 0.03213586248201626
1320 0.03206989621115886
1321 0.03199940950757559
1322 0.03192479264458043
1323 0.031846440580609536
1324 0.031764742626410526
1325 0.03167895993197112
1326 0.031588449985294836
1327 0.03149423182826617
1328 0.031396249318562434
1329 0.03129427133492534
1330 0.031188198210132127
1331 0.03107894461937648
1332 0.030967583264345934
1333 0.030854622582593905
1334 0.030740493750008813
1335 0.030623937172459387
1336 0.030505261058451905
1337 0.030383988970807647
1338 0.030259839084025304
1339 0.030133345639918704
1340 0.03000400650251332
1341 0.029873366609383847
1342 0.029742523865686737
1343 0.029612976888345757
1344 0.02948442899968587
1345 0.029356217012479296
1346 0.02922922064225052
1347 0.029103967738125958
1348 0.028981131274928598
1349 0.028860697618156197
1350 0.028742259115647387
1351 0.028625527846510023
1352 0.028510778426841847
1353 0.02839804044672425
1354 0.028287163064732477
1355 0.02817866540381453
1356 0.028073775040322258
1357 0.02797251711089032
1358 0.027873851084254834
1359 0.02777654569761204
1360 0.02767772411164093
1361 0.027575089666687043
1362 0.027468018139082628
1363 0.027357029172336143
1364 0.027242312178547914
1365 0.027123641972288004
1366 0.026999847577723876
1367 0.026873743530764545
1368 0.026748646724415962
1369 0.02662464397030714
1370 0.026501820915686588
1371 0.026379577851136756
1372 0.026261061741028387
1373 0.026144116212382013
1374 0.026024081994657316
1375 0.025898856727066093
1376 0.025765967999000484
1377 0.025626636175209546
1378 0.025483081517099205
1379 0.025339667267293274
1380 0.025197120423166484
1381 0.02505809142861181
1382 0.024929633135249447
1383 0.02481720880716227
1384 0.024726769605525285
1385 0.02466267833391167
1386 0.024629516719347207
1387 0.024627762835074785
1388 0.02465548842217264
1389 0.024710498470095585
1390 0.024788150390886866
1391 0.024883516409882355
1392 0.024992056518930265
1393 0.025108895142033672
1394 0.02523245473504135
1395 0.025362026397477363
1396 0.025494592659496544
1397 0.025629327516418072
1398 0.025765730288889833
1399 0.02590427248798721
1400 0.026043530122204124
1401 0.02618309009089494
1402 0.026324130544250257
1403 0.02646563935701862
1404 0.026607248952458883
1405 0.02674929053608448
1406 0.026891783769506322
1407 0.027032258043224257
1408 0.02716777982703977
1409 0.027296659717353212
1410 0.027416992855310292
1411 0.027528940200628675
1412 0.027633075858028586
1413 0.02773168042569168
1414 0.02782704129166023
1415 0.027919434154000267
1416 0.028009388817417706
1417 0.028096814953021798
1418 0.028182872292469758
1419 0.028267632486294533
1420 0.028350522238227392
1421 0.028432348356507906
1422 0.028514400807728275
1423 0.028596920480440095
1424 0.028679190196603678
1425 0.02875956155815267
1426 0.028837264523970632
1427 0.028911495874199184
1428 0.02898331073587843
1429 0.029053336301244986
1430 0.02912114349426437
1431 0.029187507178914156
1432 0.029251634565365538
1433 0.029315229426808302
1434 0.029378641523465317
1435 0.029440554166571323
1436 0.029500895393799437
1437 0.02955943727381704
1438 0.02961656466338086
1439 0.029670795970554883
1440 0.02972143895861852
1441 0.029768729419757573
1442 0.029813217817730202
1443 0.029854820381417974
1444 0.029894138766187232
1445 0.029933365828677182
1446 0.029972449061510243
1447 0.030011958972136456
1448 0.03005046085679828
1449 0.030086962641419406
1450 0.03012164949604296
1451 0.030153432274217525
1452 0.030182127512809992
1453 0.030207335871882932
1454 0.030230120735829605
1455 0.030251072990082572
1456 0.030269253632618044
1457 0.030283631309928522
1458 0.030294271476281817
1459 0.03030231446393486
1460 0.030307438564120718
1461 0.030309201999590755
1462 0.030307647728011974
1463 0.03030323809629293
1464 0.0302960258559597
1465 0.030285349692661112
1466 0.03027207531424428
1467 0.030256175022137403
1468 0.03023731001971268
1469 0.03021646973576295
1470 0.030194158579239645
1471 0.030169649964326622
1472 0.030142607800377787
1473 0.03011304100504634
1474 0.030080787287459335
1475 0.030046606491848895
1476 0.03001110982713191
1477 0.02997410879259784
1478 0.02993470924680131
1479 0.029892959539643785
1480 0.02985056413892
1481 0.029808473768891026
1482 0.02976552099514483
1483 0.029721199254428825
1484 0.029675540998417474
1485 0.029628907516928597
1486 0.029580814570152877
1487 0.02952971771477295
1488 0.029475594544711776
1489 0.029419406858371758
1490 0.02936187984266994
1491 0.029303311472048864
1492 0.02924389253757627
1493 0.029183751882624627
1494 0.0291235759236028
1495 0.029062963066643663
1496 0.029001894302515086
1497 0.02894040450804081
1498 0.028878511908354144
1499 0.028816268056312544
1500 0.02875369401609774
1501 0.02869069398518573
1502 0.02862820027205009
1503 0.028565980016238373
1504 0.028504506118266416
1505 0.028444679640408446
1506 0.028386104119774346
1507 0.028330799895514434
1508 0.02827863115547508
1509 0.02822950703981362
1510 0.02818238162680131
1511 0.028135135206975963
1512 0.0280877136596643
1513 0.02803956333396129
1514 0.027989951427267692
1515 0.027938074511402827
1516 0.02788261011556141
1517 0.02782268785531828
1518 0.027757734547688564
1519 0.027687580464956195
1520 0.027612606506351094
1521 0.027532497243299984
1522 0.027446704338184684
1523 0.02735630787813997
1524 0.02726317401795804
1525 0.027167901756853203
1526 0.027072455211843923
1527 0.026978503674480493
1528 0.026888590830339964
1529 0.02680586991044234
1530 0.026732930765444526
1531 0.02667329741510086
1532 0.026629788337440067
1533 0.026605742931328405
1534 0.02660583872387572
1535 0.026635458594011983
1536 0.026699432213220235
1537 0.02680182047980674
1538 0.02694603551249275
1539 0.027137057623448545
1540 0.027380701097216322
1541 0.02768198077391572
1542 0.02804411850473611
1543 0.028469573486805805
1544 0.028961012672861153
1545 0.029518353124843914
1546 0.030138044495232927
1547 0.030814598765760634
1548 0.031544033269033184
1549 0.03232250806574652
1550 0.033144795516651414
1551 0.03400433113747172
1552 0.034893859447796605
1553 0.035806698685297005
1554 0.03673392493240245
1555 0.03766646930671193
1556 0.03859523070420961
1557 0.0395095856351262
1558 0.04039806625098658
1559 0.041249590049086994
1560 0.04205311669251898
1561 0.04279501798028578
1562 0.04346194931906941
1563 0.04404105330676583
1564 0.04452225077507914
1565 0.04489665306079199
1566 0.04515680528788598
1567 0.04529894521099961
1568 0.04532219938931574
1569 0.04522972501277395
1570 0.04502649944060646
1571 0.044719583248929856
1572 0.0443190050906909
1573 0.04383502625412275
1574 0.04327795147132507
1575 0.042659641234742585
1576 0.04199298313124271
1577 0.04129038676943525
1578 0.040562673647793895
1579 0.03981875934559058
1580 0.039067191942035076
1581 0.03831661337467046
1582 0.03757614277319059
1583 0.036854208682767474
1584 0.036158300166206
1585 0.035496361595905586
1586 0.034875524242865094
1587 0.03430150391565322
1588 0.033778518629942716
1589 0.03330827486314397
1590 0.03289167139879676
1591 0.032530041709897914
1592 0.032223509685145035
1593 0.03197033549026565
1594 0.031768347341860376
1595 0.03161511160409412
1596 0.03150799745019006
1597 0.03144299888787846
1598 0.031417283522428806
1599 0.0314277823859567
1600 0.03147012843490246
1601 0.031542218944259244
1602 0.03164083691918237
1603 0.0317620176897181
1604 0.03190175484760167
1605 0.03205713794737638
1606 0.03222538279136794
1607 0.03240291756511136
1608 0.03258612737585078
1609 0.03277114972882331
1610 0.03295664707378743
1611 0.033141616177493734
1612 0.033323122544567534
1613 0.03349926925567382
1614 0.03366855596838644
1615 0.03383002243520983
1616 0.03398352817739525
1617 0.03412707584266996
1618 0.03426035438079401
1619 0.034383637341751934
1620 0.034497394536418764
1621 0.034603715548520035
1622 0.03470292604544965
1623 0.03479559377495934
1624 0.03488221924122697
1625 0.034962245891608165
1626 0.035035543676400265
1627 0.035102402678976824
1628 0.03516380339019154
1629 0.035220033854499684
1630 0.035271529138391426
1631 0.035319716828441615
1632 0.03536583225456299
1633 0.0354102551161386
1634 0.03545232810697328
1635 0.03549341551716656
1636 0.03553419749692015
1637 0.03557442249947403
1638 0.03561425546172891
1639 0.03565327671499561
1640 0.03569182136737832
1641 0.03572747722915665
1642 0.03576039211845245
1643 0.03579167648256645
1644 0.035821453375060555
1645 0.03585027510661384
1646 0.03587745824310413
1647 0.03590422081653279
1648 0.035929864755978674
1649 0.035954777952711445
1650 0.03597920089672555
1651 0.036002058144432685
1652 0.03602295587002046
1653 0.036041784659547445
1654 0.036059059679760974
1655 0.03607274767236893
1656 0.036081063044383396
1657 0.03608310767813496
1658 0.03607733681020453
1659 0.03606251324978059
1660 0.03603691643861806
1661 0.03599847489560167
1662 0.035945604513595714
1663 0.035877317662239075
1664 0.035793419342817975
1665 0.03569347681279441
1666 0.035576501257628734
1667 0.035442001543642083
1668 0.03529053268742877
1669 0.035121355163938724
1670 0.03493277682783155
1671 0.034724894842547614
1672 0.03449943120420562
1673 0.03425859500747886
1674 0.034004406225952986
1675 0.033739798058055215
1676 0.033468372521157155
1677 0.0331938445689075
1678 0.032920021390403946
1679 0.03265272838000371
1680 0.03239805792932403
1681 0.03216191056102855
1682 0.03195048759562124
1683 0.0317711377284932
1684 0.031632140558975355
1685 0.03153965462943983
1686 0.03150003497656695
1687 0.03152056885280648
1688 0.0316103319005124
1689 0.031776850836718155
1690 0.03202607936080125
1691 0.03236538649350607
1692 0.03280033614409966
1693 0.03333434500393007
1694 0.033969689150857935
1695 0.034708038267652154
1696 0.03554991271735936
1697 0.036495050544691106
1698 0.0375394680601355
1699 0.038675027645994696
1700 0.03989287098493957
1701 0.04118368319755988
1702 0.042537361673339866
1703 0.043941049597684786
1704 0.04538164794423108
1705 0.046844801785358894
1706 0.048314848723161434
1707 0.04977517151199057
1708 0.05120576661465058
1709 0.05258734608799495
1710 0.053898606926987724
1711 0.05511811427698079
1712 0.056225365818786004
1713 0.057199111314089925
1714 0.05802053719150404
1715 0.05867082260422841
1716 0.05913345170551786
1717 0.05939847446464742
1718 0.059461814575861395
1719 0.05932288618297266
1720 0.05898230108269667
1721 0.05844404214197656
1722 0.05771777107472282
1723 0.05681862244219585
1724 0.05576566769524752
1725 0.05457886703639766
1726 0.0532779485361696
1727 0.05188321362235102
1728 0.050416169169458624
1729 0.04889952313406255
1730 0.0473541579084767
1731 0.04579759852497042
1732 0.044247876976169644
1733 0.04272128822028066
1734 0.04123394534022176
1735 0.039799342204860734
1736 0.03842792082856462
1737 0.03713180052608709
1738 0.0359214227455278
1739 0.03480699387937899
1740 0.03379668394110105
1741 0.03289571777366112
1742 0.03210560507675594
1743 0.03142490243605169
1744 0.0308517644262574
1745 0.03038276526650102
1746 0.03001412752100938
1747 0.029739059580005712
1748 0.029549086189029506
1749 0.029436067517984724
1750 0.02939139774765453
1751 0.029406841596436712
1752 0.029473815325333868
1753 0.029584158633661484
1754 0.029731027366336996
1755 0.029908143672904536
1756 0.030109268345333888
1757 0.0303274770366408
1758 0.030555886237299438
1759 0.0307889060671557
1760 0.03102223797456714
1761 0.03125161168331248
1762 0.031473099501210355
1763 0.03168309632133236
1764 0.031879329537429654
1765 0.03206127634710431
1766 0.03222813975092299
1767 0.03237799989074274
1768 0.032510276825205686
1769 0.03262692924229413
1770 0.032729495305959644
1771 0.032818361373862966
1772 0.03289356991219691
1773 0.032956647406080085
1774 0.03301007090288283
1775 0.033055776307813686
1776 0.03309430576988077
1777 0.03312457713714787
1778 0.03314745450444859
1779 0.03316512529115299
1780 0.03317890213563667
1781 0.033189450341823974
1782 0.03319735895033158
1783 0.033203382288111795
1784 0.033208378819950445
1785 0.03321230859707018
1786 0.033215780870476636
1787 0.0332191527256784
1788 0.03322215698074987
1789 0.033226038019854645
1790 0.033230850726926275
1791 0.0332348338013259
1792 0.03323797336397397
1793 0.03324064733389668
1794 0.03324200484831731
1795 0.03324192239945154
1796 0.03324071295849173
1797 0.03323921903257767
1798 0.033236516382158535
1799 0.03323221605376742
1800 0.03322676746808883
1801 0.03321829406379737
1802 0.03320567524925527
1803 0.03318928152213563
1804 0.03317019673987945
1805 0.033148484154388425
1806 0.03312456228159443
1807 0.033098734606877615
1808 0.03307106114933165
1809 0.03304160252855482
1810 0.03301042793798427
1811 0.03297851659497871
1812 0.032945809604664256
1813 0.032912284829280526
1814 0.032878283530161506
1815 0.03284250453395556
1816 0.03280458346240004
1817 0.03276521055995194
1818 0.032725767299351574
1819 0.03268648934380917
1820 0.032648239105774454
1821 0.03261129715192613
1822 0.0325760301409316
1823 0.03254228945908516
1824 0.03250849913910064
1825 0.03247639640240246
1826 0.032445686143951734
1827 0.03241750476052525
1828 0.032392280025737186
1829 0.032369497207523724
1830 0.032351225571147134
1831 0.03233608587465013
1832 0.03232434087741064
1833 0.0323164538443166
1834 0.03231230579521288
1835 0.03231143248186833
1836 0.032313781384342155
1837 0.032319791770164454
1838 0.032327489564858744
1839 0.032336943086827365
1840 0.032347957814710844
1841 0.03236118964087193
1842 0.032375404799241954
1843 0.03238878091838932
1844 0.03240200101484933
1845 0.03241474107132501
1846 0.032427610754306134
1847 0.03244033456664155
1848 0.03245208269754223
1849 0.032462935766831034
1850 0.03247259571074061
1851 0.03248062362371853
1852 0.03248586352459264
1853 0.03248727031508602
1854 0.03248615544647709
1855 0.03248384844782224
1856 0.03248001245985224
1857 0.03247252788273361
1858 0.03245942440940482
1859 0.032441374168136444
1860 0.03241756335475529
1861 0.03238679653864894
1862 0.032349048252043856
1863 0.03230259312059499
1864 0.032247557846846436
1865 0.03218492585444006
1866 0.032113598323353094
1867 0.03203248493762561
1868 0.031942112464889635
1869 0.031842980618228246
1870 0.0317339187381268
1871 0.03161339209116117
1872 0.0314795231766573
1873 0.031330588391615524
1874 0.031165290670579267
1875 0.030984050132605016
1876 0.030788498273503627
1877 0.030579031555013524
1878 0.030357529459349695
1879 0.030126646531538712
1880 0.029889262849731858
1881 0.029645651319359142
1882 0.02939845261116773
1883 0.02915041937363326
1884 0.02890217209500547
1885 0.02865738404661838
1886 0.028416627061540977
1887 0.028180620346237927
1888 0.02794979673833365
1889 0.027727082951034463
1890 0.02751543250694448
1891 0.027315160275500794
1892 0.02712931261518221
1893 0.026959366119554802
1894 0.02681126438897287
1895 0.026691069582331348
1896 0.026602085017935272
1897 0.026546477211039803
1898 0.02652469532251634
1899 0.026535363117991095
1900 0.026572716698567738
1901 0.026631049599264787
1902 0.026705078674888565
1903 0.02678835834099464
1904 0.02687628833953155
1905 0.026967013544446455
1906 0.027057776678253036
1907 0.027144275778509846
1908 0.02722548795435635
1909 0.027303134580845528
1910 0.027378540710878387
1911 0.027457423118620053
1912 0.027541182188702853
1913 0.027627019669914172
1914 0.027714721720241555
1915 0.027803679693048575
1916 0.02789277578724511
1917 0.02797907478088594
1918 0.028062427669289652
1919 0.02814492580183077
1920 0.02822727295666638
1921 0.02830902251524885
1922 0.02838977966164106
1923 0.028469920864960283
1924 0.02855190433526296
1925 0.028638920354311426
1926 0.028731626957067054
1927 0.0288297685023159
1928 0.0289338882016062
1929 0.02904344362028939
1930 0.029158226465407364
1931 0.02927818142740783
1932 0.029402146671924874
1933 0.029530241634328262
1934 0.029662823508370444
1935 0.029800596389457937
1936 0.02994301572408568
1937 0.030088443518710505
1938 0.030236774836061145
1939 0.030388236246028915
1940 0.03054261580453422
1941 0.03069912722859261
1942 0.03085734869555171
1943 0.031016856003851026
1944 0.031177240358566286
1945 0.03133853474813458
1946 0.03149968313348529
1947 0.03166016879139286
1948 0.03181944536302859
1949 0.031977748249543296
1950 0.032134598882196684
1951 0.03228949103151218
1952 0.03244336557030079
1953 0.032595687868466595
1954 0.03274618529746481
1955 0.032895262074513446
1956 0.03304287773671771
1957 0.03318783075066663
1958 0.033330011264800286
1959 0.033470151827613634
1960 0.033608025509717525
1961 0.0337444172643699
1962 0.03387748870497052
1963 0.034006540969053874
1964 0.034131772112032915
1965 0.03425282309237651
1966 0.03436982896535101
1967 0.03448173364150993
1968 0.03458913443971103
1969 0.03469363852811284
1970 0.034795682470481
1971 0.03489425317940025
1972 0.03498895999078021
1973 0.03507918023458775
1974 0.035165224724026334
1975 0.035246617918308625
1976 0.03532087300310756
1977 0.03538788547125302
1978 0.03544675146146275
1979 0.03549583710786168
1980 0.035534814524231816
1981 0.03556358529871419
1982 0.03558245765735596
1983 0.035592114812656866
1984 0.03559340605586321
1985 0.035588050571607965
1986 0.03557680087442638
1987 0.03555925684788157
1988 0.035536098413788145
1989 0.035506285824412634
1990 0.03547002047430894
1991 0.035427624738930706
1992 0.03537875700187258
1993 0.03532422131591223
1994 0.035262703276722616
1995 0.03519449428691378
1996 0.03512062860220674
1997 0.03504147192757682
1998 0.03495750429007644
1999 0.034869866660684104
2000 0.034780354665947054
2001 0.034689447223760404
2002 0.0345971844740626
2003 0.03450401275547071
2004 0.03441122792230383
2005 0.03431876214198766
2006 0.03422634854425869
2007 0.034134751412601284
2008 0.034044246606400236
2009 0.03395543324955933
2010 0.03386892717237355
2011 0.03378471736554961
2012 0.03370316846419961
2013 0.033625647398128025
2014 0.03355367080545168
2015 0.03348700671013574
2016 0.033425171721688414
2017 0.03336879681025044
2018 0.03331884602275143
2019 0.03327506164428941
2020 0.03323605057035034
2021 0.033200598309029834
2022 0.03316809816476385
2023 0.03313971953276689
2024 0.033116325767476903
2025 0.033096865778060654
2026 0.033082299260200725
2027 0.033073261374263266
2028 0.03306924405025121
2029 0.03307004513390522
2030 0.03307484561756866
2031 0.03308420438379436
2032 0.033096163355128244
2033 0.033110901875571655
2034 0.03312980744555055
2035 0.033151111994153645
2036 0.033175051429328944
2037 0.033200603794232286
2038 0.033228139829520435
2039 0.03325732357873797
2040 0.03328816078254359
2041 0.03332209567762761
2042 0.03335881940476947
2043 0.03340008941653765
2044 0.03344632921398883
2045 0.03349730854173299
2046 0.03355164964331928
2047 0.033609410720871556
2048 0.03367041082890634
2049 0.0337334188691837
2050 0.03379938527421782
2051 0.0338682631905385
2052 0.03394108268413904
2053 0.03401771893240962
2054 0.034097208691439694
2055 0.03417879630987378
2056 0.034262073845229786
2057 0.03434789373504986
2058 0.03443579943324307
2059 0.0345256514842865
2060 0.0346172511034434
2061 0.03470962866280022
2062 0.034801653949722094
2063 0.034893303259231886
2064 0.03498467198702399
2065 0.03507587646543847
2066 0.03516624317778038
2067 0.035256326395758125
2068 0.035346717691853984
2069 0.03543604340320618
2070 0.03552316182738087
2071 0.03560780358889493
2072 0.03569074167484776
2073 0.03577167982940607
2074 0.035850351621634045
2075 0.035926867187198515
2076 0.036000370513489574
2077 0.03607060106092365
2078 0.03613745780221383
2079 0.03620216420339378
2080 0.03626529366513635
2081 0.036326551546036624
2082 0.03638566966224023
2083 0.036441512140532525
2084 0.03649518899511901
2085 0.03654697853517456
2086 0.03659530509767504
2087 0.036639809395275495
2088 0.036680440677321506
2089 0.036717120664143406
2090 0.036749216536439935
2091 0.036775494998812525
2092 0.03679656643322339
2093 0.036812666743143076
2094 0.036824827808959654
2095 0.03683379167100604
2096 0.03683930366230974
2097 0.03684071543670027
2098 0.036838530884597
2099 0.036834084445044026
2100 0.036826746196367215
2101 0.03681600992218597
2102 0.03680104239032032
2103 0.03678252219984129
2104 0.03676130430231308
2105 0.03673703258552553
2106 0.036709940258744474
2107 0.03667950673524881
2108 0.03664471475968852
2109 0.03660499905553879
2110 0.03655926155855605
2111 0.036508079905955816
2112 0.03645160427956794
2113 0.0363886733370521
2114 0.03632004420034213
2115 0.03624735007505389
2116 0.03617135908751062
2117 0.03609126518823006
2118 0.036007969142547606
2119 0.03592182508893545
2120 0.035832201864021085
2121 0.03573905924524137
2122 0.03564308467730171
2123 0.035545632385756074
2124 0.03544628555888724
2125 0.03534606705011051
2126 0.03524487162714234
2127 0.035142132120681735
2128 0.03503824986320278
2129 0.034932899882987714
2130 0.03482710114870939
2131 0.03472149148323752
2132 0.0346165405545447
2133 0.034512281814990976
2134 0.03440816705487007
2135 0.03430469194022622
2136 0.034200876857227475
2137 0.03409695354512247
2138 0.033993514468011694
2139 0.033889280012216944
2140 0.03378437074720545
2141 0.03367949831694707
2142 0.033574070319406055
2143 0.03346767466407576
2144 0.03336110648297568
2145 0.03325600516900479
2146 0.033151631203178336
2147 0.0330444568650476
2148 0.03293209427509471
2149 0.03281289912803286
2150 0.03268632660542043
2151 0.03255181787312955
2152 0.03240919418741952
2153 0.03225910616417173
2154 0.03210192211739154
2155 0.031940768914461175
2156 0.031776959926139624
2157 0.031611519876020774
2158 0.031445566903719406
2159 0.03127991896823762
2160 0.031116384317913012
2161 0.03095187909620936
2162 0.03078436677441697
2163 0.030611538242167852
2164 0.03043118723550202
2165 0.03024545210508295
2166 0.0300579666484231
2167 0.029871923126694122
2168 0.029688276258989454
2169 0.029512135389177355
2170 0.029350665155232134
2171 0.02920842351986872
2172 0.029089562117527598
2173 0.028999488302797465
2174 0.028941117902712678
2175 0.028913131381679294
2176 0.02891097976117604
2177 0.02893156617889299
2178 0.028969846121411694
2179 0.029019660129130077
2180 0.029077721511358172
2181 0.029140956512662384
2182 0.02920925439665184
2183 0.02927952522911983
2184 0.029348890946843356
2185 0.02941824666141525
2186 0.02948870066813348
2187 0.029560800759068227
2188 0.029632307560016453
2189 0.02970461712780922
2190 0.02977901474441433
2191 0.02985285447431954
2192 0.02992550526170956
2193 0.029996345124280097
2194 0.03006620022318586
2195 0.03013538830854633
2196 0.03020423664098709
2197 0.030272819690888048
2198 0.030340199395873513
2199 0.030408634424738953
2200 0.03047847599164033
2201 0.030552230145989442
2202 0.030631205648426876
2203 0.03071362863747418
2204 0.030799953254305998
2205 0.03089194213763723
2206 0.030990082573526943
2207 0.031093061990253884
2208 0.03120065353910665
2209 0.03131353357340175
2210 0.03143188936383055
2211 0.03155470339791011
2212 0.03168211538124425
2213 0.03181277010823497
2214 0.031945158941210215
2215 0.03207959743404993
2216 0.032215446678253386
2217 0.03235228638736773
2218 0.032488865722694896
2219 0.03262523266506273
2220 0.03276122561251356
2221 0.03289632046518351
2222 0.033030944853114926
2223 0.033164929986380896
2224 0.033297276022635096
2225 0.033427077413305306
2226 0.03355426170657782
2227 0.0336778813534633
2228 0.03379662311489646
2229 0.03390889559928787
2230 0.034014624940169776
2231 0.034113644906747766
2232 0.03420495053164609
2233 0.03428884659889708
2234 0.034365234623259716
2235 0.03443261417792108
2236 0.03448959143335312
2237 0.03453566785993312
2238 0.03457145027383549
2239 0.03459621263277332
2240 0.0346090689971769
2241 0.03461003032723746
2242 0.03460042282293689
2243 0.034581041120685795
2244 0.03455129699089605
2245 0.03451202694432711
2246 0.03446550271077433
2247 0.0344137330757185
2248 0.034356185633501186
2249 0.034292134699867034
2250 0.034222279670341554
2251 0.03414798820531551
2252 0.03406815659754179
2253 0.03398301267582815
2254 0.033892732818366925
2255 0.033797865243502624
2256 0.03370028683095748
2257 0.03359957743652911
2258 0.033497517468721136
2259 0.03339469745019994
2260 0.033291178500809905
2261 0.03318670847209774
2262 0.033082188134465194
2263 0.03297931160371458
2264 0.032876247266174774
2265 0.03277253412911866
2266 0.032668587692521185
2267 0.03256562280992021
2268 0.032462880858202856
2269 0.03235885010432347
2270 0.032252872219139334
2271 0.03214591282224502
2272 0.03203909201237736
2273 0.031931070983693174
2274 0.03182074096426972
2275 0.03170966092464432
2276 0.03159934827663567
2277 0.03148803552577093
2278 0.03137579221833548
2279 0.0312652308202575
2280 0.031156743864311796
2281 0.031048829275942436
2282 0.030940364530987106
2283 0.030832252831926307
2284 0.030723625236521706
2285 0.030614876075115142
2286 0.030507743971062717
2287 0.030401936014632074
2288 0.030298468041808014
2289 0.03019705688550527
2290 0.030098391110039088
2291 0.03000415262497256
2292 0.029914402313143292
2293 0.02983082158641728
2294 0.029755673975425428
2295 0.029690400577218317
2296 0.029634941417616783
2297 0.029589289388685096
2298 0.029553960080703878
2299 0.02952770494336944
2300 0.029509437605730146
2301 0.029499515543351788
2302 0.029498585292079615
2303 0.029505697528163427
2304 0.029519408173075804
2305 0.02954056041024626
2306 0.02957014569327232
2307 0.029608005833407672
2308 0.02965358700847056
2309 0.029704717422078072
2310 0.029760970087962094
2311 0.02982106014292704
2312 0.029885340737273305
2313 0.02995392218922389
2314 0.030023285253634818
2315 0.030093661751060354
2316 0.030164667024965206
2317 0.030237262649366575
2318 0.03031108223185505
2319 0.030385598039839222
2320 0.030463991565843396
2321 0.030547879819161038
2322 0.03063916171540191
2323 0.030739739547456634
2324 0.03085128704857408
2325 0.03097469345326954
2326 0.031111372490135323
2327 0.03126197029323259
2328 0.03142653719439554
2329 0.03160611345749525
2330 0.031799210244997496
2331 0.03200686585745602
2332 0.032229001663727254
2333 0.03246427850001439
2334 0.032712795849951605
2335 0.03297216998135886
2336 0.033240828059423806
2337 0.033518361867724264
2338 0.03380455439923355
2339 0.03409957921788272
2340 0.03440033165143318
2341 0.034704015183752206
2342 0.03500938288003315
2343 0.03531250098073134
2344 0.03560899070724022
2345 0.03589408530256122
2346 0.036165380214089556
2347 0.03642193245257829
2348 0.0366606450951887
2349 0.036881085316062344
2350 0.037084069668602775
2351 0.037269474832345786
2352 0.037438107496007435
2353 0.037590671724632055
2354 0.03772846659255968
2355 0.03785276760622742
2356 0.03796397754319301
2357 0.038063667325407634
2358 0.038151398508805605
2359 0.03822620548975717
2360 0.03828953363205135
2361 0.03834153284998001
2362 0.038381668302493906
2363 0.038409807389332
2364 0.03842642612653835
2365 0.03843336995971632
2366 0.0384311073608062
2367 0.03842198590834761
2368 0.03840752877780432
2369 0.038389022792164024
2370 0.03836832841192558
2371 0.0383460065670516
2372 0.03832205301029789
2373 0.03829535636711937
2374 0.038265995848870166
2375 0.03823446247032503
2376 0.03820199357689641
2377 0.03816936263894886
2378 0.03813718696051241
2379 0.03810545820106121
2380 0.038073949813582274
2381 0.03804324159573426
2382 0.03801407452335302
2383 0.037987488599785915
2384 0.03796502261687099
2385 0.03795003919339124
2386 0.037943459349677494
2387 0.0379461842575911
2388 0.03795884101813157
2389 0.03798199886162955
2390 0.03801610081013288
2391 0.03805914435845981
2392 0.0381128127638905
2393 0.038178170663353925
2394 0.03825366401062804
2395 0.03833799284710268
2396 0.03842950703551251
2397 0.03852860859470439
2398 0.03863320055065195
2399 0.03874178416018931
2400 0.03885515983250896
2401 0.038971543151369414
2402 0.03909018118809258
2403 0.03921110551411211
2404 0.03933509751921408
2405 0.039461740972026954
2406 0.03958909992666458
2407 0.03971881195935344
2408 0.03985056346106651
2409 0.0399827795306597
2410 0.04011578668977019
2411 0.040248178694654996
2412 0.04038022464370689
2413 0.04051184475789797
2414 0.04064211161083854
2415 0.040771529043061965
2416 0.04089911003253363
2417 0.04102411090965746
2418 0.041146428392137877
2419 0.04126664926408731
2420 0.041385273741859706
2421 0.0415031876319039
2422 0.041620458961681615
2423 0.041737548217533955
2424 0.04185485274715527
2425 0.04197177340633379
2426 0.04208855007864461
2427 0.042205260127585464
2428 0.042320208381904346
2429 0.042432374263602954
2430 0.04254282891008066
2431 0.04265197012874187
2432 0.04276026322646207
2433 0.04286766404752431
2434 0.04297482554217341
2435 0.04308180220898204
2436 0.04318830755279239
2437 0.04329303946988263
2438 0.04339361638054203
2439 0.04349009843065473
2440 0.043581629026464105
2441 0.04366748244119437
2442 0.0437449631092591
2443 0.04381205686481208
2444 0.04386670112542404
2445 0.04390602847946949
2446 0.04392705457642425
2447 0.043926537719236165
2448 0.04390331469716118
2449 0.0438552957498879
2450 0.04378021784776373
2451 0.04367625213574669
2452 0.04354231703790543
2453 0.04337707400301491
2454 0.04317821101871514
2455 0.04294647519332147
2456 0.04268398299541561
2457 0.04239182012395946
2458 0.04207073664717297
2459 0.04172243863398296
2460 0.0413518166050069
2461 0.04096434959397025
2462 0.04056536707988937
2463 0.04016073717581081
2464 0.039758944280594934
2465 0.03936866874005929
2466 0.03899869792242304
2467 0.038659171407563094
2468 0.038360317685735175
2469 0.03811345678656648
2470 0.03792931776027765
2471 0.03782100061008281
2472 0.03780290811908268
2473 0.03788802043339504
2474 0.03808787687299852
2475 0.0384147517753579
2476 0.038880660907323866
2477 0.039496100930984775
2478 0.04026985902926851
2479 0.041207989105877585
2480 0.042314236628495074
2481 0.0435871727139597
2482 0.04502421997536144
2483 0.04662029845716126
2484 0.04836427812343851
2485 0.050244299876879624
2486 0.05224580481611577
2487 0.0543482700631811
2488 0.056529288675079885
2489 0.058768310503714144
2490 0.06104526546681803
2491 0.06333902697167587
2492 0.06562466639801136
2493 0.06787415963571153
2494 0.07005796488515349
2495 0.07214682716223038
2496 0.07411152300146932
2497 0.07591959633389572
2498 0.07755462901864114
2499 0.07896414851781786
2500 0.0801151599952198
2501 0.08097744987827768
2502 0.08152449111357368
