0
1
200
0 0.08172598620217211
1 0.08152449111357368
2 0.08097744987827767
3 0.08011515999521981
4 0.07896414851781784
5 0.07755462901864114
6 0.07591959633389572
7 0.07411152300146932
8 0.07214682716223038
9 0.07005796488515348
10 0.06787415963571153
11 0.06562466639801139
12 0.06333902697167586
13 0.06104526546681801
14 0.058768310503714144
15 0.056529288675079885
16 0.05434827006318114
17 0.05224580481611579
18 0.050244299876879624
19 0.04836427812343851
20 0.04662029845716126
21 0.045024219975361456
22 0.043587172713959704
23 0.04231423662849506
24 0.041207989105877606
25 0.0402698590292685
26 0.03949610093098476
27 0.03888066090732387
28 0.03841475177535792
29 0.0380878768729985
30 0.037888020433395043
31 0.03780290811908268
32 0.03782100061008284
33 0.03792931776027766
34 0.038113456786566496
35 0.038360317685735154
36 0.0386591714075631
37 0.03899869792242306
38 0.039368668740059294
39 0.039758944280594975
40 0.040160737175810785
41 0.040565367079889426
42 0.040964349593970266
43 0.041351816605006884
44 0.04172243863398296
45 0.04207073664717298
46 0.04239182012395948
47 0.04268398299541563
48 0.04294647519332148
49 0.043178211018715135
50 0.04337707400301493
51 0.04354231703790541
52 0.04367625213574666
53 0.04378021784776372
54 0.04385529574988792
55 0.043903314697161216
56 0.04392653771923616
57 0.043927054576424276
58 0.04390602847946949
59 0.04386670112542401
60 0.043812056864812064
61 0.04374496310925909
62 0.043667482441194394
63 0.043581629026464126
64 0.04349009843065471
65 0.043393616380542045
66 0.043293039469882624
67 0.04318830755279238
68 0.04308180220898202
69 0.04297482554217341
70 0.04286766404752426
71 0.0427602632264621
72 0.04265197012874187
73 0.04254282891008066
74 0.04243237426360297
75 0.04232020838190432
76 0.04220526012758548
77 0.04208855007864465
78 0.041971773406333776
79 0.04185485274715527
80 0.04173754821753393
81 0.04162045896168161
82 0.04150318763190389
83 0.04138527374185967
84 0.041266649264087324
85 0.04114642839213787
86 0.041024110909657484
87 0.040899110032533596
88 0.040771529043061985
89 0.0406421116108385
90 0.040511844757897965
91 0.04038022464370686
92 0.04024817869465501
93 0.04011578668977017
94 0.03998277953065969
95 0.039850563461066524
96 0.03971881195935341
97 0.039589099926664574
98 0.039461740972026975
99 0.03933509751921409
100 0.03921110551411212
101 0.03909018118809254
102 0.03897154315136939
103 0.038855159832509
104 0.03874178416018925
105 0.038633200550651975
106 0.038528608594704375
107 0.03842950703551258
108 0.03833799284710273
109 0.03825366401062797
110 0.03817817066335403
111 0.03811281276389051
112 0.038059144358459814
113 0.038016100810132895
114 0.037981998861629555
115 0.03795884101813158
116 0.037946184257591144
117 0.03794345934967749
118 0.03795003919339122
119 0.03796502261687089
120 0.037987488599785936
121 0.038014074523353016
122 0.03804324159573422
123 0.038073949813582295
124 0.03810545820106125
125 0.03813718696051241
126 0.0381693626389489
127 0.03820199357689642
128 0.03823446247032498
129 0.038265995848870187
130 0.03829535636711937
131 0.0383220530102979
132 0.03834600656705166
133 0.038368328411925536
134 0.038389022792164065
135 0.03840752877780428
136 0.03842198590834761
137 0.038431107360806196
138 0.03843336995971635
139 0.03842642612653827
140 0.038409807389331994
141 0.03838166830249393
142 0.038341532849980056
143 0.03828953363205135
144 0.03822620548975715
145 0.038151398508805626
146 0.038063667325407634
147 0.03796397754319302
148 0.03785276760622739
149 0.037728466592559705
150 0.03759067172463205
151 0.03743810749600747
152 0.03726947483234578
153 0.037084069668602754
154 0.03688108531606238
155 0.036660645095188724
156 0.03642193245257829
157 0.03616538021408956
158 0.03589408530256128
159 0.03560899070724026
160 0.03531250098073143
161 0.03500938288003307
162 0.03470401518375218
163 0.034400331651433184
164 0.03409957921788266
165 0.0338045543992336
166 0.03351836186772432
167 0.03324082805942383
168 0.03297216998135889
169 0.0327127958499516
170 0.032464278500014376
171 0.0322290016637273
172 0.032006865857456046
173 0.031799210244997475
174 0.03160611345749525
175 0.03142653719439558
176 0.03126197029323264
177 0.031111372490135306
178 0.030974693453269513
179 0.030851287048573997
180 0.030739739547456627
181 0.030639161715401944
182 0.030547879819161083
183 0.030463991565843333
184 0.03038559803983924
185 0.030311082231855014
186 0.030237262649366582
187 0.03016466702496521
188 0.030093661751060336
189 0.03002328525363485
190 0.029953922189223874
191 0.02988534073727328
192 0.029821060142927052
193 0.029760970087962114
194 0.029704717422078072
195 0.029653587008470542
196 0.02960800583340768
197 0.02957014569327232
198 0.029540560410246247
199 0.029519408173075832
