0
1
31
0 0.568254742752424
1 0.568254742752424
2 -0.08491405763116351
3 0.12443870822510772
4 0.08493122788468528
5 0.02473157430746066
6 0.0720621050333846
7 0.014667723747574295
8 0.05497520543734649
9 0.03632230940352774
10 0.026585104188256034
11 0.02195501589178353
12 0.019846057340432214
13 0.018331631247221203
14 0.017229177346940423
15 0.016301738881860352
16 0.015410007160689854
17 0.01477227678314861
18 0.014170761430056937
19 0.013605570025665634
20 0.013119053707992415
21 0.012688469053817868
22 0.012306130650491201
23 0.011949477553112582
24 0.01161773645132566
25 0.011315435385887931
26 0.011019016726965522
27 0.010755422819079617
28 0.010499852016685516
29 0.010253376001954426
30 0.010021095536885072
