0
1
2500
0 -2.315
1 -2.304
2 -2.297
3 -2.288
4 -2.288
5 -2.29
6 -2.281
7 -2.28
8 -2.283
9 -2.28
10 -2.28
11 -2.284
12 -2.286
13 -2.287
14 -2.284
15 -2.284
16 -2.285
17 -2.286
18 -2.288
19 -2.29
20 -2.287
21 -2.285
22 -2.292
23 -2.295
24 -2.288
25 -2.285
26 -2.29
27 -2.295
28 -2.292
29 -2.281
30 -2.279
31 -2.285
32 -2.287
33 -2.285
34 -2.287
35 -2.286
36 -2.283
37 -2.28
38 -2.28
39 -2.281
40 -2.28
41 -2.28
42 -2.28
43 -2.28
44 -2.282
45 -2.28
46 -2.276
47 -2.276
48 -2.275
49 -2.276
50 -2.281
51 -2.277
52 -2.273
53 -2.275
54 -2.276
55 -2.275
56 -2.275
57 -2.275
58 -2.275
59 -2.273
60 -2.271
61 -2.271
62 -2.269
63 -2.267
64 -2.267
65 -2.263
66 -2.261
67 -2.262
68 -2.26
69 -2.26
70 -2.259
71 -2.26
72 -2.263
73 -2.264
74 -2.264
75 -2.262
76 -2.253
77 -2.252
78 -2.26
79 -2.259
80 -2.253
81 -2.255
82 -2.26
83 -2.254
84 -2.248
85 -2.246
86 -2.244
87 -2.245
88 -2.244
89 -2.252
90 -2.268
91 -2.271
92 -2.253
93 -2.241
94 -2.243
95 -2.244
96 -2.237
97 -2.233
98 -2.229
99 -2.228
100 -2.231
101 -2.233
102 -2.236
103 -2.241
104 -2.239
105 -2.23
106 -2.229
107 -2.228
108 -2.225
109 -2.225
110 -2.224
111 -2.222
112 -2.221
113 -2.227
114 -2.227
115 -2.225
116 -2.225
117 -2.225
118 -2.224
119 -2.225
120 -2.228
121 -2.219
122 -2.211
123 -2.208
124 -2.207
125 -2.209
126 -2.209
127 -2.208
128 -2.208
129 -2.208
130 -2.209
131 -2.211
132 -2.209
133 -2.203
134 -2.204
135 -2.208
136 -2.201
137 -2.197
138 -2.198
139 -2.196
140 -2.196
141 -2.197
142 -2.199
143 -2.197
144 -2.192
145 -2.184
146 -2.181
147 -2.181
148 -2.176
149 -2.171
150 -2.167
151 -2.167
152 -2.167
153 -2.167
154 -2.164
155 -2.163
156 -2.162
157 -2.163
158 -2.164
159 -2.159
160 -2.153
161 -2.151
162 -2.15
163 -2.148
164 -2.142
165 -2.139
166 -2.147
167 -2.146
168 -2.134
169 -2.133
170 -2.136
171 -2.135
172 -2.133
173 -2.128
174 -2.117
175 -2.112
176 -2.11
177 -2.106
178 -2.104
179 -2.102
180 -2.099
181 -2.091
182 -2.089
183 -2.095
184 -2.094
185 -2.089
186 -2.083
187 -2.075
188 -2.074
189 -2.071
190 -2.066
191 -2.07
192 -2.066
193 -2.058
194 -2.053
195 -2.051
196 -2.051
197 -2.05
198 -2.048
199 -2.041
200 -2.037
201 -2.035
202 -2.023
203 -2.014
204 -2.015
205 -2.013
206 -2.01
207 -2.006
208 -2.002
209 -2.003
210 -2.001
211 -1.995
212 -1.992
213 -1.986
214 -1.98
215 -1.976
216 -1.973
217 -1.972
218 -1.97
219 -1.964
220 -1.962
221 -1.962
222 -1.962
223 -1.961
224 -1.959
225 -1.959
226 -1.958
227 -1.953
228 -1.951
229 -1.949
230 -1.944
231 -1.943
232 -1.943
233 -1.938
234 -1.938
235 -1.938
236 -1.933
237 -1.931
238 -1.931
239 -1.935
240 -1.933
241 -1.933
242 -1.937
243 -1.933
244 -1.933
245 -1.936
246 -1.944
247 -1.948
248 -1.943
249 -1.934
250 -1.933
251 -1.936
252 -1.933
253 -1.937
254 -1.942
255 -1.948
256 -1.952
257 -1.956
258 -1.961
259 -1.959
260 -1.968
261 -1.976
262 -1.976
263 -1.984
264 -1.99
265 -1.996
266 -2.0
267 -2.005
268 -2.007
269 -2.015
270 -2.023
271 -2.031
272 -2.038
273 -2.039
274 -2.045
275 -2.053
276 -2.055
277 -2.061
278 -2.067
279 -2.077
280 -2.086
281 -2.095
282 -2.11
283 -2.114
284 -2.123
285 -2.133
286 -2.13
287 -2.136
288 -2.144
289 -2.14
290 -2.139
291 -2.146
292 -2.152
293 -2.156
294 -2.16
295 -2.162
296 -2.167
297 -2.175
298 -2.178
299 -2.18
300 -2.191
301 -2.197
302 -2.2
303 -2.203
304 -2.204
305 -2.215
306 -2.216
307 -2.213
308 -2.215
309 -2.217
310 -2.224
311 -2.225
312 -2.229
313 -2.233
314 -2.226
315 -2.224
316 -2.227
317 -2.232
318 -2.239
319 -2.241
320 -2.242
321 -2.244
322 -2.247
323 -2.249
324 -2.253
325 -2.252
326 -2.247
327 -2.244
328 -2.248
329 -2.25
330 -2.248
331 -2.252
332 -2.252
333 -2.253
334 -2.256
335 -2.258
336 -2.257
337 -2.249
338 -2.25
339 -2.259
340 -2.262
341 -2.265
342 -2.264
343 -2.262
344 -2.264
345 -2.264
346 -2.264
347 -2.264
348 -2.262
349 -2.26
350 -2.264
351 -2.267
352 -2.263
353 -2.261
354 -2.26
355 -2.258
356 -2.263
357 -2.263
358 -2.259
359 -2.258
360 -2.261
361 -2.264
362 -2.263
363 -2.257
364 -2.26
365 -2.267
366 -2.26
367 -2.256
368 -2.255
369 -2.251
370 -2.249
371 -2.254
372 -2.257
373 -2.26
374 -2.263
375 -2.256
376 -2.248
377 -2.248
378 -2.256
379 -2.255
380 -2.26
381 -2.271
382 -2.268
383 -2.255
384 -2.25
385 -2.252
386 -2.252
387 -2.251
388 -2.253
389 -2.253
390 -2.255
391 -2.259
392 -2.259
393 -2.26
394 -2.264
395 -2.259
396 -2.252
397 -2.255
398 -2.256
399 -2.252
400 -2.256
401 -2.26
402 -2.259
403 -2.255
404 -2.251
405 -2.251
406 -2.253
407 -2.253
408 -2.255
409 -2.256
410 -2.253
411 -2.255
412 -2.252
413 -2.248
414 -2.249
415 -2.246
416 -2.249
417 -2.253
418 -2.256
419 -2.257
420 -2.255
421 -2.253
422 -2.255
423 -2.261
424 -2.255
425 -2.246
426 -2.248
427 -2.251
428 -2.252
429 -2.253
430 -2.257
431 -2.258
432 -2.257
433 -2.255
434 -2.244
435 -2.236
436 -2.239
437 -2.243
438 -2.244
439 -2.243
440 -2.239
441 -2.237
442 -2.236
443 -2.235
444 -2.24
445 -2.243
446 -2.243
447 -2.248
448 -2.253
449 -2.252
450 -2.245
451 -2.241
452 -2.24
453 -2.241
454 -2.235
455 -2.236
456 -2.245
457 -2.247
458 -2.245
459 -2.241
460 -2.239
461 -2.245
462 -2.245
463 -2.243
464 -2.245
465 -2.241
466 -2.24
467 -2.245
468 -2.242
469 -2.244
470 -2.256
471 -2.256
472 -2.248
473 -2.244
474 -2.242
475 -2.244
476 -2.245
477 -2.245
478 -2.248
479 -2.245
480 -2.241
481 -2.241
482 -2.248
483 -2.252
484 -2.247
485 -2.245
486 -2.244
487 -2.244
488 -2.242
489 -2.244
490 -2.25
491 -2.249
492 -2.248
493 -2.25
494 -2.248
495 -2.248
496 -2.249
497 -2.249
498 -2.249
499 -2.245
500 -2.244
501 -2.249
502 -2.251
503 -2.251
504 -2.247
505 -2.244
506 -2.246
507 -2.247
508 -2.251
509 -2.25
510 -2.248
511 -2.253
512 -2.253
513 -2.251
514 -2.252
515 -2.246
516 -2.242
517 -2.243
518 -2.24
519 -2.251
520 -2.263
521 -2.253
522 -2.244
523 -2.247
524 -2.253
525 -2.256
526 -2.248
527 -2.241
528 -2.246
529 -2.251
530 -2.249
531 -2.247
532 -2.248
533 -2.249
534 -2.245
535 -2.248
536 -2.249
537 -2.249
538 -2.252
539 -2.255
540 -2.254
541 -2.252
542 -2.261
543 -2.264
544 -2.251
545 -2.24
546 -2.237
547 -2.244
548 -2.248
549 -2.249
550 -2.249
551 -2.248
552 -2.249
553 -2.247
554 -2.251
555 -2.256
556 -2.248
557 -2.245
558 -2.251
559 -2.253
560 -2.255
561 -2.256
562 -2.253
563 -2.252
564 -2.255
565 -2.255
566 -2.25
567 -2.249
568 -2.256
569 -2.256
570 -2.253
571 -2.257
572 -2.255
573 -2.253
574 -2.257
575 -2.252
576 -2.249
577 -2.252
578 -2.247
579 -2.248
580 -2.252
581 -2.251
582 -2.251
583 -2.252
584 -2.256
585 -2.26
586 -2.256
587 -2.255
588 -2.259
589 -2.261
590 -2.259
591 -2.252
592 -2.244
593 -2.243
594 -2.252
595 -2.254
596 -2.253
597 -2.252
598 -2.248
599 -2.246
600 -2.246
601 -2.252
602 -2.252
603 -2.251
604 -2.247
605 -2.247
606 -2.248
607 -2.252
608 -2.26
609 -2.253
610 -2.253
611 -2.259
612 -2.263
613 -2.267
614 -2.26
615 -2.255
616 -2.254
617 -2.254
618 -2.252
619 -2.252
620 -2.252
621 -2.255
622 -2.252
623 -2.249
624 -2.248
625 -2.257
626 -2.261
627 -2.248
628 -2.248
629 -2.245
630 -2.244
631 -2.248
632 -2.252
633 -2.253
634 -2.252
635 -2.248
636 -2.244
637 -2.244
638 -2.244
639 -2.246
640 -2.244
641 -2.247
642 -2.252
643 -2.252
644 -2.252
645 -2.259
646 -2.264
647 -2.257
648 -2.257
649 -2.262
650 -2.262
651 -2.259
652 -2.26
653 -2.259
654 -2.252
655 -2.252
656 -2.259
657 -2.256
658 -2.251
659 -2.251
660 -2.252
661 -2.256
662 -2.254
663 -2.248
664 -2.248
665 -2.249
666 -2.251
667 -2.253
668 -2.255
669 -2.256
670 -2.258
671 -2.26
672 -2.26
673 -2.26
674 -2.257
675 -2.253
676 -2.254
677 -2.256
678 -2.257
679 -2.259
680 -2.257
681 -2.257
682 -2.26
683 -2.261
684 -2.262
685 -2.256
686 -2.251
687 -2.256
688 -2.258
689 -2.256
690 -2.257
691 -2.257
692 -2.25
693 -2.244
694 -2.247
695 -2.248
696 -2.254
697 -2.257
698 -2.253
699 -2.252
700 -2.255
701 -2.259
702 -2.26
703 -2.251
704 -2.246
705 -2.253
706 -2.257
707 -2.257
708 -2.253
709 -2.248
710 -2.251
711 -2.255
712 -2.257
713 -2.253
714 -2.249
715 -2.248
716 -2.247
717 -2.251
718 -2.253
719 -2.256
720 -2.256
721 -2.248
722 -2.244
723 -2.247
724 -2.252
725 -2.253
726 -2.249
727 -2.24
728 -2.24
729 -2.246
730 -2.257
731 -2.264
732 -2.255
733 -2.246
734 -2.245
735 -2.248
736 -2.249
737 -2.245
738 -2.241
739 -2.245
740 -2.245
741 -2.24
742 -2.241
743 -2.244
744 -2.251
745 -2.251
746 -2.252
747 -2.255
748 -2.252
749 -2.252
750 -2.255
751 -2.252
752 -2.251
753 -2.251
754 -2.248
755 -2.249
756 -2.252
757 -2.252
758 -2.251
759 -2.255
760 -2.257
761 -2.249
762 -2.249
763 -2.249
764 -2.249
765 -2.249
766 -2.249
767 -2.252
768 -2.253
769 -2.26
770 -2.256
771 -2.254
772 -2.259
773 -2.257
774 -2.252
775 -2.246
776 -2.251
777 -2.253
778 -2.255
779 -2.257
780 -2.253
781 -2.248
782 -2.249
783 -2.252
784 -2.246
785 -2.244
786 -2.241
787 -2.244
788 -2.248
789 -2.244
790 -2.242
791 -2.246
792 -2.248
793 -2.24
794 -2.241
795 -2.247
796 -2.238
797 -2.228
798 -2.223
799 -2.223
800 -2.225
801 -2.223
802 -2.216
803 -2.216
804 -2.218
805 -2.211
806 -2.2
807 -2.197
808 -2.191
809 -2.184
810 -2.18
811 -2.179
812 -2.175
813 -2.169
814 -2.164
815 -2.155
816 -2.147
817 -2.14
818 -2.147
819 -2.154
820 -2.15
821 -2.146
822 -2.147
823 -2.15
824 -2.147
825 -2.143
826 -2.145
827 -2.151
828 -2.151
829 -2.144
830 -2.141
831 -2.139
832 -2.144
833 -2.15
834 -2.149
835 -2.147
836 -2.154
837 -2.162
838 -2.156
839 -2.147
840 -2.139
841 -2.135
842 -2.134
843 -2.13
844 -2.127
845 -2.13
846 -2.135
847 -2.143
848 -2.136
849 -2.119
850 -2.119
851 -2.12
852 -2.119
853 -2.129
854 -2.134
855 -2.135
856 -2.139
857 -2.14
858 -2.145
859 -2.148
860 -2.148
861 -2.149
862 -2.146
863 -2.147
864 -2.146
865 -2.147
866 -2.15
867 -2.151
868 -2.158
869 -2.166
870 -2.171
871 -2.179
872 -2.192
873 -2.2
874 -2.205
875 -2.205
876 -2.209
877 -2.216
878 -2.22
879 -2.22
880 -2.228
881 -2.236
882 -2.237
883 -2.241
884 -2.244
885 -2.253
886 -2.254
887 -2.258
888 -2.267
889 -2.264
890 -2.265
891 -2.273
892 -2.276
893 -2.277
894 -2.286
895 -2.292
896 -2.294
897 -2.288
898 -2.288
899 -2.295
900 -2.293
901 -2.292
902 -2.291
903 -2.297
904 -2.295
905 -2.293
906 -2.289
907 -2.292
908 -2.297
909 -2.291
910 -2.293
911 -2.297
912 -2.299
913 -2.3
914 -2.302
915 -2.302
916 -2.3
917 -2.304
918 -2.307
919 -2.306
920 -2.304
921 -2.304
922 -2.301
923 -2.297
924 -2.306
925 -2.316
926 -2.311
927 -2.306
928 -2.306
929 -2.305
930 -2.308
931 -2.309
932 -2.308
933 -2.297
934 -2.292
935 -2.295
936 -2.294
937 -2.296
938 -2.303
939 -2.31
940 -2.309
941 -2.305
942 -2.303
943 -2.304
944 -2.307
945 -2.308
946 -2.308
947 -2.307
948 -2.309
949 -2.313
950 -2.316
951 -2.317
952 -2.313
953 -2.313
954 -2.318
955 -2.32
956 -2.329
957 -2.337
958 -2.347
959 -2.361
960 -2.37
961 -2.382
962 -2.393
963 -2.401
964 -2.416
965 -2.442
966 -2.456
967 -2.463
968 -2.47
969 -2.471
970 -2.473
971 -2.465
972 -2.457
973 -2.45
974 -2.442
975 -2.447
976 -2.441
977 -2.419
978 -2.392
979 -2.358
980 -2.32
981 -2.28
982 -2.245
983 -2.203
984 -2.155
985 -2.107
986 -2.049
987 -1.974
988 -1.885
989 -1.802
990 -1.728
991 -1.667
992 -1.632
993 -1.608
994 -1.574
995 -1.548
996 -1.525
997 -1.488
998 -1.447
999 -1.397
1000 -1.353
1001 -1.317
1002 -1.286
1003 -1.262
1004 -1.246
1005 -1.244
1006 -1.245
1007 -1.249
1008 -1.26
1009 -1.289
1010 -1.327
1011 -1.373
1012 -1.428
1013 -1.484
1014 -1.567
1015 -1.668
1016 -1.772
1017 -1.863
1018 -1.942
1019 -2.01
1020 -2.058
1021 -2.101
1022 -2.14
1023 -2.176
1024 -2.207
1025 -2.228
1026 -2.244
1027 -2.267
1028 -2.289
1029 -2.297
1030 -2.308
1031 -2.328
1032 -2.342
1033 -2.343
1034 -2.342
1035 -2.333
1036 -2.322
1037 -2.321
1038 -2.31
1039 -2.296
1040 -2.291
1041 -2.281
1042 -2.274
1043 -2.277
1044 -2.273
1045 -2.267
1046 -2.264
1047 -2.257
1048 -2.255
1049 -2.249
1050 -2.243
1051 -2.241
1052 -2.236
1053 -2.23
1054 -2.228
1055 -2.231
1056 -2.235
1057 -2.242
1058 -2.251
1059 -2.248
1060 -2.234
1061 -2.236
1062 -2.243
1063 -2.238
1064 -2.241
1065 -2.244
1066 -2.245
1067 -2.248
1068 -2.246
1069 -2.248
1070 -2.249
1071 -2.248
1072 -2.247
1073 -2.244
1074 -2.245
1075 -2.248
1076 -2.252
1077 -2.252
1078 -2.251
1079 -2.252
1080 -2.248
1081 -2.248
1082 -2.256
1083 -2.257
1084 -2.245
1085 -2.244
1086 -2.249
1087 -2.252
1088 -2.25
1089 -2.245
1090 -2.243
1091 -2.237
1092 -2.237
1093 -2.236
1094 -2.232
1095 -2.232
1096 -2.233
1097 -2.235
1098 -2.238
1099 -2.245
1100 -2.241
1101 -2.233
1102 -2.233
1103 -2.233
1104 -2.241
1105 -2.248
1106 -2.243
1107 -2.235
1108 -2.232
1109 -2.236
1110 -2.239
1111 -2.236
1112 -2.236
1113 -2.24
1114 -2.238
1115 -2.237
1116 -2.235
1117 -2.233
1118 -2.232
1119 -2.231
1120 -2.229
1121 -2.223
1122 -2.227
1123 -2.227
1124 -2.22
1125 -2.222
1126 -2.224
1127 -2.221
1128 -2.22
1129 -2.219
1130 -2.22
1131 -2.22
1132 -2.218
1133 -2.216
1134 -2.216
1135 -2.216
1136 -2.208
1137 -2.2
1138 -2.201
1139 -2.208
1140 -2.216
1141 -2.22
1142 -2.221
1143 -2.219
1144 -2.209
1145 -2.204
1146 -2.206
1147 -2.212
1148 -2.22
1149 -2.219
1150 -2.211
1151 -2.212
1152 -2.208
1153 -2.204
1154 -2.207
1155 -2.195
1156 -2.188
1157 -2.192
1158 -2.193
1159 -2.202
1160 -2.2
1161 -2.187
1162 -2.192
1163 -2.193
1164 -2.191
1165 -2.192
1166 -2.188
1167 -2.191
1168 -2.192
1169 -2.188
1170 -2.183
1171 -2.178
1172 -2.176
1173 -2.179
1174 -2.181
1175 -2.179
1176 -2.178
1177 -2.18
1178 -2.179
1179 -2.178
1180 -2.172
1181 -2.168
1182 -2.171
1183 -2.172
1184 -2.164
1185 -2.158
1186 -2.16
1187 -2.16
1188 -2.16
1189 -2.166
1190 -2.168
1191 -2.164
1192 -2.161
1193 -2.156
1194 -2.155
1195 -2.155
1196 -2.155
1197 -2.149
1198 -2.143
1199 -2.143
1200 -2.142
1201 -2.144
1202 -2.148
1203 -2.143
1204 -2.137
1205 -2.136
1206 -2.135
1207 -2.134
1208 -2.134
1209 -2.13
1210 -2.127
1211 -2.123
1212 -2.12
1213 -2.119
1214 -2.115
1215 -2.113
1216 -2.111
1217 -2.113
1218 -2.111
1219 -2.103
1220 -2.107
1221 -2.102
1222 -2.09
1223 -2.089
1224 -2.089
1225 -2.083
1226 -2.079
1227 -2.074
1228 -2.07
1229 -2.066
1230 -2.064
1231 -2.059
1232 -2.053
1233 -2.052
1234 -2.05
1235 -2.047
1236 -2.043
1237 -2.042
1238 -2.041
1239 -2.03
1240 -2.022
1241 -2.028
1242 -2.031
1243 -2.023
1244 -2.014
1245 -2.013
1246 -2.014
1247 -2.012
1248 -2.009
1249 -2.008
1250 -2.005
1251 -1.999
1252 -1.996
1253 -1.995
1254 -1.993
1255 -1.993
1256 -1.989
1257 -1.98
1258 -1.979
1259 -1.975
1260 -1.967
1261 -1.962
1262 -1.96
1263 -1.96
1264 -1.958
1265 -1.958
1266 -1.954
1267 -1.947
1268 -1.943
1269 -1.938
1270 -1.938
1271 -1.938
1272 -1.938
1273 -1.938
1274 -1.935
1275 -1.935
1276 -1.935
1277 -1.937
1278 -1.937
1279 -1.932
1280 -1.931
1281 -1.93
1282 -1.927
1283 -1.927
1284 -1.922
1285 -1.916
1286 -1.913
1287 -1.911
1288 -1.913
1289 -1.92
1290 -1.923
1291 -1.923
1292 -1.925
1293 -1.925
1294 -1.922
1295 -1.919
1296 -1.921
1297 -1.927
1298 -1.929
1299 -1.933
1300 -1.94
1301 -1.944
1302 -1.949
1303 -1.951
1304 -1.958
1305 -1.963
1306 -1.966
1307 -1.972
1308 -1.978
1309 -1.984
1310 -1.99
1311 -1.996
1312 -1.997
1313 -2.0
1314 -2.006
1315 -2.014
1316 -2.024
1317 -2.026
1318 -2.034
1319 -2.05
1320 -2.056
1321 -2.061
1322 -2.064
1323 -2.066
1324 -2.075
1325 -2.084
1326 -2.09
1327 -2.087
1328 -2.094
1329 -2.105
1330 -2.112
1331 -2.119
1332 -2.127
1333 -2.13
1334 -2.135
1335 -2.142
1336 -2.148
1337 -2.158
1338 -2.168
1339 -2.176
1340 -2.179
1341 -2.179
1342 -2.179
1343 -2.186
1344 -2.191
1345 -2.192
1346 -2.196
1347 -2.198
1348 -2.199
1349 -2.203
1350 -2.209
1351 -2.213
1352 -2.207
1353 -2.212
1354 -2.223
1355 -2.227
1356 -2.226
1357 -2.221
1358 -2.226
1359 -2.232
1360 -2.239
1361 -2.236
1362 -2.235
1363 -2.24
1364 -2.242
1365 -2.244
1366 -2.245
1367 -2.246
1368 -2.249
1369 -2.254
1370 -2.258
1371 -2.257
1372 -2.263
1373 -2.272
1374 -2.272
1375 -2.263
1376 -2.256
1377 -2.263
1378 -2.262
1379 -2.259
1380 -2.26
1381 -2.263
1382 -2.269
1383 -2.264
1384 -2.263
1385 -2.267
1386 -2.269
1387 -2.271
1388 -2.272
1389 -2.269
1390 -2.268
1391 -2.268
1392 -2.267
1393 -2.269
1394 -2.272
1395 -2.271
1396 -2.272
1397 -2.272
1398 -2.27
1399 -2.272
1400 -2.272
1401 -2.276
1402 -2.271
1403 -2.264
1404 -2.264
1405 -2.269
1406 -2.274
1407 -2.275
1408 -2.276
1409 -2.278
1410 -2.278
1411 -2.276
1412 -2.277
1413 -2.279
1414 -2.277
1415 -2.277
1416 -2.279
1417 -2.276
1418 -2.272
1419 -2.276
1420 -2.28
1421 -2.283
1422 -2.282
1423 -2.28
1424 -2.279
1425 -2.275
1426 -2.275
1427 -2.275
1428 -2.279
1429 -2.281
1430 -2.276
1431 -2.276
1432 -2.276
1433 -2.272
1434 -2.27
1435 -2.269
1436 -2.274
1437 -2.277
1438 -2.277
1439 -2.277
1440 -2.277
1441 -2.283
1442 -2.289
1443 -2.283
1444 -2.272
1445 -2.272
1446 -2.274
1447 -2.272
1448 -2.275
1449 -2.276
1450 -2.272
1451 -2.268
1452 -2.271
1453 -2.28
1454 -2.276
1455 -2.272
1456 -2.275
1457 -2.277
1458 -2.28
1459 -2.279
1460 -2.275
1461 -2.278
1462 -2.282
1463 -2.276
1464 -2.268
1465 -2.275
1466 -2.284
1467 -2.284
1468 -2.28
1469 -2.276
1470 -2.271
1471 -2.265
1472 -2.269
1473 -2.271
1474 -2.272
1475 -2.276
1476 -2.279
1477 -2.28
1478 -2.281
1479 -2.28
1480 -2.282
1481 -2.283
1482 -2.283
1483 -2.28
1484 -2.277
1485 -2.275
1486 -2.27
1487 -2.271
1488 -2.273
1489 -2.274
1490 -2.276
1491 -2.276
1492 -2.272
1493 -2.273
1494 -2.274
1495 -2.27
1496 -2.273
1497 -2.276
1498 -2.273
1499 -2.273
1500 -2.276
1501 -2.278
1502 -2.28
1503 -2.287
1504 -2.29
1505 -2.284
1506 -2.285
1507 -2.286
1508 -2.281
1509 -2.279
1510 -2.279
1511 -2.278
1512 -2.276
1513 -2.276
1514 -2.278
1515 -2.277
1516 -2.279
1517 -2.281
1518 -2.281
1519 -2.283
1520 -2.284
1521 -2.283
1522 -2.281
1523 -2.281
1524 -2.28
1525 -2.284
1526 -2.287
1527 -2.281
1528 -2.282
1529 -2.283
1530 -2.284
1531 -2.288
1532 -2.289
1533 -2.291
1534 -2.289
1535 -2.291
1536 -2.288
1537 -2.283
1538 -2.281
1539 -2.283
1540 -2.285
1541 -2.284
1542 -2.285
1543 -2.284
1544 -2.285
1545 -2.289
1546 -2.285
1547 -2.285
1548 -2.291
1549 -2.294
1550 -2.296
1551 -2.299
1552 -2.303
1553 -2.297
1554 -2.293
1555 -2.296
1556 -2.298
1557 -2.296
1558 -2.289
1559 -2.291
1560 -2.293
1561 -2.291
1562 -2.292
1563 -2.296
1564 -2.297
1565 -2.297
1566 -2.296
1567 -2.296
1568 -2.297
1569 -2.296
1570 -2.294
1571 -2.293
1572 -2.297
1573 -2.3
1574 -2.304
1575 -2.302
1576 -2.297
1577 -2.3
1578 -2.303
1579 -2.304
1580 -2.303
1581 -2.3
1582 -2.303
1583 -2.3
1584 -2.297
1585 -2.303
1586 -2.306
1587 -2.311
1588 -2.304
1589 -2.293
1590 -2.298
1591 -2.3
1592 -2.3
1593 -2.305
1594 -2.307
1595 -2.307
1596 -2.308
1597 -2.308
1598 -2.311
1599 -2.312
1600 -2.311
1601 -2.311
1602 -2.305
1603 -2.3
1604 -2.302
1605 -2.305
1606 -2.312
1607 -2.313
1608 -2.309
1609 -2.311
1610 -2.307
1611 -2.308
1612 -2.311
1613 -2.311
1614 -2.312
1615 -2.313
1616 -2.309
1617 -2.305
1618 -2.308
1619 -2.313
1620 -2.313
1621 -2.313
1622 -2.311
1623 -2.308
1624 -2.31
1625 -2.313
1626 -2.321
1627 -2.32
1628 -2.315
1629 -2.318
1630 -2.318
1631 -2.318
1632 -2.321
1633 -2.325
1634 -2.322
1635 -2.318
1636 -2.321
1637 -2.319
1638 -2.321
1639 -2.321
1640 -2.316
1641 -2.317
1642 -2.32
1643 -2.319
1644 -2.318
1645 -2.319
1646 -2.319
1647 -2.32
1648 -2.322
1649 -2.325
1650 -2.329
1651 -2.328
1652 -2.322
1653 -2.316
1654 -2.315
1655 -2.323
1656 -2.328
1657 -2.325
1658 -2.32
1659 -2.32
1660 -2.317
1661 -2.317
1662 -2.318
1663 -2.319
1664 -2.317
1665 -2.313
1666 -2.313
1667 -2.312
1668 -2.315
1669 -2.321
1670 -2.323
1671 -2.325
1672 -2.325
1673 -2.326
1674 -2.33
1675 -2.328
1676 -2.324
1677 -2.326
1678 -2.33
1679 -2.33
1680 -2.328
1681 -2.328
1682 -2.327
1683 -2.333
1684 -2.34
1685 -2.334
1686 -2.33
1687 -2.328
1688 -2.325
1689 -2.326
1690 -2.329
1691 -2.33
1692 -2.33
1693 -2.326
1694 -2.322
1695 -2.325
1696 -2.329
1697 -2.33
1698 -2.333
1699 -2.332
1700 -2.328
1701 -2.334
1702 -2.341
1703 -2.338
1704 -2.329
1705 -2.329
1706 -2.326
1707 -2.317
1708 -2.321
1709 -2.325
1710 -2.326
1711 -2.327
1712 -2.329
1713 -2.33
1714 -2.332
1715 -2.333
1716 -2.331
1717 -2.333
1718 -2.336
1719 -2.34
1720 -2.342
1721 -2.34
1722 -2.34
1723 -2.34
1724 -2.338
1725 -2.342
1726 -2.349
1727 -2.341
1728 -2.329
1729 -2.33
1730 -2.333
1731 -2.334
1732 -2.336
1733 -2.333
1734 -2.337
1735 -2.341
1736 -2.34
1737 -2.342
1738 -2.345
1739 -2.341
1740 -2.341
1741 -2.341
1742 -2.337
1743 -2.325
1744 -2.328
1745 -2.339
1746 -2.34
1747 -2.342
1748 -2.345
1749 -2.342
1750 -2.338
1751 -2.337
1752 -2.338
1753 -2.338
1754 -2.335
1755 -2.333
1756 -2.334
1757 -2.341
1758 -2.35
1759 -2.341
1760 -2.335
1761 -2.334
1762 -2.334
1763 -2.342
1764 -2.351
1765 -2.349
1766 -2.338
1767 -2.339
1768 -2.342
1769 -2.345
1770 -2.344
1771 -2.339
1772 -2.341
1773 -2.343
1774 -2.343
1775 -2.341
1776 -2.344
1777 -2.349
1778 -2.35
1779 -2.345
1780 -2.341
1781 -2.344
1782 -2.345
1783 -2.346
1784 -2.345
1785 -2.341
1786 -2.343
1787 -2.344
1788 -2.344
1789 -2.346
1790 -2.348
1791 -2.349
1792 -2.345
1793 -2.345
1794 -2.349
1795 -2.352
1796 -2.35
1797 -2.349
1798 -2.349
1799 -2.346
1800 -2.348
1801 -2.346
1802 -2.348
1803 -2.353
1804 -2.348
1805 -2.344
1806 -2.337
1807 -2.336
1808 -2.338
1809 -2.333
1810 -2.328
1811 -2.325
1812 -2.325
1813 -2.324
1814 -2.324
1815 -2.317
1816 -2.305
1817 -2.299
1818 -2.3
1819 -2.293
1820 -2.286
1821 -2.286
1822 -2.286
1823 -2.283
1824 -2.276
1825 -2.269
1826 -2.261
1827 -2.263
1828 -2.265
1829 -2.262
1830 -2.257
1831 -2.251
1832 -2.249
1833 -2.248
1834 -2.243
1835 -2.241
1836 -2.24
1837 -2.236
1838 -2.24
1839 -2.244
1840 -2.242
1841 -2.237
1842 -2.236
1843 -2.235
1844 -2.237
1845 -2.24
1846 -2.239
1847 -2.245
1848 -2.257
1849 -2.259
1850 -2.253
1851 -2.256
1852 -2.257
1853 -2.256
1854 -2.252
1855 -2.248
1856 -2.24
1857 -2.231
1858 -2.228
1859 -2.235
1860 -2.24
1861 -2.24
1862 -2.241
1863 -2.236
1864 -2.229
1865 -2.228
1866 -2.232
1867 -2.233
1868 -2.232
1869 -2.232
1870 -2.242
1871 -2.253
1872 -2.256
1873 -2.257
1874 -2.256
1875 -2.258
1876 -2.256
1877 -2.256
1878 -2.255
1879 -2.255
1880 -2.264
1881 -2.264
1882 -2.261
1883 -2.256
1884 -2.261
1885 -2.276
1886 -2.288
1887 -2.295
1888 -2.301
1889 -2.305
1890 -2.313
1891 -2.32
1892 -2.324
1893 -2.324
1894 -2.325
1895 -2.333
1896 -2.335
1897 -2.34
1898 -2.349
1899 -2.357
1900 -2.359
1901 -2.364
1902 -2.375
1903 -2.381
1904 -2.381
1905 -2.381
1906 -2.384
1907 -2.386
1908 -2.39
1909 -2.392
1910 -2.396
1911 -2.395
1912 -2.392
1913 -2.397
1914 -2.401
1915 -2.405
1916 -2.402
1917 -2.398
1918 -2.4
1919 -2.404
1920 -2.413
1921 -2.413
1922 -2.404
1923 -2.401
1924 -2.405
1925 -2.403
1926 -2.404
1927 -2.409
1928 -2.412
1929 -2.409
1930 -2.405
1931 -2.41
1932 -2.413
1933 -2.411
1934 -2.404
1935 -2.403
1936 -2.406
1937 -2.406
1938 -2.408
1939 -2.409
1940 -2.409
1941 -2.408
1942 -2.411
1943 -2.414
1944 -2.412
1945 -2.412
1946 -2.417
1947 -2.416
1948 -2.414
1949 -2.416
1950 -2.417
1951 -2.414
1952 -2.413
1953 -2.415
1954 -2.417
1955 -2.423
1956 -2.425
1957 -2.417
1958 -2.412
1959 -2.41
1960 -2.413
1961 -2.417
1962 -2.417
1963 -2.416
1964 -2.416
1965 -2.419
1966 -2.424
1967 -2.425
1968 -2.426
1969 -2.434
1970 -2.442
1971 -2.45
1972 -2.459
1973 -2.47
1974 -2.486
1975 -2.498
1976 -2.505
1977 -2.518
1978 -2.539
1979 -2.55
1980 -2.548
1981 -2.555
1982 -2.565
1983 -2.571
1984 -2.576
1985 -2.571
1986 -2.563
1987 -2.554
1988 -2.545
1989 -2.546
1990 -2.543
1991 -2.529
1992 -2.499
1993 -2.462
1994 -2.423
1995 -2.378
1996 -2.342
1997 -2.298
1998 -2.25
1999 -2.197
2000 -2.146
2001 -2.087
2002 -2.002
2003 -1.921
2004 -1.848
2005 -1.788
2006 -1.754
2007 -1.729
2008 -1.694
2009 -1.665
2010 -1.637
2011 -1.595
2012 -1.554
2013 -1.51
2014 -1.464
2015 -1.418
2016 -1.401
2017 -1.39
2018 -1.371
2019 -1.361
2020 -1.355
2021 -1.366
2022 -1.379
2023 -1.403
2024 -1.44
2025 -1.485
2026 -1.542
2027 -1.601
2028 -1.688
2029 -1.791
2030 -1.901
2031 -2.002
2032 -2.074
2033 -2.131
2034 -2.187
2035 -2.239
2036 -2.269
2037 -2.301
2038 -2.337
2039 -2.357
2040 -2.376
2041 -2.401
2042 -2.422
2043 -2.433
2044 -2.441
2045 -2.454
2046 -2.466
2047 -2.462
2048 -2.458
2049 -2.456
2050 -2.449
2051 -2.44
2052 -2.429
2053 -2.417
2054 -2.403
2055 -2.395
2056 -2.394
2057 -2.389
2058 -2.381
2059 -2.378
2060 -2.376
2061 -2.37
2062 -2.37
2063 -2.373
2064 -2.362
2065 -2.349
2066 -2.346
2067 -2.349
2068 -2.349
2069 -2.351
2070 -2.353
2071 -2.353
2072 -2.353
2073 -2.357
2074 -2.365
2075 -2.365
2076 -2.356
2077 -2.348
2078 -2.349
2079 -2.352
2080 -2.355
2081 -2.357
2082 -2.357
2083 -2.358
2084 -2.356
2085 -2.356
2086 -2.361
2087 -2.358
2088 -2.356
2089 -2.359
2090 -2.36
2091 -2.36
2092 -2.359
2093 -2.366
2094 -2.365
2095 -2.354
2096 -2.345
2097 -2.347
2098 -2.353
2099 -2.353
2100 -2.349
2101 -2.348
2102 -2.35
2103 -2.352
2104 -2.356
2105 -2.358
2106 -2.36
2107 -2.365
2108 -2.364
2109 -2.356
2110 -2.349
2111 -2.348
2112 -2.348
2113 -2.345
2114 -2.342
2115 -2.343
2116 -2.345
2117 -2.346
2118 -2.345
2119 -2.343
2120 -2.342
2121 -2.344
2122 -2.344
2123 -2.342
2124 -2.344
2125 -2.344
2126 -2.345
2127 -2.345
2128 -2.338
2129 -2.338
2130 -2.343
2131 -2.345
2132 -2.341
2133 -2.34
2134 -2.341
2135 -2.34
2136 -2.342
2137 -2.337
2138 -2.333
2139 -2.33
2140 -2.332
2141 -2.333
2142 -2.336
2143 -2.345
2144 -2.34
2145 -2.33
2146 -2.331
2147 -2.333
2148 -2.333
2149 -2.33
2150 -2.324
2151 -2.325
2152 -2.324
2153 -2.319
2154 -2.32
2155 -2.322
2156 -2.321
2157 -2.32
2158 -2.322
2159 -2.32
2160 -2.317
2161 -2.318
2162 -2.322
2163 -2.327
2164 -2.326
2165 -2.325
2166 -2.326
2167 -2.323
2168 -2.313
2169 -2.304
2170 -2.305
2171 -2.308
2172 -2.308
2173 -2.307
2174 -2.301
2175 -2.3
2176 -2.304
2177 -2.301
2178 -2.294
2179 -2.293
2180 -2.294
2181 -2.292
2182 -2.291
2183 -2.291
2184 -2.292
2185 -2.291
2186 -2.29
2187 -2.289
2188 -2.288
2189 -2.289
2190 -2.288
2191 -2.285
2192 -2.284
2193 -2.284
2194 -2.28
2195 -2.279
2196 -2.276
2197 -2.275
2198 -2.275
2199 -2.271
2200 -2.268
2201 -2.265
2202 -2.266
2203 -2.267
2204 -2.272
2205 -2.276
2206 -2.265
2207 -2.256
2208 -2.257
2209 -2.26
2210 -2.262
2211 -2.26
2212 -2.256
2213 -2.253
2214 -2.251
2215 -2.24
2216 -2.232
2217 -2.239
2218 -2.24
2219 -2.241
2220 -2.238
2221 -2.228
2222 -2.231
2223 -2.234
2224 -2.231
2225 -2.222
2226 -2.219
2227 -2.219
2228 -2.217
2229 -2.217
2230 -2.212
2231 -2.207
2232 -2.208
2233 -2.208
2234 -2.204
2235 -2.196
2236 -2.191
2237 -2.191
2238 -2.19
2239 -2.184
2240 -2.179
2241 -2.177
2242 -2.175
2243 -2.173
2244 -2.171
2245 -2.166
2246 -2.163
2247 -2.159
2248 -2.153
2249 -2.151
2250 -2.15
2251 -2.148
2252 -2.146
2253 -2.139
2254 -2.134
2255 -2.131
2256 -2.127
2257 -2.123
2258 -2.118
2259 -2.119
2260 -2.115
2261 -2.106
2262 -2.107
2263 -2.106
2264 -2.1
2265 -2.094
2266 -2.089
2267 -2.09
2268 -2.088
2269 -2.078
2270 -2.075
2271 -2.074
2272 -2.072
2273 -2.071
2274 -2.068
2275 -2.067
2276 -2.068
2277 -2.067
2278 -2.062
2279 -2.054
2280 -2.049
2281 -2.053
2282 -2.05
2283 -2.042
2284 -2.037
2285 -2.037
2286 -2.035
2287 -2.03
2288 -2.027
2289 -2.026
2290 -2.026
2291 -2.025
2292 -2.021
2293 -2.02
2294 -2.015
2295 -2.011
2296 -2.014
2297 -2.016
2298 -2.014
2299 -2.014
2300 -2.014
2301 -2.013
2302 -2.014
2303 -2.009
2304 -2.006
2305 -2.011
2306 -2.01
2307 -2.01
2308 -2.008
2309 -2.009
2310 -2.017
2311 -2.027
2312 -2.027
2313 -2.017
2314 -2.018
2315 -2.026
2316 -2.03
2317 -2.034
2318 -2.043
2319 -2.051
2320 -2.053
2321 -2.055
2322 -2.065
2323 -2.073
2324 -2.08
2325 -2.085
2326 -2.089
2327 -2.095
2328 -2.101
2329 -2.103
2330 -2.107
2331 -2.115
2332 -2.123
2333 -2.134
2334 -2.148
2335 -2.158
2336 -2.144
2337 -2.139
2338 -2.156
2339 -2.168
2340 -2.177
2341 -2.188
2342 -2.195
2343 -2.201
2344 -2.203
2345 -2.206
2346 -2.216
2347 -2.224
2348 -2.229
2349 -2.233
2350 -2.24
2351 -2.245
2352 -2.251
2353 -2.252
2354 -2.252
2355 -2.255
2356 -2.261
2357 -2.268
2358 -2.275
2359 -2.28
2360 -2.283
2361 -2.284
2362 -2.288
2363 -2.293
2364 -2.297
2365 -2.303
2366 -2.301
2367 -2.305
2368 -2.311
2369 -2.309
2370 -2.313
2371 -2.325
2372 -2.328
2373 -2.318
2374 -2.321
2375 -2.325
2376 -2.328
2377 -2.33
2378 -2.33
2379 -2.329
2380 -2.328
2381 -2.33
2382 -2.335
2383 -2.333
2384 -2.338
2385 -2.341
2386 -2.336
2387 -2.337
2388 -2.34
2389 -2.345
2390 -2.345
2391 -2.345
2392 -2.344
2393 -2.344
2394 -2.35
2395 -2.353
2396 -2.349
2397 -2.35
2398 -2.357
2399 -2.353
2400 -2.349
2401 -2.348
2402 -2.344
2403 -2.346
2404 -2.353
2405 -2.358
2406 -2.357
2407 -2.356
2408 -2.354
2409 -2.352
2410 -2.353
2411 -2.355
2412 -2.359
2413 -2.36
2414 -2.36
2415 -2.358
2416 -2.357
2417 -2.362
2418 -2.364
2419 -2.354
2420 -2.353
2421 -2.357
2422 -2.354
2423 -2.347
2424 -2.348
2425 -2.358
2426 -2.364
2427 -2.365
2428 -2.358
2429 -2.355
2430 -2.362
2431 -2.366
2432 -2.36
2433 -2.358
2434 -2.362
2435 -2.36
2436 -2.356
2437 -2.353
2438 -2.357
2439 -2.357
2440 -2.353
2441 -2.355
2442 -2.355
2443 -2.357
2444 -2.362
2445 -2.361
2446 -2.353
2447 -2.353
2448 -2.357
2449 -2.36
2450 -2.356
2451 -2.353
2452 -2.355
2453 -2.357
2454 -2.357
2455 -2.356
2456 -2.354
2457 -2.353
2458 -2.353
2459 -2.354
2460 -2.354
2461 -2.35
2462 -2.346
2463 -2.349
2464 -2.356
2465 -2.355
2466 -2.356
2467 -2.36
2468 -2.355
2469 -2.353
2470 -2.353
2471 -2.348
2472 -2.349
2473 -2.354
2474 -2.353
2475 -2.351
2476 -2.352
2477 -2.347
2478 -2.342
2479 -2.343
2480 -2.345
2481 -2.348
2482 -2.35
2483 -2.349
2484 -2.347
2485 -2.35
2486 -2.35
2487 -2.353
2488 -2.353
2489 -2.346
2490 -2.347
2491 -2.352
2492 -2.349
2493 -2.345
2494 -2.346
2495 -2.35
2496 -2.35
2497 -2.345
2498 -2.344
2499 -2.348
