0
1
2506
-3 -0.029330391259400457
-2 -0.18254492590348534
-1 -0.5398430138265344
0 -3.3155636527720733
1 -3.6588000613664855
2 -3.8006854322865258
3 -3.8174227493245008
4 -3.8151279608549657
5 -3.8154226046223223
6 -3.8048239922961047
7 -3.8026295877026812
8 -3.805090639716687
9 -3.8020647629701894
10 -3.8025506744012674
11 -3.807527574231819
12 -3.8104643018337905
13 -3.811787252391863
14 -3.8086040252282407
15 -3.808477804259477
16 -3.8098042633210936
17 -3.8115248127040746
18 -3.814231066604975
19 -3.8165114872413395
20 -3.8135583583768313
21 -3.8120450017344045
22 -3.8199245896605283
23 -3.8232187111615854
24 -3.815651643339532
25 -3.812322883886572
26 -3.817868477305811
27 -3.823136426665735
28 -3.81884500556252
29 -3.805688905510074
30 -3.8024872035642336
31 -3.808813367231213
32 -3.8116801046508226
33 -3.810166748008395
34 -3.81207443306504
35 -3.8104138610648546
36 -3.806314904516372
37 -3.802263493728091
38 -3.8016764626662893
39 -3.8024850292608052
40 -3.8014017136157072
41 -3.801338603131325
42 -3.8013921770018455
43 -3.8015057282551625
44 -3.8033313669088087
45 -3.8006093101908762
46 -3.795578836489805
47 -3.7948278134057523
48 -3.793772732200281
49 -3.795225174137809
50 -3.8004552151351385
51 -3.796008639394283
52 -3.7912967139076006
53 -3.7929647640512703
54 -3.794003804346857
55 -3.793040306158247
56 -3.7929518562429716
57 -3.7927404557696236
58 -3.7922859118797563
59 -3.7895511854463777
60 -3.7866839718410636
61 -3.7858002234922243
62 -3.7828823310251245
63 -3.7798572908169827
64 -3.7786768251811043
65 -3.7734505157308647
66 -3.770428608624309
67 -3.770732190560022
68 -3.7682501441570233
69 -3.7679312205406763
70 -3.76697749705878
71 -3.768527788216338
72 -3.7723455922019626
73 -3.7738167319652556
74 -3.7732645769482103
75 -3.769611702306941
76 -3.758877570490951
77 -3.757248127939125
78 -3.7655450871471325
79 -3.7646700388737973
80 -3.7583972109844863
81 -3.7602041518123666
82 -3.7647524456294494
83 -3.7572963944046327
84 -3.749095586298932
85 -3.7451774992209423
86 -3.7421844400488236
87 -3.743444518215367
88 -3.7445768396455383
89 -3.7565088221991094
90 -3.7760124557094885
91 -3.7790507640785806
92 -3.757364934553827
93 -3.7408688403168346
94 -3.7398984524385392
95 -3.7389863538170207
96 -3.72982507984055
97 -3.7233867999041146
98 -3.717586367200373
99 -3.716048507665408
100 -3.719749627296131
101 -3.7232667443547744
102 -3.7278891452949723
103 -3.7336054731253383
104 -3.730731856007749
105 -3.719732749847889
106 -3.716717945482861
107 -3.7142649700578447
108 -3.7102384225147533
109 -3.709395578320987
110 -3.7076845655518675
111 -3.7053346309188444
112 -3.7046618219069547
113 -3.7114294843463957
114 -3.711956675334506
115 -3.709928797419415
116 -3.709641854839091
117 -3.709458926898221
118 -3.7084729842874506
119 -3.7092848212926564
120 -3.71101307186267
121 -3.699281777753628
122 -3.687995952056991
123 -3.6825780145903773
124 -3.680566675246929
125 -3.6824456496782427
126 -3.682496090447178
127 -3.6814285776191125
128 -3.6813908065656245
129 -3.68158640422194
130 -3.6828746160443635
131 -3.6847351307427645
132 -3.681899522771516
133 -3.6748662724933947
134 -3.675135353786312
135 -3.678332087203737
136 -3.669963216652097
137 -3.664380212532022
138 -3.66425169500003
139 -3.6617443091661364
140 -3.661712328130115
141 -3.6629060619269436
142 -3.664693453341397
143 -3.6613276585895584
144 -3.6537271497066115
145 -3.6427191053783954
146 -3.6371304335006536
147 -3.634917691434118
148 -3.62757916110256
149 -3.6201489104450344
150 -3.6142442250089855
151 -3.613192875350604
152 -3.612653151956153
153 -3.6120594792892238
154 -3.608251211917461
155 -3.606511351213904
156 -3.605115515464736
157 -3.6058040265099107
158 -3.6058835382568297
159 -3.599018487733755
160 -3.59072296350961
161 -3.5867130553219058
162 -3.5839980005617553
163 -3.5802092675541144
164 -3.5726614960033305
165 -3.569007445947106
166 -3.576758278248385
167 -3.574636520753205
168 -3.560605134334572
169 -3.557956423944135
170 -3.5602436084454276
171 -3.5585094369755903
172 -3.554575308987716
173 -3.546179501671204
174 -3.531104243737675
175 -3.5224463570860283
176 -3.517704260949143
177 -3.5116444058261465
178 -3.507820320588046
179 -3.503801251188439
180 -3.498414681263038
181 -3.4882681789543524
182 -3.4852051295998696
183 -3.4909658550395477
184 -3.4891878844059043
185 -3.48193453357893
186 -3.472629040037181
187 -3.4613402185480644
188 -3.457697240873309
189 -3.452777408367516
190 -3.4463981684917733
191 -3.4490012292422696
192 -3.4428566708003925
193 -3.4319335678839087
194 -3.4241596676739543
195 -3.4203139896013557
196 -3.4191961582641546
197 -3.4169765515489425
198 -3.413023350333346
199 -3.4033444219826254
200 -3.3960980731134334
201 -3.3901504100026294
202 -3.3737360232920364
203 -3.36088073242637
204 -3.3593094318305123
205 -3.3555361627633045
206 -3.3507079132743716
207 -3.344746145464259
208 -3.3390494893071203
209 -3.338582874147312
210 -3.3348190043848605
211 -3.326387621794343
212 -3.3203633419453533
213 -3.311045315997263
214 -3.301812231460905
215 -3.2950929362707164
216 -3.2900374834914046
217 -3.287300222401944
218 -3.283435471101622
219 -3.275512444364344
220 -3.2720264567540602
221 -3.271202685788017
222 -3.270706999650225
223 -3.2691596035013992
224 -3.2664753178369548
225 -3.2655884363865297
226 -3.263311985390107
227 -3.2566267297063165
228 -3.252733743966369
229 -3.24884075822642
230 -3.242117493396289
231 -3.2396549813574116
232 -3.238370262989226
233 -3.2321773222487904
234 -3.231034627666401
235 -3.2297974550584176
236 -3.223475398340485
237 -3.220541565747247
238 -3.2203872476479627
239 -3.224732703758096
240 -3.2231404338142546
241 -3.22344982081674
242 -3.227587247647963
243 -3.2236807707035156
244 -3.224371679095666
245 -3.229196557390161
246 -3.2393834876682144
247 -3.2442374369406934
248 -3.238003692828931
249 -3.226802585500479
250 -3.22424583352886
251 -3.2268958415940534
252 -3.2246056613002807
253 -3.230349249722811
254 -3.238051116329333
255 -3.247198645959148
256 -3.2542333562621404
257 -3.260867948133449
258 -3.268215877769763
259 -3.2688271886805538
260 -3.2810386042032076
261 -3.29256767410011
262 -3.296087102771288
263 -3.3077073802830927
264 -3.317502769945168
265 -3.327136211006062
266 -3.3343705036546183
267 -3.3424034508818696
268 -3.347786765445886
269 -3.3599342339458014
270 -3.37268154053207
271 -3.38529949304799
272 -3.396221860209863
273 -3.400619470255961
274 -3.409985280057105
275 -3.4214512394696257
276 -3.4269512383885443
277 -3.4367712166775974
278 -3.447390377305715
279 -3.462919818776459
280 -3.4781768077598487
281 -3.4938069077249163
282 -3.515263702097416
283 -3.525110992553298
284 -3.5390616703340045
285 -3.5529436706564095
286 -3.5529449076377335
287 -3.561417194383325
288 -3.5712769922045378
289 -3.56845902247715
290 -3.5687772103388866
291 -3.578102714430462
292 -3.5871777342711404
293 -3.5941715404190586
294 -3.6008184266038556
295 -3.6055196185856673
296 -3.613606276992545
297 -3.6248988450780577
298 -3.631207035189534
299 -3.6368015121340465
300 -3.651775888529705
301 -3.661523494338727
302 -3.667475365182326
303 -3.6729723167340995
304 -3.6766410092417074
305 -3.6902137448214263
306 -3.6929133721665037
307 -3.69073997701138
308 -3.693667268783236
309 -3.69739037169972
310 -3.7066645834346983
311 -3.709900324886936
312 -3.7154737923931496
313 -3.719870165457923
314 -3.7123192758548593
315 -3.710036060993508
316 -3.714176159789917
317 -3.7216470765096634
318 -3.7313949053622304
319 -3.735572176766623
320 -3.738142074639393
321 -3.7415651898581483
322 -3.746127851508401
323 -3.74962627074128
324 -3.754435807355142
325 -3.7531035582760595
326 -3.7470654118206133
327 -3.7434023013362316
328 -3.7476219118795595
329 -3.7503341938907777
330 -3.749101989811209
331 -3.7538800215747528
332 -3.75477041152872
333 -3.756793944401911
334 -3.7607411024578843
335 -3.762999454074047
336 -3.7612629645649274
337 -3.7524676623032476
338 -3.7540181915536586
339 -3.7650804081978992
340 -3.7704100330583437
341 -3.7748211343089397
342 -3.774221073179039
343 -3.772212506584524
344 -3.7742748851424115
345 -3.7744137758266225
346 -3.7743630969648354
347 -3.773997241083096
348 -3.7715908375708205
349 -3.7696482764694204
350 -3.7741801690239662
351 -3.7774771855337566
352 -3.7729799309311134
353 -3.769986734449889
354 -3.7682722131772257
355 -3.7662571422866877
356 -3.7715785282080256
357 -3.771559830382261
358 -3.767147755284202
359 -3.7660424714026486
360 -3.769544622182617
361 -3.772977634367885
362 -3.7717870336726413
363 -3.765508177673012
364 -3.76872025277107
365 -3.7758137034755337
366 -3.7678835739967274
367 -3.7620574264601343
368 -3.7591757227618503
369 -3.7539272069823015
370 -3.7518017179400323
371 -3.757915507286202
372 -3.762679932012196
373 -3.766948908693249
374 -3.7696622653356764
375 -3.7608268954572797
376 -3.7508980598251136
377 -3.7504694688609503
378 -3.7597667234635934
379 -3.7611670515554723
380 -3.7688804981969257
381 -3.781500484142211
382 -3.7776037668551727
383 -3.761690734040039
384 -3.753917071922936
385 -3.754603524497735
386 -3.7543947809402676
387 -3.7535986459683466
388 -3.75605245793172
389 -3.7568699626945925
390 -3.760021223871497
391 -3.7652728727526306
392 -3.7663804531974128
393 -3.7680696350391822
394 -3.771875843940569
395 -3.765689407496157
396 -3.7572732292771667
397 -3.7594502337195808
398 -3.7602841397449898
399 -3.756619954629398
400 -3.7614072849139517
401 -3.766103407583602
402 -3.7648527287218148
403 -3.759620253852151
404 -3.7543184022949347
405 -3.7537567106640273
406 -3.7559862143457527
407 -3.7565825439285634
408 -3.759096333274732
409 -3.760261457229977
410 -3.757008615285951
411 -3.758319732666933
412 -3.75425251906162
413 -3.749076888473167
414 -3.74927005225715
415 -3.7462888262621203
416 -3.750270484960891
417 -3.755853489080966
418 -3.7602298515959127
419 -3.761780380846324
420 -3.759683602429385
421 -3.7577092983848153
422 -3.760096765978474
423 -3.7659493125278645
424 -3.7585628760834515
425 -3.7477783034985257
426 -3.7490076125693617
427 -3.7525164049544584
428 -3.7546312827516575
429 -3.7568823943171865
430 -3.7620044510351187
431 -3.763475590798411
432 -3.761568504187271
433 -3.756937165078716
434 -3.7423860658154577
435 -3.7316810049774505
436 -3.7339617859664678
437 -3.738594321966031
438 -3.7400654617293236
439 -3.7385592078284238
440 -3.7333331364710363
441 -3.73010320008557
442 -3.728530702598703
443 -3.7279650413278533
444 -3.734246193890712
445 -3.7389353146025814
446 -3.740809959041301
447 -3.7476905742885553
448 -3.7538329734763094
449 -3.752377160344343
450 -3.7435446854746797
451 -3.7374944677492916
452 -3.73496922062799
453 -3.7349129747922833
454 -3.7285269710516125
455 -3.7303517731669023
456 -3.741047895836552
457 -3.7442306618637744
458 -3.742073667971187
459 -3.7372988700929755
460 -3.7350757699235264
461 -3.741568921405238
462 -3.7420863376866347
463 -3.7400902027147134
464 -3.7416351649912047
465 -3.737150580104009
466 -3.7360390300192847
467 -3.741465144858635
468 -3.739625999951185
469 -3.7436354319531837
470 -3.757628809225477
471 -3.758051747481279
472 -3.7485460881977675
473 -3.742496346658084
474 -3.7393232545538284
475 -3.7412402381314833
476 -3.7427271807118077
477 -3.7432036928381307
478 -3.7461662210073947
479 -3.7425128852297265
480 -3.737961919447457
481 -3.738466904106259
482 -3.7468261372602907
483 -3.751739688513607
484 -3.7464465370318956
485 -3.743446698945543
486 -3.741549625133968
487 -3.741098214345687
488 -3.739300810131667
489 -3.742228001119778
490 -3.749409303294012
491 -3.7491970662823073
492 -3.7484420735583126
493 -3.7504004374767446
494 -3.7482971547637836
495 -3.7482622787190283
496 -3.7493044521162004
497 -3.7491561621272336
498 -3.748600736699497
499 -3.744015270274431
500 -3.743102450947608
501 -3.748941491243194
502 -3.7516950528114434
503 -3.7515308226963398
504 -3.746607734829161
505 -3.742840609705324
506 -3.744918552987392
507 -3.746705721358298
508 -3.7515310607891923
509 -3.7510632487383746
510 -3.7495343273717676
511 -3.7550895581886143
512 -3.7553987070982475
513 -3.7530111387208414
514 -3.752784634659712
515 -3.7450163014236764
516 -3.7394243741845505
517 -3.7400374439064965
518 -3.738620999161997
519 -3.752452342098667
520 -3.7662627914300915
521 -3.7556922912837005
522 -3.745179197338667
523 -3.7479020905949554
524 -3.754688725478374
525 -3.7576636852702325
526 -3.748274948434475
527 -3.7399914954802713
528 -3.745032342333561
529 -3.7508115425554567
530 -3.749197066282307
531 -3.7470525040123146
532 -3.7478017067188434
533 -3.7485912000856354
534 -3.744517121831647
535 -3.7477699637756734
536 -3.7494184795552217
537 -3.750371366498761
538 -3.7544481167179358
539 -3.7583517137029556
540 -3.7581393393821445
541 -3.75724765175342
542 -3.7671735773275485
543 -3.7692429578432165
544 -3.7528662199263128
545 -3.7380182660669106
546 -3.7332539786500223
547 -3.740981529990785
548 -3.746668310657463
549 -3.7488592067473427
550 -3.749253773254413
551 -3.7482435808932633
552 -3.749320493026085
553 -3.7478575771525917
554 -3.752607273692762
555 -3.757745969766084
556 -3.749117792628241
557 -3.745748129020207
558 -3.752471992295842
559 -3.7558376862639347
560 -3.7588498186637764
561 -3.760075396187522
562 -3.756831953548252
563 -3.755660187987878
564 -3.758575545798898
565 -3.758184350486266
566 -3.752679423129248
567 -3.7517888101317336
568 -3.7595548468045403
569 -3.760283663559285
570 -3.7575956463477516
571 -3.761629058539519
572 -3.7595413405507365
573 -3.7573084656745745
574 -3.7607830812441674
575 -3.754915330323249
576 -3.75092703001935
577 -3.753125865389114
578 -3.7477348646873714
579 -3.748874649211723
580 -3.7533941101436734
581 -3.752932701605132
582 -3.7535259988701037
583 -3.7555435036329756
584 -3.760826657364427
585 -3.7656773362262137
586 -3.761909374564021
587 -3.7611321755107165
588 -3.765651398349816
589 -3.767678800079202
590 -3.7642150187982266
591 -3.754499033672575
592 -3.7441758696261918
593 -3.7427613360512577
594 -3.7530184795552213
595 -3.7563715038078667
596 -3.7556194060926056
597 -3.753759966025413
598 -3.7485309996592924
599 -3.74583077386871
600 -3.746159234098919
601 -3.7530591456174425
602 -3.753542299348893
603 -3.7521336565751726
604 -3.7473719038143654
605 -3.7472079117921138
606 -3.7491903024173787
607 -3.7548681599650053
608 -3.7641463413399254
609 -3.757709673786773
610 -3.758451261040711
611 -3.7660839740032266
612 -3.7718151673285214
613 -3.7762046606953135
614 -3.767924716244653
615 -3.760977482009474
616 -3.7584585010913436
617 -3.757574514649652
618 -3.7550829316327907
619 -3.7549215965264193
620 -3.7550164499539713
621 -3.757915629546002
622 -3.7543634133990555
623 -3.7509902412874787
624 -3.7506579487264338
625 -3.7608241227083465
626 -3.764863086824728
627 -3.7502539829146078
628 -3.7481423239534353
629 -3.7438927959020623
630 -3.7429604271618127
631 -3.748079350778159
632 -3.7534316431043098
633 -3.755032375030804
634 -3.7534189733888628
635 -3.747962428330404
636 -3.742515419885807
637 -3.7417261495625613
638 -3.7416254053337967
639 -3.7439274188046596
640 -3.7426321042407094
641 -3.7468286719163713
642 -3.7532742926871863
643 -3.7547482051994114
644 -3.7564428167059942
645 -3.7652159276876724
646 -3.7712792762649063
647 -3.7644476668027265
648 -3.7645201765918643
649 -3.7699337590248736
650 -3.770208031889751
651 -3.766939011726735
652 -3.7671198811972277
653 -3.7648816774399982
654 -3.756780914333812
655 -3.756465261128156
656 -3.763593587877375
657 -3.760226956587179
658 -3.7543435036329758
659 -3.753854321791206
660 -3.755095363255385
661 -3.7592798596611057
662 -3.756649385960035
663 -3.749509226033726
664 -3.7488117768201934
665 -3.75005618947881
666 -3.752989408577238
667 -3.7561660091850375
668 -3.759333073178974
669 -3.7614421609587074
670 -3.764464068065263
671 -3.7672270289382688
672 -3.767432163208446
673 -3.7668736046791245
674 -3.7627717531219083
675 -3.7578075230068047
676 -3.7585909882632778
677 -3.761104539516595
678 -3.762806391073811
679 -3.76523486360629
680 -3.7634472340989853
681 -3.7638259977890227
682 -3.7674637688425108
683 -3.768796393323551
684 -3.769153787222637
685 -3.7617958233107034
686 -3.755827190851915
687 -3.760858501091344
688 -3.763381588958522
689 -3.761624850806724
690 -3.762171576158956
691 -3.760776815040997
692 -3.7517009586619623
693 -3.7440371162510866
694 -3.7468354143052465
695 -3.749089558188614
696 -3.7567534005994903
697 -3.7607388058946563
698 -3.7569077337480805
699 -3.756105433356735
700 -3.7598947648098817
701 -3.764537075516159
702 -3.764907139130692
703 -3.7543057325794877
704 -3.748378242368625
705 -3.755989347447338
706 -3.761098633666077
707 -3.761205781407118
708 -3.7562353858725896
709 -3.750421685007896
710 -3.753683825472932
711 -3.7585597429818662
712 -3.7608174811032185
713 -3.755932164289528
714 -3.7505262980928564
715 -3.7486035094484302
716 -3.747722433064777
717 -3.7527589348761663
718 -3.756061518359877
719 -3.759642582441259
720 -3.7588253157712392
721 -3.7490926912901994
722 -3.7439011205756096
723 -3.7471414301132944
724 -3.753014870267932
725 -3.753921423391584
726 -3.7483291207505003
727 -3.737576767294449
728 -3.737677749616065
729 -3.746282184656992
730 -3.7606689530214
731 -3.769166939550536
732 -3.758834015846744
733 -3.7473015532793505
734 -3.744681452730498
735 -3.747255579812116
736 -3.7479063198038034
737 -3.7430932746863985
738 -3.7383341788414723
739 -3.741944551993691
740 -3.741578458019099
741 -3.736234865768453
742 -3.7376398627295253
743 -3.7421588625250775
744 -3.7511300907698457
745 -3.7527397608646966
746 -3.754706824858634
747 -3.758124135010617
748 -3.7552151807118728
749 -3.755215180711873
750 -3.7581241350106174
751 -3.754757503720421
752 -3.7531060929321396
753 -3.752430850047916
754 -3.7490800215747524
755 -3.750254682143859
756 -3.75379508016302
757 -3.754423015379894
758 -3.754084319306573
759 -3.7585470732664192
760 -3.7602620556754816
761 -3.7512237473063883
762 -3.750169365330169
763 -3.749664756073325
764 -3.749601407496091
765 -3.7498128079694393
766 -3.7504318200672624
767 -3.7545995398084875
768 -3.757056161046153
769 -3.765121672705625
770 -3.761505271443089
771 -3.7595405040123797
772 -3.764338207449152
773 -3.7614209284768614
774 -3.7548458163265908
775 -3.7477345043347188
776 -3.7529169995718465
777 -3.756020852297656
778 -3.7589665030186787
779 -3.760934403550973
780 -3.755932402382381
781 -3.749748860946701
782 -3.749977038084544
783 -3.7522511774684317
784 -3.7450480443668464
785 -3.7417166129487
786 -3.7381261495625613
787 -3.7413820238244266
788 -3.7457214518242417
789 -3.7416818742130507
790 -3.7396159871516192
791 -3.7436844126972475
792 -3.745424734537203
793 -3.7368118840306876
794 -3.7371627736337514
795 -3.7418948319300607
796 -3.7301097258576466
797 -3.716379487502392
798 -3.7084195262499815
799 -3.7069578072674987
800 -3.7081268000789387
801 -3.7049153234263854
802 -3.6963822227596403
803 -3.694898535540702
804 -3.6949599479073596
805 -3.6848042693374645
806 -3.669703671973042
807 -3.6625211328174823
808 -3.6526791862919725
809 -3.642277231203975
810 -3.6354632198953407
811 -3.6320251383979105
812 -3.6253433761683582
813 -3.6159366622121403
814 -3.6067199789383193
815 -3.5930858059509316
816 -3.58115586681843
817 -3.572354658706231
818 -3.5797950293738166
819 -3.5878417424237785
820 -3.583985092753456
821 -3.5794341269711873
822 -3.5800537375145143
823 -3.582789062393398
824 -3.5792584390809505
825 -3.574912607568859
826 -3.577372584951656
827 -3.5840772742158213
828 -3.5837803188359305
829 -3.5752699006841997
830 -3.5707609136882126
831 -3.5685913873892847
832 -3.574831159611365
833 -3.5824356381342537
834 -3.582725353463512
835 -3.582168254959061
836 -3.5909947017184076
837 -3.5999066883349897
838 -3.592409732955099
839 -3.5797850165742506
840 -3.5677609748181127
841 -3.5605935392503336
842 -3.5573512935020726
843 -3.551828266764794
844 -3.548389226469207
845 -3.552462230091987
846 -3.559235358721602
847 -3.5675605523692355
848 -3.5581502076496747
849 -3.5373142242764684
850 -3.53453723444689
851 -3.5350934964129843
852 -3.53572362740934
853 -3.548525567448032
854 -3.556451266150497
855 -3.5598228659691062
856 -3.5657593951320727
857 -3.56867995956436
858 -3.575589047344093
859 -3.5801076717376876
860 -3.5808842723454863
861 -3.581935845047414
862 -3.57862966732572
863 -3.5793813896390234
864 -3.578516116072403
865 -3.5802086691086092
866 -3.5846295450659196
867 -3.588023351213838
868 -3.5984595688517813
869 -3.610714798587547
870 -3.620628793765795
871 -3.634225210749
872 -3.65306410035213
873 -3.6660925595012563
874 -3.674646294204342
875 -3.67724757466763
876 -3.6838279791736084
877 -3.6936302334843587
878 -3.700409368748238
879 -3.7033226931298917
880 -3.714630825939584
881 -3.7259767298027646
882 -3.7298757587023372
883 -3.736534701107771
884 -3.742430240381222
885 -3.7545056602283986
886 -3.7585242684916067
887 -3.7653193438816235
888 -3.776621909717396
889 -3.7754144466232167
890 -3.77824618573827
891 -3.78856052744935
892 -3.7942532139665457
893 -3.798274955331339
894 -3.8105143672007675
895 -3.819122786930941
896 -3.8222203369282206
897 -3.8162795785564065
898 -3.816497620634883
899 -3.8241371982460746
900 -3.8225991156675643
901 -3.821770862350515
902 -3.8211427040900943
903 -3.8276038745357845
904 -3.825516770041812
905 -3.8228354801698483
906 -3.8183889044289923
907 -3.8216136492424977
908 -3.8270424209977287
909 -3.821363641177304
910 -3.8239686381383766
911 -3.829144882221639
912 -3.832507305779041
913 -3.8345910541278796
914 -3.8372471053526973
915 -3.8376416718597675
916 -3.8361916637945734
917 -3.8410801137098494
918 -3.844879219869708
919 -3.8440355391375856
920 -3.8414808456363425
921 -3.8405281967856553
922 -3.836887155321477
923 -3.833589064180477
924 -3.844723927922961
925 -3.856708500507887
926 -3.8520148117105704
927 -3.8459895730634237
928 -3.8450682917539485
929 -3.843991379621127
930 -3.84732242058801
931 -3.847973535981655
932 -3.8451194532281874
933 -3.831281605995495
934 -3.823949579959959
935 -3.826101244971479
936 -3.8257565207878397
937 -3.8296710993622862
938 -3.839318183986089
939 -3.8484758486752706
940 -3.8481091562551755
941 -3.843501721593653
942 -3.8408714859854336
943 -3.842014779013328
944 -3.8457283302666445
945 -3.8473924107703725
946 -3.8477869772774427
947 -3.8473036005024452
948 -3.8503917511949686
949 -3.855914539839395
950 -3.8601428504582267
951 -3.861541819308981
952 -3.8575024797906416
953 -3.858007940635148
954 -3.86476257300649
955 -3.8699342490043063
956 -3.8834522138224963
957 -3.897228663737838
958 -3.914001681328841
959 -3.935319123880732
960 -3.9517349856655017
961 -3.971002957467804
962 -3.9893934621737417
963 -4.005824152928081
964 -4.030980546213002
965 -4.067888366416591
966 -4.0913646382878985
967 -4.105017163797704
968 -4.115942664061164
969 -4.1185446802790615
970 -4.119795582184395
971 -4.108857289945688
972 -4.096615444203927
973 -4.085490938564355
974 -4.074274049894925
975 -4.075743836843841
976 -4.063076063480544
977 -4.029067307035933
978 -3.984646313143148
979 -3.9291646748990896
980 -3.867199391688569
981 -3.8019220249058363
982 -3.7405012927441197
983 -3.6702160038929708
984 -3.591075918009797
985 -3.5077568626045075
986 -3.408470476243301
987 -3.2855069165144153
988 -3.1441401909867004
989 -3.0091377390560523
990 -2.8885933683879412
991 -2.789885338054042
992 -2.726201084180255
993 -2.679735078217024
994 -2.6261166430550054
995 -2.581095356366216
996 -2.537843837897324
997 -2.477520703479434
998 -2.4096385262538176
999 -2.330969632238457
1000 -2.2593236002996937
1001 -2.1988973885644527
1002 -2.1477823381286263
1003 -2.108649689539255
1004 -2.083034920033631
1005 -2.076736251486711
1006 -2.0779777691365946
1007 -2.0867014017124506
1008 -2.108147254585839
1009 -2.1545489195101113
1010 -2.2168831917039555
1011 -2.2932913453787362
1012 -2.3847326194156047
1013 -2.4848172293177186
1014 -2.6209725901978147
1015 -2.7825358239372466
1016 -2.9493394818179293
1017 -3.099703291297327
1018 -3.230993022086267
1019 -3.342927506572584
1020 -3.427124282216395
1021 -3.5004656184642453
1022 -3.565847253028592
1023 -3.6249262494060757
1024 -3.6754233774245932
1025 -3.712575196197319
1026 -3.742650087787917
1027 -3.778581632876954
1028 -3.8120851665699105
1029 -3.8300186177709126
1030 -3.850238878071249
1031 -3.8789684719004045
1032 -3.899666801570725
1033 -3.90360649653252
1034 -3.9016084038739693
1035 -3.888990091005398
1036 -3.873283526660556
1037 -3.8670806488632907
1038 -3.850259624375686
1039 -3.8300277940321217
1040 -3.8191481048857816
1041 -3.8043730576935286
1042 -3.7940406166021887
1043 -3.7947777329894694
1044 -3.788635831463474
1045 -3.7799739751718846
1046 -3.773927488993586
1047 -3.7638324013012996
1048 -3.7587238357878645
1049 -3.7495887377806434
1050 -3.740522778368123
1051 -3.735575547961061
1052 -3.727770042117042
1053 -3.7195280917634164
1054 -3.716661116250955
1055 -3.720687425701195
1056 -3.727384038376371
1057 -3.737592338445376
1058 -3.748412025167909
1059 -3.7447741168053157
1060 -3.7289046601104414
1061 -3.729843893499368
1062 -3.7370511335499996
1063 -3.732764580191454
1064 -3.7366484904539403
1065 -3.7407981258642113
1066 -3.7429545213112942
1067 -3.746781724601674
1068 -3.745313018710716
1069 -3.747690812381407
1070 -3.7488467751247483
1071 -3.7475678618233346
1072 -3.745944923567532
1073 -3.7425407593167006
1074 -3.7439268203591554
1075 -3.748076217676574
1076 -3.7533149587494075
1077 -3.754006004450664
1078 -3.752998707098247
1079 -3.7535772761773956
1080 -3.7494083444958557
1081 -3.7499948993719516
1082 -3.75868969549772
1083 -3.759217347622229
1084 -3.7457165233861422
1085 -3.7437746615139935
1086 -3.7491059594511507
1087 -3.75259520242282
1088 -3.7499958581701085
1089 -3.7432417019844704
1090 -3.73903292572976
1091 -3.731050058918791
1092 -3.7295063943170548
1093 -3.7272774890808353
1094 -3.722338360303772
1095 -3.7219785325323524
1096 -3.723497694241551
1097 -3.7268788156247172
1098 -3.731570968654425
1099 -3.739431483352826
1100 -3.734700860040379
1101 -3.7250851580070936
1102 -3.724289960357276
1103 -3.7253472373422287
1104 -3.735496158473943
1105 -3.7437922811435924
1106 -3.738019484433973
1107 -3.728049982739585
1108 -3.7237494004244676
1109 -3.727757372401595
1110 -3.7312626562831483
1111 -3.7285933368973803
1112 -3.7288522831309305
1113 -3.733090591500023
1114 -3.7309588362545827
1115 -3.7292598797060994
1116 -3.72623507759081
1117 -3.7231878310533606
1118 -3.7211700881976366
1119 -3.719001398437064
1120 -3.7156919352553732
1121 -3.708633720948317
1122 -3.7119220373826027
1123 -3.711192982535006
1124 -3.7033858036142737
1125 -3.704851614496499
1126 -3.706554302592072
1127 -3.703099221386601
1128 -3.7015045175704255
1129 -3.700105786812524
1130 -3.7008890139761452
1131 -3.700522920001555
1132 -3.6978671068695896
1133 -3.6950690318589765
1134 -3.693995851273245
1135 -3.692083197688185
1136 -3.6813752418414447
1137 -3.6712574501580906
1138 -3.6723534355186356
1139 -3.6817920146778227
1140 -3.693099433208959
1141 -3.699508865210957
1142 -3.7009111044724015
1143 -3.697179316529718
1144 -3.684421889933389
1145 -3.677563343706338
1146 -3.679947540889306
1147 -3.6880689595078873
1148 -3.69799428663651
1149 -3.6972326523073864
1150 -3.6879229660821484
1151 -3.687074793007316
1152 -3.681314788272944
1153 -3.6754413695943593
1154 -3.6759009427060714
1155 -3.6608441595547605
1156 -3.651534934465922
1157 -3.655220712416012
1158 -3.657518792772291
1159 -3.66754256756645
1160 -3.664984603654516
1161 -3.650498450302469
1162 -3.6545038510981573
1163 -3.6552969902775976
1164 -3.6531459237115813
1165 -3.653758755340676
1166 -3.649473276613338
1167 -3.6523217773435808
1168 -3.6527202127068468
1169 -3.647092933237261
1170 -3.63971046643279
1171 -3.632599377484465
1172 -3.629615241431397
1173 -3.632675518036945
1174 -3.6349934716339467
1175 -3.6330413739186844
1176 -3.631932956935545
1177 -3.6337741603133713
1178 -3.632189130420162
1179 -3.6297991281704234
1180 -3.6219961569824854
1181 -3.616618049039735
1182 -3.6187378703243387
1183 -3.6184512880966664
1184 -3.6083583596585016
1185 -3.600334451383353
1186 -3.6013650296962876
1187 -3.6015983984060917
1188 -3.6026648366029486
1189 -3.609896579546118
1190 -3.6123438872134677
1191 -3.6074427675827456
1192 -3.6025927879502095
1193 -3.5957343790322636
1194 -3.5934354836136806
1195 -3.5924380832277776
1196 -3.590982868541317
1197 -3.582829368102968
1198 -3.574660302940438
1199 -3.573363152949657
1200 -3.5722006859102935
1201 -3.574581511898824
1202 -3.5784410565778786
1203 -3.572172573730467
1204 -3.5642558131963598
1205 -3.561626176033645
1206 -3.5596053000763344
1207 -3.5578053612062344
1208 -3.5567035707789185
1209 -3.551057593483567
1210 -3.5459959752848307
1211 -3.5398859174857513
1212 -3.5349727265850874
1213 -3.5322290619833514
1214 -3.526608424118894
1215 -3.523283158120171
1216 -3.5203716691653466
1217 -3.5214904593007037
1218 -3.5182060974570546
1219 -3.5085393776853824
1220 -3.510413621681134
1221 -3.5025545419665938
1222 -3.487313979286751
1223 -3.4835289778262
1224 -3.4812595287875583
1225 -3.4728405778196354
1226 -3.466010626384863
1227 -3.458085303084356
1228 -3.4513562331874534
1229 -3.444838939165858
1230 -3.440308243502321
1231 -3.432663459269863
1232 -3.4241816359104105
1233 -3.4211381209200504
1234 -3.417380892762727
1235 -3.4126315565752083
1236 -3.406862015226974
1237 -3.4038344403627523
1238 -3.400021204462574
1239 -3.3857475111657793
1240 -3.3753925033924785
1241 -3.3804337105984206
1242 -3.382446146049132
1243 -3.372160514963384
1244 -3.3602839266578557
1245 -3.357183942788243
1246 -3.357010911813887
1247 -3.3540170010541055
1248 -3.349731745370315
1249 -3.3470482962442274
1250 -3.341929971073385
1251 -3.333605974316761
1252 -3.32857923216278
1253 -3.3261196151326358
1254 -3.32291117079792
1255 -3.3212698950690056
1256 -3.3148155742226852
1257 -3.3028504352181347
1258 -3.29878114809314
1259 -3.2915854780857345
1260 -3.280280478377627
1261 -3.2724305598749917
1262 -3.268543977647319
1263 -3.2674419491271505
1264 -3.2644924510259847
1265 -3.263024566624078
1266 -3.256680902022342
1267 -3.246686796651671
1268 -3.2397655002928905
1269 -3.232632342324362
1270 -3.231505212466152
1271 -3.2310853065281884
1272 -3.2308232271930524
1273 -3.2303591466893247
1274 -3.2267844861202186
1275 -3.226452892788425
1276 -3.226500200455775
1277 -3.2285183036641514
1278 -3.2279753098590094
1279 -3.2218488507973935
1280 -3.21954729846293
1281 -3.217333957950889
1282 -3.213042436063928
1283 -3.211290504090429
1284 -3.2039268724208294
1285 -3.195344167523507
1286 -3.1903965767637916
1287 -3.1878827874176228
1288 -3.1909802366311553
1289 -3.2000085472499875
1290 -3.204931036671661
1291 -3.2061555395641976
1292 -3.208606218425985
1293 -3.208316142744075
1294 -3.2045930548768964
1295 -3.201286501753244
1296 -3.2041350175327925
1297 -3.212070713985517
1298 -3.216626510987096
1299 -3.2235698763660796
1300 -3.2337724872013656
1301 -3.240940298171102
1302 -3.2489098968211203
1303 -3.253889108264205
1304 -3.264028608615109
1305 -3.272244859185189
1306 -3.2785090120400064
1307 -3.2879946392976382
1308 -3.2977865204561696
1309 -3.307688444364475
1310 -3.3173224989201793
1311 -3.3263535822879446
1312 -3.3299181228469905
1313 -3.3357311030063785
1314 -3.345462768689261
1315 -3.357983110078002
1316 -3.372698179887459
1317 -3.379624545558401
1318 -3.3932336322570524
1319 -3.415227752677029
1320 -3.426455674510552
1321 -3.4352556857317413
1322 -3.4412489369161183
1323 -3.4465847057199324
1324 -3.459707865938201
1325 -3.4728887220253415
1326 -3.482241486709081
1327 -3.4821800893917283
1328 -3.4928815194663927
1329 -3.508689578843914
1330 -3.520867715655791
1331 -3.532667564963333
1332 -3.544837477885409
1333 -3.5515406099059126
1334 -3.560230340284476
1335 -3.5714211902937616
1336 -3.58238400047431
1337 -3.597954108007275
1338 -3.6134234713114757
1339 -3.6257729409799833
1340 -3.631488310012192
1341 -3.63313609003713
1342 -3.6348629206725884
1343 -3.644191319772896
1344 -3.6517191815576
1345 -3.654920285057936
1346 -3.6607211939473823
1347 -3.6643652462533467
1348 -3.6672191916977086
1349 -3.6734741682913166
1350 -3.68166918637955
1351 -3.687217415238617
1352 -3.6826371554348167
1353 -3.6900039202060024
1354 -3.7041197868999687
1355 -3.710454052196949
1356 -3.710298622941096
1357 -3.705807887683781
1358 -3.7123727124162733
1359 -3.7208737463125554
1360 -3.7300028011601523
1361 -3.728148329621375
1362 -3.7279552666211395
1363 -3.7341450742599895
1364 -3.737602589337795
1365 -3.7408894707882197
1366 -3.7430114663762515
1367 -3.745369963775673
1368 -3.7502420124284117
1369 -3.757413554945239
1370 -3.7635552183783822
1371 -3.7648675727406897
1372 -3.7735194162327126
1373 -3.784547132234157
1374 -3.7845569069408698
1375 -3.7737972983848804
1376 -3.7650976860891086
1377 -3.771477884763008
1378 -3.7704231789594953
1379 -3.7674729451037203
1380 -3.769029502464449
1381 -3.773157068854517
1382 -3.7800603515674784
1383 -3.775335533321803
1384 -3.7745741370855317
1385 -3.779418787837
1386 -3.7826455911208816
1387 -3.7855505757796837
1388 -3.7867128047261946
1389 -3.783257961613576
1390 -3.7816445599716353
1391 -3.7813196082449703
1392 -3.7805108035576027
1393 -3.783153946974121
1394 -3.786908640475363
1395 -3.786421892505928
1396 -3.78758412145244
1397 -3.787533680683505
1398 -3.7855473204182983
1399 -3.787852228897894
1400 -3.7882279967954515
1401 -3.791897971928509
1402 -3.785522579432908
1403 -3.777008652777634
1404 -3.776762614352383
1405 -3.783087941481006
1406 -3.790018997497196
1407 -3.7926108636064213
1408 -3.794644171186326
1409 -3.7972086393942823
1410 -3.797379135712558
1411 -3.7953861338422215
1412 -3.7964789861011816
1413 -3.7986171448588983
1414 -3.7966619140420512
1415 -3.796557661309743
1416 -3.7981721375828927
1417 -3.7945530643551697
1418 -3.790343228518555
1419 -3.7951558982340026
1420 -3.800644186235631
1421 -3.80477740533406
1422 -3.803930829593204
1423 -3.8012058778665385
1424 -3.799049482419456
1425 -3.7940003108926197
1426 -3.7935802676455506
1427 -3.793990536185906
1428 -3.798718026396768
1429 -3.8009633328955252
1430 -3.7954870153800915
1431 -3.7946064001328375
1432 -3.793536590741544
1433 -3.788360960153091
1434 -3.785556719723054
1435 -3.784754556640815
1436 -3.790880777609579
1437 -3.7951626620989316
1438 -3.79602130910973
1439 -3.7967568682533495
1440 -3.7980444816302676
1441 -3.8056358142520055
1442 -3.8121071348063666
1443 -3.8045564682468505
1444 -3.7910089347889184
1445 -3.7892007720290177
1446 -3.790698087761562
1447 -3.7889477531220397
1448 -3.7922098935870756
1449 -3.792921087147264
1450 -3.788143156167466
1451 -3.7838382288104486
1452 -3.7876437384825836
1453 -3.7977464265781573
1454 -3.79409201616928
1455 -3.7899420204063574
1456 -3.79326774754148
1457 -3.7961633328955253
1458 -3.7998391130953535
1459 -3.798904325532075
1460 -3.794826738774543
1461 -3.797899685095539
1462 -3.8015166998528853
1463 -3.7944237102848204
1464 -3.785877579549977
1465 -3.794034811535417
1466 -3.8049960458580414
1467 -3.8058035378213475
1468 -3.800662407875692
1469 -3.7942374111495134
1470 -3.7867158155679808
1471 -3.7791906257484627
1472 -3.7831068773996237
1473 -3.786122518303009
1474 -3.7886510358350005
1475 -3.794331889175108
1476 -3.7988505135687025
1477 -3.8009060274779145
1478 -3.8025005939849845
1479 -3.801935170806988
1480 -3.804376074962061
1481 -3.8055951481897843
1482 -3.8051815084549916
1483 -3.8010131752189555
1484 -3.7963338292138005
1485 -3.792589133462818
1486 -3.786342856944714
1487 -3.786999863139572
1488 -3.789485179953263
1489 -3.791256170105179
1490 -3.793703715865381
1491 -3.793564825181171
1492 -3.7890802402939734
1493 -3.7896145340236123
1494 -3.7903222190802577
1495 -3.786317279420968
1496 -3.7896427684632386
1497 -3.7930284729811574
1498 -3.7902646755697944
1499 -3.790659242076864
1500 -3.7946290826478504
1501 -3.7982662552558346
1502 -3.8023799399901406
1503 -3.811339112014273
1504 -3.815330545419757
1505 -3.809241258966125
1506 -3.8095986528652115
1507 -3.8096879393188434
1508 -3.8035108013954404
1509 -3.80032466417378
1510 -3.7994095482837285
1511 -3.7977296649629686
1512 -3.795269449487319
1513 -3.795162301746279
1514 -3.7974202779604833
1515 -3.796946199706495
1516 -3.7996587198105654
1517 -3.8024723595453587
1518 -3.803264524877337
1519 -3.8058854619645466
1520 -3.8071330077247487
1521 -3.8058981316799936
1522 -3.803419456471432
1523 -3.803204785587393
1524 -3.802601115170203
1525 -3.807300370941438
1526 -3.8106036536543995
1527 -3.8043536455892064
1528 -3.8051465101504363
1529 -3.806574088842775
1530 -3.8086293646591347
1531 -3.813924812704075
1532 -3.816024739271904
1533 -3.818642167855571
1534 -3.816715784973161
1535 -3.8181309169935984
1536 -3.813852541007789
1537 -3.8073440478454446
1538 -3.804426393471197
1539 -3.8064035925244997
1540 -3.8088160241470947
1541 -3.808133678521343
1542 -3.8092990405694396
1543 -3.8085818188989324
1544 -3.8100344989293125
1545 -3.8143928628477455
1546 -3.8107006813853803
1547 -3.811511782635976
1548 -3.819132063975897
1549 -3.8241683427437403
1550 -3.828082921318187
1551 -3.8324376909986353
1552 -3.836717141615654
1553 -3.8299652819932444
1554 -3.8251113327207666
1555 -3.827833987884203
1556 -3.8296093230780195
1557 -3.8267417340707484
1558 -3.8186193781300637
1559 -3.820018945426322
1560 -3.822046823341413
1561 -3.8204323470682624
1562 -3.8221658042595426
1563 -3.827155373805541
1564 -3.828948808379619
1565 -3.8292391221543807
1566 -3.8282096184726555
1567 -3.8281307051712417
1568 -3.8289646111966507
1569 -3.8275816832557807
1570 -3.825241523329472
1571 -3.8245467460811264
1572 -3.829750611109205
1573 -3.834300740353117
1574 -3.8392145296992863
1575 -3.8371459857219743
1576 -3.831815063186775
1577 -3.8350774417446623
1578 -3.838835405656596
1579 -3.8403194532281875
1580 -3.8392075277415048
1581 -3.8357844275720563
1582 -3.838279980228859
1583 -3.8349040504176544
1584 -3.83219093186808
1585 -3.8394727401782265
1586 -3.8439345568159684
1587 -3.8490099043120556
1588 -3.8403130497159115
1589 -3.827305376961537
1590 -3.8315761275030504
1591 -3.8342887849162275
1592 -3.8356959776567816
1593 -3.842213870123882
1594 -3.845478920646956
1595 -3.8463122282268603
1596 -3.847919464449377
1597 -3.8486171517557617
1598 -3.8523718452570046
1599 -3.853817883682255
1600 -3.8525104978483626
1601 -3.8512260175730297
1602 -3.843369472514571
1603 -3.837025447560183
1604 -3.839194973859111
1605 -3.8437955438719587
1606 -3.8526438215586536
1607 -3.854613780561325
1608 -3.8505272706847413
1609 -3.8519489070012023
1610 -3.84755941363441
1611 -3.848699198158761
1612 -3.8522931700484424
1613 -3.8529430735017733
1614 -3.854193514270708
1615 -3.854740477715793
1616 -3.8498047201331675
1617 -3.8452601578631747
1618 -3.848762546735995
1619 -3.8548856346031743
1620 -3.8556366576872265
1621 -3.85552310643391
1622 -3.85289287082569
1623 -3.849592959307167
1624 -3.852377751107522
1625 -3.8571710237679535
1626 -3.866881680012537
1627 -3.8665685614629615
1628 -3.861445906299525
1629 -3.8643455620772595
1630 -3.864715164555393
1631 -3.8655415924373178
1632 -3.86954896596894
1633 -3.874122000771412
1634 -3.870894122856321
1635 -3.8662899586054897
1636 -3.8689462328738538
1637 -3.8669533683126236
1638 -3.8688734849918642
1639 -3.8684191791948495
1640 -3.8628670814795876
1641 -3.8637041206065814
1642 -3.8669193288062256
1643 -3.866097854403411
1644 -3.865121924592206
1645 -3.866230579668198
1646 -3.8666315496875434
1647 -3.8684439201802383
1648 -3.8717276685290773
1649 -3.876179811243853
1650 -3.8809608753252354
1651 -3.8792654272802953
1652 -3.8713206703994127
1653 -3.863615548431506
1654 -3.8626080129862363
1655 -3.8720912278475876
1656 -3.878391215545317
1657 -3.8752704853712676
1658 -3.869040249763048
1659 -3.8676799892878866
1660 -3.8637896755131242
1661 -3.8634578440884786
1662 -3.8644306407980977
1663 -3.865172963806646
1664 -3.8623624571734387
1665 -3.85730374903274
1666 -3.856685213120622
1667 -3.8560817807962837
1668 -3.860562396043538
1669 -3.8686021071357186
1670 -3.8724383859035614
1671 -3.8757001660159447
1672 -3.8766123868972633
1673 -3.87840582147134
1674 -3.882836832488016
1675 -3.880686242107705
1676 -3.876428860510889
1677 -3.8787217127698486
1678 -3.883408298825637
1679 -3.8837868244228226
1680 -3.8816869129042986
1681 -3.8817596607862894
1682 -3.8817430214309
1683 -3.8893977026298723
1684 -3.8974411452691426
1685 -3.890919521254952
1686 -3.885235635597007
1687 -3.881548260312941
1688 -3.8776639746484967
1689 -3.878747052200742
1690 -3.882381690152645
1691 -3.8837583518903442
1692 -3.8832787066624355
1693 -3.878213595009462
1694 -3.873549215282982
1695 -3.8769884936714205
1696 -3.8822776755131896
1697 -3.884591659470248
1698 -3.8883056869092703
1699 -3.887554065379712
1700 -3.8841646293147036
1701 -3.8914877171818825
1702 -3.8994779613525905
1703 -3.8958773478577804
1704 -3.8848402325515807
1705 -3.882328354374977
1706 -3.8770175646494036
1707 -3.866535874770941
1708 -3.87044258980824
1709 -3.8754734389112695
1710 -3.877743010209711
1711 -3.8798143269359557
1712 -3.8827857932735763
1713 -3.884724384735035
1714 -3.8874717808838604
1715 -3.8889338602189967
1716 -3.8873925072297943
1717 -3.890329097522661
1718 -3.8948445888146694
1719 -3.9003927168899897
1720 -3.90332617408127
1721 -3.9015132051430705
1722 -3.9013051758641595
1723 -3.90124230347263
1724 -3.8997980854249032
1725 -3.904689567658018
1726 -3.9115560531649525
1727 -3.9015264733040222
1728 -3.8867694032322295
1729 -3.886227484058296
1730 -3.8893350683311954
1731 -3.8910746909419
1732 -3.893692357618418
1733 -3.891377075986605
1734 -3.8964360222201546
1735 -3.9016972077151495
1736 -3.901800385816248
1737 -3.904560451680521
1738 -3.9078354999538556
1739 -3.9035687190522843
1740 -3.9027570043068773
1741 -3.901154351219113
1742 -3.8947854479702304
1743 -3.8809721036300733
1744 -3.8842440188018226
1745 -3.8973876872316744
1746 -3.9008061185319307
1747 -3.904342171509191
1748 -3.907715444404516
1749 -3.904052333920134
1750 -3.898923873689925
1751 -3.897061062428296
1752 -3.8975793152480485
1753 -3.8970331883413216
1754 -3.893332306803451
1755 -3.891213322057205
1756 -3.8934702236401995
1757 -3.9025744517679657
1758 -3.912695837689304
1759 -3.9027700494242823
1760 -3.8948093524172624
1761 -3.892843002701882
1762 -3.8939852210985673
1763 -3.9045633466892533
1764 -3.915562828251071
1765 -3.9134876426686303
1766 -3.901067239068909
1767 -3.9011972923685097
1768 -3.9045324553337464
1769 -3.9080628405533413
1770 -3.9069226806270323
1771 -3.901446601204451
1772 -3.903328946830203
1773 -3.9055999681618117
1774 -3.9059311860916477
1775 -3.904496980843487
1776 -3.9085892957868413
1777 -3.9146936858282544
1778 -3.9158401119577344
1779 -3.909956659003531
1780 -3.9050557774656607
1781 -3.9079267226180634
1782 -3.9093002512541775
1783 -3.9104086682373165
1784 -3.9089939973532775
1785 -3.904493847741901
1786 -3.9064015327985464
1787 -3.9077911023445435
1788 -3.9084821480458003
1789 -3.9112986827893264
1790 -3.913910458664633
1791 -3.9149842376958692
1792 -3.9107997412901487
1793 -3.911064715634018
1794 -3.915931334621942
1795 -3.9197237991766727
1796 -3.917860151376687
1797 -3.9164267826668824
1798 -3.915820678377359
1799 -3.912331334621942
1800 -3.9141410331494506
1801 -3.912428945749121
1802 -3.9150056074868202
1803 -3.9200807168900558
1804 -3.9138661833151214
1805 -3.907525514505865
1806 -3.8981533162417508
1807 -3.895456959307364
1808 -3.896045187260174
1809 -3.8892274444044497
1810 -3.882097044135549
1811 -3.877351454544426
1812 -3.8762494260242577
1813 -3.87417160500199
1814 -3.8720251065214213
1815 -3.861317749120186
1816 -3.844871619466423
1817 -3.8349538927410856
1818 -3.832795561083426
1819 -3.8229179019748054
1820 -3.813387263613052
1821 -3.811565954952001
1822 -3.809997088228476
1823 -3.8046604828863053
1824 -3.794208938617035
1825 -3.783447631943321
1826 -3.7726669282145906
1827 -3.773324294762101
1828 -3.7745437283424765
1829 -3.7700879763404114
1830 -3.7627084045446746
1831 -3.754122566545766
1832 -3.749913927600162
1833 -3.7470251061110442
1834 -3.740235597694946
1835 -3.7366015581885486
1836 -3.734445162741465
1837 -3.7301530424090004
1838 -3.734665623642971
1839 -3.739153478940858
1840 -3.7367341676202828
1841 -3.7305448361671374
1842 -3.7285053631678093
1843 -3.7272895603507767
1844 -3.7298791298967746
1845 -3.7341044081977683
1846 -3.7352367296279394
1847 -3.744418897209658
1848 -3.7596687584105104
1849 -3.7635931116916708
1850 -3.7580910943926917
1851 -3.7610852281960194
1852 -3.76190683990794
1853 -3.7599991398019887
1854 -3.7538859489013237
1855 -3.7465418515958473
1856 -3.734543149270603
1857 -3.7222529212302815
1858 -3.718094124608107
1859 -3.7261186313287604
1860 -3.7328916226492694
1861 -3.733825573674191
1862 -3.7341956372887246
1863 -3.727315260134323
1864 -3.7183309867721492
1865 -3.7164019319245525
1866 -3.7206086346595817
1867 -3.7222444807236825
1868 -3.7222532815829346
1869 -3.7245291341338524
1870 -3.738388589250349
1871 -3.753640508921578
1872 -3.759718362641088
1873 -3.7621902739847215
1874 -3.761659964944332
1875 -3.7636874674574643
1876 -3.7614770370034623
1877 -3.761246801395243
1878 -3.760535845927907
1879 -3.7617100453606143
1880 -3.772181722439511
1881 -3.772829344378919
1882 -3.7695733328079486
1883 -3.7651424376243243
1884 -3.773374252918584
1885 -3.7941745387579844
1886 -3.812693805515515
1887 -3.8253016229720687
1888 -3.835806856944912
1889 -3.8439026916129992
1890 -3.855955443994468
1891 -3.866565428361376
1892 -3.8731965117291414
1893 -3.875090330179331
1894 -3.8780773762904373
1895 -3.8886373810248105
1896 -3.893812190124211
1897 -3.902611725159696
1898 -3.915852421320529
1899 -3.9279811919946788
1900 -3.9338564461000916
1901 -3.942908899258808
1902 -3.958044372667987
1903 -3.9673405676887263
1904 -3.9692848269078507
1905 -3.9704689018310186
1906 -3.9747446209009474
1907 -3.978410641443367
1908 -3.9842804508346616
1909 -3.98798424243057
1910 -3.993093867525908
1911 -3.992613623852496
1912 -3.9902383648378845
1913 -3.9966044588124756
1914 -4.002335890230622
1915 -4.007344157602386
1916 -4.00425564655721
1917 -3.9999956080445136
1918 -4.002843748422103
1919 -4.0089283660065425
1920 -4.019794746901615
1921 -4.019937008780262
1922 -4.009559434325003
1923 -4.005180176801322
1924 -4.008740109184607
1925 -4.0071700455700725
1926 -4.009221812882891
1927 -4.015509368958024
1928 -4.019258034348949
1929 -4.0162164555691655
1930 -4.012161313233794
1931 -4.017624722940929
1932 -4.020909445137231
1933 -4.018142975760681
1934 -4.009739705349991
1935 -4.00785179275032
1936 -4.010953211603795
1937 -4.01163799110188
1938 -4.0143660759301305
1939 -4.01588523763933
1940 -4.016254464715506
1941 -4.0157835195631035
1942 -4.019573089109102
1943 -4.023324887601611
1944 -4.021893577362182
1945 -4.022502814753292
1946 -4.028146495485414
1947 -4.02753039344563
1948 -4.025644539316335
1949 -4.027675550333011
1950 -4.028534795789314
1951 -4.025199770133183
1952 -4.024145165113415
1953 -4.0269365985189
1954 -4.030501023244894
1955 -4.037846317441381
1956 -4.039738199680993
1957 -4.030002442098368
1958 -4.022913422170245
1959 -4.019964400254786
1960 -4.023428541888413
1961 -4.028430543057006
1962 -4.029106024034083
1963 -4.028471086859428
1964 -4.029175040368983
1965 -4.033561177590642
1966 -4.040334883189709
1967 -4.043293081366378
1968 -4.0468858563650505
1969 -4.058651666166194
1970 -4.071541234631112
1971 -4.08524503744821
1972 -4.100827454343969
1973 -4.1194097093260815
1974 -4.143493621254522
1975 -4.163421509309721
1976 -4.178418593261403
1977 -4.200050989789698
1978 -4.229535576342848
1979 -4.247215009748398
1980 -4.249893768529239
1981 -4.26098687010224
1982 -4.275272634668977
1983 -4.284798827205084
1984 -4.291060668447367
1985 -4.284410526901184
1986 -4.272468531548046
1987 -4.258799107113945
1988 -4.245792155064875
1989 -4.243130781385738
1990 -4.234353459106311
1991 -4.209455658129035
1992 -4.1622265914753775
1993 -4.102750249415143
1994 -4.038158462143494
1995 -3.9662024812821
1996 -3.902331293302142
1997 -3.82890489338276
1998 -3.749218781376605
1999 -3.6619479998298954
2000 -3.5730282163262275
2001 -3.4707802240685557
2002 -3.337477251389159
2003 -3.206875765649742
2004 -3.088516739146897
2005 -2.9914223485477907
2006 -2.928925424958557
2007 -2.8810762529616043
2008 -2.8253233905889585
2009 -2.7753891510923565
2010 -2.72489718960479
2011 -2.657961309292248
2012 -2.589605414165295
2013 -2.516947506796963
2014 -2.443311468780344
2015 -2.373962198047051
2016 -2.3397546707542234
2017 -2.3166172386920905
2018 -2.28860163264811
2019 -2.272683616255256
2020 -2.265405554541504
2021 -2.2808438741317865
2022 -2.304355137880901
2023 -2.345245609244985
2024 -2.40584339192971
2025 -2.48114977022648
2026 -2.5754611528773954
2027 -2.6802035159501663
2028 -2.8225763204632357
2029 -2.988884307255432
2030 -3.164444198669552
2031 -3.326209158959364
2032 -3.450010973320516
2033 -3.550120770295112
2034 -3.642624279853644
2035 -3.7255919293798505
2036 -3.7816561614826214
2037 -3.835985699412787
2038 -3.891451265279204
2039 -3.928381447735468
2040 -3.962463337455731
2041 -4.00126209615008
2042 -4.034237739625677
2043 -4.054833868607318
2044 -4.070598614998443
2045 -4.089971575287663
2046 -4.106142818581737
2047 -4.103321715752764
2048 -4.097975451536932
2049 -4.0930253261211345
2050 -4.081727328370809
2051 -4.066987380266857
2052 -4.0490210042809816
2053 -4.029526168064899
2054 -4.008659998992183
2055 -3.9953727309186116
2056 -3.990514310779477
2057 -3.9821906743755036
2058 -3.9709770195914054
2059 -3.965088735417893
2060 -3.960741205788078
2061 -3.9529910941921025
2062 -3.9514631316236524
2063 -3.9520395263993726
2064 -3.9370558514827034
2065 -3.919687603981109
2066 -3.913875338100277
2067 -3.916168550711889
2068 -3.916711068331326
2069 -3.919581176945372
2070 -3.9223792519559866
2071 -3.9231874581978494
2072 -3.924494007493386
2073 -3.930442867495199
2074 -3.9399640915028904
2075 -3.9395570933732262
2076 -3.9282044256451165
2077 -3.9177049752629918
2078 -3.9177593856718693
2079 -3.921466670722015
2080 -3.925817693806068
2081 -3.9289340789382186
2082 -3.9295024121742537
2083 -3.9306268700672775
2084 -3.928700111782909
2085 -3.9290063656838092
2086 -3.9343279896979997
2087 -3.931378131244183
2088 -3.9293755927599854
2089 -3.9326728473626282
2090 -3.9341888759702424
2091 -3.934813302683574
2092 -3.934594799468698
2093 -3.941855375296999
2094 -3.9393995048632506
2095 -3.9253121107017623
2096 -3.9135397751285415
2097 -3.91468366660194
2098 -3.9211798504014905
2099 -3.9214667929818163
2100 -3.9170927270300973
2101 -3.915842524354014
2102 -3.9184225572861506
2103 -3.9217916224486804
2104 -3.927526049659307
2105 -3.9313305854839804
2106 -3.9349361524578996
2107 -3.940655375296999
2108 -3.9386727465788813
2109 -3.9281255123437027
2110 -3.9182923666774454
2111 -3.9152301538613203
2112 -3.913860255988549
2113 -3.909732826907588
2114 -3.9059559270770365
2115 -3.906856076688413
2116 -3.9092371407697954
2117 -3.9104749118232838
2118 -3.9092244710543484
2119 -3.9067391542406584
2120 -3.9054602409392447
2121 -3.9074532428095794
2122 -3.907494146964653
2123 -3.9055360211390733
2124 -3.907718217153449
2125 -3.907961122477114
2126 -3.908804565116385
2127 -3.907965092117056
2128 -3.8999878930637535
2129 -3.8997729840868622
2130 -3.9053410219282614
2131 -3.907753453550856
2132 -3.9034929388524553
2133 -3.901983789942822
2134 -3.9027039066220612
2135 -3.901469167886412
2136 -3.9026915972592673
2137 -3.896155245059254
2138 -3.8903826713931804
2139 -3.886271658624061
2140 -3.888346706897395
2141 -3.8906036084803914
2142 -3.895387106434107
2143 -3.905319536304258
2144 -3.8994678262932236
2145 -3.8876157408802325
2146 -3.887322993233136
2147 -3.888877153246891
2148 -3.8882772143767905
2149 -3.883947784127236
2150 -3.8763341443924433
2151 -3.875934010911454
2152 -3.8737713492612005
2153 -3.867881392010974
2154 -3.8684848243353116
2155 -3.870500032534956
2156 -3.8695647687859718
2157 -3.8684941228563217
2158 -3.870203077155064
2159 -3.8676863928001626
2160 -3.8643798396765106
2161 -3.8659459336511017
2162 -3.871371111168348
2163 -3.8778098522411826
2164 -3.8775345047450958
2165 -3.8763909736243494
2166 -3.876192841311952
2167 -3.870538163941096
2168 -3.8568396685290125
2169 -3.8446600967332745
2170 -3.8442188210043597
2171 -3.847108363198781
2172 -3.8469598351169623
2173 -3.8450275098586744
2174 -3.8377830972000586
2175 -3.8359200478455766
2176 -3.8392147677921384
2177 -3.8349548515392424
2178 -3.826229286317767
2179 -3.823807916526816
2180 -3.82397587818901
2181 -3.821433616310361
2182 -3.8200313770489163
2183 -3.819832646291015
2184 -3.8207074564714976
2185 -3.8194158734546364
2186 -3.8179191561675987
2187 -3.8164097691651127
2188 -3.815026603131391
2189 -3.815626902354144
2190 -3.813972358464277
2191 -3.8100658664705245
2192 -3.808070568036961
2193 -3.8069814473250907
2194 -3.8017111006181925
2195 -3.7993493328080796
2196 -3.795124292599939
2197 -3.7930403061582467
2198 -3.791818698274443
2199 -3.7862643039959525
2200 -3.7816476930732206
2201 -3.7776029238900684
2202 -3.7786260240595175
2203 -3.7806430526366848
2204 -3.7866020476978646
2205 -3.789969277433565
2206 -3.7764439503049414
2207 -3.764649408402413
2208 -3.7643503945521464
2209 -3.767495749878533
2210 -3.7696996760365127
2211 -3.76697761931858
2212 -3.7613027940887913
2213 -3.7558374481710817
2214 -3.7505401646993115
2215 -3.7360201948844134
2216 -3.725709837862582
2217 -3.7323011989169776
2218 -3.7337440034568967
2219 -3.7343725371192753
2220 -3.7297719671064287
2221 -3.718011602019403
2222 -3.7200299282713267
2223 -3.7222952818452697
2224 -3.717640423683345
2225 -3.7061236631492376
2226 -3.700838212854558
2227 -3.6993671953510656
2228 -3.6962598706470726
2229 -3.6948204587776448
2230 -3.6879807476854642
2231 -3.681285955387812
2232 -3.6810149378843193
2233 -3.67956299360855
2234 -3.6731971226775055
2235 -3.6622048811663217
2236 -3.6545600969338627
2237 -3.652590498283845
2238 -3.649673204262249
2239 -3.641323868074731
2240 -3.6338622498759943
2241 -3.6298114375332178
2242 -3.626189591556562
2243 -3.6226057547262465
2244 -3.61871566399503
2245 -3.611443377249439
2246 -3.60587050818873
2247 -3.5991765524294355
2248 -3.5906947290699835
2249 -3.5867510644682468
2250 -3.584262974905624
2251 -3.5806633352582766
2252 -3.5764102836540546
2253 -3.5665328626382857
2254 -3.5585124478173755
2255 -3.552702838852424
2256 -3.5460815301913735
2257 -3.5396427740692333
2258 -3.5324967082924066
2259 -3.5314052910173084
2260 -3.5250394200862645
2261 -3.5136359727126205
2262 -3.512563253263288
2263 -3.5094821045285447
2264 -3.500832917952404
2265 -3.491918619723288
2266 -3.484475836659421
2267 -3.483419057336226
2268 -3.4790081791291767
2269 -3.4661460236148356
2270 -3.460579420757298
2271 -3.457813925228211
2272 -3.454567709840008
2273 -3.452436415730967
2274 -3.44843544571162
2275 -3.4467048835290726
2276 -3.4469515203998284
2277 -3.4444351963975786
2278 -3.436815989688866
2279 -3.4258424460034473
2280 -3.4185796958717174
2281 -3.4209555533318334
2282 -3.415972985743616
2283 -3.4053117240694153
2284 -3.397730288414192
2285 -3.3957102489952384
2286 -3.391892805362266
2287 -3.3849897456928515
2288 -3.3803164277980144
2289 -3.378178867485802
2290 -3.3773297570888654
2291 -3.375277138188386
2292 -3.3697731846788304
2293 -3.366887734384151
2294 -3.3600606930074175
2295 -3.3549415312982185
2296 -3.357755769478516
2297 -3.359982140058656
2298 -3.3580269092418082
2299 -3.3578344446870774
2300 -3.357575498453527
2301 -3.3561356254477
2302 -3.356272082259576
2303 -3.3502149998855124
2304 -3.3466023301700654
2305 -3.3516396685198124
2306 -3.3508312392344024
2307 -3.3508279688237113
2308 -3.3492364131584274
2309 -3.352014340310108
2310 -3.3630567844973753
2311 -3.375685470518165
2312 -3.3763956902308916
2313 -3.3658948048649053
2314 -3.3672277682225435
2315 -3.3773178016519747
2316 -3.3846112200956657
2317 -3.392520142133636
2318 -3.4057006228188196
2319 -3.4175770888645483
2320 -3.422934688595713
2321 -3.4284536234332488
2322 -3.4427614570201888
2323 -3.4555309699357655
2324 -3.4669707533790355
2325 -3.4758025075433947
2326 -3.483291999829105
2327 -3.4926420068132185
2328 -3.5017742098117055
2329 -3.5068005916130347
2330 -3.514290321991598
2331 -3.52686120493302
2332 -3.5407448025894017
2333 -3.558413747009682
2334 -3.5781028581663157
2335 -3.5908170625682896
2336 -3.5771354846947614
2337 -3.573348327545045
2338 -3.594766028148291
2339 -3.613496832688276
2340 -3.629457298995517
2341 -3.6465655041562983
2342 -3.658514018854765
2343 -3.6682743951629795
2344 -3.673433502229095
2345 -3.6799692710329093
2346 -3.694261301802818
2347 -3.70675943686225
2348 -3.7158432575621787
2349 -3.7235634616418136
2350 -3.7341984100376577
2351 -3.7426039920608822
2352 -3.7512845461782365
2353 -3.7541073621742385
2354 -3.755673095796177
2355 -3.760895911792179
2356 -3.7701825701990574
2357 -3.78116154354929
2358 -3.7920647366996945
2359 -3.800268317554327
2360 -3.805677194592784
2361 -3.8087618518310684
2362 -3.81509308481021
2363 -3.8228070076373695
2364 -3.829504471900207
2365 -3.8377367483308653
2366 -3.837584128349305
2367 -3.8433692344217185
2368 -3.851239163474181
2369 -3.851458665577529
2370 -3.85832577457098
2371 -3.873127733487094
2372 -3.8775261650222426
2373 -3.867602911413302
2374 -3.8708495879379043
2375 -3.8760858094039636
2376 -3.8806733342994058
2377 -3.883761484991929
2378 -3.8841246839577868
2379 -3.8831363225239874
2380 -3.8824222339550656
2381 -3.8853056257793694
2382 -3.8915959395541324
2383 -3.8909980742037145
2384 -3.8971907768512972
2385 -3.900825890988905
2386 -3.8960126228279535
2387 -3.8974965330904396
2388 -3.9017314853144005
2389 -3.908185791111414
2390 -3.9091044155050088
2391 -3.9093949673726236
2392 -3.9086937866120004
2393 -3.909615306014328
2394 -3.9169608383036674
2395 -3.9210124871848016
2396 -3.9176417489455573
2397 -3.9192649252942124
2398 -3.9266962355336403
2399 -3.922258958313795
2400 -3.9169222307118226
2401 -3.914529571546202
2402 -3.910095665520793
2403 -3.913161371791156
2404 -3.9222876689391253
2405 -3.9292060552398675
2406 -3.9289560471746747
2407 -3.9275920551524224
2408 -3.9248166626568226
2409 -3.9223662218878865
2410 -3.923698709059822
2411 -3.926780593549174
2412 -3.9320602387770816
2413 -3.9338790127820524
2414 -3.9340117380468387
2415 -3.931930524354081
2416 -3.9312130645907213
2417 -3.936560165344911
2418 -3.938079550097657
2419 -3.926779757010817
2420 -3.924560012986501
2421 -3.927653107166428
2422 -3.9235890266627003
2423 -3.9158703984409886
2424 -3.917796558279852
2425 -3.9303552541182802
2426 -3.9387327239616785
2427 -3.940343093285781
2428 -3.932672248917124
2429 -3.9294034668469604
2430 -3.9370843240151823
2431 -3.9416697904402485
2432 -3.935444508311139
2433 -3.9329056176269286
2434 -3.9364370774777324
2435 -3.933680520117003
2436 -3.9286116618676337
2437 -3.9248791746956995
2438 -3.9286851455042346
2439 -3.92856822305648
2440 -3.924329914687387
2441 -3.9263576552933714
2442 -3.927030003168863
2443 -3.930117677675682
2444 -3.93576776192008
2445 -3.934286847450074
2446 -3.9251916947997705
2447 -3.9247180776821806
2448 -3.929136556292515
2449 -3.932461807241933
2450 -3.9280846081886294
2451 -3.924557117977767
2452 -3.9265627895635493
2453 -3.9289311839294854
2454 -3.9290351985689407
2455 -3.9276173945833155
2456 -3.924946016727171
2457 -3.923436629724686
2458 -3.9232407939755176
2459 -3.9240335577530003
2460 -3.923329842336297
2461 -3.9182647306833225
2462 -3.9137737422838503
2463 -3.9175192745731895
2464 -3.9260299308177733
2465 -3.9264171564904635
2466 -3.9282263938815727
2467 -3.932297577126828
2468 -3.9265971894225995
2469 -3.9233828177613135
2470 -3.9221490163477672
2471 -3.9164264223142298
2472 -3.9175094998664757
2473 -3.9230584644801527
2474 -3.922328335001347
2475 -3.919877656139559
2476 -3.9196733584077377
2477 -3.9130010105322475
2478 -3.9065936370006247
2479 -3.9072350784713032
2480 -3.909979103425691
2481 -3.9141091894225335
2482 -3.916869255286807
2483 -3.916092056233504
2484 -3.914209948700604
2485 -3.9176583883009464
2486 -3.918352704412894
2487 -3.9216750603535786
2488 -3.92122388765815
2489 -3.9134705207007894
2490 -3.914149733224955
2491 -3.9191243364922776
2492 -3.9157735080191145
2493 -3.9112729830057806
2494 -3.912274252247879
2495 -3.91658207461363
2496 -3.916427381112387
2497 -3.8810668141451834
2498 -3.7242228596548106
2499 -3.3653166073059078
2500 -0.5482057891476775
2501 -0.18523775285827498
2502 -0.02974849186914569
