0
1
2506
-3 3.674316773491823
-2 3.521102238847738
-1 3.163804150924689
0 0.38808351197915014
1 0.04484710338473796
2 -0.09703826753530231
3 -0.1137755845732773
4 -0.11148079610374229
5 -0.11177543987109884
6 -0.10117682754488122
7 -0.09898242295145776
8 -0.10144347496546358
9 -0.0984175982189659
10 -0.09890350965004391
11 -0.1038804094805954
12 -0.10681713708256702
13 -0.10814008764063932
14 -0.10495686047701724
15 -0.10483063950825366
16 -0.1061570985698701
17 -0.10787764795285115
18 -0.11058390185375133
19 -0.11286432249011602
20 -0.10991119362560786
21 -0.10839783698318106
22 -0.11627742490930482
23 -0.11957154641036194
24 -0.11200447858830875
25 -0.10867571913534846
26 -0.11422131255458767
27 -0.11948926191451159
28 -0.11519784081129636
29 -0.10204174075885053
30 -0.09884003881301018
31 -0.10516620247998976
32 -0.10803293989959917
33 -0.10651958325717148
34 -0.10842726831381633
35 -0.10676669631363112
36 -0.10266773976514854
37 -0.09861632897686734
38 -0.09802929791506587
39 -0.09883786450958176
40 -0.09775454886448376
41 -0.09769143838010175
42 -0.09774501225062204
43 -0.09785856350393907
44 -0.09968420215758522
45 -0.09696214543965276
46 -0.09193167173858141
47 -0.0911806486545288
48 -0.09012556744905753
49 -0.09157800938658545
50 -0.09680805038391505
51 -0.09236147464305944
52 -0.08764954915637713
53 -0.08931759930004679
54 -0.09035663959563367
55 -0.0893931414070237
56 -0.08930469149174813
57 -0.08909329101840013
58 -0.08863874712853281
59 -0.08590402069515424
60 -0.08303680708984018
61 -0.08215305874100087
62 -0.07923516627390104
63 -0.07621012606575928
64 -0.0750296604298808
65 -0.06980335097964119
66 -0.0667814438730856
67 -0.06708502580879872
68 -0.06460297940579984
69 -0.06428405578945284
70 -0.06333033230755669
71 -0.0648806234651147
72 -0.06869842745073917
73 -0.07016956721403211
74 -0.0696174121969868
75 -0.0659645375557174
76 -0.055230405739727484
77 -0.05360096318790175
78 -0.06189792239590908
79 -0.06102287412257379
80 -0.05475004623326285
81 -0.056556987061143094
82 -0.061105280878225976
83 -0.053649229653409236
84 -0.04544842154770867
85 -0.04153033446971888
86 -0.03853727529760009
87 -0.03979735346414337
88 -0.04092967489431487
89 -0.05286165744788596
90 -0.07236529095826505
91 -0.07540359932735718
92 -0.053717769802603677
93 -0.03722167556561118
94 -0.03625128768731578
95 -0.03533918906579725
96 -0.026177915089326653
97 -0.019739635152891122
98 -0.01393920244914959
99 -0.01240134291418471
100 -0.016102462544907326
101 -0.019619579603550985
102 -0.02424198054374882
103 -0.02995830837411484
104 -0.027084691256525684
105 -0.01608558509666569
106 -0.013070780731637477
107 -0.010617805306621264
108 -0.0065912577635298675
109 -0.005748413569763411
110 -0.004037400800644075
111 -0.0016874661676209435
112 -0.0010146571557312356
113 -0.007782319595172282
114 -0.008309510583282442
115 -0.006281632668191595
116 -0.005994690087867571
117 -0.005811762146997523
118 -0.004825819536227183
119 -0.005637656541432889
120 -0.007365907111446468
121 0.004365386997595255
122 0.01565121269423253
123 0.021069150160846206
124 0.023080489504294643
125 0.021201515072980737
126 0.02115107430404528
127 0.022218587132111
128 0.022256358185599012
129 0.022060760529283296
130 0.02077254870685996
131 0.018912034008458978
132 0.021747641979707577
133 0.02878089225782876
134 0.02851181096491162
135 0.02531507754748663
136 0.03368394809912667
137 0.03926695221920129
138 0.039395469751193346
139 0.041902855585087107
140 0.04193483662110831
141 0.040741102824279896
142 0.0389537114098264
143 0.04231950616166502
144 0.049920015044611965
145 0.06092805937282808
146 0.0665167312505699
147 0.06872947331710533
148 0.0760680036486634
149 0.08349825430618907
150 0.08940293974223801
151 0.09045428940061928
152 0.09099401279507058
153 0.09158768546199969
154 0.09539595283376245
155 0.09713581353731948
156 0.09853164928648761
157 0.09784313824131274
158 0.09776362649439374
159 0.10462867701746825
160 0.11292420124161362
161 0.1169341094293177
162 0.11964916418946814
163 0.12343789719710907
164 0.13098566874789297
165 0.13463971880411751
166 0.12688888650283836
167 0.12901064399801854
168 0.1430420304166513
169 0.14569074080708866
170 0.14340355630579582
171 0.14513772777563316
172 0.14907185576350734
173 0.15746766308001936
174 0.1725429210135485
175 0.1812008076651952
176 0.18594290380208056
177 0.192002758925077
178 0.19582684416317742
179 0.19984591356278436
180 0.20523248348818557
181 0.2153789857968711
182 0.21844203515135385
183 0.21268130971167576
184 0.21445928034531914
185 0.22171263117229367
186 0.23101812471404237
187 0.24230694620315907
188 0.2459499238779146
189 0.25086975638370745
190 0.2572489962594502
191 0.25464593550895387
192 0.260790493950831
193 0.2717135968673148
194 0.27948749707726916
195 0.2833331751498678
196 0.2844510064870689
197 0.28667061320228093
198 0.29062381441787766
199 0.30030274276859803
200 0.3075490916377901
201 0.31349675474859406
202 0.3299111414591871
203 0.3427664323248534
204 0.3443377329207111
205 0.348111001987919
206 0.3529392514768519
207 0.3589010192869644
208 0.36459767544410315
209 0.36506429060391143
210 0.368828160366363
211 0.37725954295688036
212 0.38328382280587014
213 0.3926018487539604
214 0.4018349332903184
215 0.40855422848050704
216 0.4136096812598189
217 0.4163469423492794
218 0.4202116936496014
219 0.4281347203868795
220 0.43162070799716323
221 0.43244447896320626
222 0.43294016510099853
223 0.43448756124982424
224 0.4371718469142687
225 0.43805872836469373
226 0.4403351793611163
227 0.44702043504490696
228 0.4509134207848544
229 0.45480640652480364
230 0.4615296713549344
231 0.4639921833938119
232 0.4652769017619973
233 0.47146984250243307
234 0.47261253708482265
235 0.4738497096928058
236 0.48017176641073833
237 0.4831055990039763
238 0.48325991710326077
239 0.4789144609931273
240 0.48050673093696883
241 0.48019734393448354
242 0.4760599171032607
243 0.4799663940477079
244 0.47927548565555744
245 0.47445060736106237
246 0.4642636770830091
247 0.45940972781053
248 0.4656434719222924
249 0.4768445792507445
250 0.4794013312223635
251 0.47675132315717006
252 0.47904150345094276
253 0.4732979150284127
254 0.4655960484218906
255 0.4564485187920755
256 0.4494138084890831
257 0.44277921661777464
258 0.4354312869814603
259 0.4348199760706697
260 0.4226085605480159
261 0.4110794906511135
262 0.40756006197993555
263 0.3959397844681307
264 0.38614439480605567
265 0.37651095374516164
266 0.3692766610966052
267 0.36124371386935383
268 0.3558603993053375
269 0.3437129308054221
270 0.33096562421915365
271 0.31834767170323364
272 0.3074253045413604
273 0.30302769449526235
274 0.2936618846941186
275 0.28219592528159776
276 0.27669592636267915
277 0.266875948073626
278 0.2562567874455084
279 0.24072734597476453
280 0.22547035699137474
281 0.20984025702630715
282 0.18838346265380768
283 0.1785361721979255
284 0.16458549441721892
285 0.15070349409481398
286 0.15070225711348995
287 0.14222997036789842
288 0.1323701725466857
289 0.13518814227407328
290 0.13486995441233685
291 0.12554445032076167
292 0.11646943048008307
293 0.10947562433216484
294 0.10282873814736782
295 0.09812754616555619
296 0.09004088775867825
297 0.07874831967316576
298 0.07244012956168966
299 0.06684565261717701
300 0.051871276221518325
301 0.04212367041249632
302 0.03617179956889727
303 0.030674848017123946
304 0.027006155509516017
305 0.013433419929797186
306 0.010733792584719737
307 0.012907187739843451
308 0.009979895967987318
309 0.006256793051503617
310 -0.0030174186834748262
311 -0.006253160135712754
312 -0.011826627641926102
313 -0.016223000706699686
314 -0.00867211110363586
315 -0.00638889624228467
316 -0.010528995038693534
317 -0.017999911758439957
318 -0.027747740611006932
319 -0.031925012015399545
320 -0.03449490988816972
321 -0.03791802510692488
322 -0.042480686757177644
323 -0.04597910599005672
324 -0.050788642603918355
325 -0.049456393524835995
326 -0.04341824706938979
327 -0.03975513658500818
328 -0.043974747128336045
329 -0.04668702913955425
330 -0.04545482505998555
331 -0.05023285682352929
332 -0.05112324677749669
333 -0.05314677965068748
334 -0.057093937706660824
335 -0.05935228932282355
336 -0.057615799813703905
337 -0.04882049755202411
338 -0.050371026802435104
339 -0.06143324344667578
340 -0.0667628683071202
341 -0.07117396955771627
342 -0.07057390842781563
343 -0.06856534183330032
344 -0.07062772039118803
345 -0.07076661107539906
346 -0.07071593221361194
347 -0.07035007633187274
348 -0.06794367281959701
349 -0.06600111171819689
350 -0.07053300427274278
351 -0.07383002078253309
352 -0.06933276617988993
353 -0.06633956969866572
354 -0.06462504842600225
355 -0.06260997753546427
356 -0.06793136345680217
357 -0.0679126656310376
358 -0.06350059053297841
359 -0.06239530665142512
360 -0.06589745743139375
361 -0.06933046961666145
362 -0.06813986892141788
363 -0.06186101292178847
364 -0.06507308801984646
365 -0.07216653872431023
366 -0.06423640924550389
367 -0.05841026170891084
368 -0.05552855801062684
369 -0.05028004223107807
370 -0.04815455318880879
371 -0.054268342534978586
372 -0.05903276726097273
373 -0.06330174394202537
374 -0.06601510058445292
375 -0.0571797307060562
376 -0.04725089507389013
377 -0.046822304109726876
378 -0.056119558712369955
379 -0.0575198868042488
380 -0.06523333344570226
381 -0.07785331939098761
382 -0.07395660210394928
383 -0.05804356928881571
384 -0.050269907171712536
385 -0.05095635974651147
386 -0.05074761618904411
387 -0.04995148121712312
388 -0.05240529318049658
389 -0.05322279794336904
390 -0.05637405912027349
391 -0.0616257080014071
392 -0.0627332884461893
393 -0.06442247028795878
394 -0.06822867918934561
395 -0.06204224274493342
396 -0.05362606452594321
397 -0.055803068968357294
398 -0.0566369749937663
399 -0.05297278987817444
400 -0.057760120162728246
401 -0.06245624283237872
402 -0.06120556397059129
403 -0.05597308910092735
404 -0.05067123754371128
405 -0.05010954591280381
406 -0.052339049594529286
407 -0.052935379177339925
408 -0.05544916852350834
409 -0.05661429247875338
410 -0.05336145053472752
411 -0.054672567915709624
412 -0.05060535431039659
413 -0.04542972372194365
414 -0.04562288750592636
415 -0.04264166151089688
416 -0.04662332020966753
417 -0.05220632432974259
418 -0.056582686844689256
419 -0.05813321609510069
420 -0.056036437678161466
421 -0.0540621336335918
422 -0.0564496012272504
423 -0.062302147776641004
424 -0.05491571133222806
425 -0.044131138747302234
426 -0.045360447818138194
427 -0.04886924020323491
428 -0.05098411800043401
429 -0.05323522956596305
430 -0.05835728628389525
431 -0.059828426047187744
432 -0.0579213394360476
433 -0.053290000327492315
434 -0.03873890106423428
435 -0.028033840226227014
436 -0.03031462121524431
437 -0.03494715721480768
438 -0.03641829697810017
439 -0.034912043077200305
440 -0.029685971719812798
441 -0.026456035334346595
442 -0.02488353784747943
443 -0.02431787657662987
444 -0.030599029139488643
445 -0.035288149851357975
446 -0.03716279429007763
447 -0.04404340953733188
448 -0.050185808725085934
449 -0.048729995593119746
450 -0.039897520723456203
451 -0.03384730299806815
452 -0.03132205587676662
453 -0.03126581004105988
454 -0.024879806300388996
455 -0.026704608415678788
456 -0.0374007310853286
457 -0.04058349711255094
458 -0.038426503219963326
459 -0.03365170534175199
460 -0.03142860517230295
461 -0.03792175665401443
462 -0.038439172935411214
463 -0.03644303796348991
464 -0.03798800023998128
465 -0.03350341535278556
466 -0.03239186526806126
467 -0.037817980107411664
468 -0.0359788351999617
469 -0.03998826720196025
470 -0.053981644474253354
471 -0.05440458273005566
472 -0.044898923446544
473 -0.0388491819068606
474 -0.03567608980260495
475 -0.037593073380259856
476 -0.03908001596058419
477 -0.03955652808690724
478 -0.04251905625617125
479 -0.03886572047850301
480 -0.034314754696233685
481 -0.03481973935503557
482 -0.043178972509067215
483 -0.04809252376238371
484 -0.0427993722806721
485 -0.039799534194319364
486 -0.037902460382744696
487 -0.03745104959446355
488 -0.03565364538044369
489 -0.03858083636855447
490 -0.045762138542788655
491 -0.04554990153108385
492 -0.04479490880708914
493 -0.0467532727255211
494 -0.04464999001256009
495 -0.04461511396780482
496 -0.045657287364976984
497 -0.04550899737601011
498 -0.04495357194827365
499 -0.040368105523207465
500 -0.03945528619638461
501 -0.045294326491970516
502 -0.04804788806021998
503 -0.04788365794511629
504 -0.04296057007793763
505 -0.03919344495410071
506 -0.041271388236168605
507 -0.04305855660707447
508 -0.04788389603796883
509 -0.047416083987151136
510 -0.04588716262054415
511 -0.051442393437390876
512 -0.05175154234702406
513 -0.04936397396961789
514 -0.04913746990848855
515 -0.0413691366724529
516 -0.03577720943332707
517 -0.03639027915527304
518 -0.03497383441077373
519 -0.04880517734744361
520 -0.062615626678868
521 -0.05204512653247706
522 -0.041532032587443535
523 -0.04425492584373192
524 -0.0510415607271506
525 -0.05401652051900907
526 -0.044627783683251376
527 -0.03634433072904786
528 -0.04138517758233773
529 -0.047164377804233215
530 -0.0455499015310834
531 -0.043405339261091136
532 -0.04415454196761992
533 -0.044944035334411936
534 -0.040869957080423625
535 -0.04412279902444993
536 -0.04577131480399821
537 -0.04672420174753755
538 -0.050800951966712304
539 -0.05470454895173216
540 -0.05449217463092104
541 -0.05360048700219666
542 -0.06352641257632508
543 -0.06559579309199304
544 -0.04921905517508929
545 -0.0343711013156871
546 -0.029606813898798823
547 -0.037334365239561684
548 -0.04302114590623951
549 -0.04521204199611928
550 -0.04560660850318943
551 -0.044596416142039796
552 -0.04567332827486137
553 -0.04421041240136825
554 -0.04896010894153857
555 -0.05409880501486075
556 -0.04547062787701739
557 -0.042100964268983354
558 -0.048824827544618365
559 -0.0521905215127112
560 -0.05520265391255297
561 -0.05642823143629849
562 -0.05318478879702848
563 -0.052013023236654465
564 -0.05492838104767461
565 -0.05453718573504274
566 -0.04903225837802472
567 -0.048141645380510134
568 -0.055907682053316865
569 -0.05663649880806165
570 -0.0539484815965281
571 -0.05798189378829566
572 -0.05589417579951306
573 -0.053661300923351085
574 -0.05713591649294392
575 -0.05126816557202574
576 -0.04727986526812655
577 -0.049478700637890505
578 -0.04408769993614792
579 -0.0452274844604994
580 -0.04974694539244995
581 -0.049285536853908685
582 -0.04987883411888028
583 -0.05189633888175216
584 -0.05717949261320365
585 -0.06203017147499024
586 -0.058262209812797394
587 -0.05748501075949308
588 -0.06200423359859242
589 -0.06403163532797862
590 -0.060567854047003156
591 -0.05085186892135152
592 -0.04052870487496829
593 -0.03911417130003425
594 -0.04937131480399781
595 -0.0527243390566432
596 -0.05197224134138212
597 -0.0501128012741896
598 -0.04488383490806891
599 -0.04218360911748675
600 -0.04251206934769547
601 -0.04941198086621901
602 -0.0498951345976697
603 -0.04848649182394915
604 -0.04372473906314189
605 -0.0435607470408903
606 -0.04554313766615525
607 -0.05122099521378187
608 -0.060499176588701964
609 -0.05406250903554932
610 -0.05480409628948735
611 -0.06243680925200312
612 -0.06816800257729794
613 -0.07255749594409
614 -0.06427755149342973
615 -0.05733031725825066
616 -0.05481133634012014
617 -0.053927349898428734
618 -0.05143576688156726
619 -0.05127443177519586
620 -0.05136928520274786
621 -0.05426846479477865
622 -0.050716248647832085
623 -0.047343076536255246
624 -0.0470107839752103
625 -0.057176957957123076
626 -0.06121592207350446
627 -0.0466068181633843
628 -0.04449515920221181
629 -0.04024563115083879
630 -0.03931326241058919
631 -0.04443218602693566
632 -0.0497844783530863
633 -0.05138521027958065
634 -0.0497718086376393
635 -0.044315263579180364
636 -0.038868255134583585
637 -0.03807898481133787
638 -0.037978240582573264
639 -0.04028025405343616
640 -0.03898493948948589
641 -0.04318150716514779
642 -0.0496271279359628
643 -0.05110104044818797
644 -0.05279565195477076
645 -0.06156876293644897
646 -0.06763211151368287
647 -0.060800502051503
648 -0.06087301184064087
649 -0.06628659427365013
650 -0.0665608671385276
651 -0.06329184697551149
652 -0.06347271644600427
653 -0.06123451268877478
654 -0.05313374958258832
655 -0.052818096376932466
656 -0.059946423126151505
657 -0.05657979183595563
658 -0.05069633888175229
659 -0.050207157039982686
660 -0.05144819850416171
661 -0.05563269490988221
662 -0.053002221208811484
663 -0.0458620612825027
664 -0.045164612068969934
665 -0.046409024727586345
666 -0.04934224382601471
667 -0.05251884443381405
668 -0.05568590842775034
669 -0.05779499620748396
670 -0.06081690331403955
671 -0.06357986418704531
672 -0.06378499845722274
673 -0.063226439927901
674 -0.059124588370684794
675 -0.05416035825558119
676 -0.05494382351205429
677 -0.057457374765371494
678 -0.05915922632258752
679 -0.06158769885506654
680 -0.05980006934776183
681 -0.06017883303779925
682 -0.06381660409128731
683 -0.06514922857232763
684 -0.06550662247141359
685 -0.05814865855947993
686 -0.05218002610069172
687 -0.05721133634012032
688 -0.05973442420729835
689 -0.05797768605550058
690 -0.05852441140773257
691 -0.05712965028977335
692 -0.04805379391073883
693 -0.04038995149986313
694 -0.043188249554023006
695 -0.04544239343739065
696 -0.05310623584826679
697 -0.05709164114343279
698 -0.05326056899685705
699 -0.052458268605511726
700 -0.056247600058658254
701 -0.06088991076493544
702 -0.061259974379468396
703 -0.05065856782826428
704 -0.04473107761740147
705 -0.05234218269611457
706 -0.05745146891485353
707 -0.05755861665589457
708 -0.052588221121366185
709 -0.0467745202566725
710 -0.050036660721708426
711 -0.05491257823064277
712 -0.05717031635199499
713 -0.052284999538304344
714 -0.04687913334163296
715 -0.044956344697206774
716 -0.04407526831355346
717 -0.04911177012494283
718 -0.05241435360865365
719 -0.05599541769003569
720 -0.055178151020015775
721 -0.04544552653897593
722 -0.04025395582438618
723 -0.043494265362070905
724 -0.04936770551670833
725 -0.050274258640360614
726 -0.04468195599927682
727 -0.033929602543225634
728 -0.03403058486484145
729 -0.042635019905768345
730 -0.057021788270176454
731 -0.06551977479931237
732 -0.055186851095520684
733 -0.043654388528127086
734 -0.04103428797927444
735 -0.043608415060892636
736 -0.044259155052579935
737 -0.039446109935175055
738 -0.03468701409024888
739 -0.03829738724246745
740 -0.0379312932678757
741 -0.03258770101722952
742 -0.033992697978301845
743 -0.03851169777385399
744 -0.04748292601862225
745 -0.049092596113473164
746 -0.051059660107410476
747 -0.054476970259393465
748 -0.051568015960649305
749 -0.05156801596064975
750 -0.05447697025939391
751 -0.05111033896919759
752 -0.04945892818091613
753 -0.048783685296692525
754 -0.04543285682352893
755 -0.04660751739263569
756 -0.05014791541179653
757 -0.050775850628670405
758 -0.05043715455534947
759 -0.05489990851519577
760 -0.05661489092425809
761 -0.04757658255516484
762 -0.046522200578945405
763 -0.04601759132210148
764 -0.04595424274486737
765 -0.04616564321821581
766 -0.046784655316038926
767 -0.05095237505726402
768 -0.053408996294929345
769 -0.06147450795440168
770 -0.05785810669186553
771 -0.05589333926115625
772 -0.06069104269792858
773 -0.05777376372563792
774 -0.05119865157536729
775 -0.04408733958349531
776 -0.04926983482062308
777 -0.05237368754643246
778 -0.055319338267455276
779 -0.057287238799749396
780 -0.05228523763115733
781 -0.04610169619547744
782 -0.04632987333332039
783 -0.04860401271720827
784 -0.04140087961562289
785 -0.038069448197476596
786 -0.03447898481133782
787 -0.037734859073203175
788 -0.04207428707301819
789 -0.03803470946182719
790 -0.035968822400395783
791 -0.040037247946024035
792 -0.04177756978597946
793 -0.03316471927946418
794 -0.033515608882527914
795 -0.03824766717883721
796 -0.026462561106423088
797 -0.012732322751168645
798 -0.004772361498758038
799 -0.0033106425162752195
800 -0.004479635327715226
801 -0.0012681586751619456
802 0.007264941991583118
803 0.008748629210521663
804 0.008687216843863865
805 0.018842895413758942
806 0.03394349277818165
807 0.0411260319337412
808 0.05096797845925094
809 0.0613699335472484
810 0.06818394485588275
811 0.07162202635331294
812 0.07830378858286524
813 0.08771050253908319
814 0.09692718581290416
815 0.11056135880029183
816 0.12249129793279367
817 0.13129250604499232
818 0.12385213537740691
819 0.11580542232744495
820 0.11966207199776768
821 0.12421303778003612
822 0.12359342723670919
823 0.12085810235782546
824 0.12438872567027293
825 0.12873455718236437
826 0.12627457979956747
827 0.11956989053540212
828 0.11986684591529295
829 0.12837726406702377
830 0.13288625106301089
831 0.13505577736193874
832 0.12881600513985836
833 0.12121152661696977
834 0.12092181128771129
835 0.12147890979216225
836 0.11265246303281584
837 0.10374047641623374
838 0.11123743179612466
839 0.12386214817697283
840 0.13588618993311075
841 0.14305362550088985
842 0.1462958712491509
843 0.15181889798642967
844 0.15525793828201628
845 0.15118493465923644
846 0.14441180602962156
847 0.13608661238198794
848 0.14549695710154875
849 0.1663329404747551
850 0.1691099303043333
851 0.16855366833823915
852 0.16792353734188348
853 0.15512159730319164
854 0.14719589860072668
855 0.14382429878211722
856 0.13788776961915072
857 0.13496720518686356
858 0.12805811740713047
859 0.12353949301353584
860 0.12276289240573712
861 0.12171131970380955
862 0.1250174974255036
863 0.12426577511220005
864 0.12513104867882063
865 0.12343849564261422
866 0.11901761968530389
867 0.11562381353738527
868 0.10518759589944215
869 0.0929323661636765
870 0.08301837098542864
871 0.06942195400222362
872 0.05058306439909366
873 0.03755460524996712
874 0.029000870546881607
875 0.026399590083593605
876 0.019819185577615084
877 0.01001693126686476
878 0.0032377960029856823
879 0.00032447162133175667
880 -0.010983661188360472
881 -0.022329565051541156
882 -0.026228593951113766
883 -0.03288753635654773
884 -0.03878307562999872
885 -0.050858495477175136
886 -0.05487710374038324
887 -0.06167217913040002
888 -0.07297474496617262
889 -0.07176728187199322
890 -0.0745990209870464
891 -0.08491336269812644
892 -0.09060604921532223
893 -0.09462779058011561
894 -0.10686720244954406
895 -0.11547562217971752
896 -0.11857317217699714
897 -0.11263241380518307
898 -0.1128504558836596
899 -0.1204900334948511
900 -0.11895195091634081
901 -0.11812369759929142
902 -0.1174955393388708
903 -0.12395670978456108
904 -0.12186960529058855
905 -0.11918831541862485
906 -0.1147417396777688
907 -0.11796648449127423
908 -0.12339525624650527
909 -0.11771647642608052
910 -0.12032147338715315
911 -0.12549771747041572
912 -0.1288601410278174
913 -0.13094388937665613
914 -0.13359994060147384
915 -0.133994507108544
916 -0.13254449904334997
917 -0.1374329489586259
918 -0.14123205511848447
919 -0.1403883743863621
920 -0.13783368088511905
921 -0.1368810320344318
922 -0.13323999057025349
923 -0.12994189942925338
924 -0.14107676317173734
925 -0.15306133575666347
926 -0.1483676469593469
927 -0.14234240831220024
928 -0.14142112700272502
929 -0.14034421486990345
930 -0.14367525583678642
931 -0.14432637123043168
932 -0.14147228847696391
933 -0.12763444124427137
934 -0.12030241520873552
935 -0.12245408022025561
936 -0.12210935603661621
937 -0.12602393461106276
938 -0.13567101923486558
939 -0.14482868392404713
940 -0.144461991503952
941 -0.13985455684242964
942 -0.13722432123421013
943 -0.13836761426210442
944 -0.14208116551542105
945 -0.14374524601914906
946 -0.1441398125262192
947 -0.14365643575122178
948 -0.1467445864437451
949 -0.15226737508817134
950 -0.15649568570700323
951 -0.15789465455775753
952 -0.15385531503941818
953 -0.15436077588392472
954 -0.1611154082552666
955 -0.1662870842530828
956 -0.17980504907127282
957 -0.1935814989866147
958 -0.21035451657761772
959 -0.23167195912950866
960 -0.24808782091427828
961 -0.2673557927165806
962 -0.2857462974225182
963 -0.3021769881768579
964 -0.3273333814617789
965 -0.3642412016653678
966 -0.3877174735366751
967 -0.40136999904648096
968 -0.41229549930994036
969 -0.41489751552783805
970 -0.4161484174331713
971 -0.40521012519446487
972 -0.3929682794527034
973 -0.3818437738131317
974 -0.3706268851437011
975 -0.3720966720926171
976 -0.3594288987293206
977 -0.3254201422847096
978 -0.2809991483919245
979 -0.22551751014786614
980 -0.1635522269373455
981 -0.09827486015461284
982 -0.036854127992896224
983 0.033431160858252706
984 0.11257124674142638
985 0.195890302146716
986 0.29517668850792234
987 0.4181402482368082
988 0.5595069737645231
989 0.6945094256951712
990 0.8150537963632822
991 0.9137618266971814
992 0.9774460805709686
993 1.0239120865341995
994 1.077530521696218
995 1.1225518083850075
996 1.1658033268538994
997 1.2261264612717895
998 1.2940086384974059
999 1.3726775325127663
1000 1.4443235644515298
1001 1.5047497761867707
1002 1.5558648266225972
1003 1.5949974752119687
1004 1.6206122447175924
1005 1.6269109132645125
1006 1.6256693956146289
1007 1.616945763038773
1008 1.5954999101653846
1009 1.5490982452411122
1010 1.486763973047268
1011 1.4103558193724872
1012 1.3189145453356188
1013 1.2188299354335048
1014 1.0826745745534088
1015 0.9211113408139768
1016 0.7543076829332942
1017 0.6039438734538964
1018 0.47265414266495664
1019 0.3607196581786396
1020 0.27652288253482826
1021 0.20318154628697815
1022 0.1377999117226314
1023 0.0787209153451478
1024 0.028223787326630223
1025 -0.008928031446095552
1026 -0.039002923036693726
1027 -0.07493446812573046
1028 -0.10843800181868701
1029 -0.1263714530196891
1030 -0.14659171332002563
1031 -0.17532130714918104
1032 -0.19601963681950174
1033 -0.19995933178129643
1034 -0.19796123912274588
1035 -0.1853429262541746
1036 -0.1696363619093324
1037 -0.16343348411206726
1038 -0.14661245962446268
1039 -0.12638062928089822
1040 -0.11550094013455814
1041 -0.10072589294230516
1042 -0.09039345185096526
1043 -0.09113056823824595
1044 -0.08498866671225036
1045 -0.07632681042066114
1046 -0.07028032424236264
1047 -0.06018523655007613
1048 -0.055076671036641045
1049 -0.045941573029419924
1050 -0.03687561361689973
1051 -0.031928383209837374
1052 -0.024122877365818418
1053 -0.015880927012192902
1054 -0.013013951499731391
1055 -0.017040260949971575
1056 -0.023736873625147314
1057 -0.03394517369415251
1058 -0.0447648604166857
1059 -0.041126952054092225
1060 -0.025257495359217952
1061 -0.026196728748144604
1062 -0.03340396879877616
1063 -0.0291174154402305
1064 -0.033001325702716855
1065 -0.03715096111298788
1066 -0.03930735656007078
1067 -0.04313455985045067
1068 -0.041665853959492516
1069 -0.044043647630183536
1070 -0.04519961037352482
1071 -0.0439206970721111
1072 -0.042297758816308484
1073 -0.03889359456547714
1074 -0.0402796556079319
1075 -0.044429052925350376
1076 -0.049667793998183996
1077 -0.05035883969944033
1078 -0.049351542347023436
1079 -0.0499301114261721
1080 -0.04576117974463223
1081 -0.046347734620728165
1082 -0.05504253074649634
1083 -0.05557018287100535
1084 -0.042069358634918785
1085 -0.040127496762770054
1086 -0.045458794699927196
1087 -0.04894803767159672
1088 -0.046348693418885034
1089 -0.03959453723324691
1090 -0.03538576097853641
1091 -0.02740289416756747
1092 -0.02585922956583131
1093 -0.023630324329611874
1094 -0.01869119555254839
1095 -0.018331367781128982
1096 -0.019850529490327506
1097 -0.02323165087349377
1098 -0.027923803903201705
1099 -0.03578431860160247
1100 -0.03105369528915558
1101 -0.021437993255870147
1102 -0.020642795606052644
1103 -0.02170007259100526
1104 -0.03184899372271932
1105 -0.04014511639236895
1106 -0.03437231968274945
1107 -0.024402817988361747
1108 -0.020102235673244095
1109 -0.024110207650371418
1110 -0.027615491531924885
1111 -0.024946172146156798
1112 -0.02520511837970707
1113 -0.029443426748799517
1114 -0.027311671503359225
1115 -0.025612714954875937
1116 -0.02258791283958672
1117 -0.019540666302137133
1118 -0.017522923446413152
1119 -0.015354233685840324
1120 -0.01204477050414976
1121 -0.004986556197093428
1122 -0.008274872631379271
1123 -0.0075458177837823825
1124 0.00026136113694974483
1125 -0.0012044497452756708
1126 -0.002907137840848506
1127 0.000547943364622494
1128 0.0021426471807979297
1129 0.0035413779386996858
1130 0.0027581507750782386
1131 0.0031242447496686587
1132 0.005780057881633827
1133 0.008578132892246959
1134 0.00965131347797854
1135 0.011563967063038305
1136 0.022271922909778752
1137 0.03238971459313289
1138 0.031293729232587886
1139 0.021855150073400775
1140 0.010547731542264405
1141 0.004138299540266566
1142 0.0027360602788220056
1143 0.006467848221505257
1144 0.019225274817834315
1145 0.02608382104488527
1146 0.023699623861917374
1147 0.015578205243336196
1148 0.005652878114713378
1149 0.0064145124438370615
1150 0.01572419866907504
1151 0.016572371743907244
1152 0.02233237647827968
1153 0.028205795156864166
1154 0.02774622204515209
1155 0.04280300519646296
1156 0.05211223028530165
1157 0.04842645233521159
1158 0.04612837197893249
1159 0.036104597184773546
1160 0.03866256109670729
1161 0.053148714448754575
1162 0.04914331365306612
1163 0.048350174473625884
1164 0.05050124103964215
1165 0.049888409410547396
1166 0.054173888137885484
1167 0.0513253874076427
1168 0.050926952044376694
1169 0.05655423151396244
1170 0.0639366983184333
1171 0.07104778726675853
1172 0.07403192331982655
1173 0.07097164671427825
1174 0.06865369311727676
1175 0.07060579083253904
1176 0.0717142078156785
1177 0.06987300443785216
1178 0.07145803433106135
1179 0.07384803658080008
1180 0.08165100776873802
1181 0.08702911571148864
1182 0.08490929442688477
1183 0.08519587665455708
1184 0.09528880509272186
1185 0.1033127133678704
1186 0.10228213505493589
1187 0.10204876634513171
1188 0.1009823281482749
1189 0.09375058520510526
1190 0.0913032775377558
1191 0.09620439716847784
1192 0.10105437680101392
1193 0.1079127857189599
1194 0.11021168113754287
1195 0.11120908152344589
1196 0.11266429620990648
1197 0.12081779664825554
1198 0.12898686181078567
1199 0.13028401180156646
1200 0.13144647884092997
1201 0.12906565285239946
1202 0.12520610817334488
1203 0.13147459102075665
1204 0.1393913515548637
1205 0.1420209887175785
1206 0.1440418646748891
1207 0.1458418035449891
1208 0.14694359397230494
1209 0.1525895712676566
1210 0.15765118946639278
1211 0.16376124726547214
1212 0.16867443816613603
1213 0.17141810276787206
1214 0.17703874063232927
1215 0.18036400663105256
1216 0.18327549558587686
1217 0.18215670545051976
1218 0.18544106729416887
1219 0.1951077870658411
1220 0.19323354307008955
1221 0.2010926227846297
1222 0.21633318546447233
1223 0.22011818692502327
1224 0.22238763596366518
1225 0.23080658693158806
1226 0.23763653836636056
1227 0.24556186166686755
1228 0.25229093156377
1229 0.25880822558536565
1230 0.26333892124890257
1231 0.27098370548136064
1232 0.279465528840813
1233 0.28250904383117303
1234 0.2862662719884965
1235 0.29101560817601513
1236 0.2967851495242493
1237 0.2998127243884712
1238 0.3036259602886493
1239 0.31789965358544414
1240 0.3282546613587449
1241 0.3232134541528029
1242 0.3212010187020913
1243 0.3314866497878395
1244 0.3433632380933678
1245 0.3464632219629804
1246 0.3466362529373366
1247 0.34963016369711797
1248 0.3539154193809084
1249 0.35659886850699607
1250 0.3617171936778383
1251 0.3700411904344625
1252 0.3750679325884434
1253 0.3775275496185877
1254 0.38073599395330326
1255 0.38237726968221786
1256 0.3888315905285382
1257 0.40079672953308876
1258 0.4048660166580835
1259 0.4120616866654889
1260 0.4233666863735963
1261 0.4312166048762318
1262 0.4351031871039046
1263 0.436205215624073
1264 0.43915471372523873
1265 0.44062259812714544
1266 0.4469662627288815
1267 0.45696036809955265
1268 0.463881664458333
1269 0.47101482242686155
1270 0.4721419522850714
1271 0.4725618582230351
1272 0.4728239375581711
1273 0.4732880180618988
1274 0.47686267863100484
1275 0.4771942719627984
1276 0.4771469642954487
1277 0.4751288610870721
1278 0.4756718548922141
1279 0.48179831395383
1280 0.4840998662882936
1281 0.48631320680033463
1282 0.49060472868729565
1283 0.49235666066079453
1284 0.49972029233039406
1285 0.5083029972277164
1286 0.5132505879874318
1287 0.5157643773336007
1288 0.5126669281200682
1289 0.503638617501236
1290 0.49871612807956245
1291 0.49749162518702583
1292 0.49504094632523854
1293 0.4953310220071483
1294 0.4990541098743271
1295 0.5023606629979795
1296 0.49951214721843096
1297 0.49157645076570633
1298 0.4870206537641275
1299 0.48007728838514385
1300 0.4698746775498579
1301 0.4627068665801213
1302 0.45473726793010316
1303 0.4497580564870183
1304 0.43961855613611434
1305 0.43140230556603454
1306 0.425138152711217
1307 0.4156525254535852
1308 0.40586064429505386
1309 0.3959587203867483
1310 0.3863246658310442
1311 0.3772935824632788
1312 0.37372904190423295
1313 0.3679160617448449
1314 0.3581843960619624
1315 0.34566405467322125
1316 0.33094898486376456
1317 0.3240226191928226
1318 0.31041353249417103
1319 0.2884194120741945
1320 0.27719149024067136
1321 0.2683914790194821
1322 0.26239822783510514
1323 0.2570624590312911
1324 0.24393929881302245
1325 0.23075844272588197
1326 0.22140567804214228
1327 0.22146707535949517
1328 0.21076564528483077
1329 0.19495758590730938
1330 0.18277944909543242
1331 0.17097959978789046
1332 0.15880968686581465
1333 0.15210655484531088
1334 0.14341682446674753
1335 0.13222597445746187
1336 0.1212631642769133
1337 0.10569305674394824
1338 0.09022369343974779
1339 0.0778742237712402
1340 0.0721588547390315
1341 0.07051107471409335
1342 0.06878424407863504
1343 0.059455844978327566
1344 0.05192798319362346
1345 0.04872687969328737
1346 0.042925970803841196
1347 0.03928191849787677
1348 0.03642797305351486
1349 0.030172996459906898
1350 0.02197797837167359
1351 0.016429749512606673
1352 0.02101000931640673
1353 0.013643244545221034
1354 -0.00047262214874521646
1355 -0.00680688744572544
1356 -0.00665145818987245
1357 -0.002160722932557757
1358 -0.008725547665049849
1359 -0.017226581561331944
1360 -0.026355636408928795
1361 -0.024501164870151637
1362 -0.024308101869916054
1363 -0.030497909508766075
1364 -0.033955424586571414
1365 -0.03724230603699619
1366 -0.03936430162502802
1367 -0.04172279902444975
1368 -0.046594847677188245
1369 -0.053766390194015745
1370 -0.059908053627158786
1371 -0.06122040798946626
1372 -0.06987225148148912
1373 -0.08089996748293338
1374 -0.0809097421896463
1375 -0.07015013363365696
1376 -0.06145052133788509
1377 -0.0678307200117847
1378 -0.06677601420827184
1379 -0.06382578035249686
1380 -0.06538233771322544
1381 -0.06950990410329361
1382 -0.07641318681625497
1383 -0.07168836857057936
1384 -0.07092697233430822
1385 -0.07577162308577634
1386 -0.07899842636965815
1387 -0.08190341102846022
1388 -0.08306563997497118
1389 -0.07961079686235273
1390 -0.07799739522041182
1391 -0.0776724434937468
1392 -0.07686363880637925
1393 -0.07950678222289742
1394 -0.08326147572413944
1395 -0.08277472775470462
1396 -0.08393695670121648
1397 -0.08388651593228147
1398 -0.08190015566707487
1399 -0.0842050641466705
1400 -0.08458083204422806
1401 -0.0882508071772854
1402 -0.08187541468168469
1403 -0.07336148802641063
1404 -0.07311544960115945
1405 -0.07944077672978267
1406 -0.08637183274597238
1407 -0.08896369885519784
1408 -0.09099700643510245
1409 -0.09356147464305886
1410 -0.09373197096133445
1411 -0.09173896909099799
1412 -0.09283182134995815
1413 -0.09496998010767488
1414 -0.09301474929082776
1415 -0.09291049655851946
1416 -0.09452497283166927
1417 -0.09090589960394624
1418 -0.08669606376733174
1419 -0.0915087334827791
1420 -0.09699702148440759
1421 -0.1011302405828367
1422 -0.1002836648419807
1423 -0.09755871311531505
1424 -0.0954023176682326
1425 -0.09035314614139622
1426 -0.0899331028943271
1427 -0.0903433714346824
1428 -0.09507086164554446
1429 -0.09731616814430177
1430 -0.09183985062886801
1431 -0.09095923538161399
1432 -0.08988942599032068
1433 -0.08471379540186774
1434 -0.08190955497183072
1435 -0.0811073918895917
1436 -0.08723361285835551
1437 -0.09151549734770814
1438 -0.09237414435850644
1439 -0.093109703502126
1440 -0.09439731687904418
1441 -0.10198864950078201
1442 -0.10845997005514318
1443 -0.10090930349562699
1444 -0.08736177003769496
1445 -0.08555360727779426
1446 -0.08705092301033845
1447 -0.08530058837081622
1448 -0.08856272883585214
1449 -0.08927392239604037
1450 -0.08449599141624242
1451 -0.08019106405922516
1452 -0.08399657373136016
1453 -0.09409926182693384
1454 -0.0904448514180567
1455 -0.08629485565513395
1456 -0.08962058279025653
1457 -0.09251616814430186
1458 -0.09619194834413003
1459 -0.09525716078085145
1460 -0.09117957402331944
1461 -0.09425252034431564
1462 -0.09786953510166185
1463 -0.09077654553359693
1464 -0.08223041479875359
1465 -0.09038764678419353
1466 -0.10134888110681795
1467 -0.10215637307012404
1468 -0.09701524312446841
1469 -0.09059024639828994
1470 -0.0830686508167573
1471 -0.07554346099723919
1472 -0.07945971264840024
1473 -0.0824753535517857
1474 -0.08500387108377705
1475 -0.09068472442388442
1476 -0.09520334881747905
1477 -0.09725886272669104
1478 -0.09885342923376106
1479 -0.09828800605576449
1480 -0.10072891021083752
1481 -0.10194798343856082
1482 -0.10153434370376813
1483 -0.09736601046773208
1484 -0.092686664462577
1485 -0.08894196871159465
1486 -0.08269569219349071
1487 -0.08335269838834858
1488 -0.08583801520203949
1489 -0.08760900535395555
1490 -0.09005655111415756
1491 -0.08991766042994742
1492 -0.08543307554274993
1493 -0.0859673692723888
1494 -0.08667505432903422
1495 -0.08267011466974461
1496 -0.08599560371201509
1497 -0.08938130822993395
1498 -0.08661751081857094
1499 -0.08701207732564065
1500 -0.09098191789662691
1501 -0.09461909050461115
1502 -0.0987327752389171
1503 -0.10769194726304931
1504 -0.11168338066853334
1505 -0.10559409421490162
1506 -0.10595148811398802
1507 -0.10604077456761996
1508 -0.09986363664421694
1509 -0.09667749942255632
1510 -0.09576238353250499
1511 -0.09408250021174513
1512 -0.09162228473609568
1513 -0.09151513699505553
1514 -0.09377311320925985
1515 -0.09329903495527159
1516 -0.09601155505934189
1517 -0.09882519479413521
1518 -0.09961736012611366
1519 -0.10223829721332311
1520 -0.10348584297352525
1521 -0.10225096692877012
1522 -0.09977229172020863
1523 -0.09955762083616948
1524 -0.09895395041897936
1525 -0.10365320619021468
1526 -0.106956488903176
1527 -0.10070648083798295
1528 -0.10149934539921279
1529 -0.10292692409155135
1530 -0.10498219990791124
1531 -0.11027764795285133
1532 -0.11237757452068076
1533 -0.1149950031043474
1534 -0.11306862022193753
1535 -0.11448375224237495
1536 -0.11020537625656557
1537 -0.10369688309422109
1538 -0.10077922871997336
1539 -0.1027564277732762
1540 -0.10516885939587128
1541 -0.10448651377011942
1542 -0.10565187581821611
1543 -0.10493465414770897
1544 -0.10638733417808899
1545 -0.11074569809652202
1546 -0.10705351663415685
1547 -0.10786461788475243
1548 -0.11548489922467375
1549 -0.12052117799251683
1550 -0.12443575656696337
1551 -0.12879052624741183
1552 -0.13306997686443056
1553 -0.1263181172420209
1554 -0.12146416796954318
1555 -0.12418682313297946
1556 -0.12596215832679603
1557 -0.1230945693195249
1558 -0.11497221337884023
1559 -0.11637178067509835
1560 -0.11839965859018964
1561 -0.11678518231703894
1562 -0.11851863950831909
1563 -0.12350820905431759
1564 -0.12530164362839535
1565 -0.1255919574031572
1566 -0.12456245372143204
1567 -0.12448354042001819
1568 -0.1253174464454272
1569 -0.12393451850455728
1570 -0.12159435857824841
1571 -0.12089958132990297
1572 -0.12610344635798132
1573 -0.1306535756018934
1574 -0.13556736494806287
1575 -0.13349882097075083
1576 -0.12816789843555165
1577 -0.1314302769934388
1578 -0.1351882409053724
1579 -0.136672288476964
1580 -0.1355603629902813
1581 -0.13213726282083282
1582 -0.1346328154776355
1583 -0.1312568856664309
1584 -0.12854376711685633
1585 -0.13582557542700302
1586 -0.14028739206474494
1587 -0.14536273956083212
1588 -0.136665884964688
1589 -0.12365821221031359
1590 -0.12792896275182697
1591 -0.13064162016500402
1592 -0.13204881290555814
1593 -0.13856670537265847
1594 -0.1418317558957325
1595 -0.1426650634756368
1596 -0.14427229969815336
1597 -0.14496998700453823
1598 -0.14872468050578114
1599 -0.15017071893103173
1600 -0.14886333309713917
1601 -0.14757885282180627
1602 -0.1397223077633476
1603 -0.13337828280895936
1604 -0.13554780910788766
1605 -0.1401483791207352
1606 -0.14899665680743013
1607 -0.1509666158101015
1608 -0.14688010593351786
1609 -0.14830174224997883
1610 -0.14391224888318632
1611 -0.14505203340753736
1612 -0.14864600529721894
1613 -0.14929590875054988
1614 -0.15054634951948476
1615 -0.15109331296456974
1616 -0.14615755538194408
1617 -0.1416129931119512
1618 -0.14511538198477147
1619 -0.15123846985195089
1620 -0.15198949293600306
1621 -0.15187594168268648
1622 -0.14924570607446652
1623 -0.14594579455594348
1624 -0.14873058635629866
1625 -0.15352385901673005
1626 -0.16323451526131372
1627 -0.162921396711738
1628 -0.15779874154830154
1629 -0.16069839732603608
1630 -0.16106799980416975
1631 -0.1618944276860943
1632 -0.16590180121771647
1633 -0.17047483602018865
1634 -0.1672469581050975
1635 -0.16264279385426628
1636 -0.1652990681226303
1637 -0.16330620356140013
1638 -0.16522632024064077
1639 -0.164772014443626
1640 -0.1592199167283641
1641 -0.16005695585535795
1642 -0.1632721640550021
1643 -0.16245068965218756
1644 -0.1614747598409827
1645 -0.1625834149169747
1646 -0.16298438493631995
1647 -0.16479675542901484
1648 -0.16808050377785388
1649 -0.17253264649262956
1650 -0.1773137105740119
1651 -0.17561826252907187
1652 -0.16767350564818928
1653 -0.15996838368028232
1654 -0.15896084823501289
1655 -0.16844406309636417
1656 -0.1747440507940934
1657 -0.17162332062004415
1658 -0.1653930850118246
1659 -0.16403282453666312
1660 -0.16014251076190078
1661 -0.15981067933725512
1662 -0.16078347604687426
1663 -0.16152579905542241
1664 -0.15871529242221527
1665 -0.15365658428151674
1666 -0.15303804836939872
1667 -0.15243461604506026
1668 -0.15691523129231433
1669 -0.16495494238449515
1670 -0.1687912211523379
1671 -0.17205300126472123
1672 -0.17296522214603982
1673 -0.1747586567201167
1674 -0.17918966773679257
1675 -0.1770390773564814
1676 -0.1727816957596655
1677 -0.1750745480186251
1678 -0.1797611340744134
1679 -0.18013965967159917
1680 -0.1780397481530751
1681 -0.17811249603506596
1682 -0.17809585667967642
1683 -0.1857505378786488
1684 -0.19379398051791918
1685 -0.18727235650372842
1686 -0.18158847084578333
1687 -0.17790109556171751
1688 -0.1740168098972732
1689 -0.17509988744951865
1690 -0.17873452540142143
1691 -0.18011118713912078
1692 -0.179631541911212
1693 -0.17456643025823837
1694 -0.16990205053175833
1695 -0.17334132892019705
1696 -0.17863051076196612
1697 -0.18094449471902463
1698 -0.1846585221580468
1699 -0.18390690062848858
1700 -0.18051746456348017
1701 -0.187840552430659
1702 -0.19583079660136704
1703 -0.19223018310655693
1704 -0.18119306780035727
1705 -0.17868118962375368
1706 -0.17337039989818015
1707 -0.1628887100197174
1708 -0.16679542505701672
1709 -0.17182627416004603
1710 -0.17409584545848755
1711 -0.17616716218473227
1712 -0.17913862852235285
1713 -0.18107721998381132
1714 -0.1838246161326369
1715 -0.1852866954677732
1716 -0.18374534247857088
1717 -0.18668193277143752
1718 -0.19119742406344598
1719 -0.1967455521387662
1720 -0.19967900933004668
1721 -0.19786604039184708
1722 -0.19765801111293602
1723 -0.19759513872140655
1724 -0.19615092067367979
1725 -0.20104240290679432
1726 -0.207908888413729
1727 -0.19787930855279878
1728 -0.18312223848100606
1729 -0.18258031930707252
1730 -0.1856879035799719
1731 -0.18742752619067637
1732 -0.19004519286719468
1733 -0.1877299112353814
1734 -0.19278885746893115
1735 -0.19805004296392603
1736 -0.19815322106502453
1737 -0.20091328692929755
1738 -0.20418833520263213
1739 -0.19992155430106084
1740 -0.19910983955565387
1741 -0.19750718646788945
1742 -0.19113828321900694
1743 -0.1773249388788498
1744 -0.1805968540505991
1745 -0.19374052248045093
1746 -0.19715895378070725
1747 -0.2006950067579676
1748 -0.20406827965329244
1749 -0.20040516916891038
1750 -0.19527670893870175
1751 -0.19341389767707273
1752 -0.193932150496825
1753 -0.19338602359009816
1754 -0.18968514205222764
1755 -0.18756615730598147
1756 -0.189823058888976
1757 -0.19892728701674223
1758 -0.2090486729380805
1759 -0.19912288467305883
1760 -0.19116218766603899
1761 -0.18919583795065842
1762 -0.1903380563473438
1763 -0.20091618193802985
1764 -0.21191566349984736
1765 -0.2098404779174068
1766 -0.1974200743176855
1767 -0.1975501276172862
1768 -0.2008852905825229
1769 -0.20441567580211784
1770 -0.20327551587580883
1771 -0.19779943645322762
1772 -0.19968178207897935
1773 -0.2019528034105882
1774 -0.20228402134042422
1775 -0.20084981609226338
1776 -0.20494213103561787
1777 -0.21104652107703092
1778 -0.21219294720651094
1779 -0.2063094942523076
1780 -0.20140861271443722
1781 -0.20427955786683993
1782 -0.205653086502954
1783 -0.206761503486093
1784 -0.205346832602054
1785 -0.20084668299067765
1786 -0.20275436804732294
1787 -0.20414393759332006
1788 -0.20483498329457683
1789 -0.2076515180381029
1790 -0.21026329391340948
1791 -0.21133707294464577
1792 -0.20715257653892527
1793 -0.20741755088279445
1794 -0.21228416987071874
1795 -0.21607663442544922
1796 -0.2142129866254634
1797 -0.21277961791565891
1798 -0.21217351362613535
1799 -0.2086841698707187
1800 -0.21049386839822715
1801 -0.20878178099789757
1802 -0.21135844273559679
1803 -0.2164335521388323
1804 -0.2102190185638979
1805 -0.2038783497546417
1806 -0.1945061514905273
1807 -0.19180979455614056
1808 -0.19239802250895055
1809 -0.1855802796532262
1810 -0.17844987938432544
1811 -0.17370428979320263
1812 -0.17260226127303424
1813 -0.1705244402507664
1814 -0.16837794177019783
1815 -0.15767058436896253
1816 -0.1412244547151995
1817 -0.1313067279898621
1818 -0.12914839633220243
1819 -0.11927073722358195
1820 -0.10974009886182845
1821 -0.10791879020077744
1822 -0.1063499234772527
1823 -0.10101331813508185
1824 -0.09056177386581155
1825 -0.07980046719209755
1826 -0.06901976346336713
1827 -0.06967713001087761
1828 -0.07089656359125307
1829 -0.06644081158918791
1830 -0.059061239793451126
1831 -0.050475401794542574
1832 -0.04626676284893838
1833 -0.04337794135982076
1834 -0.036588432943722715
1835 -0.03295439343732509
1836 -0.030797997990241743
1837 -0.0265058776577769
1838 -0.031018458891747702
1839 -0.03550631418963457
1840 -0.0330870028690593
1841 -0.026897671415913926
1842 -0.024858198416585875
1843 -0.02364239559955328
1844 -0.02623196514555115
1845 -0.03045724344654488
1846 -0.031589564876715936
1847 -0.040771732458434684
1848 -0.05602159365928694
1849 -0.0599459469404473
1850 -0.05444392964146827
1851 -0.05743806344479596
1852 -0.05825967515671637
1853 -0.05635197505076528
1854 -0.05023878415010019
1855 -0.04289468684462383
1856 -0.03089598451937947
1857 -0.018605756479058044
1858 -0.014446959856883712
1859 -0.022471466577536958
1860 -0.029244457898045972
1861 -0.030178408922967748
1862 -0.030548472537501148
1863 -0.02366809538309944
1864 -0.014683822020925774
1865 -0.012754767173329018
1866 -0.01696146990835823
1867 -0.01859731597245906
1868 -0.018606116831711095
1869 -0.020881969382628984
1870 -0.03474142449912554
1871 -0.049993344170354614
1872 -0.0560711978898647
1873 -0.058543109233498036
1874 -0.058012800193108394
1875 -0.06004030270624083
1876 -0.05782987225223879
1877 -0.05759963664401946
1878 -0.05688868117668333
1879 -0.0580628806093908
1880 -0.06853455768828765
1881 -0.06918217962769546
1882 -0.06592616805672513
1883 -0.06149527287310086
1884 -0.0697270881673604
1885 -0.09052737400676092
1886 -0.1090466407642916
1887 -0.1216544582208452
1888 -0.13215969219368873
1889 -0.14025552686177578
1890 -0.15230827924324464
1891 -0.1629182636101527
1892 -0.1695493469779179
1893 -0.17144316542810767
1894 -0.1744302115392138
1895 -0.18499021627358703
1896 -0.19016502537298763
1897 -0.19896456040847266
1898 -0.21220525656930533
1899 -0.2243340272434553
1900 -0.2302092813488681
1901 -0.23926173450758448
1902 -0.25439720791676335
1903 -0.2636934029375029
1904 -0.2656376621566272
1905 -0.2668217370797952
1906 -0.2710974561497239
1907 -0.2747634766921436
1908 -0.2806332860834382
1909 -0.28433707767934635
1910 -0.28944670277468454
1911 -0.2889664591012724
1912 -0.28659120008666106
1913 -0.29295729406125215
1914 -0.2986887254793986
1915 -0.3036969928511626
1916 -0.30060848180598665
1917 -0.29634844329329013
1918 -0.29919658367087987
1919 -0.305281201255319
1920 -0.31614758215039185
1921 -0.3162898440290389
1922 -0.3059122695737795
1923 -0.30153301205009875
1924 -0.3050929444333832
1925 -0.30352288081884904
1926 -0.30557464813166746
1927 -0.31186220420680044
1928 -0.3156108695977258
1929 -0.31256929081794205
1930 -0.30851414848257086
1931 -0.3139775581897055
1932 -0.31726228038600723
1933 -0.3144958110094578
1934 -0.3060925405987671
1935 -0.30420462799909664
1936 -0.30730604685257124
1937 -0.30799082635065655
1938 -0.31071891117890704
1939 -0.3122380728881069
1940 -0.3126072999642826
1941 -0.31213635481188007
1942 -0.31592592435787825
1943 -0.319677722850388
1944 -0.3182464126109581
1945 -0.3188556500020683
1946 -0.32449933073419057
1947 -0.3238832286944069
1948 -0.3219973745651119
1949 -0.32402838558178715
1950 -0.3248876310380906
1951 -0.3215526053819593
1952 -0.3204980003621918
1953 -0.3232894337676768
1954 -0.32685385849367066
1955 -0.3341991526901573
1956 -0.3360910349297699
1957 -0.32635527734714476
1958 -0.3192662574190219
1959 -0.31631723550356217
1960 -0.3197813771371898
1961 -0.3247833783057823
1962 -0.32545885928285934
1963 -0.3248239221082043
1964 -0.32552787561775975
1965 -0.3299140128394189
1966 -0.3366877184384851
1967 -0.3396459166151544
1968 -0.34323869161382703
1969 -0.355004501414971
1970 -0.36789406987988826
1971 -0.38159787269698686
1972 -0.39718028959274587
1973 -0.41576254457485806
1974 -0.43984645650329846
1975 -0.45977434455849764
1976 -0.47477142851017984
1977 -0.4964038250384748
1978 -0.5258884115916249
1979 -0.5435678449971748
1980 -0.5462466037780151
1981 -0.5573397053510165
1982 -0.5716254699177536
1983 -0.5811516624538609
1984 -0.5874135036961432
1985 -0.5807633621499608
1986 -0.5688213667968229
1987 -0.5551519423627216
1988 -0.5421449903136519
1989 -0.5394836166345147
1990 -0.5307062943550873
1991 -0.5058084933778115
1992 -0.4585794267241541
1993 -0.39910308466391964
1994 -0.3345112973922708
1995 -0.2625553165308765
1996 -0.19868412855091844
1997 -0.1252577286315364
1998 -0.04557161662538167
1999 0.04169916492132808
2000 0.130618948424996
2001 0.23286694068266778
2002 0.3661699133620644
2003 0.4967713991014815
2004 0.6151304256043266
2005 0.7122248162034328
2006 0.7747217397926667
2007 0.8225709117896192
2008 0.8783237741622649
2009 0.928258013658867
2010 0.9787499751464335
2011 1.0456858554589754
2012 1.1140417505859284
2013 1.1866996579542604
2014 1.2603356959708796
2015 1.3296849667041726
2016 1.363892493997
2017 1.387029926059133
2018 1.4150455321031137
2019 1.4309635484959675
2020 1.4382416102097193
2021 1.422803290619437
2022 1.3992920268703224
2023 1.3584015555062385
2024 1.2978037728215135
2025 1.2224973945247433
2026 1.128186011873828
2027 1.0234436488010572
2028 0.8810708442879878
2029 0.7147628574957916
2030 0.5392029660816715
2031 0.3774380057918596
2032 0.2536361914307075
2033 0.1535263944561116
2034 0.061022884897579566
2035 -0.021944764628627045
2036 -0.07800899673139794
2037 -0.13233853466156376
2038 -0.18780410052798047
2039 -0.2247342829842447
2040 -0.2588161727045075
2041 -0.297614931398857
2042 -0.33059057487445376
2043 -0.3511867038560945
2044 -0.3669514502472193
2045 -0.3863244105364396
2046 -0.40249565383051333
2047 -0.3996745510015405
2048 -0.39432828678570875
2049 -0.389378161369911
2050 -0.3780801636195852
2051 -0.3633402155156338
2052 -0.3453738395297581
2053 -0.32587900331367514
2054 -0.3050128342409595
2055 -0.2917255661673881
2056 -0.2868671460282535
2057 -0.2785435096242801
2058 -0.2673298548401819
2059 -0.2614415706666695
2060 -0.25709404103685474
2061 -0.24934392944087902
2062 -0.2478159668724289
2063 -0.24839236164814915
2064 -0.23340868673147996
2065 -0.21604043922988536
2066 -0.21022817334905364
2067 -0.2125213859606654
2068 -0.21306390358010274
2069 -0.21593401219414865
2070 -0.21873208720476311
2071 -0.21954029344662596
2072 -0.2208468427421626
2073 -0.22679570274397554
2074 -0.23631692675166693
2075 -0.23590992862200277
2076 -0.22455726089389305
2077 -0.2140578105117683
2078 -0.21411222092064586
2079 -0.21781950597079147
2080 -0.22217052905484458
2081 -0.2252869141869951
2082 -0.2258552474230302
2083 -0.22697970531605405
2084 -0.22505294703168532
2085 -0.22535920093258577
2086 -0.23068082494677622
2087 -0.22773096649295965
2088 -0.22572842800876192
2089 -0.22902568261140477
2090 -0.2305417112190189
2091 -0.2311661379323504
2092 -0.2309476347174746
2093 -0.23820821054577568
2094 -0.23575234011202717
2095 -0.22166494595053887
2096 -0.209892610377318
2097 -0.21103650185071654
2098 -0.21753268565026707
2099 -0.21781962823059287
2100 -0.2134455622788738
2101 -0.21219535960279057
2102 -0.21477539253492717
2103 -0.21814445769745694
2104 -0.22387888490808372
2105 -0.22768342073275694
2106 -0.23128898770667616
2107 -0.23700821054577537
2108 -0.23502558182765787
2109 -0.2244783475924792
2110 -0.21464520192622194
2111 -0.21158298911009688
2112 -0.21021309123732568
2113 -0.2060856621563647
2114 -0.20230876232581307
2115 -0.20320891193718937
2116 -0.20558997601857198
2117 -0.2068277470720603
2118 -0.20557730630312498
2119 -0.20309198948943497
2120 -0.20181307618802125
2121 -0.20380607805835593
2122 -0.20384698221342967
2123 -0.2018888563878498
2124 -0.20407105240222556
2125 -0.20431395772589056
2126 -0.20515740036516172
2127 -0.20431792736583265
2128 -0.19634072831253002
2129 -0.19612581933563877
2130 -0.20169385717703792
2131 -0.20410628879963255
2132 -0.19984577410123183
2133 -0.19833662519159834
2134 -0.19905674187083777
2135 -0.1978220031351885
2136 -0.19904443250804382
2137 -0.19250808030803057
2138 -0.18673550664195693
2139 -0.1826244938728374
2140 -0.18469954214617168
2141 -0.18695644372916798
2142 -0.19173994168288333
2143 -0.2016723715530344
2144 -0.19582066154200017
2145 -0.18396857612900908
2146 -0.18367582848191244
2147 -0.18522998849566763
2148 -0.18463004962556706
2149 -0.1803006193760126
2150 -0.17268697964121982
2151 -0.1722868461602305
2152 -0.17012418450997702
2153 -0.16423422725975056
2154 -0.16483765958408814
2155 -0.16685286778373243
2156 -0.1659176040347483
2157 -0.1648469581050982
2158 -0.1665559124038407
2159 -0.1640392280489391
2160 -0.1607326749252871
2161 -0.16229876889987827
2162 -0.16772394641712474
2163 -0.1741626874899591
2164 -0.1738873399938723
2165 -0.1727438088731259
2166 -0.17254567656072872
2167 -0.1668909991898726
2168 -0.15319250377778904
2169 -0.141012931982051
2170 -0.14057165625313628
2171 -0.14346119844755734
2172 -0.1433126703657388
2173 -0.1413803451074509
2174 -0.13413593244883515
2175 -0.13227288309435314
2176 -0.13556760304091497
2177 -0.13130768678801896
2178 -0.12258212156654347
2179 -0.12016075177559271
2180 -0.1203287134377864
2181 -0.11778645155913736
2182 -0.1163842122976928
2183 -0.11618548153979136
2184 -0.1170602917202741
2185 -0.11576870870341294
2186 -0.11427199141637523
2187 -0.11276260441388919
2188 -0.11137943838016762
2189 -0.11197973760292035
2190 -0.1103251937130536
2191 -0.10641870171930101
2192 -0.1044234032857374
2193 -0.10333428257386723
2194 -0.09806393586696904
2195 -0.09570216805685616
2196 -0.09147712784871542
2197 -0.08939314140702326
2198 -0.08817153352321938
2199 -0.08261713924472902
2200 -0.07800052832199711
2201 -0.07395575913884489
2202 -0.07497885930829407
2203 -0.0769958878854613
2204 -0.0829548829466411
2205 -0.08632211268234169
2206 -0.07279678555371794
2207 -0.06100224365118967
2208 -0.06070322980092291
2209 -0.0638485851273094
2210 -0.06605251128528922
2211 -0.06333045456735675
2212 -0.05765562933756785
2213 -0.05219028341985821
2214 -0.04689299994808804
2215 -0.03237303013318993
2216 -0.022062673111358677
2217 -0.028654034165754183
2218 -0.030096838705673257
2219 -0.03072537236805184
2220 -0.0261248023552052
2221 -0.014364437268179486
2222 -0.01638276352010326
2223 -0.018648117094046235
2224 -0.013993258932121666
2225 -0.0024764983980141153
2226 0.0028089518966654126
2227 0.004279969400157846
2228 0.007387294104150843
2229 0.008826705973578708
2230 0.01566641706575922
2231 0.02236120936341157
2232 0.022632226866904137
2233 0.024084171142673583
2234 0.03045004207371793
2235 0.04144228358490176
2236 0.04908706781736072
2237 0.05105666646737861
2238 0.053973960488974626
2239 0.06232329667649239
2240 0.0697849148752292
2241 0.07383572721800569
2242 0.0774575731946614
2243 0.081041410024977
2244 0.08493150075619349
2245 0.09220378750178426
2246 0.09777665656249335
2247 0.104470612321788
2248 0.11295243568123992
2249 0.1168961002829767
2250 0.1193841898455994
2251 0.12298382949294684
2252 0.1272368810971689
2253 0.13711430211293774
2254 0.14513471693384794
2255 0.15094432589879947
2256 0.15756563455984995
2257 0.16400439068199013
2258 0.17115045645881688
2259 0.17224187373391509
2260 0.178607744664959
2261 0.19001119203860295
2262 0.19108391148793524
2263 0.19416506022267876
2264 0.20281424679881965
2265 0.2117285450279356
2266 0.2191713280918024
2267 0.22022810741499743
2268 0.22463898562204676
2269 0.23750114113638787
2270 0.2430677439939255
2271 0.24583323952301228
2272 0.24907945491121541
2273 0.2512107490202564
2274 0.2552117190396035
2275 0.2569422812221509
2276 0.256695644351395
2277 0.2592119683536449
2278 0.2668311750623573
2279 0.2778047187477761
2280 0.28506746887950607
2281 0.28269161141939003
2282 0.2876741790076074
2283 0.2983354406818082
2284 0.3059168763370317
2285 0.30793691575598503
2286 0.31175435938895735
2287 0.31865741905837197
2288 0.323330736953209
2289 0.3254682972654215
2290 0.32631740766235806
2291 0.3283700265628373
2292 0.3338739800723931
2293 0.33675943036707245
2294 0.34358647174380597
2295 0.348705633453005
2296 0.3458913952727074
2297 0.34366502469256766
2298 0.3456202555094152
2299 0.3458127200641461
2300 0.34607166629769637
2301 0.3475115393035235
2302 0.3473750824916473
2303 0.35343216486571105
2304 0.3570448345811581
2305 0.35200749623141103
2306 0.35281592551682106
2307 0.3528191959275122
2308 0.3544107515927961
2309 0.3516328244411153
2310 0.34059038025384814
2311 0.3279616942330583
2312 0.3272514745203319
2313 0.33775235988631813
2314 0.3364193965286799
2315 0.32632936309924876
2316 0.31903594465555773
2317 0.3111270226175873
2318 0.2979465419324039
2319 0.2860700758866752
2320 0.2807124761555104
2321 0.2751935413179747
2322 0.2608857077310347
2323 0.248116194815458
2324 0.23667641137218798
2325 0.22784465720782876
2326 0.22035516492211826
2327 0.211005157938005
2328 0.20187295493951796
2329 0.19684657313818876
2330 0.18935684275962528
2331 0.17678595981820333
2332 0.16290236216182175
2333 0.14523341774154153
2334 0.12554430658490778
2335 0.11283010218293388
2336 0.12651168005646207
2337 0.1302988372061784
2338 0.1088811366029323
2339 0.09015033206294731
2340 0.0741898657557063
2341 0.05708166059492514
2342 0.04513314589645834
2343 0.03537276958824398
2344 0.030213662522128537
2345 0.02367789371831419
2346 0.009385862948405599
2347 -0.003112272111026382
2348 -0.012196092810955239
2349 -0.019916296890590157
2350 -0.03055124528643427
2351 -0.03895682730965877
2352 -0.047637381427013015
2353 -0.050460197423014996
2354 -0.052025931044953566
2355 -0.05724874704095573
2356 -0.06653540544783398
2357 -0.07751437879806655
2358 -0.088417571948471
2359 -0.09662115280310335
2360 -0.1020300298415604
2361 -0.10511468707984495
2362 -0.11144592005898657
2363 -0.119159842886146
2364 -0.12585730714898347
2365 -0.13408958357964185
2366 -0.1339369635980816
2367 -0.13972206967049505
2368 -0.14759199872295747
2369 -0.14781150082630568
2370 -0.15467860981975656
2371 -0.16948056873587047
2372 -0.1738790002710191
2373 -0.16395574666207846
2374 -0.16720242318668088
2375 -0.17243864465274017
2376 -0.1770261695481823
2377 -0.18011432024070562
2378 -0.1804775192065633
2379 -0.17948915777276397
2380 -0.17877506920384212
2381 -0.18165846102814598
2382 -0.18794877480290895
2383 -0.187350909452491
2384 -0.19354361210007376
2385 -0.19717872623768162
2386 -0.19236545807673
2387 -0.19384936833921618
2388 -0.19808432056317704
2389 -0.2045386263601907
2390 -0.2054572507537853
2391 -0.20574780262140013
2392 -0.20504662186077693
2393 -0.2059681412631047
2394 -0.2133136735524439
2395 -0.2173653224335781
2396 -0.21399458419433381
2397 -0.21561776054298898
2398 -0.22304907078241687
2399 -0.21861179356257132
2400 -0.2132750659605991
2401 -0.21088240679497838
2402 -0.20644850076956933
2403 -0.20951420703993273
2404 -0.21864050418790182
2405 -0.22555889048864408
2406 -0.22530888242345126
2407 -0.22394489040119891
2408 -0.22116949790559914
2409 -0.21871905713666306
2410 -0.2200515443085984
2411 -0.22313342879795073
2412 -0.2284130740258581
2413 -0.23023184803082897
2414 -0.23036457329561522
2415 -0.2282833596028575
2416 -0.22756589983949782
2417 -0.2329130005936877
2418 -0.2344323853464334
2419 -0.22313259225959348
2420 -0.22091284823527735
2421 -0.22400594241520455
2422 -0.2199418619114768
2423 -0.21222323368976515
2424 -0.21414939352862872
2425 -0.22670808936705678
2426 -0.23508555921045504
2427 -0.23669592853455734
2428 -0.2290250841659005
2429 -0.22575630209573694
2430 -0.2334371592639588
2431 -0.238022625689025
2432 -0.23179734355991544
2433 -0.22925845287570512
2434 -0.23278991272650895
2435 -0.23003335536577962
2436 -0.2249644971164102
2437 -0.221232009944476
2438 -0.22503798075301118
2439 -0.22492105830525633
2440 -0.22068274993616344
2441 -0.22271049054214798
2442 -0.22338283841763973
2443 -0.2264705129244584
2444 -0.2321205971688567
2445 -0.23063968269885038
2446 -0.22154453004854702
2447 -0.22107091293095715
2448 -0.22548939154129144
2449 -0.22881464249070937
2450 -0.2244374434374059
2451 -0.22090995322654372
2452 -0.22291562481232585
2453 -0.2252840191782619
2454 -0.22538803381771721
2455 -0.22397022983209203
2456 -0.22129885197594756
2457 -0.2197894649734624
2458 -0.21959362922429415
2459 -0.22038639300177687
2460 -0.21968267758507354
2461 -0.21461756593209902
2462 -0.21012657753262687
2463 -0.21387210982196603
2464 -0.22238276606654983
2465 -0.22276999173924006
2466 -0.22457922913034922
2467 -0.22865041237560435
2468 -0.22295002467137603
2469 -0.21973565301009002
2470 -0.21850185159654378
2471 -0.2127792575630063
2472 -0.2138623351152522
2473 -0.21941129972892925
2474 -0.21868117025012346
2475 -0.21623049138833572
2476 -0.2160261936565142
2477 -0.209353845781024
2478 -0.2029464722494012
2479 -0.20358791372007978
2480 -0.20633193867446753
2481 -0.21046202467131003
2482 -0.2132220905355835
2483 -0.21244489148228052
2484 -0.21056278394938044
2485 -0.2140112235497229
2486 -0.21470553966167039
2487 -0.21802789560235514
2488 -0.21757672290692653
2489 -0.20982335594956592
2490 -0.2105025684737316
2491 -0.21547717174105419
2492 -0.21212634326789104
2493 -0.20762581825455717
2494 -0.2086270874966556
2495 -0.21293490986240649
2496 -0.21278021636116362
2497 -0.17741964939395993
2498 -0.020575694903587127
2499 0.3383305574453157
2500 3.155441375603546
2501 3.5184094118929483
2502 3.673898672882078
