0
1
2506
-3 1.0
-2 0.9280974981151637
-1 0.7604200222150201
0 -0.5422061218200983
1 -0.7032845506599879
2 -0.7698703558103133
3 -0.7777250608007092
4 -0.7766481327361536
5 -0.776786406980741
6 -0.77181255287132
7 -0.7707827342527324
8 -0.7719376886275688
9 -0.7705176659843272
10 -0.7707457007962341
11 -0.7730813248300644
12 -0.7744595104077352
13 -0.7750803617859436
14 -0.7735864957003018
15 -0.7735272610887454
16 -0.7741497589829536
17 -0.7749572006890563
18 -0.7762272265822416
19 -0.7772974119238956
20 -0.7759115293492448
21 -0.775201321736845
22 -0.7788991568477629
23 -0.7804450648648374
24 -0.7768938932374081
25 -0.7753317298734907
26 -0.7779342378026872
27 -0.7804064493305363
28 -0.7783925156350201
29 -0.7722184505502975
30 -0.7707159143794946
31 -0.7736847384277183
32 -0.7750300781058085
33 -0.7743198704934082
34 -0.7752151336530015
35 -0.774435838910172
36 -0.772512227474496
37 -0.7706109289291763
38 -0.7703354393868448
39 -0.7707148939942111
40 -0.7702065015927039
41 -0.7701768842869255
42 -0.7702020261269933
43 -0.7702553149303344
44 -0.7711120742909248
45 -0.7698346322470193
46 -0.7674738663731214
47 -0.7671214165298863
48 -0.766626274352016
49 -0.7673078951224822
50 -0.7697623165227875
51 -0.7676755698487161
52 -0.765464296408018
53 -0.7662471005909098
54 -0.7667347148827615
55 -0.7662825519696052
56 -0.7662410430473963
57 -0.766141834294332
58 -0.7659285200485664
59 -0.7646451321964459
60 -0.7632995690477589
61 -0.7628848321726591
62 -0.7615154857911114
63 -0.7600958557294277
64 -0.7595418715215593
65 -0.7570892013100188
66 -0.7556710415908403
67 -0.7558135104548781
68 -0.7546487035611689
69 -0.7544990349544745
70 -0.7540514592423272
71 -0.7547789999625161
72 -0.7565706684808454
73 -0.757261064009238
74 -0.7570019415490481
75 -0.7552876732102833
76 -0.7502502207588941
77 -0.7494855348469078
78 -0.7533792393605035
79 -0.7529685853695557
80 -0.7500247914261013
81 -0.750872776028765
82 -0.7530072582795206
83 -0.7495081859591877
84 -0.7456596044806283
85 -0.7438208738134331
86 -0.7424162522266847
87 -0.7430075980344137
88 -0.7435389885056655
89 -0.7491385838706937
90 -0.7582915016960087
91 -0.759717358412167
92 -0.7495403513684165
93 -0.741798850539379
94 -0.7413434543433833
95 -0.7409154128850111
96 -0.7366160915386983
97 -0.7335946521149516
98 -0.7308725499045936
99 -0.7301508432573209
100 -0.7318877526298045
101 -0.7335383108913023
102 -0.7357075710929346
103 -0.7383902034786415
104 -0.7370416352067493
105 -0.7318798321622273
106 -0.7304650057096169
107 -0.7293138416211027
108 -0.727424211221617
109 -0.7270286703783695
110 -0.7262257041379774
111 -0.7251228963673393
112 -0.7248071518372403
113 -0.7279831681495192
114 -0.7282305751667733
115 -0.7272789063453344
116 -0.7271442462135753
117 -0.7270583994194462
118 -0.7265957034970656
119 -0.7269766928851322
120 -0.7277877487040632
121 -0.7222823350124288
122 -0.716985976508913
123 -0.7144433766190916
124 -0.7134994692328289
125 -0.7143812586981884
126 -0.7144049301957514
127 -0.7139039539449643
128 -0.7138862282556169
129 -0.7139780208579609
130 -0.7145825695922245
131 -0.7154556960349558
132 -0.7141249651877097
133 -0.710824310373505
134 -0.7109505883288967
135 -0.712450792804312
136 -0.7085233408036837
137 -0.7059032762961013
138 -0.7058429639235986
139 -0.7046662654134581
140 -0.7046512569385237
141 -0.7052114678008667
142 -0.7060502780015127
143 -0.7044707342327036
144 -0.7009038689509515
145 -0.6957378712869793
146 -0.6931151469406467
147 -0.6920767226750943
148 -0.6886328020821655
149 -0.6851458377863263
150 -0.6823748105030394
151 -0.6818814195139339
152 -0.6816281311266607
153 -0.6813495247258253
154 -0.6795623316732065
155 -0.678745827300384
156 -0.6780907714153883
157 -0.678413884799105
158 -0.6784511991018634
159 -0.6752294792479245
160 -0.6713364481621473
161 -0.6694546264949395
162 -0.6681804704205001
163 -0.6664024447073662
164 -0.662860328684123
165 -0.6611455087313992
166 -0.6647829197345158
167 -0.6637871938874167
168 -0.6572023630764481
169 -0.6559593419473939
170 -0.6570327015232148
171 -0.6562188670677027
172 -0.654372608514489
173 -0.6504325152798454
174 -0.6433578029198335
175 -0.6392947176992646
176 -0.6370692853849445
177 -0.6342254380605685
178 -0.6324308217946966
179 -0.630544700835273
180 -0.6280168215115935
181 -0.6232551394487951
182 -0.6218176719624651
183 -0.6245211398334911
184 -0.6236867507389205
185 -0.6202828042874992
186 -0.6159158017150657
187 -0.6106180373072414
188 -0.6089084135451486
189 -0.6065995708048524
190 -0.6036058384657181
191 -0.6048274365402982
192 -0.601943838545011
193 -0.5968177032872484
194 -0.5931694666770779
195 -0.5913647170460732
196 -0.590840126673386
197 -0.5897984808765635
198 -0.5879432713919288
199 -0.5834010184940721
200 -0.5800003580121171
201 -0.577209161608797
202 -0.5695060055463613
203 -0.5634731080941328
204 -0.5627357077925377
205 -0.560964939197723
206 -0.55869907572214
207 -0.555901260082786
208 -0.5532278594747599
209 -0.5530088802670395
210 -0.5512425226997394
211 -0.5472857342395927
212 -0.5444585821407205
213 -0.5400856981982676
214 -0.5357526766620242
215 -0.5325993587591267
216 -0.5302268703797599
217 -0.5289422930313941
218 -0.5271285924689679
219 -0.5234103718299528
220 -0.5217744223992986
221 -0.5213878324874721
222 -0.5211552104745562
223 -0.5204290283615733
224 -0.5191693120070152
225 -0.5187531047894105
226 -0.5176847823718198
227 -0.5145474389695048
228 -0.5127204881834424
229 -0.5108935373973791
230 -0.5077383565704183
231 -0.5065827170161937
232 -0.5059798077353965
233 -0.5030735042681944
234 -0.502537245749674
235 -0.5019566493592333
236 -0.4989897526732685
237 -0.49761292570280447
238 -0.4975405053058072
239 -0.49957979724945445
240 -0.498832556180556
241 -0.4989777493215397
242 -0.5009194145899258
243 -0.49908613247662204
244 -0.4994103709183877
245 -0.501674652316167
246 -0.5064553069402205
247 -0.5087332311431955
248 -0.5058077789412435
249 -0.5005511781711718
250 -0.4993513124803257
251 -0.5005949425990023
252 -0.49952017711887253
253 -0.5022156027084619
254 -0.505830034455937
255 -0.5101229056771777
256 -0.5134242456707703
257 -0.5165378129027567
258 -0.5199861445232001
259 -0.5202730284276381
260 -0.5260037597167666
261 -0.5314142710100855
262 -0.5330659140950629
263 -0.5385192284796008
264 -0.5431161358505376
265 -0.5476370418836856
266 -0.5510320444662187
267 -0.5548018500169123
268 -0.5573282016224244
269 -0.5630289230242165
270 -0.569011144214751
271 -0.5749326604512247
272 -0.5800584504245312
273 -0.5821222178429608
274 -0.5865175264110685
275 -0.5918984203986093
276 -0.5944795311499671
277 -0.5990879777903457
278 -0.6040714750731087
279 -0.6113593325679245
280 -0.6185193300295456
281 -0.625854425846722
282 -0.6359239483068141
283 -0.640545212354702
284 -0.6470921671703933
285 -0.6536068921386589
286 -0.6536074726452812
287 -0.6575834571372805
288 -0.6622105908036178
289 -0.660888137459974
290 -0.6610374607822121
291 -0.6654138541647274
292 -0.6696726970526761
293 -0.6729548410144159
294 -0.676074177881123
295 -0.6782804141635906
296 -0.6820754259925484
297 -0.6873749486516707
298 -0.6903353378369002
299 -0.6929607864601781
300 -0.699988155825064
301 -0.7045626385703465
302 -0.7073558096330286
303 -0.7099354902764505
304 -0.7116571818284689
305 -0.7180267710314134
306 -0.7192936871286276
307 -0.7182737280914462
308 -0.7196474855005086
309 -0.7213947114741525
310 -0.7257470337150137
311 -0.727265544386399
312 -0.729881133428271
313 -0.7319443203400783
314 -0.7284007410368634
315 -0.7273292443851054
316 -0.7292721635879325
317 -0.7327782121803252
318 -0.7373527995983722
319 -0.7393131636442869
320 -0.7405191986139452
321 -0.7421256424741202
322 -0.7442668674477773
323 -0.7459086509513487
324 -0.7481657326064717
325 -0.7475405174978509
326 -0.7447068578982432
327 -0.7429877859504058
328 -0.7449680194559913
329 -0.7462408742988875
330 -0.7456626096038343
331 -0.7479049062546193
332 -0.748322759988223
333 -0.7492723897121041
334 -0.7511247631844946
335 -0.7521845916904191
336 -0.7513696693953998
337 -0.7472420959969804
338 -0.7479697484524681
339 -0.7531611688027676
340 -0.7556623242085767
341 -0.757732422954247
342 -0.7574508184927387
343 -0.7565082123380195
344 -0.7574760720681047
345 -0.7575412524878767
346 -0.7575174692550155
347 -0.7573457756667574
348 -0.7562164674488457
349 -0.7553048372071112
350 -0.7574316224608867
351 -0.7589788890851676
352 -0.7568683591782348
353 -0.7554636731532904
354 -0.7546590603968986
355 -0.7537134018218713
356 -0.7562106907515918
357 -0.7562019159936655
358 -0.7541313602282403
359 -0.753612658288106
360 -0.755256192980442
361 -0.7568672814172883
362 -0.7563085408974499
363 -0.7533619180042844
364 -0.7548693222223559
365 -0.758198228672599
366 -0.7544766747670154
367 -0.7517425047667322
368 -0.7503901415194807
369 -0.7479270500340139
370 -0.7469295729981507
371 -0.749798731273556
372 -0.7520346422374652
373 -0.7540380429237561
374 -0.7553114020835094
375 -0.7511650252347959
376 -0.7465054926100717
377 -0.74630435788953
378 -0.7506674939858752
379 -0.7513246580956615
380 -0.7549445242719617
381 -0.7608669947825133
382 -0.7590382928076855
383 -0.7515704185969162
384 -0.7479222937220438
385 -0.7482444410801126
386 -0.748146479198956
387 -0.7477728586645067
388 -0.7489244153345795
389 -0.7493080645613963
390 -0.7507869292346359
391 -0.7532514910626072
392 -0.7537712707636882
393 -0.7545639919036493
394 -0.7563502189306203
395 -0.7534469678837266
396 -0.74949731472804
397 -0.7505189675783235
398 -0.7509103138021203
399 -0.7491907375374254
400 -0.7514373979186229
401 -0.7536412552086009
402 -0.7530543204283864
403 -0.7505987568289385
404 -0.7481106352387028
405 -0.7478470373128021
406 -0.7488933276862965
407 -0.74917318095904
408 -0.7503528845923854
409 -0.7508996690575974
410 -0.7493731332458697
411 -0.749988431397421
412 -0.7480797167013813
413 -0.7456508297227018
414 -0.7457414801259039
415 -0.7443424117658122
416 -0.7462109761468494
417 -0.7488310406544318
418 -0.7508848367561571
419 -0.751612489211645
420 -0.7506284858700152
421 -0.7497019588886444
422 -0.7508223806133312
423 -0.7535689394843691
424 -0.750102536890122
425 -0.7450414129411695
426 -0.7456183190290167
427 -0.7472649705798566
428 -0.7482574678331528
429 -0.7493138986343129
430 -0.7517176437729245
431 -0.7524080393013168
432 -0.7515130569879835
433 -0.7493396021669003
434 -0.74251087377874
435 -0.7374870641325458
436 -0.7385574185851613
437 -0.7407314350987639
438 -0.7414218306271563
439 -0.7407149562813243
440 -0.7382623978050822
441 -0.7367466114106427
442 -0.7360086494165277
443 -0.7357431885665637
444 -0.738690889220676
445 -0.7408914605411884
446 -0.7417712179715232
447 -0.7450002422408838
448 -0.7478828269134206
449 -0.7471996240651508
450 -0.7430546058236438
451 -0.7402152812620808
452 -0.7390302005755726
453 -0.7390038048010639
454 -0.7360068982277626
455 -0.7368632650067948
456 -0.7418828800335382
457 -0.7433765297111158
458 -0.7423642676709141
459 -0.7401234886597367
460 -0.7390802034094481
461 -0.7421273936628847
462 -0.74237021347913
463 -0.7414334413973274
464 -0.7421584813111677
465 -0.7400538972124504
466 -0.7395322545873063
467 -0.7420786920605529
468 -0.7412155943101886
469 -0.7430971925067991
470 -0.7496641858931221
471 -0.7498626678374471
472 -0.7454017288923462
473 -0.7425626278013804
474 -0.741073518027709
475 -0.7419731449177147
476 -0.7426709565968272
477 -0.7428945803812199
478 -0.7442848739833852
479 -0.7425703892365565
480 -0.7404346530513599
481 -0.7406716387946881
482 -0.7445945680325033
483 -0.7469004630252567
484 -0.7444164243191731
485 -0.7430086214357245
486 -0.7421183380586984
487 -0.7419064941554381
488 -0.7410629850184844
489 -0.742436695130445
490 -0.7458068296566369
491 -0.7457072283220142
492 -0.745352915554716
493 -0.7462719619471705
494 -0.7452849061852329
495 -0.7452685391030918
496 -0.7457576237374481
497 -0.7456880322901618
498 -0.7454273750492708
499 -0.7432754479554278
500 -0.7428470682751327
501 -0.7455872887563963
502 -0.7468795158046394
503 -0.7468024437684373
504 -0.7444920733099731
505 -0.7427241880245051
506 -0.7436993521700123
507 -0.7445380576978924
508 -0.7468025555037359
509 -0.7465830146034955
510 -0.7458655025756739
511 -0.7484725332676829
512 -0.7486176146733683
513 -0.7474971456515787
514 -0.7473908488911563
515 -0.7437452248226329
516 -0.7411209727581332
517 -0.7414086820602575
518 -0.7407439545189201
519 -0.7472349063328844
520 -0.7537160529250788
521 -0.7487553916636318
522 -0.74382167072812
523 -0.7450995053535835
524 -0.7482844253001817
525 -0.7496805529752637
526 -0.7452744849113069
527 -0.741387118787485
528 -0.7437527527086518
529 -0.7464648906648383
530 -0.7457072283220141
531 -0.7447008003547296
532 -0.7450523959076154
533 -0.7454228995835603
534 -0.7435109633562509
535 -0.7450374991679789
536 -0.7458111360113862
537 -0.746258319141975
538 -0.7481715093037253
539 -0.7500034398723561
540 -0.7499037740995371
541 -0.7494853113763106
542 -0.7541434783312958
543 -0.7551146240308464
544 -0.7474291362820958
545 -0.740461096122971
546 -0.7382252495972579
547 -0.7418517350095923
548 -0.7445205011195067
549 -0.7455486732220948
550 -0.7457338405045867
551 -0.7452597643451653
552 -0.7457651516234668
553 -0.7450786155086292
554 -0.7473076146386748
555 -0.7497191685095653
556 -0.7456700257545543
557 -0.7440886663587845
558 -0.747244128032005
559 -0.7488236245037121
560 -0.7502371970218815
561 -0.7508123519209635
562 -0.7492902271367503
563 -0.7487403258130338
564 -0.7501084826983372
565 -0.7499248974936489
566 -0.7473414738610062
567 -0.746923515454637
568 -0.7505680617622137
569 -0.7509100903315232
570 -0.7496486227882009
571 -0.7515414747189565
572 -0.75056172337244
573 -0.7495138509211429
574 -0.7511444635332041
575 -0.7483907693577059
576 -0.7465190881181645
577 -0.7475509860688789
578 -0.7450210274130722
579 -0.7455559202618536
580 -0.7476768714427119
581 -0.7474603356656773
582 -0.7477387658930182
583 -0.7486855666671879
584 -0.7511649134994973
585 -0.7534413029217708
586 -0.7516730250547448
587 -0.75130829101352
588 -0.7534291304590803
589 -0.7543805758099222
590 -0.7527550476531938
591 -0.748195404271885
592 -0.7433508160999678
593 -0.7426869854570453
594 -0.7475005906534452
595 -0.7490741413169366
596 -0.748721187156845
597 -0.7478485650309701
598 -0.7453946479475216
599 -0.7441274510040474
600 -0.7442815950764523
601 -0.747519674949999
602 -0.7477464155928957
603 -0.7470853494614886
604 -0.7448506924320206
605 -0.7447737321311168
606 -0.745704054087847
607 -0.7483686326408441
608 -0.7527228178057683
609 -0.7497021350621387
610 -0.7500501567367659
611 -0.7536321351662183
612 -0.7563217438239846
613 -0.7583817021419889
614 -0.7544959825341663
615 -0.7512356944430283
616 -0.7500535544415299
617 -0.7496387058311318
618 -0.7484694234717115
619 -0.7483937100427154
620 -0.74843822408813
621 -0.749798788649219
622 -0.7481317586328142
623 -0.7465487527210453
624 -0.7463928101627733
625 -0.7511637240032525
626 -0.7530591814131223
627 -0.7462032318527669
628 -0.7452122451765449
629 -0.743217971595169
630 -0.7427804175128563
631 -0.7451826923089628
632 -0.7476944853967611
633 -0.7484456976145135
634 -0.7476885395885458
635 -0.7451278214278181
636 -0.7425715787328013
637 -0.7422011797296215
638 -0.7421539011726919
639 -0.7432342198794786
640 -0.7426263378786473
641 -0.7445957575287482
642 -0.7476206419543614
643 -0.7483123387142969
644 -0.749107607957709
645 -0.7532247671447362
646 -0.7560702539225783
647 -0.7528642277229627
648 -0.7528982560562554
649 -0.7554388121594827
650 -0.7555675264830266
651 -0.7540333983470842
652 -0.754118279115565
653 -0.7530679058579188
654 -0.7492662747929273
655 -0.7491181409669339
656 -0.7524634144993182
657 -0.7508834781489506
658 -0.7481224151198349
659 -0.7478928455272269
660 -0.7484752575446283
661 -0.7504390122327742
662 -0.7492045494535828
663 -0.7458537226945416
664 -0.745526414691374
665 -0.7461104087865786
666 -0.74748694784825
667 -0.7489777041379209
668 -0.7504639849618805
669 -0.7514537650007642
670 -0.7528719247199427
671 -0.7541685627957004
672 -0.7542648308637551
673 -0.7540027032803595
674 -0.7520777332374768
675 -0.7497480550118623
676 -0.7501157297380958
677 -0.7512953216361432
678 -0.7520939885843195
679 -0.7532336536379612
680 -0.7523947317020173
681 -0.7525724828337887
682 -0.7542796631651956
683 -0.7549050544473109
684 -0.7550727768867149
685 -0.7516197362514034
686 -0.7488186990807797
687 -0.7511798575362362
688 -0.7523639248999938
689 -0.7515395000595945
690 -0.7517960744163333
691 -0.7511415228481944
692 -0.7468822873786878
693 -0.743285700118392
694 -0.7445989216843547
695 -0.7456567755309174
696 -0.7492533627912134
697 -0.7511236854235483
698 -0.7493257902507438
699 -0.7489492763283869
700 -0.7507275828877814
701 -0.752906186602393
702 -0.7530798548500124
703 -0.7481046894304875
704 -0.7453229600270143
705 -0.7488947980288012
706 -0.7512925500620953
707 -0.7513428337422308
708 -0.7490102621287085
709 -0.7462819332638749
710 -0.7478128328060151
711 -0.7501010665476171
712 -0.7511606071447485
713 -0.7488679623756318
714 -0.7463310274477657
715 -0.7454286762808143
716 -0.7450151933401554
717 -0.7473787881637644
718 -0.7489286673296931
719 -0.7506092354785272
720 -0.750225697987009
721 -0.7456582458734221
722 -0.7432218783058269
723 -0.7447425327475353
724 -0.7474988968403437
725 -0.7479243358356291
726 -0.7452999075976348
727 -0.7402539038589158
728 -0.7403012941511435
729 -0.7443392949073079
730 -0.7510909039621639
731 -0.7550789491815546
732 -0.7502297808711613
733 -0.7448176774214783
734 -0.7435880826895558
735 -0.7447961023971365
736 -0.7451014900915058
737 -0.7428427619203835
738 -0.7406093517628235
739 -0.7423036744521518
740 -0.7421318691285952
741 -0.7396241589249489
742 -0.7402835141021609
743 -0.7424042488749555
744 -0.7466143830980381
745 -0.747369789935241
746 -0.7482929192118479
747 -0.7498966387950768
748 -0.7485314870329791
749 -0.7485314870329793
750 -0.749896638795077
751 -0.7483167024447092
752 -0.7475417069940955
753 -0.7472248202648542
754 -0.7456523000652067
755 -0.7462035599961293
756 -0.7478650438484096
757 -0.748159729422593
758 -0.7480007817411154
759 -0.7500951207394018
760 -0.7508999499038573
761 -0.7466583354509329
762 -0.7461635214164253
763 -0.7459267118465915
764 -0.7458969828055149
765 -0.7459961915585793
766 -0.7462866895758455
767 -0.7482425710935163
768 -0.7493954461362262
769 -0.7531805339455815
770 -0.7514833823065423
771 -0.7505613307908816
772 -0.7528128592193479
773 -0.7514438007465928
774 -0.7483581469287219
775 -0.7450208583021107
776 -0.7474529668120595
777 -0.7489095830331393
778 -0.7502919561677275
779 -0.7512154780258928
780 -0.7488680741109306
781 -0.7459661816712428
782 -0.746073263594782
783 -0.747140501188893
784 -0.7437601215622693
785 -0.7421967042639112
786 -0.7405117250875622
787 -0.7420396839446928
788 -0.7440761469386288
789 -0.7421804016199661
790 -0.7412108953738812
791 -0.7431201788249742
792 -0.7439368996058602
793 -0.7398949495309726
794 -0.7400596195500688
795 -0.742280341176512
796 -0.7367496739095115
797 -0.7303061697634377
798 -0.7265706160166329
799 -0.7258846415943156
800 -0.7264332416864883
801 -0.7249261183146768
802 -0.7209215942778457
803 -0.7202253103169013
804 -0.7202541307079928
805 -0.7154881422904452
806 -0.7084015383140028
807 -0.705030823281188
808 -0.7004120671021818
809 -0.6955305028494292
810 -0.6923327353393133
811 -0.6907192679099767
812 -0.6875835639611284
813 -0.6831690593611682
814 -0.6788437348219051
815 -0.6724453134762989
816 -0.6668466770743849
817 -0.6627163321019172
818 -0.6662080456471933
819 -0.6699843114015204
820 -0.6681744128769862
821 -0.6660386766917898
822 -0.6663294555553156
823 -0.6676131242536962
824 -0.6659562276024248
825 -0.663916759485283
826 -0.6650712095432627
827 -0.6682176729879599
828 -0.6680783139198929
829 -0.6640844346275852
830 -0.6619683987910976
831 -0.6609502553808771
832 -0.66387853653254
833 -0.6674472647383553
834 -0.6675832261016584
835 -0.6673217836976504
836 -0.6714639729894468
837 -0.6756463055337122
838 -0.6721280371815266
839 -0.6662033467108859
840 -0.6605605486105464
841 -0.6571969215850892
842 -0.6556753584933956
843 -0.6530834409490864
844 -0.6514695235625286
845 -0.6533809554729814
846 -0.6565595370298057
847 -0.6604664917670384
848 -0.656050283275416
849 -0.6462721030443787
850 -0.6449688812781197
851 -0.6452299311005694
852 -0.6455256471385967
853 -0.6515335074235226
854 -0.655252981996979
855 -0.6568352500427335
856 -0.6596212213627597
857 -0.6609918216787488
858 -0.6642342079070448
859 -0.666354766506345
860 -0.6667192197013094
861 -0.66721271536318
862 -0.6656611494466831
863 -0.6660139274332804
864 -0.665607860643342
865 -0.666402163861106
866 -0.6684768498077855
867 -0.6700695391274663
868 -0.6749671825535675
869 -0.6807184755442877
870 -0.6853710436485223
871 -0.691751746367314
872 -0.7005927045593282
873 -0.7067068686672093
874 -0.7107210761119516
875 -0.7119418387102849
876 -0.7150299761934109
877 -0.7196301050956173
878 -0.722811505523592
879 -0.7241787081348169
880 -0.7294855352093608
881 -0.7348100879732522
882 -0.7366398747715597
883 -0.739764869537689
884 -0.7425316045912933
885 -0.7481985140678564
886 -0.7500844186192162
887 -0.7532732996361069
888 -0.7585775141690034
889 -0.758010860244121
890 -0.7593397754644065
891 -0.7641802233765093
892 -0.7668517610604717
893 -0.7687391359543363
894 -0.7744830057318035
895 -0.7785228764745636
896 -0.77997653486954
897 -0.7771885788115916
898 -0.7772909044231602
899 -0.7808761043838823
900 -0.7801542930638449
901 -0.7797655996162643
902 -0.7794708093693156
903 -0.7825029911478177
904 -0.7815235277100943
905 -0.7802652172598454
906 -0.7781784705857738
907 -0.7796918206120609
908 -0.7822395049572153
909 -0.7795744935880904
910 -0.7807970003126556
911 -0.7832261752001278
912 -0.7848041368911339
913 -0.7857820253135864
914 -0.7870284914445075
915 -0.7872136587269993
916 -0.7865331801556756
917 -0.7888272952672971
918 -0.7906101890276996
919 -0.790214255602894
920 -0.7890153559376958
921 -0.7885682845424052
922 -0.7868595694302978
923 -0.7853117984891597
924 -0.7905373116109479
925 -0.7961615871072536
926 -0.7939588720164179
927 -0.7911312699603242
928 -0.7906989191311755
929 -0.790193531852874
930 -0.7917567659152046
931 -0.7920623297830687
932 -0.790722928850661
933 -0.7842289246163887
934 -0.7807880564437676
935 -0.7817978176776201
936 -0.7816360410464314
937 -0.7834731251976271
938 -0.7880004340587445
939 -0.7922980615919558
940 -0.7921259754221398
941 -0.7899637387896692
942 -0.7887293877457758
943 -0.7892659271105564
944 -0.7910086705559567
945 -0.7917896118147856
946 -0.7919747790972774
947 -0.7917479337816155
948 -0.7931971811490772
949 -0.7957889869580879
950 -0.7977733033478251
951 -0.798429829575326
952 -0.7965341959919616
953 -0.7967714052058869
954 -0.799941306598989
955 -0.8023683377161382
956 -0.8087122233864954
957 -0.8151774142922099
958 -0.8230488733006718
959 -0.8330529989329288
960 -0.8407568472372853
961 -0.8497991706829708
962 -0.8584297050010987
963 -0.866140512436421
964 -0.8779462306066099
965 -0.8952668106541778
966 -0.9062840596795185
967 -0.9126910937346228
968 -0.9178183540504343
969 -0.9190394619332235
970 -0.919626501386203
971 -0.9144932378865129
972 -0.9087482259099038
973 -0.9035275737728511
974 -0.8982635669306199
975 -0.8989533275927545
976 -0.8930084307835386
977 -0.8770483609374239
978 -0.8562019013993531
979 -0.8301647593769974
980 -0.8010848884418487
981 -0.770450680016155
982 -0.741626363052462
983 -0.7086419720752247
984 -0.6715020872229187
985 -0.6324010414100119
986 -0.5858066396513351
987 -0.5281007072101946
988 -0.4617582986892155
989 -0.3984025989382086
990 -0.3418319748828307
991 -0.2955089915339031
992 -0.2656224197746936
993 -0.24381625047676658
994 -0.21865349653664734
995 -0.19752532381779764
996 -0.1772276908585242
997 -0.14891846878467052
998 -0.11706184116608398
999 -0.08014308333832731
1000 -0.046520105214973184
1001 -0.018162509682150163
1002 0.005825423439489663
1003 0.024190099777098073
1004 0.03621093067891912
1005 0.0391668514609711
1006 0.03858421597297279
1007 0.034490276653278196
1008 0.024425888961648434
1009 0.00264991446009466
1010 -0.02660312040581636
1011 -0.062460928716105424
1012 -0.1053736745209406
1013 -0.15234267696478043
1014 -0.21623942876481972
1015 -0.2920599163279307
1016 -0.37033969802765165
1017 -0.44090437467284416
1018 -0.5025177205439815
1019 -0.5550477856611831
1020 -0.594560739399479
1021 -0.6289793118935803
1022 -0.6596624524547363
1023 -0.6873878093097769
1024 -0.7110857557935404
1025 -0.7285208426509094
1026 -0.7426347774306781
1027 -0.759497198443744
1028 -0.775220170811232
1029 -0.7836362131389201
1030 -0.7931254388689344
1031 -0.8066080348853637
1032 -0.816321615203252
1033 -0.8181704862981136
1034 -0.8172327954877656
1035 -0.811311110140331
1036 -0.8039401301283318
1037 -0.801029163270355
1038 -0.7931351749634724
1039 -0.7836405194936691
1040 -0.778534758012434
1041 -0.7716009324386568
1042 -0.7667519906148877
1043 -0.7670979141432848
1044 -0.7642155630199058
1045 -0.7601506148752735
1046 -0.7573130415024751
1047 -0.7525754879569948
1048 -0.7501780741456233
1049 -0.7458910369972993
1050 -0.7416364461044649
1051 -0.7393147457220903
1052 -0.7356516768104795
1053 -0.7317837875647697
1054 -0.7304383361513812
1055 -0.732327854815569
1056 -0.7354705279739436
1057 -0.7402612112903646
1058 -0.7453388140567566
1059 -0.7436315692871538
1060 -0.7361841450426775
1061 -0.7366249206562606
1062 -0.7400072276451426
1063 -0.7379955783479122
1064 -0.7398182700763286
1065 -0.7417656647448665
1066 -0.742777645938808
1067 -0.7445737254846516
1068 -0.7438844721554019
1069 -0.745000353976182
1070 -0.745542839149178
1071 -0.7449426541453266
1072 -0.7441810206536486
1073 -0.742583470349232
1074 -0.7432339390332188
1075 -0.7451812219664581
1076 -0.7476397262509151
1077 -0.747964029130877
1078 -0.7474913115786619
1079 -0.7477628299721395
1080 -0.7458063796994157
1081 -0.7460816457711499
1082 -0.7501620523479383
1083 -0.7504096757732561
1084 -0.7440738340573441
1085 -0.7431625319589719
1086 -0.7456644725278974
1087 -0.7473019496767195
1088 -0.7460820957283711
1089 -0.7429124178058656
1090 -0.7409372687556128
1091 -0.7371909655915205
1092 -0.7364665346673022
1093 -0.7354205251400685
1094 -0.7331026267955856
1095 -0.7329337621570393
1096 -0.7336466940463848
1097 -0.7352334304953172
1098 -0.7374354248612318
1099 -0.7411243090407287
1100 -0.7389042608421045
1101 -0.7343916796096619
1102 -0.7340184989538733
1103 -0.7345146715955874
1104 -0.7392774887949952
1105 -0.7431708007270322
1106 -0.7404616678940512
1107 -0.735783050972773
1108 -0.7337648179850415
1109 -0.735645731002264
1110 -0.7372907360371046
1111 -0.7360380432517089
1112 -0.7361595648951298
1113 -0.7381485731586415
1114 -0.7371481554377683
1115 -0.7363508470967983
1116 -0.7349313287704132
1117 -0.733501277434804
1118 -0.7325543649253359
1119 -0.731536614096673
1120 -0.729983506336942
1121 -0.7266711360798015
1122 -0.7282143198199305
1123 -0.7278721795153226
1124 -0.7242083254405951
1125 -0.7248962201626388
1126 -0.7256952796923734
1127 -0.724073834419797
1128 -0.7233254511517561
1129 -0.7226690366595538
1130 -0.723036599650489
1131 -0.7228647943269331
1132 -0.7216184399313106
1133 -0.7203053230381133
1134 -0.7198016869485766
1135 -0.7189040920935958
1136 -0.7138789238401952
1137 -0.7091307154716309
1138 -0.7096450536813537
1139 -0.7140745123966128
1140 -0.7193810042652617
1141 -0.722388905556578
1142 -0.7230469665647795
1143 -0.7212956647695163
1144 -0.7153086943295444
1145 -0.7120900268959138
1146 -0.7132089138399
1147 -0.7170202383913635
1148 -0.7216781245000884
1149 -0.7213206948742856
1150 -0.7169517247050234
1151 -0.7165536830554275
1152 -0.7138505534063251
1153 -0.7110941993920771
1154 -0.7113098738162292
1155 -0.7042438315413784
1156 -0.6998750777801801
1157 -0.7016047874100078
1158 -0.7026832603338248
1159 -0.7073873472385329
1160 -0.7061869127926338
1161 -0.6993886630631339
1162 -0.7012683694430184
1163 -0.7016405840731585
1164 -0.7006311036855655
1165 -0.7009187012523919
1166 -0.6989075562720175
1167 -0.7002443376002447
1168 -0.7004313205096976
1169 -0.6977904778924595
1170 -0.6943259382222756
1171 -0.6909887542684299
1172 -0.6895883202385986
1173 -0.6910244864933845
1174 -0.6921122857890879
1175 -0.6911961800816426
1176 -0.6906760077990031
1177 -0.6915400715750153
1178 -0.6907962282108805
1179 -0.689674616989949
1180 -0.6860127375745833
1181 -0.6834888293997565
1182 -0.6844836465968704
1183 -0.6843491555760725
1184 -0.6796126153533419
1185 -0.6758470517192008
1186 -0.6763306948621988
1187 -0.6764402131538905
1188 -0.6769406850878208
1189 -0.6803344911115757
1190 -0.6814829953613399
1191 -0.6791829344415033
1192 -0.6769068731625918
1193 -0.6736882701671572
1194 -0.6726094147403422
1195 -0.672141341764799
1196 -0.6714584197627895
1197 -0.6676320394392892
1198 -0.6637983547003665
1199 -0.663189611346652
1200 -0.6626440737533483
1201 -0.6637613786195311
1202 -0.6655726357512712
1203 -0.6626308809053743
1204 -0.6589156009513688
1205 -0.6576815307537355
1206 -0.656733147901762
1207 -0.6558884492685638
1208 -0.6553713867818958
1209 -0.6527217694067309
1210 -0.6503463876394567
1211 -0.6474789805528163
1212 -0.6451732546710246
1213 -0.6438856721994533
1214 -0.6412479464407195
1215 -0.639687422530268
1216 -0.6383210812719258
1217 -0.6388461216018338
1218 -0.637304793723235
1219 -0.63276827022553
1220 -0.6336478397308006
1221 -0.6299596289791216
1222 -0.6228073402660506
1223 -0.6210310657416813
1224 -0.619966029293556
1225 -0.6160150749063263
1226 -0.6128098268072941
1227 -0.6090905284073322
1228 -0.6059326233034257
1229 -0.6028741031260785
1230 -0.6007478795648227
1231 -0.597160236173415
1232 -0.5931797762157054
1233 -0.5917514760688607
1234 -0.5899882353600645
1235 -0.5877594053409803
1236 -0.5850518002261671
1237 -0.5836309806682387
1238 -0.5818414559202323
1239 -0.5751429121981209
1240 -0.5702833799894644
1241 -0.5726491830215926
1242 -0.573593604803273
1243 -0.5687666305854044
1244 -0.5631930313507927
1245 -0.5617382307566743
1246 -0.5616570285392171
1247 -0.560252007308377
1248 -0.5582409670007684
1249 -0.5569816432277688
1250 -0.554579649277922
1251 -0.5506732562332093
1252 -0.5483142415480764
1253 -0.5471599606010582
1254 -0.5456542602746488
1255 -0.544884021136006
1256 -0.5418550538262403
1257 -0.5362398983723173
1258 -0.5343302105880965
1259 -0.5309533333390026
1260 -0.5256479766069633
1261 -0.5219640651475008
1262 -0.5201401194846433
1263 -0.5196229452626766
1264 -0.5182387665796878
1265 -0.5175498987694634
1266 -0.5145728616558327
1267 -0.5098826984025798
1268 -0.5066345827741328
1269 -0.5032870419845568
1270 -0.5027580878814579
1271 -0.5025610289825353
1272 -0.5024380369966095
1273 -0.5022202472851338
1274 -0.5005426842595053
1275 -0.5003870698445958
1276 -0.5004092709996538
1277 -0.5013563526200835
1278 -0.5011015294521094
1279 -0.49822642536848893
1280 -0.49714632306976625
1281 -0.49610761795795355
1282 -0.49409363696533526
1283 -0.4932714676305576
1284 -0.48981576715649644
1285 -0.4857879642036613
1286 -0.48346609471032487
1287 -0.48228639107697924
1288 -0.483740002174853
1289 -0.4879769247540029
1290 -0.4902870143662069
1291 -0.4908616649484322
1292 -0.4920117512759997
1293 -0.4918756208017355
1294 -0.49012840189062445
1295 -0.4885766598006327
1296 -0.48991344819139315
1297 -0.49363761463862355
1298 -0.49577561808101167
1299 -0.4990340905451889
1300 -0.5038221039442996
1301 -0.5071859071432511
1302 -0.5109259836528686
1303 -0.5132626925101782
1304 -0.5180210886035106
1305 -0.5218769171218284
1306 -0.5248166399327008
1307 -0.5292681779891593
1308 -0.5338634388440966
1309 -0.5385103419863757
1310 -0.5430315359283167
1311 -0.5472697597390099
1312 -0.5489425735152013
1313 -0.5516705641581114
1314 -0.556237566314477
1315 -0.5621132743365258
1316 -0.5690189529470296
1317 -0.5722694475679666
1318 -0.5786560960949736
1319 -0.5889777818842905
1320 -0.5942469665127141
1321 -0.598376749792662
1322 -0.6011893403577935
1323 -0.6036933790729487
1324 -0.609851985725516
1325 -0.6160376686429425
1326 -0.6204268552293405
1327 -0.6203980419007817
1328 -0.6254201476553136
1329 -0.6328387585712312
1330 -0.6385538723958031
1331 -0.6440914585591996
1332 -0.649802712970216
1333 -0.6529484456114316
1334 -0.6570264748687393
1335 -0.6622782619511776
1336 -0.6674230315482728
1337 -0.6747299733396425
1338 -0.6819896365740824
1339 -0.6877851557014243
1340 -0.6904673381299096
1341 -0.6912406296888609
1342 -0.6920510191425068
1343 -0.696428771132228
1344 -0.6999615436424917
1345 -0.7014637989670349
1346 -0.7041861246479899
1347 -0.7058962527269395
1348 -0.7072355892211509
1349 -0.7101710056772741
1350 -0.7140168699414202
1351 -0.7166206146639642
1352 -0.7144711310008065
1353 -0.7179283018173728
1354 -0.7245527786264871
1355 -0.7275254047126034
1356 -0.7274524628576555
1357 -0.7253449924335639
1358 -0.7284258184387347
1359 -0.7324152937660617
1360 -0.7366994949021414
1361 -0.7358292044716541
1362 -0.7357386013655547
1363 -0.7386434344902517
1364 -0.7402660219619708
1365 -0.7418085322742816
1366 -0.7428043698566787
1367 -0.7439111960732726
1368 -0.7461976141879136
1369 -0.7495631685756303
1370 -0.7524454079637108
1371 -0.753061286621885
1372 -0.7571215358302097
1373 -0.762296765271863
1374 -0.7623013524728716
1375 -0.7572519439668557
1376 -0.7531692771954089
1377 -0.7561634594917646
1378 -0.7556684934873891
1379 -0.7542839695199448
1380 -0.7550144509251433
1381 -0.7569514887579513
1382 -0.7601911507093013
1383 -0.7579738267876227
1384 -0.7576165088971185
1385 -0.7598900693696808
1386 -0.7614043854216159
1387 -0.7627676742596504
1388 -0.7633131001176556
1389 -0.7616917665803778
1390 -0.7609346085544103
1391 -0.7607821109980049
1392 -0.7604025446553404
1393 -0.7616429532427473
1394 -0.7634050044552982
1395 -0.7631765770618331
1396 -0.7637220029198387
1397 -0.7636983314222758
1398 -0.7627661465414827
1399 -0.7638478238554757
1400 -0.7640241690829382
1401 -0.7657464625620455
1402 -0.7627545357713114
1403 -0.7587590099630044
1404 -0.7586435458630972
1405 -0.7616119773297628
1406 -0.7648646730966865
1407 -0.7660810176049717
1408 -0.7670352345298619
1409 -0.768238721396069
1410 -0.7683187341172814
1411 -0.7673834323779833
1412 -0.7678963002452015
1413 -0.7688997230892805
1414 -0.7679821470393305
1415 -0.7679332219664012
1416 -0.7686908843092255
1417 -0.7669924787357452
1418 -0.7650168324311685
1419 -0.7672753844287965
1420 -0.7698509993291602
1421 -0.7717906899381851
1422 -0.7713933979061729
1423 -0.7701145972550609
1424 -0.7691026160611196
1425 -0.7667330754292953
1426 -0.7665359520921768
1427 -0.7667284882282863
1428 -0.768947066084406
1429 -0.7700007726086203
1430 -0.7674307753731091
1431 -0.7670175088405142
1432 -0.7665154548287811
1433 -0.7640865678501017
1434 -0.762770557568997
1435 -0.7623941080848367
1436 -0.7652691004331587
1437 -0.7672785586629639
1438 -0.7676815156569315
1439 -0.7680267083818474
1440 -0.7686309762698508
1441 -0.772193535196854
1442 -0.7752304803498593
1443 -0.7716870057194103
1444 -0.7653292436946999
1445 -0.7644806856479462
1446 -0.7651833653743283
1447 -0.7643619456571343
1448 -0.7658928451992745
1449 -0.7662266033275141
1450 -0.7639843539738311
1451 -0.761964081888542
1452 -0.7637499807721504
1453 -0.7684911011333572
1454 -0.7667761120696718
1455 -0.7648285482901728
1456 -0.7663892886086883
1457 -0.7677481664192078
1458 -0.7694731841752606
1459 -0.7690344949563382
1460 -0.7671209122130294
1461 -0.7685630242760311
1462 -0.7702604638238632
1463 -0.7669317737816838
1464 -0.7629211348256763
1465 -0.7667492663379419
1466 -0.7718932963960136
1467 -0.7722722466865227
1468 -0.7698595506164899
1469 -0.7668443449097515
1470 -0.7633145130844978
1471 -0.7597829945086749
1472 -0.7616208638229879
1473 -0.763036082857157
1474 -0.7642226983243656
1475 -0.7668886827816719
1476 -0.7690092413809722
1477 -0.7699738795797877
1478 -0.7707221984096325
1479 -0.7704568492949675
1480 -0.7716023484215259
1481 -0.7721744509003001
1482 -0.7719803326863874
1483 -0.7700241632599232
1484 -0.7678281791404201
1485 -0.7660708198016432
1486 -0.7631394862296719
1487 -0.7634478146090509
1488 -0.7646141562834614
1489 -0.765445269487127
1490 -0.7665938854721897
1491 -0.7665287050524181
1492 -0.7644241209537002
1493 -0.7646748612375227
1494 -0.7650069728497633
1495 -0.7631274828779426
1496 -0.7646881114611597
1497 -0.7662769987429483
1498 -0.764979968085632
1499 -0.7651651353681237
1500 -0.7670281535850371
1501 -0.7687350530701842
1502 -0.7706655763397237
1503 -0.7748700526633843
1504 -0.7767432042454303
1505 -0.7738855450048978
1506 -0.7740532674443019
1507 -0.7740951689480691
1508 -0.7711962816315874
1509 -0.7697010498762061
1510 -0.7692715924349647
1511 -0.7684832350254158
1512 -0.7673286732321374
1513 -0.7672783895520023
1514 -0.768338041884432
1515 -0.768115560299182
1516 -0.7693885268773768
1517 -0.7707089481859959
1518 -0.7710807057963819
1519 -0.7723106931098629
1520 -0.7728961575475726
1521 -0.7723166389180782
1522 -0.7711534141021723
1523 -0.7710526705684071
1524 -0.7707693722937972
1525 -0.7729746999262798
1526 -0.7745249072355705
1527 -0.7715918224748348
1528 -0.7719639082285832
1529 -0.7726338608532155
1530 -0.7735983873167326
1531 -0.7760835037837626
1532 -0.7770689845304302
1533 -0.778297325327912
1534 -0.7773932874103922
1535 -0.778057398899574
1536 -0.7760495871857683
1537 -0.7729951971896755
1538 -0.7716259625434261
1539 -0.7725538481320033
1540 -0.7736859852996266
1541 -0.7733657653038168
1542 -0.773912661504327
1543 -0.773576074426376
1544 -0.7742578069321405
1545 -0.7763031564193017
1546 -0.7745704416662689
1547 -0.7749510857698797
1548 -0.7785272301264153
1549 -0.780890720277259
1550 -0.7827278044284547
1551 -0.7847714671650472
1552 -0.78677978319571
1553 -0.7836111830341508
1554 -0.7813332588311763
1555 -0.7826109817213415
1556 -0.783444134022565
1557 -0.7820983947003837
1558 -0.7782866302702593
1559 -0.7789434373440198
1560 -0.7798951061654589
1561 -0.7791374438226341
1562 -0.7799509430722505
1563 -0.7822925129142964
1564 -0.7831341591271868
1565 -0.7832704013367493
1566 -0.7827872625106083
1567 -0.78275022905411
1568 -0.7831415752779068
1569 -0.7824925769364246
1570 -0.7813943563667958
1571 -0.7810683022980696
1572 -0.7835104395003853
1573 -0.7856457831040234
1574 -0.7879517898320756
1575 -0.7869810367140829
1576 -0.7844792723186521
1577 -0.7860102835960903
1578 -0.7877738695893424
1579 -0.7884703226612486
1580 -0.7879485038626096
1581 -0.7863420670649683
1582 -0.7875132123484513
1583 -0.7859289122676718
1584 -0.7846556648432174
1585 -0.7880729661910406
1586 -0.7901668653106657
1587 -0.7925486901404792
1588 -0.788467317538043
1589 -0.7823629083388023
1590 -0.7843671414853126
1591 -0.7856401725017039
1592 -0.7863005581427598
1593 -0.789359359166367
1594 -0.7908916243782464
1595 -0.7912826897557832
1596 -0.7920369543938434
1597 -0.7923643741323094
1598 -0.7941264253448608
1599 -0.7948050409921207
1600 -0.794191494029334
1601 -0.7935886964838353
1602 -0.7899016752284017
1603 -0.7869244690038096
1604 -0.7879426124140302
1605 -0.7901016275152314
1606 -0.7942540619074583
1607 -0.7951785497912721
1608 -0.7932607794910456
1609 -0.7939279434005359
1610 -0.7918679850825313
1611 -0.7924028779313126
1612 -0.7940895036236606
1613 -0.7943944987364718
1614 -0.7949813217813878
1615 -0.7952380078734255
1616 -0.7929216916067459
1617 -0.790788960544755
1618 -0.7924326069723892
1619 -0.7953061289782068
1620 -0.7956585788214416
1621 -0.7956052900181008
1622 -0.7943709389742072
1623 -0.79282231374272
1624 -0.7941291969189086
1625 -0.796378646015248
1626 -0.8009357885902075
1627 -0.8007888442604587
1628 -0.7983848182755874
1629 -0.7997456063072729
1630 -0.7999190581468283
1631 -0.800306894930563
1632 -0.8021875271015254
1633 -0.8043336201224519
1634 -0.8028187997536598
1635 -0.8006580979018902
1636 -0.8019046687055764
1637 -0.8009694314044749
1638 -0.8018705286369856
1639 -0.8016573261265186
1640 -0.7990517657770141
1641 -0.7994445823433155
1642 -0.8009534569038922
1643 -0.8005679447530122
1644 -0.8001099477669388
1645 -0.800630231784877
1646 -0.800818404190574
1647 -0.8016689368966893
1648 -0.803209976866495
1649 -0.805299336082214
1650 -0.8075430557784014
1651 -0.8067473939534306
1652 -0.8030189755110864
1653 -0.7994030160454436
1654 -0.7989301867579298
1655 -0.8033805926938065
1656 -0.8063371325440413
1657 -0.8048725958553851
1658 -0.8019487901694323
1659 -0.8013104295099402
1660 -0.7994847326583182
1661 -0.7993290065081102
1662 -0.7997855331516786
1663 -0.8001339001107617
1664 -0.7988149491446477
1665 -0.7964409330471125
1666 -0.7961506585004436
1667 -0.7958674719611318
1668 -0.7979701931357861
1669 -0.8017431729206475
1670 -0.8035435115241378
1671 -0.8050742419553164
1672 -0.8055023407893518
1673 -0.8063439870022417
1674 -0.8084234292608914
1675 -0.8074141723438957
1676 -0.8054162131489627
1677 -0.8064922325635338
1678 -0.8086916143878009
1679 -0.8088692537842742
1680 -0.8078837801001397
1681 -0.8079179201687312
1682 -0.8079101114364524
1683 -0.8115023994045324
1684 -0.8152771303781583
1685 -0.8122165781657861
1686 -0.8095491706630777
1687 -0.8078187114156667
1688 -0.8059958435137556
1689 -0.8065041241799643
1690 -0.8082098341688663
1691 -0.808855891825339
1692 -0.8086307976984412
1693 -0.8062537764777009
1694 -0.8040648159273595
1695 -0.8056788450492156
1696 -0.8081610208312358
1697 -0.8092469572028755
1698 -0.8109899241188733
1699 -0.8106371934293778
1700 -0.8090465549588245
1701 -0.812483228511995
1702 -0.8162329938190478
1703 -0.8145432512681954
1704 -0.8093636107990279
1705 -0.8081848040640972
1706 -0.8056924878544108
1707 -0.8007735046261344
1708 -0.8026068984747367
1709 -0.8049678405221291
1710 -0.8060329343459172
1711 -0.807004988695453
1712 -0.8083994769170686
1713 -0.8093092442347402
1714 -0.8105985778950761
1715 -0.8112847214283553
1716 -0.8105613753276164
1717 -0.8119394964670914
1718 -0.8140585847238864
1719 -0.8166622821493279
1720 -0.8180389329462977
1721 -0.8171881193939224
1722 -0.8170904927186612
1723 -0.8170609871481815
1724 -0.8163832257912711
1725 -0.818678763948295
1726 -0.8219011572300516
1727 -0.8171943460483979
1728 -0.8102689570106243
1729 -0.8100146381595068
1730 -0.8114730055693513
1731 -0.8122893982068753
1732 -0.8135178507396552
1733 -0.8124313053783936
1734 -0.8148054332112267
1735 -0.8172744705049084
1736 -0.8173228912609807
1737 -0.8186181707295321
1738 -0.820155127815186
1739 -0.8181527575927388
1740 -0.8177718255803343
1741 -0.8170197117751304
1742 -0.8140308303421717
1743 -0.8075483251427711
1744 -0.80908381188592
1745 -0.815252042897726
1746 -0.8168562886279425
1747 -0.8185157333826647
1748 -0.8200987865915368
1749 -0.8183797146436992
1750 -0.8159729643818817
1751 -0.815098760178204
1752 -0.8153419725760072
1753 -0.8150856790655284
1754 -0.8133488814283432
1755 -0.8123544568127881
1756 -0.8134136048283606
1757 -0.8176861549597
1758 -0.822436050078833
1759 -0.8177779475620444
1760 -0.814042048530784
1761 -0.8131192544600724
1762 -0.8136552895079963
1763 -0.8186195293367382
1764 -0.8237815085547544
1765 -0.8228076385782576
1766 -0.8169788306566466
1767 -0.8170398637540703
1768 -0.8186050322411935
1769 -0.8202618171571664
1770 -0.8197267481348907
1771 -0.817156862634678
1772 -0.8180402341778409
1773 -0.8191060084919805
1774 -0.8192614467333956
1775 -0.8185883843127926
1776 -0.8205088788899645
1777 -0.823373626137855
1778 -0.8239116358451406
1779 -0.8211505728160249
1780 -0.8188506236314865
1781 -0.8201979379689378
1782 -0.8208425252829057
1783 -0.821362697565545
1784 -0.8206988024844267
1785 -0.8185869139702875
1786 -0.819482177129881
1787 -0.8201342923298669
1788 -0.8204585952098289
1789 -0.8217803751256543
1790 -0.8230060631469197
1791 -0.8235099800827164
1792 -0.8215462253945706
1793 -0.8216705759877029
1794 -0.8239544459988926
1795 -0.8257342229007911
1796 -0.8248596261155551
1797 -0.8241869562765102
1798 -0.823902515802758
1799 -0.8222649913568332
1800 -0.8231142701285074
1801 -0.822310799571258
1802 -0.8235200087750836
1803 -0.825901721869599
1804 -0.8229852850372639
1805 -0.820009653827942
1806 -0.8156113471991618
1807 -0.8143459658826484
1808 -0.8146220171174994
1809 -0.8114224984186188
1810 -0.8080762517980533
1811 -0.8058491800302671
1812 -0.8053320058083002
1813 -0.8043568990384562
1814 -0.8033495624211867
1815 -0.7983246750140464
1816 -0.7906066222119743
1817 -0.7859523029189751
1818 -0.7849394130750482
1819 -0.7803038972323431
1820 -0.7758312357817727
1821 -0.7749765084562074
1822 -0.7742402503537542
1823 -0.7717358190570406
1824 -0.7668309829508163
1825 -0.7617807775301135
1826 -0.7567214692081219
1827 -0.7570299666984625
1828 -0.7576022382881981
1829 -0.7555111852593774
1830 -0.7520480041964004
1831 -0.74801873090106
1832 -0.7460436462890037
1833 -0.7446879427126507
1834 -0.741501674237407
1835 -0.7397962450947652
1836 -0.7387842639008233
1837 -0.7367700020619457
1838 -0.7388877246490017
1839 -0.7409938435284198
1840 -0.7398584777669941
1841 -0.736953868112894
1842 -0.735996757800097
1843 -0.7354261901020235
1844 -0.7366414568493629
1845 -0.738624350193698
1846 -0.7391557406649496
1847 -0.7434648672330333
1848 -0.7506215196765167
1849 -0.7524631910287214
1850 -0.7498811330658184
1851 -0.7512862589694236
1852 -0.7516718355584998
1853 -0.7507765653363732
1854 -0.7479076879072277
1855 -0.7444611547726521
1856 -0.738830248288743
1857 -0.7330625308402184
1858 -0.7311108368794648
1859 -0.734876681359866
1860 -0.738055198478494
1861 -0.7384934951158579
1862 -0.7386671633634776
1863 -0.7354382508294157
1864 -0.7312219946246228
1865 -0.7303167027726619
1866 -0.7322908787347338
1867 -0.7330585697699253
1868 -0.7330626999511802
1869 -0.734130741522511
1870 -0.7406348861844494
1871 -0.7477925046535809
1872 -0.750644798592521
1873 -0.7518048491742599
1874 -0.7515559788770343
1875 -0.7525074715249783
1876 -0.7514701320829053
1877 -0.7513620841337182
1878 -0.751028437740777
1879 -0.7515794812636356
1880 -0.7564937655556047
1881 -0.7567976899700024
1882 -0.7552696666746761
1883 -0.7531902787756616
1884 -0.757053411709401
1885 -0.7668148393392721
1886 -0.7755058007812291
1887 -0.7814225607057321
1888 -0.7863525930116599
1889 -0.7901519111953668
1890 -0.7958081829899402
1891 -0.800787373917954
1892 -0.8038992946339409
1893 -0.8047880502927995
1894 -0.8061898499923699
1895 -0.8111455858308853
1896 -0.8135740872905389
1897 -0.81770364709989
1898 -0.8239174125423945
1899 -0.8296093591862599
1900 -0.8323665745533899
1901 -0.8366148270564504
1902 -0.8437177981150346
1903 -0.848080436957056
1904 -0.8489928641134772
1905 -0.8495485421344472
1906 -0.8515551069763452
1907 -0.8532755445939217
1908 -0.8560302047950679
1909 -0.8577683681019922
1910 -0.8601662791676872
1911 -0.8599409041945301
1912 -0.8588262118699943
1913 -0.8618137749303163
1914 -0.8645034953233808
1915 -0.8668538399233532
1916 -0.8654044234449298
1917 -0.8634052173780892
1918 -0.8647418295953546
1919 -0.867597297768462
1920 -0.8726968137811191
1921 -0.8727635762786936
1922 -0.8678934536851508
1923 -0.8658382989762187
1924 -0.8675089501679846
1925 -0.8667721303730114
1926 -0.8677350103205299
1927 -0.8706857160978471
1928 -0.8724449383606876
1929 -0.8710175468638279
1930 -0.8691144971297435
1931 -0.871678436821741
1932 -0.8732199338113013
1933 -0.8719216492195438
1934 -0.8679780536073713
1935 -0.8670920695225615
1936 -0.8685475435444984
1937 -0.8688689057394504
1938 -0.8701491767330669
1939 -0.8708621086224132
1940 -0.871035384288474
1941 -0.8708143730457291
1942 -0.8725927913404217
1943 -0.8743534839457666
1944 -0.8736817801323689
1945 -0.8739676909486265
1946 -0.8766162305628444
1947 -0.8763270982153181
1948 -0.8754420801561558
1949 -0.876395219320099
1950 -0.8767984571603269
1951 -0.8752333531113997
1952 -0.874738434404126
1953 -0.8760484344388194
1954 -0.8777211938553753
1955 -0.8811682886824713
1956 -0.8820561356913444
1957 -0.8774872132352527
1958 -0.8741603861171365
1959 -0.8727764309047453
1960 -0.8744021281724351
1961 -0.8767495320873976
1962 -0.877066530551938
1963 -0.8767685590082889
1964 -0.8770989194317645
1965 -0.8791573027344982
1966 -0.882336155059022
1967 -0.8837244166261624
1968 -0.8854104806259907
1969 -0.8909320922888045
1970 -0.8969810759769146
1971 -0.9034121741111404
1972 -0.9107248925997636
1973 -0.9194454139718358
1974 -0.9307478241958501
1975 -0.9400998416906543
1976 -0.9471378675516329
1977 -0.9572897988665207
1978 -0.9711267076502483
1979 -0.9794235412157997
1980 -0.9806806638428129
1981 -0.9858865782726305
1982 -0.9925907869566973
1983 -0.9970613620126076
1984 -1.0
1985 -0.9968791354151252
1986 -0.9912748411137892
1987 -0.9848598765125469
1988 -0.9787558055352292
1989 -0.9775068416139868
1990 -0.9733877060945897
1991 -0.9617033434728876
1992 -0.9395390751678456
1993 -0.9116272467827424
1994 -0.8813147759924658
1995 -0.8475463410229617
1996 -0.817572042404466
1997 -0.7831135501284925
1998 -0.7457174190628097
1999 -0.7047618560071891
2000 -0.6630324279485273
2001 -0.6150481654038136
2002 -0.5524900192945039
2003 -0.49119966197719744
2004 -0.43565460454529337
2005 -0.3900888909576318
2006 -0.36075952493756
2007 -0.33830424556285266
2008 -0.312139819967419
2009 -0.28870603310207554
2010 -0.26501051123489494
2011 -0.23359797409201943
2012 -0.20151903399914406
2013 -0.16742118986421484
2014 -0.132864315905872
2015 -0.10031919163815228
2016 -0.0842658400330859
2017 -0.07340760614344632
2018 -0.060260079565360614
2019 -0.05278986659667073
2020 -0.049374323500145145
2021 -0.05661941813831117
2022 -0.06765308860542862
2023 -0.08684269878933026
2024 -0.11528081136022217
2025 -0.15062156424637618
2026 -0.1948812318071046
2027 -0.2440360850053147
2028 -0.31085063930742873
2029 -0.3888978060567668
2030 -0.4712868264759382
2031 -0.5472019828882064
2032 -0.6053013023237108
2033 -0.652282124883252
2034 -0.6956933703361523
2035 -0.7346295038452637
2036 -0.7609400530617965
2037 -0.7864365225220902
2038 -0.8124661218908305
2039 -0.829797196386062
2040 -0.8457915871632987
2041 -0.863999571325051
2042 -0.8794748085319234
2043 -0.8891404267865027
2044 -0.8965387112229954
2045 -0.9056303050260661
2046 -0.9132193555958005
2047 -0.9118954319096518
2048 -0.9093864677715651
2049 -0.907063408781983
2050 -0.9017613380194097
2051 -0.8948439842005391
2052 -0.8864124905032277
2053 -0.8772637011861589
2054 -0.8674713550189661
2055 -0.86123573370586
2056 -0.8589557113566557
2057 -0.8550494874229038
2058 -0.84978699822028
2059 -0.8470236679339731
2060 -0.844983402902145
2061 -0.8413463301209508
2062 -0.8406292680503505
2063 -0.8408997660585449
2064 -0.8338680329632463
2065 -0.8257172367504673
2066 -0.8229895813134522
2067 -0.8240657698389846
2068 -0.8243203695363617
2069 -0.8256672912922546
2070 -0.8269804081854526
2071 -0.8273596936818571
2072 -0.8279728480630859
2073 -0.8307646061589259
2074 -0.8352328495194484
2075 -0.8350418481640399
2076 -0.829714121165981
2077 -0.8247868030584387
2078 -0.824812337480065
2079 -0.8265521402404554
2080 -0.82859404472575
2081 -0.8300565423168491
2082 -0.8303232571012535
2083 -0.8308509572699118
2084 -0.829946743178897
2085 -0.8300904659773762
2086 -0.8325878666423951
2087 -0.8312035188484457
2088 -0.8302637416434373
2089 -0.8318111200030168
2090 -0.832522581549858
2091 -0.8328156206080424
2092 -0.8327130785884099
2093 -0.8361204156820619
2094 -0.8349678929863418
2095 -0.8283567781361623
2096 -0.8228321039744795
2097 -0.8233689241855199
2098 -0.8264175374843591
2099 -0.826552197616119
2100 -0.8244994792753397
2101 -0.823912767965722
2102 -0.8251235592473509
2103 -0.826704637796861
2104 -0.8293957640942345
2105 -0.8311812059580888
2106 -0.8328732731417954
2107 -0.8355572641347087
2108 -0.8346268304426798
2109 -0.8296770877094827
2110 -0.8250624617117316
2111 -0.8236253868069605
2112 -0.8229825033846548
2113 -0.8210455299900437
2114 -0.8192730575035663
2115 -0.8196954913756461
2116 -0.8208129079771275
2117 -0.8213937852138281
2118 -0.820806962168912
2119 -0.8196406204945018
2120 -0.8190404354906504
2121 -0.8199757372299477
2122 -0.8199949332618002
2123 -0.819075998604644
2124 -0.8201000878230802
2125 -0.8202140815804821
2126 -0.8206099032699897
2127 -0.8202159445045453
2128 -0.8164723011792027
2129 -0.816371445910139
2130 -0.8189844868485595
2131 -0.8201166240161826
2132 -0.8181171944787451
2133 -0.8174089615257065
2134 -0.8177469072108635
2135 -0.8171674530195654
2136 -0.8177411305136099
2137 -0.8146736664673746
2138 -0.8119646383071586
2139 -0.8100353689720603
2140 -0.8110091745103607
2141 -0.8120683225259341
2142 -0.8143131844212634
2143 -0.8189744037965566
2144 -0.816228237507077
2145 -0.8106661373073376
2146 -0.8105287528986322
2147 -0.8112581092457828
2148 -0.8109765621599374
2149 -0.8089447910397758
2150 -0.8053717635417444
2151 -0.8051839837176054
2152 -0.8041690618386541
2153 -0.8014049463892301
2154 -0.8016881329285415
2155 -0.8026338559417652
2156 -0.8021949432522454
2157 -0.8016924966589539
2158 -0.8024944968736978
2159 -0.8013134346331459
2160 -0.7997616925431543
2161 -0.8004966494140638
2162 -0.8030426470086494
2163 -0.8060643028404599
2164 -0.805935084200059
2165 -0.80539843309998
2166 -0.8053054510013908
2167 -0.802651750742074
2168 -0.796223143335637
2169 -0.7905073560832468
2170 -0.7903002684919571
2171 -0.7916563102902323
2172 -0.7915866071076478
2173 -0.7906797804749859
2174 -0.7872800286430159
2175 -0.7864057127040395
2176 -0.7879519015673739
2177 -0.7859527528761965
2178 -0.7818579065795261
2179 -0.7807215747924527
2180 -0.7808003980174197
2181 -0.779607332425138
2182 -0.7789492714169366
2183 -0.7788560084720876
2184 -0.7792665507277368
2185 -0.7786604199156698
2186 -0.7779580210355487
2187 -0.7772496763472114
2188 -0.776600566270431
2189 -0.7768822824672377
2190 -0.7761058166741193
2191 -0.7742725274982823
2192 -0.7733361479980385
2193 -0.7728250313195852
2194 -0.7703516947336876
2195 -0.7692433337363928
2196 -0.7672605521273564
2197 -0.7662825519696049
2198 -0.7657092599945858
2199 -0.7631026218841349
2200 -0.7609360788969151
2201 -0.7590378972100998
2202 -0.7595180309130353
2203 -0.7604646082166079
2204 -0.7632611226244187
2205 -0.7648413398210463
2206 -0.7584939990702618
2207 -0.7529589036346536
2208 -0.7528185785409388
2209 -0.7542946716401304
2210 -0.7553289586618956
2211 -0.7540515166179902
2212 -0.7513883611103951
2213 -0.7488235127684133
2214 -0.7463375349485004
2215 -0.7395234153911835
2216 -0.7346848374656774
2217 -0.737778116779799
2218 -0.7384552147874519
2219 -0.7387501812078953
2220 -0.7365911661066945
2221 -0.7310721096098645
2222 -0.7320192959030597
2223 -0.7330824103784497
2224 -0.7308979182312854
2225 -0.7254931836352205
2226 -0.7230127590419648
2227 -0.7223224208892355
2228 -0.7208641752932503
2229 -0.7201886694419614
2230 -0.7169788412044533
2231 -0.7138370223364279
2232 -0.7137098357310514
2233 -0.7130284485097431
2234 -0.7100409901221866
2235 -0.7048824086089347
2236 -0.7012947652175264
2237 -0.7003704464446746
2238 -0.6990013809093865
2239 -0.6950830962482432
2240 -0.6915814113862626
2241 -0.6896803936872029
2242 -0.6879806868821793
2243 -0.6862988175018014
2244 -0.6844732253229444
2245 -0.6810603923782985
2246 -0.6784450841826865
2247 -0.6753036578962197
2248 -0.6713231979385105
2249 -0.6694724639195857
2250 -0.6683048210136322
2251 -0.6666155354825345
2252 -0.6646196083226259
2253 -0.659984204215219
2254 -0.6562202800345445
2255 -0.653493871469437
2256 -0.6503865379544594
2257 -0.6473648750601156
2258 -0.6440112767270264
2259 -0.6434990822876269
2260 -0.6405116239000705
2261 -0.6351600663720478
2262 -0.634656646690575
2263 -0.6332106852925785
2264 -0.6291516829561623
2265 -0.6249682655884174
2266 -0.6214754199225591
2267 -0.6209794808300023
2268 -0.6189094867570974
2269 -0.6128733677735995
2270 -0.6102610002629973
2271 -0.6089631726909945
2272 -0.6074397466752378
2273 -0.6064395453624286
2274 -0.6045619183146713
2275 -0.6037497776722611
2276 -0.6038655226184282
2277 -0.6026846294888375
2278 -0.5991089894491587
2279 -0.5939591826938333
2280 -0.5905508252148977
2281 -0.5916657983856932
2282 -0.5893275145131132
2283 -0.5843242595059778
2284 -0.5807663451556468
2285 -0.5798183548852319
2286 -0.5780268554778638
2287 -0.5747872981992792
2288 -0.5725941430294871
2289 -0.5715910010316678
2290 -0.5711925195034109
2291 -0.5702292399118016
2292 -0.5676462732989134
2293 -0.5662921518003641
2294 -0.5630882693710714
2295 -0.5606858828396661
2296 -0.5620065849945451
2297 -0.5630514050255344
2298 -0.5621338289755843
2299 -0.5620435067157449
2300 -0.5619219850723239
2301 -0.5612462628129711
2302 -0.5613103010336001
2303 -0.5584677549407675
2304 -0.5567723544904927
2305 -0.5591363418956603
2306 -0.5587569517264901
2307 -0.5587554169457891
2308 -0.5580085110827865
2309 -0.5593121727277058
2310 -0.5644943140032224
2311 -0.5704208673979261
2312 -0.5707541685064115
2313 -0.5658261769710509
2314 -0.5664517272855667
2315 -0.5711869089010906
2316 -0.5746096588028059
2317 -0.5783212602057877
2318 -0.58450676694972
2319 -0.590080308808669
2320 -0.5925945926242557
2321 -0.5951845898688384
2322 -0.601899155388635
2323 -0.6078917978530956
2324 -0.6132604076426472
2325 -0.6174050876622315
2326 -0.6209198536368874
2327 -0.6253077460542755
2328 -0.6295934245953927
2329 -0.6319522701695645
2330 -0.6354671478795191
2331 -0.6413665746962329
2332 -0.6478820492820824
2333 -0.6561739604407297
2334 -0.6654139216189512
2335 -0.671380608187564
2336 -0.6649599400628061
2337 -0.663182653888696
2338 -0.673233829918249
2339 -0.6820240645514666
2340 -0.6895141989659666
2341 -0.6975429591399069
2342 -0.7031503129240844
2343 -0.707730788774684
2344 -0.7101519213807201
2345 -0.7132191116432286
2346 -0.7199262610123055
2347 -0.7257915477604282
2348 -0.7300545208296308
2349 -0.733677558224071
2350 -0.738668464595021
2351 -0.742613145030673
2352 -0.7466868679332317
2353 -0.7480115955965998
2354 -0.7487463833565476
2355 -0.751197414114622
2356 -0.755555577490933
2357 -0.7607079323497097
2358 -0.7658247240944931
2359 -0.7696746068045952
2360 -0.7722129546993034
2361 -0.7736605626132984
2362 -0.7766317656540123
2363 -0.7802518553009099
2364 -0.7833949281033759
2365 -0.7872582774451791
2366 -0.7871866539628685
2367 -0.789901563493103
2368 -0.7935948657626476
2369 -0.793697876553604
2370 -0.796920562433191
2371 -0.8038670174894132
2372 -0.805931170426868
2373 -0.8012742574063244
2374 -0.8027978998301452
2375 -0.8052552216808909
2376 -0.8074081148003818
2377 -0.8088573621678435
2378 -0.8090278088841933
2379 -0.8085639778252032
2380 -0.808228861089757
2381 -0.8095820165626586
2382 -0.8125340165089873
2383 -0.8122534425113234
2384 -0.8151596342432267
2385 -0.8168655677027259
2386 -0.814606734858838
2387 -0.8153031234925483
2388 -0.81729055674079
2389 -0.820319516988022
2390 -0.8207506209452629
2391 -0.8208869748901242
2392 -0.8205579156981916
2393 -0.8209903782626389
2394 -0.8244375848250336
2395 -0.8263389951056521
2396 -0.8247571313930249
2397 -0.8255188766200016
2398 -0.829006338170164
2399 -0.826923955226505
2400 -0.8244194665541278
2401 -0.8232966084612878
2402 -0.8212158075954317
2403 -0.8226545219536694
2404 -0.8269374289207386
2405 -0.8301841788794466
2406 -0.8300668518554766
2407 -0.8294267400072193
2408 -0.828124267858545
2409 -0.8269742932662754
2410 -0.827599620110195
2411 -0.8290459267926469
2412 -0.8315236271089564
2413 -0.8323771649382773
2414 -0.8324394519701417
2415 -0.8314627530439341
2416 -0.8311260542306844
2417 -0.8336354109503303
2418 -0.8343484475124415
2419 -0.8290455342110883
2420 -0.8280038239760704
2421 -0.8294553912873495
2422 -0.8275481469338146
2423 -0.8239258490783977
2424 -0.8248297823231522
2425 -0.8307234898182754
2426 -0.8346549774059535
2427 -0.8354107123865187
2428 -0.831810839156757
2429 -0.8302768227561131
2430 -0.8338813949221817
2431 -0.8360333220160249
2432 -0.8331118409629268
2433 -0.8319203574484489
2434 -0.8335776466812785
2435 -0.8322840137287266
2436 -0.8299052342566883
2437 -0.8281536043180631
2438 -0.8299397196097358
2439 -0.8298848487285913
2440 -0.8278958404650794
2441 -0.8288474448483217
2442 -0.8291629729703573
2443 -0.8306119968672221
2444 -0.8332635416046458
2445 -0.8325685588752443
2446 -0.8283002678015517
2447 -0.8280780026243654
2448 -0.8301515635129957
2449 -0.8317120803609142
2450 -0.8296578916776305
2451 -0.8280024653688638
2452 -0.8289437129163766
2453 -0.8300551837096427
2454 -0.8301039970472732
2455 -0.8294386316236497
2456 -0.8281849728126058
2457 -0.827476628124269
2458 -0.8273847237866264
2459 -0.8277567622432722
2460 -0.8274265135550949
2461 -0.8250494923343541
2462 -0.8229419031124312
2463 -0.8246996550327664
2464 -0.828693646060373
2465 -0.8288753683409982
2466 -0.8297244307046084
2467 -0.8316350083247113
2468 -0.8289598565279206
2469 -0.8274513745489029
2470 -0.8268723602362655
2471 -0.8241867871655486
2472 -0.8246950678317575
2473 -0.8272991578387574
2474 -0.8269565132172927
2475 -0.8258064268897249
2476 -0.8257105514032282
2477 -0.8225792655444277
2478 -0.8195723302787589
2479 -0.8198733542427165
2480 -0.8211611058252489
2481 -0.8230993260917683
2482 -0.8243946055603201
2483 -0.8240298715190959
2484 -0.8231466117112313
2485 -0.8247649401253034
2486 -0.8250907777859663
2487 -0.8266499360266782
2488 -0.8264382038587166
2489 -0.8227996033593548
2490 -0.8231183530126593
2491 -0.8254528992855432
2492 -0.823880379085896
2493 -0.8217683143982624
2494 -0.8222382030007663
2495 -0.8242598336932621
2496 -0.8241872371227701
2497 -0.8075927721203835
2498 -0.733987009066855
2499 -0.5655548329293631
2500 0.7564954306631302
2501 0.9268337733932106
2502 0.9998037883288935
