0
1
2506
-3 0.5458440245224364
-2 0.5450955484760831
-1 0.5439124587270259
0 0.5424986687251127
1 0.5410065648069518
2 0.5395440207270175
3 0.5382198451509844
4 0.5375676005929383
5 0.5370578383649308
6 0.5365972896213119
7 0.5361290474109174
8 0.5356368108373162
9 0.5351191022990281
10 0.5345806355361838
11 0.534030818418875
12 0.5334762332761094
13 0.5329188544742126
14 0.5323629593787098
15 0.5318150857655619
16 0.5312772714921676
17 0.5307521067377509
18 0.5302433444052185
19 0.5297533261074249
20 0.5292827187153205
21 0.5288351498523699
22 0.5284165934053429
23 0.5280277659979566
24 0.5276683230190158
25 0.5273418266591754
26 0.5270534452876904
27 0.5268022845933578
28 0.5265823283431577
29 0.5263909492364807
30 0.5262283481438332
31 0.5260944924724774
32 0.5259852216723558
33 0.5258987545842836
34 0.5258368211107243
35 0.5257986581972192
36 0.5257787825947369
37 0.5257708870618201
38 0.5257746315561912
39 0.5257872735617702
40 0.525804511209253
41 0.5258256030080901
42 0.5258510814430799
43 0.5258809719247605
44 0.525912841771783
45 0.525944264931273
46 0.5259738657156939
47 0.5259988865722292
48 0.526017852993388
49 0.5260323180399404
50 0.526041079227098
51 0.5260416518576241
52 0.5260322764306145
53 0.5260169197917259
54 0.5259981183703285
55 0.5259719260053753
56 0.5259378952031999
57 0.5258996906226836
58 0.5258584356543495
59 0.5258131508670899
60 0.52576392342178
61 0.5257099503333903
62 0.5256516941099465
63 0.5255905131068369
64 0.525529126658742
65 0.5254655656751186
66 0.5253987588625354
67 0.525332601940456
68 0.5252688583313282
69 0.5252032402220029
70 0.5251336451889806
71 0.5250652404439168
72 0.5250011036623364
73 0.5249412634327374
74 0.5248838031160263
75 0.524827445180388
76 0.5247723454357168
77 0.5247191527704773
78 0.5246651475445181
79 0.5246048727908589
80 0.5245418589059362
81 0.5244843514349191
82 0.5244332890965792
83 0.5243843344083392
84 0.5243376521608872
85 0.5242957255676065
86 0.5242562399893582
87 0.5242122552062676
88 0.5241626676482061
89 0.5241120768852572
90 0.5240662613382965
91 0.5240257296427654
92 0.5239877467822139
93 0.5239574464572431
94 0.5239389202761294
95 0.5239265385812197
96 0.523912214818528
97 0.5238955381386878
98 0.5238775645383487
99 0.5238568699469563
100 0.5238335880296016
101 0.523808918469648
102 0.5237867304796302
103 0.5237719509970508
104 0.5237656401307007
105 0.5237659182714752
106 0.5237702758886718
107 0.5237794564636182
108 0.5237925414576865
109 0.5238069022644973
110 0.5238223501770023
111 0.5238382474791334
112 0.5238549836893435
113 0.5238756023395905
114 0.5238998138182192
115 0.5239248235019086
116 0.5239531296088865
117 0.5239856720840448
118 0.5240212753473109
119 0.5240602031854855
120 0.524102200190165
121 0.5241476093498162
122 0.5241939689247718
123 0.5242411835905552
124 0.5242895243417934
125 0.5243332826149171
126 0.5243749333777187
127 0.5244170813468942
128 0.5244581020853883
129 0.5244974230582082
130 0.5245380774349128
131 0.524583005460359
132 0.5246262992954426
133 0.5246665935827711
134 0.5247077938385484
135 0.5247510648277953
136 0.5247919239719308
137 0.5248291989509316
138 0.5248656712900089
139 0.5249006757079272
140 0.5249324876251138
141 0.5249627742544765
142 0.5249940408380309
143 0.5250263849761705
144 0.5250576729656867
145 0.5250871046788349
146 0.5251166528075086
147 0.5251454474428291
148 0.525173170396766
149 0.5251984953310601
150 0.525224016088417
151 0.5252512800892521
152 0.525278902491731
153 0.5253044309907169
154 0.525327017821506
155 0.5253488400905337
156 0.5253706993295129
157 0.5253950659591137
158 0.525421714095413
159 0.5254523837960497
160 0.5254870148087825
161 0.5255191844661257
162 0.5255463642842046
163 0.5255706362296647
164 0.5255915753720314
165 0.5256119312355076
166 0.5256338369311759
167 0.5256598905957877
168 0.5256886219552882
169 0.5257149488836641
170 0.525740748996868
171 0.5257653257677098
172 0.5257881871296616
173 0.5258112384764114
174 0.5258365786699392
175 0.5258642830015178
176 0.5258922693901372
177 0.5259170590794161
178 0.5259374491069472
179 0.5259565311411277
180 0.5259730468998876
181 0.5259833848661083
182 0.5259893728278155
183 0.5259949037664666
184 0.5259982867907177
185 0.525995019274971
186 0.5259874378126317
187 0.5259817696572124
188 0.5259767703506718
189 0.5259669110970585
190 0.5259544797085266
191 0.525943200064778
192 0.5259316740810067
193 0.5259174047198865
194 0.5258979839852472
195 0.5258770647692198
196 0.525856065949272
197 0.5258354010905237
198 0.5258162682850417
199 0.5257985923934415
200 0.5257872286597881
201 0.5257827758359122
202 0.5257809901412144
203 0.5257792005695519
204 0.5257771103627568
205 0.5257758564930322
206 0.525772992299236
207 0.5257683371075685
208 0.5257657014787155
209 0.5257675216212979
210 0.5257732087384008
211 0.5257818951743768
212 0.5257944632667537
213 0.5258108070098444
214 0.5258281106940788
215 0.525844401009919
216 0.5258620833305945
217 0.5258829234148159
218 0.5259028763347561
219 0.525920532577672
220 0.5259382259319304
221 0.5259585943067079
222 0.5259810705872552
223 0.526002554806865
224 0.5260258968769923
225 0.526053782062812
226 0.5260846652193046
227 0.5261169308834509
228 0.5261491434050524
229 0.5261792451367553
230 0.526208778277671
231 0.5262380905404757
232 0.5262655004833662
233 0.5262906069501696
234 0.5263148280850902
235 0.5263411533591117
236 0.5263676276309577
237 0.5263891584043345
238 0.5264102511025246
239 0.5264321194884592
240 0.5264516474458769
241 0.5264700409361232
242 0.5264864507310099
243 0.5265030349746523
244 0.5265159560351184
245 0.5265255950105407
246 0.5265379519257791
247 0.5265528809073079
248 0.5265700995228351
249 0.5265887337913087
250 0.526609850929121
251 0.5266306496960343
252 0.5266465286782116
253 0.526655199363647
254 0.5266598298864683
255 0.5266627690473543
256 0.5266640575939646
257 0.5266661385916567
258 0.5266659761940934
259 0.5266640671535388
260 0.5266620839860179
261 0.5266583175218519
262 0.5266518574873019
263 0.5266408025027465
264 0.5266301622796962
265 0.5266211503264134
266 0.5266115470167884
267 0.526599911014656
268 0.5265869596317946
269 0.5265743553980184
270 0.5265602754508073
271 0.5265453239008556
272 0.5265268510099991
273 0.5265061685931748
274 0.5264863405090764
275 0.5264664775728345
276 0.5264458010491891
277 0.5264183801536368
278 0.5263875873794599
279 0.5263562726530179
280 0.5263206658055855
281 0.5262834184049181
282 0.526240371641308
283 0.5261946263859332
284 0.5261495451072444
285 0.5261026065610368
286 0.526054853598062
287 0.5260066774507512
288 0.5259631325800639
289 0.5259230036406644
290 0.5258800345117489
291 0.5258332199385386
292 0.5257821968684481
293 0.5257275848797425
294 0.5256690633969664
295 0.5256071439921408
296 0.5255436014037356
297 0.5254795102655277
298 0.5254129264011625
299 0.5253408900130635
300 0.5252653874102106
301 0.5251879250169535
302 0.5251078078147587
303 0.525024893595991
304 0.5249435771826614
305 0.5248651120259504
306 0.5247864503056161
307 0.5247068505027721
308 0.5246257374579077
309 0.5245466269567101
310 0.5244671712372807
311 0.5243859523082621
312 0.5243069191645556
313 0.5242299356153689
314 0.5241548721962148
315 0.5240789126022568
316 0.5240021685906326
317 0.5239254420877744
318 0.5238471596349429
319 0.5237677643233877
320 0.5236869599652414
321 0.5236074482752987
322 0.5235321411751138
323 0.523460753455709
324 0.5233922443257748
325 0.523328034652007
326 0.5232685617502452
327 0.523213587714744
328 0.5231614844981668
329 0.5231076499849662
330 0.5230521858990316
331 0.5229959097773101
332 0.5229415041641301
333 0.522889145121891
334 0.5228404245205716
335 0.5228025311469032
336 0.5227727198688317
337 0.5227458261480353
338 0.5227202928913398
339 0.5226959264826727
340 0.5226734865865565
341 0.5226497855211046
342 0.522626768419775
343 0.522608880792555
344 0.5225959512507392
345 0.5225861332623885
346 0.5225780845683315
347 0.5225716071731409
348 0.5225642694318645
349 0.5225561495145105
350 0.5225503185650712
351 0.5225483594211617
352 0.5225482016363774
353 0.5225471378378591
354 0.5225480379634871
355 0.5225545690562247
356 0.5225641171602473
357 0.5225750302661729
358 0.5225867582061239
359 0.5226002235994137
360 0.5226158411543583
361 0.5226296281460544
362 0.5226413683291812
363 0.5226515089405598
364 0.5226651706341888
365 0.5226831444278812
366 0.522703897600792
367 0.5227283337303836
368 0.5227561643800193
369 0.5227848263974962
370 0.5228088328725192
371 0.522830649173595
372 0.5228525176935659
373 0.5228752641366924
374 0.5228999608541284
375 0.5229270363999542
376 0.5229561343279618
377 0.5229870340693169
378 0.523016281206509
379 0.5230401258963898
380 0.5230622413154913
381 0.5230895094506213
382 0.5231225912502306
383 0.5231570622156595
384 0.5231937637019273
385 0.5232336238503393
386 0.5232718551407487
387 0.5233043699303755
388 0.5233302694137806
389 0.5233513863593006
390 0.5233723165311179
391 0.5233957954796412
392 0.5234216519078542
393 0.5234521511076238
394 0.5234901488159792
395 0.523533184922683
396 0.5235778881887695
397 0.5236219657580357
398 0.52366319593673
399 0.5237002179870776
400 0.5237349740663254
401 0.523769953818241
402 0.523801985963122
403 0.5238295574113587
404 0.5238574240048117
405 0.5238872227490206
406 0.523914515346548
407 0.5239401428926025
408 0.5239682241255795
409 0.5239999536411835
410 0.5240333832556539
411 0.5240657607921497
412 0.5240993275859928
413 0.524133177920789
414 0.5241640273453809
415 0.5241924381691822
416 0.5242186336984823
417 0.524243954090826
418 0.5242689759307185
419 0.524293922409179
420 0.5243188816796478
421 0.5243404217849011
422 0.5243610079405173
423 0.5243827419120201
424 0.5244044421638014
425 0.5244254662522868
426 0.5244469313189394
427 0.5244711653103554
428 0.524494930427775
429 0.5245157848224132
430 0.5245343400188603
431 0.524552710715274
432 0.5245716650062049
433 0.5245876697334348
434 0.5245983553159497
435 0.5246056042032694
436 0.524609468835688
437 0.5246086671272568
438 0.5246049391606658
439 0.5246010541511047
440 0.5245974267268191
441 0.5245910806101372
442 0.5245803504163635
443 0.5245638239542354
444 0.5245386188467585
445 0.5245046812641571
446 0.5244647986399994
447 0.5244223652186853
448 0.5243817217574838
449 0.5243461708713376
450 0.5243166948360195
451 0.5242946778888633
452 0.5242851078758027
453 0.5242842284960019
454 0.5242865561254694
455 0.5242941160864314
456 0.5243121697462841
457 0.5243425327547012
458 0.5243783020855123
459 0.5244196877874362
460 0.524474969147351
461 0.5245422633378706
462 0.524617946081335
463 0.5247080543824595
464 0.5248169169912269
465 0.5249479183036647
466 0.5251043970532651
467 0.5252940939811279
468 0.5255183278363054
469 0.525769439268915
470 0.5260393749522543
471 0.5263142421239144
472 0.5265794939597817
473 0.5268186825975208
474 0.5270244218950788
475 0.527189955199083
476 0.5273136371064833
477 0.5274042644070723
478 0.5274610735109271
479 0.5274869733406048
480 0.5274816588485088
481 0.5274519228398872
482 0.5274024327410838
483 0.5273257832039537
484 0.5272258195628845
485 0.5271067180203785
486 0.5269753301846093
487 0.5268308533725591
488 0.5266780452023571
489 0.5265284006201354
490 0.5263831984284236
491 0.5262432769182569
492 0.5261033367462725
493 0.5259536016332408
494 0.5257839370823546
495 0.525588363757008
496 0.5253677355865523
497 0.5251305903090332
498 0.5248845796575737
499 0.524639895710611
500 0.5244064945899582
501 0.524190687853226
502 0.5239964531719254
503 0.5238138009501164
504 0.5236397413263062
505 0.523476003726467
506 0.5233232023873214
507 0.5231864255519921
508 0.5230673075260508
509 0.5229679852530822
510 0.5228869132111986
511 0.5228228359189276
512 0.5227727318657895
513 0.522732416664007
514 0.522699680420049
515 0.522673741403555
516 0.5226568961682401
517 0.5226448505078449
518 0.5226358978560841
519 0.5226355447075194
520 0.5226441361266791
521 0.5226575567499215
522 0.5226720847986813
523 0.5226937070726573
524 0.522727180788777
525 0.5227614431170269
526 0.522789190407351
527 0.522813947664965
528 0.522839526127654
529 0.522863617603659
530 0.522879828955494
531 0.5228893020031294
532 0.5228975345526954
533 0.5229033462019802
534 0.522904982306648
535 0.5229025502951277
536 0.522898336137713
537 0.5228936707161135
538 0.5228872634044256
539 0.5228799569049796
540 0.522869486492216
541 0.5228578173529641
542 0.5228523734195349
543 0.5228532979649105
544 0.5228566173898336
545 0.5228600983941535
546 0.5228659792825197
547 0.522872570299635
548 0.5228740051501212
549 0.5228699288364356
550 0.5228625648820981
551 0.5228560259612429
552 0.5228510179481901
553 0.5228463426256001
554 0.5228432928207427
555 0.5228413270839628
556 0.5228392805120049
557 0.5228360568184484
558 0.5228323149158837
559 0.5228298853253515
560 0.5228271787527475
561 0.5228231074806058
562 0.5228194402635945
563 0.5228160196327635
564 0.5228120199508187
565 0.5228067346664496
566 0.5227984134532894
567 0.5227900268231519
568 0.5227809538173095
569 0.5227706679110402
570 0.5227625741780698
571 0.5227573751424349
572 0.5227534302118723
573 0.522749689984425
574 0.5227477573710078
575 0.522745341769237
576 0.5227397373806189
577 0.5227315179432356
578 0.5227247980462028
579 0.5227186494884339
580 0.522711519955909
581 0.522704584395598
582 0.5226969723936465
583 0.5226894481513507
584 0.5226822265161085
585 0.522674648718201
586 0.5226648278193143
587 0.5226558163560564
588 0.5226510352275694
589 0.5226501813208575
590 0.5226516744899611
591 0.5226530459803944
592 0.5226542753510076
593 0.5226549882294544
594 0.522654099232625
595 0.522652765248053
596 0.5226527153119581
597 0.5226546774332615
598 0.5226595923446588
599 0.5226666177442629
600 0.5226761790662214
601 0.5226854211970725
602 0.522691655560821
603 0.5226964809038974
604 0.5226993014658047
605 0.5226994414158745
606 0.5226957918044194
607 0.5226929890981551
608 0.5226900273893073
609 0.5226848220601099
610 0.5226808241656896
611 0.5226805975649804
612 0.5226881130057821
613 0.5226990459994738
614 0.5227103399436202
615 0.5227206203920064
616 0.5227290128842195
617 0.5227346030308909
618 0.5227350770954168
619 0.5227277799401756
620 0.5227177432279835
621 0.5227086730189803
622 0.5226991012093888
623 0.5226873438978823
624 0.5226725093601129
625 0.5226622082002443
626 0.5226545382052227
627 0.5226521238454916
628 0.5226547913661667
629 0.5226596462323347
630 0.5226647159478129
631 0.5226659322729095
632 0.5226656666373725
633 0.522660881035364
634 0.5226512816304509
635 0.522640627286654
636 0.5226317010498092
637 0.5226233465696941
638 0.5226159169765898
639 0.5226087922037732
640 0.5226002865203178
641 0.5225897273789095
642 0.5225754878800243
643 0.5225575920417787
644 0.5225352674281184
645 0.5225137061423146
646 0.5224961545658391
647 0.5224834606709736
648 0.5224755196236612
649 0.5224758421606834
650 0.5224849049465209
651 0.5224977012810613
652 0.5225141197378391
653 0.5225335408905353
654 0.5225540925861638
655 0.5225736252612254
656 0.5225904080457087
657 0.5226030467815151
658 0.5226127605347516
659 0.522622237271405
660 0.5226352902988693
661 0.5226497115394377
662 0.5226640668687536
663 0.5226793014066188
664 0.5226939122609902
665 0.5227077457482495
666 0.5227187815629339
667 0.5227269705674529
668 0.5227338380399561
669 0.5227418043578672
670 0.5227541857202785
671 0.5227704308980332
672 0.522789028414002
673 0.5228105220363336
674 0.5228334329520047
675 0.522857597636527
676 0.5228823166906449
677 0.5229075110622969
678 0.5229341118649312
679 0.5229613847771597
680 0.5229912580025887
681 0.5230218692196275
682 0.5230512362077725
683 0.5230825263208143
684 0.5231182641528342
685 0.5231570566371594
686 0.5231988444969439
687 0.523244780242431
688 0.5232947641218642
689 0.523346196504374
690 0.5234004427970456
691 0.523458298078366
692 0.523514995269323
693 0.5235708023407355
694 0.5236255451344061
695 0.5236818462804884
696 0.5237375797696681
697 0.5237923918174869
698 0.5238498893031344
699 0.5239083271663347
700 0.5239703558846149
701 0.5240346788281978
702 0.5240987649368579
703 0.5241622414892659
704 0.5242260822124521
705 0.5242917180128321
706 0.5243576944739424
707 0.5244229477888483
708 0.5244868623538029
709 0.5245507802957132
710 0.5246140281477111
711 0.5246780241120486
712 0.5247425884946401
713 0.5248040784656293
714 0.5248642812257103
715 0.5249226282880937
716 0.5249790729251819
717 0.5250319800853483
718 0.5250805372778669
719 0.5251289261940929
720 0.5251778618986336
721 0.5252274608695214
722 0.525276144410644
723 0.5253234623344515
724 0.5253719174867797
725 0.5254211813265439
726 0.5254674842819664
727 0.5255072468717807
728 0.5255407985515996
729 0.5255707367400677
730 0.5255995092958213
731 0.525625212868358
732 0.5256460159918181
733 0.5256669851278063
734 0.5256919448878483
735 0.5257191578765835
736 0.5257418408005513
737 0.5257574341044688
738 0.5257696387139551
739 0.5257780118292782
740 0.5257823044633237
741 0.5257806794860528
742 0.5257728510875685
743 0.5257620490972998
744 0.5257486464356936
745 0.5257323538206717
746 0.5257117510038929
747 0.5256867060965482
748 0.5256586968543319
749 0.5256290880944713
750 0.5255995371683643
751 0.5255696706326516
752 0.5255387322465195
753 0.5255088097794175
754 0.5254780227717287
755 0.5254413201423649
756 0.5253990862303938
757 0.5253513740478123
758 0.5252986823716927
759 0.5252423789216045
760 0.5251863073569367
761 0.525134162329343
762 0.52508395297347
763 0.5250365778773322
764 0.5249906845058189
765 0.5249420360803939
766 0.5248918197424935
767 0.5248387985127323
768 0.5247861194922053
769 0.5247313799345491
770 0.5246704869155582
771 0.5246090582024594
772 0.5245509513545139
773 0.5244973850244623
774 0.5244413568907712
775 0.5243845836716511
776 0.52433167901985
777 0.524280003688521
778 0.5242276512701916
779 0.5241759546718663
780 0.524127694460621
781 0.5240817338370396
782 0.5240392944986586
783 0.524000057003308
784 0.5239612530217559
785 0.5239202098435729
786 0.5238787321049949
787 0.5238395562133987
788 0.5238014751462338
789 0.5237638919576513
790 0.5237264034389743
791 0.52368961890026
792 0.523652979020348
793 0.5236147284064397
794 0.5235771286149125
795 0.5235435415422972
796 0.5235156761188338
797 0.5234931543014524
798 0.5234740895426139
799 0.5234601605690707
800 0.5234513480023633
801 0.5234436526243034
802 0.5234359923308729
803 0.5234317301556942
804 0.5234332286706108
805 0.5234372102527279
806 0.5234428191791829
807 0.5234521448699668
808 0.5234642806071387
809 0.5234756824395603
810 0.523486470455097
811 0.5234990896121097
812 0.5235115255481763
813 0.5235239735466578
814 0.5235394667247659
815 0.5235581739497184
816 0.5235748372259902
817 0.5235883094972837
818 0.5236007052258864
819 0.5236117282244142
820 0.5236185520905163
821 0.5236211604280457
822 0.5236248788005913
823 0.5236306758831244
824 0.523636229531972
825 0.5236389911152497
826 0.5236406418338329
827 0.5236449325202684
828 0.5236513135765493
829 0.5236592530522831
830 0.5236657926362157
831 0.5236705854015687
832 0.5236734844928618
833 0.52367104324448
834 0.5236624479377816
835 0.5236489121251676
836 0.5236377362526657
837 0.5236320795921081
838 0.5236299072978746
839 0.5236314135339782
840 0.5236360604103651
841 0.5236436839962938
842 0.5236516167633489
843 0.5236574957454311
844 0.5236590367264238
845 0.5236554411177069
846 0.5236528324724341
847 0.5236540752956251
848 0.5236554151506932
849 0.5236570048602742
850 0.5236611283214523
851 0.5236661215996775
852 0.5236679451108741
853 0.5236632316263685
854 0.5236535285697117
855 0.5236407901328838
856 0.5236261370944904
857 0.5236132510140801
858 0.5236012571112872
859 0.5235898961218349
860 0.5235814595919056
861 0.5235737589190224
862 0.5235677797441634
863 0.5235609081610347
864 0.5235529145785266
865 0.5235441810237019
866 0.5235311587728158
867 0.5235141461251803
868 0.5234923201517984
869 0.5234675359879357
870 0.523437389966856
871 0.523402608362164
872 0.5233686461519997
873 0.5233374166747166
874 0.523307208595162
875 0.523276122883836
876 0.5232476282006164
877 0.5232207314629618
878 0.5231905882079267
879 0.5231579501393916
880 0.5231251976233097
881 0.5230919818171615
882 0.5230575546356055
883 0.5230206775575766
884 0.5229848883036083
885 0.5229486397168672
886 0.5229110095271301
887 0.5228765277412254
888 0.5228430831964467
889 0.5228103260415402
890 0.52277637274403
891 0.5227438293548357
892 0.5227128548010601
893 0.5226813036189746
894 0.5226522851332894
895 0.5226267881359674
896 0.5226033605055211
897 0.5225801665881312
898 0.5225596955007964
899 0.522542592841361
900 0.5225283731744755
901 0.5225146181403474
902 0.5225051660142412
903 0.5225006736662622
904 0.5225000444980766
905 0.5225015376715206
906 0.5225030636883964
907 0.5225092888176871
908 0.5225164244020852
909 0.5225196217417202
910 0.5225188969606122
911 0.5225186535429012
912 0.5225206923852378
913 0.522523875936959
914 0.5225282600384342
915 0.5225364668296794
916 0.5225485093254165
917 0.5225607910309507
918 0.5225740918347985
919 0.522587596517155
920 0.5226040984872887
921 0.5226245549093949
922 0.5226421707690798
923 0.5226573687580507
924 0.5226742920751063
925 0.5226932726420278
926 0.5227126787392371
927 0.5227318204568178
928 0.5227543861314131
929 0.5227804396291887
930 0.5228061206972041
931 0.5228331186186764
932 0.5228608313283013
933 0.5228890664756576
934 0.5229199003669402
935 0.5229517042291463
936 0.5229806122706218
937 0.5230038041001751
938 0.5230260194861434
939 0.5230498739800321
940 0.5230719978673248
941 0.5230930815492068
942 0.5231155292307347
943 0.5231402193785955
944 0.523162790700309
945 0.5231822999579611
946 0.523202878289385
947 0.5232238083115517
948 0.5232446915940232
949 0.523265656569655
950 0.5232893489148204
951 0.5233128316573825
952 0.5233314459323283
953 0.5233468998077223
954 0.5233560884307904
955 0.5233569807556284
956 0.5233471096341965
957 0.5233275009706356
958 0.5233026214782149
959 0.5232705373957127
960 0.5232330585312022
961 0.5231904092802391
962 0.5231418853059889
963 0.5230883904054339
964 0.5230314456462349
965 0.5229763633009664
966 0.5229266643914451
967 0.5228875062964902
968 0.5228619685592267
969 0.5228551083382323
970 0.5228654932186106
971 0.5228882652010132
972 0.5229248388933643
973 0.5229709206421498
974 0.5230299713955805
975 0.5231063232775296
976 0.5232041351595804
977 0.5233299299231193
978 0.523485584544872
979 0.5236758015693803
980 0.523897886875698
981 0.5241492671501871
982 0.5244296495900236
983 0.5247368154670147
984 0.5250738412769845
985 0.5254453914222756
986 0.5258558298382957
987 0.5262998752585731
988 0.5267692269398356
989 0.5272532762372825
990 0.5277343029141519
991 0.5282003740622159
992 0.5286460543111305
993 0.5290677698282191
994 0.5294706373550909
995 0.5298663135978634
996 0.5302651355004748
997 0.530671772329545
998 0.5310813767101359
999 0.5314905967860749
1000 0.5318909089643703
1001 0.5322715016072623
1002 0.5326237413507939
1003 0.5329354363282315
1004 0.5332038792899908
1005 0.533427620529511
1006 0.5336029818076112
1007 0.5337247033250768
1008 0.5337907142684766
1009 0.5338012148248364
1010 0.5337514910308487
1011 0.5336385201729097
1012 0.5334554245423636
1013 0.5332021694919036
1014 0.5328829645414406
1015 0.5325092607864165
1016 0.5320953084904168
1017 0.5316553303156524
1018 0.5312122553509849
1019 0.5307792279715524
1020 0.5303639454547235
1021 0.5299664256887168
1022 0.5295850946453307
1023 0.529219006355096
1024 0.5288636365146265
1025 0.5285172505592166
1026 0.5281795012325484
1027 0.5278507744344355
1028 0.5275290982916805
1029 0.5272109138983189
1030 0.5268991532543345
1031 0.5266025825594269
1032 0.5263267735049093
1033 0.5260744975107139
1034 0.5258451863441062
1035 0.5256401854550399
1036 0.5254625014838412
1037 0.5253076508604676
1038 0.5251683653644782
1039 0.5250441762398911
1040 0.5249377762763967
1041 0.524847727195316
1042 0.5247698907919849
1043 0.5247018249846712
1044 0.5246461601258575
1045 0.5246045810623429
1046 0.5245738099929258
1047 0.5245546221063702
1048 0.5245445314977061
1049 0.5245435808756097
1050 0.5245519137606766
1051 0.5245634186496138
1052 0.5245783804340075
1053 0.5245938072843165
1054 0.524605136806865
1055 0.5246114693498302
1056 0.5246142606212648
1057 0.524618078890579
1058 0.5246248189094981
1059 0.5246329396535424
1060 0.5246438034153693
1061 0.5246589911511967
1062 0.5246727365989212
1063 0.5246785396253633
1064 0.5246743019900578
1065 0.5246629248148793
1066 0.5246480827676899
1067 0.5246262550998024
1068 0.524598319171382
1069 0.5245686149577631
1070 0.5245386178444836
1071 0.5245087542285531
1072 0.5244755463376173
1073 0.5244378756714511
1074 0.5243965765574397
1075 0.5243507492301354
1076 0.5243014790904986
1077 0.5242509432544984
1078 0.5242023340178591
1079 0.5241562047921388
1080 0.5241085197404081
1081 0.5240603040862545
1082 0.5240146337080327
1083 0.5239677562239851
1084 0.5239165023743879
1085 0.5238637269637189
1086 0.5238145757674431
1087 0.5237677402659625
1088 0.5237194318347181
1089 0.5236740582311716
1090 0.5236322766534551
1091 0.523593176746833
1092 0.5235570842191312
1093 0.5235221024346735
1094 0.5234857318515175
1095 0.5234440311133594
1096 0.5233986714224906
1097 0.5233513067013208
1098 0.5233030306714355
1099 0.5232570752183263
1100 0.5232129536453366
1101 0.5231726893649259
1102 0.5231341657308649
1103 0.5230957176694063
1104 0.5230589832198482
1105 0.5230232736744985
1106 0.5229895081433036
1107 0.5229561066527135
1108 0.5229247012995367
1109 0.5228961226576836
1110 0.5228665945241976
1111 0.5228349212879586
1112 0.5228048680466512
1113 0.5227787434315126
1114 0.522755943775925
1115 0.5227349010431529
1116 0.5227175271379926
1117 0.522703615568112
1118 0.5226912457982219
1119 0.5226797407163463
1120 0.5226681388719094
1121 0.5226595002433488
1122 0.522649711601155
1123 0.5226370678437908
1124 0.5226247683453299
1125 0.522617034864853
1126 0.5226149948480749
1127 0.5226149203604182
1128 0.5226192349073425
1129 0.522630679472618
1130 0.5226466901964583
1131 0.5226628536944976
1132 0.5226794421249125
1133 0.5226987266340031
1134 0.5227221176911728
1135 0.5227491262359312
1136 0.5227752680731984
1137 0.5227983660888875
1138 0.5228205943694376
1139 0.5228423436898578
1140 0.5228623730436016
1141 0.5228796399979688
1142 0.5229016794351967
1143 0.5229313202333027
1144 0.5229659201208868
1145 0.523000945752557
1146 0.5230323019287347
1147 0.5230655882404855
1148 0.5231004150089092
1149 0.5231345583486817
1150 0.5231691958172408
1151 0.5232077643463762
1152 0.5232521537835392
1153 0.5233000532025226
1154 0.5233483190279457
1155 0.5233961827156831
1156 0.5234414212930535
1157 0.5234822082144472
1158 0.5235233111828363
1159 0.5235664781266824
1160 0.5236094490021191
1161 0.5236557803778699
1162 0.5237068048956715
1163 0.523763456701579
1164 0.5238219402479459
1165 0.5238757933869962
1166 0.5239298291398706
1167 0.5239852296073525
1168 0.5240432393502246
1169 0.5241048154971129
1170 0.5241670470250924
1171 0.5242277689637257
1172 0.5242869850417159
1173 0.5243448371558339
1174 0.5244003286146035
1175 0.5244505853860556
1176 0.5244990273463991
1177 0.5245508416445549
1178 0.5246060322981014
1179 0.5246644432615256
1180 0.5247227314158143
1181 0.5247822094745801
1182 0.5248456530240689
1183 0.524910882795363
1184 0.5249725385339848
1185 0.525027138445666
1186 0.5250770542811389
1187 0.5251229863875977
1188 0.5251626276430331
1189 0.5251992370018668
1190 0.5252358825186731
1191 0.5252737121098244
1192 0.525311673727192
1193 0.5253498198974745
1194 0.5253873010008846
1195 0.525422586662239
1196 0.5254559762871777
1197 0.5254853464811096
1198 0.5255127994821506
1199 0.5255367479546462
1200 0.5255558581722207
1201 0.5255725556586662
1202 0.5255855118150862
1203 0.5255935819575467
1204 0.5255958199819187
1205 0.525594992546312
1206 0.5255931931158132
1207 0.5255889052430089
1208 0.525584025128109
1209 0.5255823366868648
1210 0.5255825787464021
1211 0.525582370072961
1212 0.5255809679666492
1213 0.5255757172439998
1214 0.5255658231552582
1215 0.5255509853942456
1216 0.5255336524861536
1217 0.5255178498137705
1218 0.5255020117879498
1219 0.5254891924183213
1220 0.5254822239935029
1221 0.5254789466594478
1222 0.5254777937083625
1223 0.5254779046306248
1224 0.5254805283259357
1225 0.5254849793796347
1226 0.5254881377699268
1227 0.5254917871741143
1228 0.5254960594200789
1229 0.5254989832150255
1230 0.5255017709529872
1231 0.5255016644290098
1232 0.5254995050275398
1233 0.5254966055676867
1234 0.5254937825604405
1235 0.5254919882728328
1236 0.5254907773234658
1237 0.5254929246562764
1238 0.5254952814805559
1239 0.5254936749798997
1240 0.5254895626935442
1241 0.5254843304916559
1242 0.5254800414487668
1243 0.5254749378648315
1244 0.525469872038446
1245 0.5254678070832207
1246 0.5254672100829363
1247 0.5254660916353292
1248 0.5254641690062463
1249 0.5254634713561377
1250 0.5254636265541509
1251 0.5254634713561374
1252 0.5254641690062462
1253 0.5254660916353305
1254 0.525467210082936
1255 0.5254678070832202
1256 0.5254698720384461
1257 0.5254749378648347
1258 0.5254800414487649
1259 0.5254843304916574
1260 0.5254895626935419
1261 0.5254936749799005
1262 0.5254952814805542
1263 0.5254929246562755
1264 0.5254907773234663
1265 0.5254919882728321
1266 0.5254937825604414
1267 0.5254966055676866
1268 0.5254995050275397
1269 0.5255016644290085
1270 0.5255017709529899
1271 0.5254989832150256
1272 0.5254960594200785
1273 0.5254917871741145
1274 0.5254881377699246
1275 0.5254849793796348
1276 0.525480528325936
1277 0.5254779046306255
1278 0.5254777937083613
1279 0.5254789466594474
1280 0.5254822239935043
1281 0.525489192418324
1282 0.525502011787949
1283 0.5255178498137708
1284 0.525533652486155
1285 0.5255509853942447
1286 0.525565823155257
1287 0.5255757172440015
1288 0.5255809679666509
1289 0.5255823700729613
1290 0.5255825787464015
1291 0.5255823366868669
1292 0.5255840251281079
1293 0.5255889052430093
1294 0.5255931931158115
1295 0.5255949925463113
1296 0.5255958199819162
1297 0.5255935819575472
1298 0.5255855118150866
1299 0.5255725556586652
1300 0.5255558581722222
1301 0.5255367479546458
1302 0.5255127994821492
1303 0.5254853464811088
1304 0.5254559762871794
1305 0.5254225866622405
1306 0.5253873010008865
1307 0.525349819897475
1308 0.5253116737271945
1309 0.5252737121098221
1310 0.5252358825186728
1311 0.5251992370018674
1312 0.5251626276430339
1313 0.5251229863875978
1314 0.5250770542811385
1315 0.5250271384456665
1316 0.5249725385339844
1317 0.5249108827953626
1318 0.5248456530240692
1319 0.5247822094745782
1320 0.5247227314158156
1321 0.5246644432615263
1322 0.5246060322981011
1323 0.5245508416445578
1324 0.5244990273463992
1325 0.5244505853860567
1326 0.5244003286146024
1327 0.5243448371558332
1328 0.5242869850417168
1329 0.5242277689637278
1330 0.5241670470250928
1331 0.5241048154971123
1332 0.5240432393502251
1333 0.523985229607353
1334 0.5239298291398715
1335 0.5238757933869976
1336 0.5238219402479452
1337 0.5237634567015775
1338 0.5237068048956717
1339 0.5236557803778682
1340 0.5236094490021179
1341 0.5235664781266818
1342 0.5235233111828359
1343 0.5234822082144477
1344 0.5234414212930543
1345 0.5233961827156836
1346 0.5233483190279457
1347 0.5233000532025228
1348 0.523252153783538
1349 0.5232077643463777
1350 0.5231691958172393
1351 0.5231345583486817
1352 0.5231004150089109
1353 0.5230655882404845
1354 0.5230323019287318
1355 0.5230009457525587
1356 0.5229659201208866
1357 0.522931320233302
1358 0.5229016794351962
1359 0.5228796399979682
1360 0.5228623730436024
1361 0.522842343689858
1362 0.5228205943694372
1363 0.5227983660888871
1364 0.5227752680731977
1365 0.522749126235933
1366 0.5227221176911719
1367 0.5226987266340044
1368 0.522679442124914
1369 0.5226628536944967
1370 0.5226466901964587
1371 0.5226306794726177
1372 0.5226192349073425
1373 0.5226149203604177
1374 0.5226149948480753
1375 0.5226170348648522
1376 0.52262476834533
1377 0.5226370678437897
1378 0.5226497116011547
1379 0.5226595002433478
1380 0.5226681388719097
1381 0.5226797407163462
1382 0.522691245798221
1383 0.5227036155681127
1384 0.5227175271379919
1385 0.5227349010431528
1386 0.5227559437759272
1387 0.5227787434315136
1388 0.5228048680466505
1389 0.5228349212879588
1390 0.522866594524196
1391 0.5228961226576848
1392 0.5229247012995364
1393 0.5229561066527132
1394 0.5229895081433018
1395 0.5230232736744986
1396 0.5230589832198486
1397 0.5230957176694055
1398 0.5231341657308644
1399 0.5231726893649266
1400 0.5232129536453356
1401 0.5232570752183268
1402 0.5233030306714357
1403 0.52335130670132
1404 0.5233986714224895
1405 0.5234440311133617
1406 0.523485731851518
1407 0.5235221024346746
1408 0.523557084219129
1409 0.5235931767468333
1410 0.5236322766534562
1411 0.5236740582311727
1412 0.523719431834718
1413 0.5237677402659622
1414 0.5238145757674437
1415 0.5238637269637189
1416 0.5239165023743889
1417 0.5239677562239855
1418 0.5240146337080341
1419 0.5240603040862541
1420 0.5241085197404078
1421 0.5241562047921385
1422 0.5242023340178594
1423 0.5242509432545003
1424 0.5243014790904985
1425 0.5243507492301365
1426 0.5243965765574403
1427 0.5244378756714494
1428 0.5244755463376198
1429 0.5245087542285527
1430 0.5245386178444814
1431 0.5245686149577636
1432 0.5245983191713816
1433 0.5246262550998014
1434 0.5246480827676901
1435 0.5246629248148778
1436 0.524674301990057
1437 0.5246785396253647
1438 0.5246727365989231
1439 0.5246589911511949
1440 0.52464380341537
1441 0.5246329396535423
1442 0.5246248189094979
1443 0.5246180788905802
1444 0.5246142606212668
1445 0.5246114693498314
1446 0.5246051368068664
1447 0.5245938072843193
1448 0.5245783804340067
1449 0.524563418649613
1450 0.5245519137606782
1451 0.5245435808756084
1452 0.5245445314977069
1453 0.5245546221063697
1454 0.5245738099929246
1455 0.5246045810623426
1456 0.5246461601258592
1457 0.5247018249846713
1458 0.5247698907919842
1459 0.5248477271953156
1460 0.5249377762763976
1461 0.5250441762398923
1462 0.525168365364479
1463 0.525307650860467
1464 0.5254625014838403
1465 0.5256401854550398
1466 0.5258451863441039
1467 0.5260744975107144
1468 0.5263267735049109
1469 0.5266025825594269
1470 0.5268991532543346
1471 0.5272109138983188
1472 0.5275290982916816
1473 0.5278507744344351
1474 0.5281795012325482
1475 0.5285172505592158
1476 0.5288636365146283
1477 0.529219006355097
1478 0.5295850946453313
1479 0.5299664256887171
1480 0.5303639454547247
1481 0.5307792279715499
1482 0.5312122553509848
1483 0.5316553303156538
1484 0.5320953084904151
1485 0.5325092607864145
1486 0.5328829645414425
1487 0.5332021694919042
1488 0.5334554245423648
1489 0.5336385201729082
1490 0.5337514910308494
1491 0.5338012148248367
1492 0.533790714268475
1493 0.5337247033250778
1494 0.5336029818076119
1495 0.5334276205295091
1496 0.533203879289991
1497 0.5329354363282308
1498 0.532623741350793
1499 0.5322715016072611
1500 0.5318909089643699
1501 0.5314905967860759
1502 0.5310813767101378
1503 0.5306717723295454
1504 0.530265135500475
1505 0.5298663135978648
1506 0.5294706373550905
1507 0.5290677698282181
1508 0.5286460543111332
1509 0.5282003740622156
1510 0.5277343029141498
1511 0.5272532762372825
1512 0.5267692269398382
1513 0.5262998752585746
1514 0.5258558298382968
1515 0.5254453914222755
1516 0.5250738412769859
1517 0.5247368154670145
1518 0.5244296495900254
1519 0.524149267150189
1520 0.5238978868756973
1521 0.5236758015693803
1522 0.5234855845448716
1523 0.5233299299231203
1524 0.5232041351595802
1525 0.5231063232775295
1526 0.5230299713955816
1527 0.5229709206421502
1528 0.5229248388933637
1529 0.5228882652010104
1530 0.5228654932186105
1531 0.5228551083382335
1532 0.5228619685592255
1533 0.5228875062964893
1534 0.522926664391445
1535 0.5229763633009664
1536 0.523031445646235
1537 0.5230883904054346
1538 0.5231418853059892
1539 0.5231904092802381
1540 0.5232330585312023
1541 0.5232705373957119
1542 0.5233026214782133
1543 0.5233275009706349
1544 0.5233471096341961
1545 0.5233569807556264
1546 0.5233560884307908
1547 0.5233468998077231
1548 0.5233314459323279
1549 0.5233128316573816
1550 0.5232893489148193
1551 0.5232656565696556
1552 0.5232446915940245
1553 0.5232238083115506
1554 0.5232028782893852
1555 0.5231822999579588
1556 0.5231627907003081
1557 0.5231402193785969
1558 0.5231155292307345
1559 0.5230930815492048
1560 0.5230719978673242
1561 0.5230498739800329
1562 0.5230260194861437
1563 0.5230038041001757
1564 0.5229806122706211
1565 0.5229517042291467
1566 0.5229199003669404
1567 0.5228890664756591
1568 0.5228608313283024
1569 0.5228331186186777
1570 0.522806120697203
1571 0.5227804396291882
1572 0.5227543861314125
1573 0.5227318204568175
1574 0.5227126787392374
1575 0.5226932726420295
1576 0.5226742920751073
1577 0.522657368758049
1578 0.5226421707690792
1579 0.5226245549093952
1580 0.5226040984872901
1581 0.5225875965171546
1582 0.5225740918347984
1583 0.52256079103095
1584 0.5225485093254166
1585 0.52253646682968
1586 0.5225282600384351
1587 0.5225238759369584
1588 0.5225206923852367
1589 0.5225186535429007
1590 0.5225188969606112
1591 0.5225196217417185
1592 0.522516424402084
1593 0.5225092888176873
1594 0.5225030636883972
1595 0.5225015376715202
1596 0.5225000444980755
1597 0.5225006736662611
1598 0.5225051660142443
1599 0.5225146181403465
1600 0.5225283731744779
1601 0.522542592841363
1602 0.5225596955007952
1603 0.5225801665881308
1604 0.5226033605055204
1605 0.5226267881359679
1606 0.5226522851332883
1607 0.5226813036189759
1608 0.5227128548010591
1609 0.5227438293548358
1610 0.522776372744026
1611 0.5228103260415424
1612 0.5228430831964447
1613 0.5228765277412242
1614 0.5229110095271298
1615 0.5229486397168677
1616 0.5229848883036096
1617 0.5230206775575764
1618 0.5230575546356054
1619 0.5230919818171608
1620 0.5231251976233116
1621 0.5231579501393916
1622 0.523190588207926
1623 0.5232207314629617
1624 0.5232476282006164
1625 0.5232761228838374
1626 0.523307208595161
1627 0.5233374166747164
1628 0.5233686461519997
1629 0.5234026083621645
1630 0.5234373899668566
1631 0.5234675359879359
1632 0.5234923201517979
1633 0.52351414612518
1634 0.5235311587728163
1635 0.5235441810237028
1636 0.5235529145785269
1637 0.5235609081610361
1638 0.5235677797441616
1639 0.523573758919022
1640 0.5235814595919072
1641 0.5235898961218354
1642 0.5236012571112864
1643 0.5236132510140803
1644 0.5236261370944914
1645 0.5236407901328828
1646 0.5236535285697121
1647 0.5236632316263683
1648 0.5236679451108741
1649 0.5236661215996757
1650 0.5236611283214517
1651 0.5236570048602738
1652 0.5236554151506924
1653 0.523654075295627
1654 0.5236528324724352
1655 0.5236554411177058
1656 0.5236590367264234
1657 0.5236574957454319
1658 0.5236516167633497
1659 0.5236436839962939
1660 0.5236360604103641
1661 0.5236314135339807
1662 0.523629907297874
1663 0.5236320795921078
1664 0.523637736252664
1665 0.5236489121251674
1666 0.523662447937782
1667 0.5236710432444801
1668 0.5236734844928609
1669 0.5236705854015687
1670 0.5236657926362152
1671 0.5236592530522836
1672 0.523651313576548
1673 0.5236449325202696
1674 0.5236406418338313
1675 0.5236389911152483
1676 0.5236362295319716
1677 0.5236306758831244
1678 0.5236248788005928
1679 0.5236211604280472
1680 0.5236185520905177
1681 0.5236117282244162
1682 0.5236007052258869
1683 0.5235883094972832
1684 0.5235748372259922
1685 0.5235581739497176
1686 0.5235394667247675
1687 0.5235239735466574
1688 0.5235115255481771
1689 0.523499089612108
1690 0.5234864704550963
1691 0.523475682439561
1692 0.5234642806071395
1693 0.5234521448699683
1694 0.5234428191791833
1695 0.5234372102527282
1696 0.5234332286706117
1697 0.5234317301556946
1698 0.5234359923308719
1699 0.5234436526243035
1700 0.5234513480023621
1701 0.5234601605690695
1702 0.523474089542613
1703 0.523493154301452
1704 0.5235156761188355
1705 0.5235435415422983
1706 0.5235771286149125
1707 0.5236147284064395
1708 0.5236529790203484
1709 0.5236896189002602
1710 0.5237264034389748
1711 0.5237638919576529
1712 0.5238014751462328
1713 0.5238395562133967
1714 0.5238787321049954
1715 0.5239202098435722
1716 0.5239612530217557
1717 0.5240000570033069
1718 0.5240392944986585
1719 0.5240817338370424
1720 0.5241276944606208
1721 0.5241759546718676
1722 0.52422765127019
1723 0.5242800036885213
1724 0.5243316790198482
1725 0.5243845836716512
1726 0.5244413568907716
1727 0.5244973850244619
1728 0.5245509513545141
1729 0.5246090582024603
1730 0.5246704869155598
1731 0.524731379934549
1732 0.5247861194922058
1733 0.5248387985127315
1734 0.524891819742494
1735 0.5249420360803936
1736 0.5249906845058185
1737 0.5250365778773317
1738 0.5250839529734687
1739 0.525134162329342
1740 0.5251863073569369
1741 0.5252423789216054
1742 0.5252986823716935
1743 0.5253513740478114
1744 0.5253990862303948
1745 0.5254413201423654
1746 0.5254780227717284
1747 0.525508809779418
1748 0.5255387322465204
1749 0.5255696706326498
1750 0.5255995371683655
1751 0.52562908809447
1752 0.5256586968543338
1753 0.5256867060965492
1754 0.5257117510038904
1755 0.5257323538206717
1756 0.5257486464356931
1757 0.5257620490973004
1758 0.5257728510875698
1759 0.5257806794860528
1760 0.5257823044633226
1761 0.5257780118292779
1762 0.5257696387139567
1763 0.5257574341044697
1764 0.5257418408005505
1765 0.5257191578765841
1766 0.5256919448878483
1767 0.525666985127804
1768 0.5256460159918193
1769 0.5256252128683572
1770 0.5255995092958216
1771 0.5255707367400685
1772 0.5255407985516016
1773 0.5255072468717802
1774 0.5254674842819677
1775 0.5254211813265429
1776 0.5253719174867792
1777 0.5253234623344515
1778 0.5252761444106461
1779 0.525227460869521
1780 0.5251778618986351
1781 0.5251289261940937
1782 0.5250805372778669
1783 0.5250319800853506
1784 0.5249790729251825
1785 0.5249226282880932
1786 0.5248642812257092
1787 0.5248040784656285
1788 0.5247425884946406
1789 0.5246780241120481
1790 0.524614028147712
1791 0.5245507802957116
1792 0.5244868623538032
1793 0.5244229477888487
1794 0.5243576944739431
1795 0.5242917180128305
1796 0.5242260822124517
1797 0.5241622414892668
1798 0.5240987649368566
1799 0.5240346788281985
1800 0.5239703558846155
1801 0.5239083271663348
1802 0.5238498893031336
1803 0.5237923918174865
1804 0.5237375797696685
1805 0.5236818462804885
1806 0.5236255451344066
1807 0.5235708023407356
1808 0.5235149952693242
1809 0.5234582980783669
1810 0.5234004427970448
1811 0.5233461965043733
1812 0.5232947641218634
1813 0.52324478024243
1814 0.5231988444969441
1815 0.5231570566371594
1816 0.5231182641528336
1817 0.5230825263208139
1818 0.523051236207773
1819 0.5230218692196276
1820 0.5229912580025898
1821 0.52296138477716
1822 0.5229341118649314
1823 0.5229075110622955
1824 0.522882316690646
1825 0.522857597636527
1826 0.5228334329520038
1827 0.5228105220363353
1828 0.5227890284140035
1829 0.5227704308980319
1830 0.5227541857202789
1831 0.5227418043578677
1832 0.5227338380399568
1833 0.5227269705674519
1834 0.5227187815629356
1835 0.5227077457482491
1836 0.5226939122609916
1837 0.5226793014066173
1838 0.5226640668687539
1839 0.5226497115394373
1840 0.5226352902988681
1841 0.5226222372714051
1842 0.5226127605347519
1843 0.5226030467815163
1844 0.5225904080457094
1845 0.5225736252612251
1846 0.5225540925861651
1847 0.5225335408905363
1848 0.5225141197378396
1849 0.522497701281061
1850 0.522484904946521
1851 0.5224758421606832
1852 0.5224755196236619
1853 0.5224834606709744
1854 0.5224961545658391
1855 0.5225137061423141
1856 0.522535267428119
1857 0.5225575920417784
1858 0.5225754878800231
1859 0.522589727378908
1860 0.5226002865203162
1861 0.5226087922037734
1862 0.5226159169765905
1863 0.5226233465696948
1864 0.5226317010498093
1865 0.5226406272866538
1866 0.5226512816304495
1867 0.5226608810353622
1868 0.5226656666373724
1869 0.5226659322729086
1870 0.5226647159478139
1871 0.5226596462323362
1872 0.5226547913661669
1873 0.5226521238454931
1874 0.522654538205222
1875 0.5226622082002437
1876 0.522672509360113
1877 0.5226873438978827
1878 0.5226991012093877
1879 0.5227086730189807
1880 0.5227177432279821
1881 0.5227277799401748
1882 0.5227350770954167
1883 0.5227346030308925
1884 0.5227290128842197
1885 0.5227206203920066
1886 0.5227103399436224
1887 0.5226990459994735
1888 0.5226881130057826
1889 0.5226805975649785
1890 0.5226808241656892
1891 0.5226848220601085
1892 0.5226900273893073
1893 0.5226929890981559
1894 0.5226957918044193
1895 0.5226994414158749
1896 0.522699301465804
1897 0.5226964809038969
1898 0.5226916555608223
1899 0.5226854211970737
1900 0.5226761790662213
1901 0.5226666177442622
1902 0.522659592344658
1903 0.5226546774332606
1904 0.5226527153119604
1905 0.522652765248053
1906 0.5226540992326254
1907 0.5226549882294552
1908 0.5226542753510072
1909 0.5226530459803941
1910 0.5226516744899614
1911 0.5226501813208577
1912 0.5226510352275694
1913 0.5226558163560537
1914 0.522664827819314
1915 0.5226746487182015
1916 0.5226822265161105
1917 0.5226894481513508
1918 0.5226969723936467
1919 0.5227045843955973
1920 0.5227115199559087
1921 0.5227186494884333
1922 0.5227247980462032
1923 0.5227315179432377
1924 0.5227397373806179
1925 0.5227453417692358
1926 0.5227477573710083
1927 0.5227496899844247
1928 0.5227534302118726
1929 0.5227573751424355
1930 0.5227625741780714
1931 0.5227706679110418
1932 0.5227809538173106
1933 0.5227900268231505
1934 0.522798413453289
1935 0.5228067346664506
1936 0.5228120199508195
1937 0.5228160196327634
1938 0.5228194402635942
1939 0.5228231074806053
1940 0.5228271787527471
1941 0.5228298853253512
1942 0.5228323149158848
1943 0.5228360568184491
1944 0.5228392805120039
1945 0.5228413270839647
1946 0.5228432928207418
1947 0.5228463426255987
1948 0.5228510179481912
1949 0.5228560259612416
1950 0.5228625648820985
1951 0.5228699288364351
1952 0.5228740051501196
1953 0.5228725702996345
1954 0.5228659792825193
1955 0.5228600983941551
1956 0.5228566173898325
1957 0.5228532979649131
1958 0.5228523734195358
1959 0.5228578173529645
1960 0.5228694864922159
1961 0.5228799569049826
1962 0.5228872634044252
1963 0.5228936707161139
1964 0.5228983361377131
1965 0.5229025502951278
1966 0.5229049823066497
1967 0.5229033462019801
1968 0.522897534552695
1969 0.5228893020031294
1970 0.5228798289554945
1971 0.5228636176036603
1972 0.5228395261276528
1973 0.5228139476649654
1974 0.5227891904073501
1975 0.5227614431170268
1976 0.5227271807887767
1977 0.5226937070726589
1978 0.5226720847986802
1979 0.5226575567499219
1980 0.5226441361266797
1981 0.5226355447075204
1982 0.5226358978560831
1983 0.5226448505078471
1984 0.5226568961682392
1985 0.5226737414035549
1986 0.5226996804200502
1987 0.5227324166640072
1988 0.5227727318657913
1989 0.5228228359189262
1990 0.5228869132112
1991 0.5229679852530832
1992 0.5230673075260501
1993 0.5231864255519927
1994 0.5233232023873232
1995 0.5234760037264675
1996 0.5236397413263073
1997 0.5238138009501155
1998 0.5239964531719259
1999 0.5241906878532275
2000 0.5244064945899576
2001 0.5246398957106114
2002 0.524884579657574
2003 0.5251305903090336
2004 0.525367735586551
2005 0.5255883637570089
2006 0.5257839370823546
2007 0.5259536016332412
2008 0.5261033367462725
2009 0.5262432769182571
2010 0.5263831984284235
2011 0.5265284006201365
2012 0.5266780452023573
2013 0.5268308533725595
2014 0.5269753301846091
2015 0.5271067180203783
2016 0.527225819562886
2017 0.5273257832039537
2018 0.5274024327410839
2019 0.5274519228398867
2020 0.5274816588485101
2021 0.527486973340604
2022 0.527461073510927
2023 0.5274042644070728
2024 0.5273136371064849
2025 0.5271899551990844
2026 0.527024421895079
2027 0.5268186825975201
2028 0.526579493959782
2029 0.5263142421239153
2030 0.5260393749522541
2031 0.5257694392689156
2032 0.5255183278363068
2033 0.5252940939811284
2034 0.5251043970532645
2035 0.524947918303665
2036 0.5248169169912285
2037 0.5247080543824592
2038 0.5246179460813347
2039 0.5245422633378715
2040 0.5244749691473516
2041 0.5244196877874344
2042 0.524378302085514
2043 0.5243425327547
2044 0.5243121697462846
2045 0.5242941160864301
2046 0.5242865561254696
2047 0.5242842284960015
2048 0.5242851078758021
2049 0.5242946778888651
2050 0.5243166948360196
2051 0.5243461708713393
2052 0.524381721757484
2053 0.5244223652186839
2054 0.5244647986400002
2055 0.524504681264158
2056 0.5245386188467597
2057 0.5245638239542362
2058 0.5245803504163643
2059 0.5245910806101369
2060 0.5245974267268189
2061 0.5246010541511054
2062 0.5246049391606659
2063 0.5246086671272576
2064 0.5246094688356887
2065 0.5246056042032685
2066 0.5245983553159497
2067 0.5245876697334342
2068 0.5245716650062047
2069 0.5245527107152723
2070 0.5245343400188606
2071 0.5245157848224141
2072 0.5244949304277748
2073 0.5244711653103553
2074 0.5244469313189402
2075 0.5244254662522864
2076 0.5244044421638006
2077 0.5243827419120192
2078 0.5243610079405179
2079 0.5243404217849009
2080 0.5243188816796475
2081 0.5242939224091786
2082 0.5242689759307199
2083 0.5242439540908256
2084 0.5242186336984833
2085 0.5241924381691847
2086 0.5241640273453798
2087 0.5241331779207898
2088 0.5240993275859926
2089 0.5240657607921485
2090 0.5240333832556539
2091 0.5239999536411828
2092 0.5239682241255802
2093 0.523940142892602
2094 0.5239145153465474
2095 0.5238872227490202
2096 0.5238574240048097
2097 0.5238295574113585
2098 0.5238019859631198
2099 0.5237699538182407
2100 0.5237349740663249
2101 0.5237002179870757
2102 0.523663195936732
2103 0.5236219657580362
2104 0.5235778881887692
2105 0.523533184922684
2106 0.5234901488159786
2107 0.5234521511076228
2108 0.523421651907855
2109 0.5233957954796398
2110 0.5233723165311179
2111 0.5233513863592997
2112 0.52333026941378
2113 0.5233043699303751
2114 0.523271855140748
2115 0.5232336238503397
2116 0.5231937637019276
2117 0.5231570622156575
2118 0.5231225912502311
2119 0.5230895094506206
2120 0.5230622413154923
2121 0.5230401258963909
2122 0.5230162812065101
2123 0.5229870340693175
2124 0.5229561343279618
2125 0.5229270363999546
2126 0.5228999608541293
2127 0.5228752641366933
2128 0.522852517693566
2129 0.522830649173596
2130 0.52280883287252
2131 0.5227848263974966
2132 0.52275616438002
2133 0.5227283337303834
2134 0.5227038976007917
2135 0.522683144427882
2136 0.5226651706341892
2137 0.5226515089405593
2138 0.5226413683291823
2139 0.5226296281460527
2140 0.5226158411543589
2141 0.5226002235994125
2142 0.5225867582061249
2143 0.5225750302661738
2144 0.522564117160247
2145 0.5225545690562241
2146 0.5225480379634871
2147 0.5225471378378601
2148 0.5225482016363767
2149 0.5225483594211612
2150 0.5225503185650703
2151 0.5225561495145102
2152 0.522564269431864
2153 0.5225716071731407
2154 0.5225780845683299
2155 0.522586133262388
2156 0.5225959512507394
2157 0.5226088807925547
2158 0.5226267684197742
2159 0.5226497855211043
2160 0.5226734865865561
2161 0.5226959264826733
2162 0.522720292891339
2163 0.5227458261480352
2164 0.5227727198688318
2165 0.5228025311469021
2166 0.5228404245205732
2167 0.5228891451218929
2168 0.5229415041641294
2169 0.5229959097773094
2170 0.5230521858990318
2171 0.5231076499849667
2172 0.5231614844981672
2173 0.5232135877147439
2174 0.5232685617502464
2175 0.5233280346520064
2176 0.5233922443257754
2177 0.5234607534557093
2178 0.5235321411751139
2179 0.5236074482752996
2180 0.523686959965242
2181 0.523767764323386
2182 0.5238471596349417
2183 0.5239254420877743
2184 0.524002168590633
2185 0.5240789126022575
2186 0.5241548721962149
2187 0.524229935615369
2188 0.5243069191645556
2189 0.5243859523082621
2190 0.5244671712372817
2191 0.5245466269567102
2192 0.5246257374579077
2193 0.5247068505027732
2194 0.5247864503056157
2195 0.5248651120259512
2196 0.5249435771826616
2197 0.5250248935959917
2198 0.5251078078147583
2199 0.5251879250169526
2200 0.5252653874102114
2201 0.5253408900130628
2202 0.525412926401163
2203 0.5254795102655277
2204 0.5255436014037334
2205 0.5256071439921399
2206 0.5256690633969668
2207 0.5257275848797417
2208 0.5257821968684474
2209 0.5258332199385392
2210 0.5258800345117499
2211 0.5259230036406649
2212 0.5259631325800648
2213 0.5260066774507514
2214 0.5260548535980616
2215 0.5261026065610372
2216 0.5261495451072438
2217 0.5261946263859327
2218 0.5262403716413082
2219 0.526283418404918
2220 0.5263206658055868
2221 0.5263562726530175
2222 0.5263875873794591
2223 0.5264183801536364
2224 0.5264458010491895
2225 0.5264664775728343
2226 0.5264863405090758
2227 0.5265061685931754
2228 0.526526851009999
2229 0.5265453239008538
2230 0.526560275450806
2231 0.5265743553980189
2232 0.5265869596317941
2233 0.5265999110146573
2234 0.5266115470167881
2235 0.5266211503264123
2236 0.526630162279696
2237 0.526640802502746
2238 0.5266518574873028
2239 0.5266583175218513
2240 0.5266620839860182
2241 0.5266640671535399
2242 0.5266659761940927
2243 0.5266661385916553
2244 0.5266640575939653
2245 0.5266627690473542
2246 0.5266598298864675
2247 0.5266551993636469
2248 0.5266465286782118
2249 0.5266306496960347
2250 0.5266098509291218
2251 0.5265887337913091
2252 0.526570099522835
2253 0.5265528809073083
2254 0.5265379519257795
2255 0.5265255950105414
2256 0.5265159560351179
2257 0.5265030349746527
2258 0.5264864507310106
2259 0.5264700409361238
2260 0.5264516474458767
2261 0.5264321194884601
2262 0.5264102511025254
2263 0.5263891584043341
2264 0.526367627630958
2265 0.5263411533591125
2266 0.526314828085092
2267 0.5262906069501696
2268 0.5262655004833663
2269 0.5262380905404761
2270 0.5262087782776703
2271 0.5261792451367556
2272 0.5261491434050523
2273 0.5261169308834516
2274 0.5260846652193049
2275 0.5260537820628128
2276 0.5260258968769923
2277 0.5260025548068635
2278 0.5259810705872566
2279 0.5259585943067067
2280 0.5259382259319293
2281 0.525920532577672
2282 0.5259028763347561
2283 0.525882923414815
2284 0.5258620833305945
2285 0.5258444010099189
2286 0.5258281106940783
2287 0.5258108070098437
2288 0.5257944632667529
2289 0.525781895174376
2290 0.5257732087383993
2291 0.5257675216212974
2292 0.5257657014787144
2293 0.5257683371075687
2294 0.5257729922992364
2295 0.5257758564930308
2296 0.5257771103627565
2297 0.5257792005695519
2298 0.5257809901412143
2299 0.5257827758359113
2300 0.5257872286597879
2301 0.5257985923934416
2302 0.5258162682850416
2303 0.5258354010905238
2304 0.5258560659492715
2305 0.5258770647692201
2306 0.5258979839852462
2307 0.5259174047198868
2308 0.5259316740810063
2309 0.5259432000647793
2310 0.5259544797085257
2311 0.5259669110970584
2312 0.5259767703506717
2313 0.5259817696572126
2314 0.5259874378126326
2315 0.5259950192749708
2316 0.5259982867907186
2317 0.525994903766467
2318 0.5259893728278148
2319 0.5259833848661087
2320 0.5259730468998871
2321 0.5259565311411273
2322 0.5259374491069476
2323 0.5259170590794162
2324 0.5258922693901364
2325 0.5258642830015178
2326 0.5258365786699384
2327 0.5258112384764111
2328 0.5257881871296614
2329 0.5257653257677105
2330 0.5257407489968682
2331 0.5257149488836638
2332 0.525688621955289
2333 0.5256598905957878
2334 0.5256338369311756
2335 0.5256119312355074
2336 0.5255915753720307
2337 0.5255706362296652
2338 0.5255463642842051
2339 0.5255191844661263
2340 0.5254870148087822
2341 0.5254523837960499
2342 0.5254217140954138
2343 0.5253950659591131
2344 0.5253706993295141
2345 0.5253488400905345
2346 0.5253270178215064
2347 0.5253044309907163
2348 0.5252789024917315
2349 0.525251280089254
2350 0.5252240160884171
2351 0.5251984953310599
2352 0.5251731703967663
2353 0.5251454474428292
2354 0.5251166528075084
2355 0.5250871046788355
2356 0.5250576729656867
2357 0.5250263849761706
2358 0.5249940408380309
2359 0.5249627742544763
2360 0.5249324876251127
2361 0.5249006757079279
2362 0.5248656712900089
2363 0.5248291989509315
2364 0.5247919239719296
2365 0.5247510648277949
2366 0.5247077938385483
2367 0.5246665935827707
2368 0.5246262992954428
2369 0.5245830054603592
2370 0.5245380774349131
2371 0.524497423058208
2372 0.5244581020853885
2373 0.524417081346894
2374 0.5243749333777181
2375 0.5243332826149171
2376 0.5242895243417921
2377 0.5242411835905568
2378 0.5241939689247718
2379 0.524147609349816
2380 0.5241022001901653
2381 0.5240602031854862
2382 0.5240212753473119
2383 0.5239856720840457
2384 0.5239531296088866
2385 0.5239248235019092
2386 0.5238998138182187
2387 0.5238756023395907
2388 0.5238549836893432
2389 0.5238382474791338
2390 0.5238223501770027
2391 0.5238069022644969
2392 0.5237925414576863
2393 0.5237794564636177
2394 0.5237702758886712
2395 0.5237659182714751
2396 0.5237656401307007
2397 0.5237719509970505
2398 0.5237867304796304
2399 0.5238089184696485
2400 0.5238335880296022
2401 0.523856869946956
2402 0.5238775645383482
2403 0.5238955381386879
2404 0.523912214818528
2405 0.5239265385812193
2406 0.5239389202761283
2407 0.5239574464572426
2408 0.5239877467822144
2409 0.5240257296427658
2410 0.524066261338296
2411 0.524112076885257
2412 0.5241626676482065
2413 0.5242122552062677
2414 0.5242562399893584
2415 0.5242957255676062
2416 0.524337652160887
2417 0.5243843344083388
2418 0.5244332890965797
2419 0.5244843514349189
2420 0.5245418589059365
2421 0.5246048727908582
2422 0.5246651475445175
2423 0.5247191527704779
2424 0.5247723454357169
2425 0.5248274451803875
2426 0.5248838031160262
2427 0.524941263432738
2428 0.5250011036623357
2429 0.5250652404439161
2430 0.52513364518898
2431 0.5252032402220024
2432 0.5252688583313279
2433 0.5253326019404562
2434 0.5253987588625347
2435 0.5254655656751187
2436 0.5255291266587424
2437 0.5255905131068365
2438 0.5256516941099462
2439 0.5257099503333904
2440 0.52576392342178
2441 0.5258131508670896
2442 0.5258584356543495
2443 0.5258996906226838
2444 0.5259378952032001
2445 0.5259719260053757
2446 0.5259981183703283
2447 0.5260169197917256
2448 0.5260322764306145
2449 0.5260416518576236
2450 0.526041079227098
2451 0.5260323180399408
2452 0.5260178529933873
2453 0.5259988865722295
2454 0.5259738657156939
2455 0.5259442649312734
2456 0.5259128417717827
2457 0.5258809719247605
2458 0.5258510814430796
2459 0.5258256030080896
2460 0.5258045112092533
2461 0.5257872735617698
2462 0.5257746315561914
2463 0.5257708870618197
2464 0.5257787825947366
2465 0.5257986581972189
2466 0.5258368211107242
2467 0.5258987545842834
2468 0.5259852216723557
2469 0.5260944924724773
2470 0.5262283481438333
2471 0.5263909492364806
2472 0.5265823283431581
2473 0.5268022845933579
2474 0.5270534452876906
2475 0.5273418266591752
2476 0.5276683230190159
2477 0.5280277659979566
2478 0.5284165934053431
2479 0.5288351498523699
2480 0.5292827187153206
2481 0.5297533261074246
2482 0.5302433444052187
2483 0.5307521067377506
2484 0.5312772714921675
2485 0.5318150857655618
2486 0.5323629593787098
2487 0.5329188544742127
2488 0.5334762332761095
2489 0.534030818418875
2490 0.534580635536184
2491 0.5351191022990279
2492 0.5356368108373163
2493 0.5361290474109175
2494 0.536597289621312
2495 0.5370578383649309
2496 0.5375676005929384
2497 0.5382198451509843
2498 0.5395440207270173
2499 0.5410065648069519
2500 0.5424986687251128
2501 0.543912458727026
2502 0.5450955484760832
