0
1
200
0 0.5458440245224364
1 0.5450955484760831
2 0.5439124587270259
3 0.5424986687251127
4 0.5410065648069518
5 0.5395440207270175
6 0.5382198451509844
7 0.5375676005929383
8 0.5370578383649308
9 0.5365972896213119
10 0.5361290474109174
11 0.5356368108373162
12 0.5351191022990281
13 0.5345806355361838
14 0.534030818418875
15 0.5334762332761094
16 0.5329188544742126
17 0.5323629593787098
18 0.5318150857655619
19 0.5312772714921676
20 0.5307521067377509
21 0.5302433444052185
22 0.5297533261074249
23 0.5292827187153205
24 0.5288351498523699
25 0.5284165934053429
26 0.5280277659979566
27 0.5276683230190158
28 0.5273418266591754
29 0.5270534452876904
30 0.5268022845933578
31 0.5265823283431577
32 0.5263909492364807
33 0.5262283481438332
34 0.5260944924724774
35 0.5259852216723558
36 0.5258987545842836
37 0.5258368211107243
38 0.5257986581972192
39 0.5257787825947369
40 0.5257708870618201
41 0.5257746315561912
42 0.5257872735617702
43 0.525804511209253
44 0.5258256030080901
45 0.5258510814430799
46 0.5258809719247605
47 0.525912841771783
48 0.525944264931273
49 0.5259738657156939
50 0.5259988865722292
51 0.526017852993388
52 0.5260323180399404
53 0.526041079227098
54 0.5260416518576241
55 0.5260322764306145
56 0.5260169197917259
57 0.5259981183703285
58 0.5259719260053753
59 0.5259378952031999
60 0.5258996906226836
61 0.5258584356543495
62 0.5258131508670899
63 0.52576392342178
64 0.5257099503333903
65 0.5256516941099465
66 0.5255905131068369
67 0.525529126658742
68 0.5254655656751186
69 0.5253987588625354
70 0.525332601940456
71 0.5252688583313282
72 0.5252032402220029
73 0.5251336451889806
74 0.5250652404439168
75 0.5250011036623364
76 0.5249412634327374
77 0.5248838031160263
78 0.524827445180388
79 0.5247723454357168
80 0.5247191527704773
81 0.5246651475445181
82 0.5246048727908589
83 0.5245418589059362
84 0.5244843514349191
85 0.5244332890965792
86 0.5243843344083392
87 0.5243376521608872
88 0.5242957255676065
89 0.5242562399893582
90 0.5242122552062676
91 0.5241626676482061
92 0.5241120768852572
93 0.5240662613382965
94 0.5240257296427654
95 0.5239877467822139
96 0.5239574464572431
97 0.5239389202761294
98 0.5239265385812197
99 0.523912214818528
100 0.5238955381386878
101 0.5238775645383487
102 0.5238568699469563
103 0.5238335880296016
104 0.523808918469648
105 0.5237867304796302
106 0.5237719509970508
107 0.5237656401307007
108 0.5237659182714752
109 0.5237702758886718
110 0.5237794564636182
111 0.5237925414576865
112 0.5238069022644973
113 0.5238223501770023
114 0.5238382474791334
115 0.5238549836893435
116 0.5238756023395905
117 0.5238998138182192
118 0.5239248235019086
119 0.5239531296088865
120 0.5239856720840448
121 0.5240212753473109
122 0.5240602031854855
123 0.524102200190165
124 0.5241476093498162
125 0.5241939689247718
126 0.5242411835905552
127 0.5242895243417934
128 0.5243332826149171
129 0.5243749333777187
130 0.5244170813468942
131 0.5244581020853883
132 0.5244974230582082
133 0.5245380774349128
134 0.524583005460359
135 0.5246262992954426
136 0.5246665935827711
137 0.5247077938385484
138 0.5247510648277953
139 0.5247919239719308
140 0.5248291989509316
141 0.5248656712900089
142 0.5249006757079272
143 0.5249324876251138
144 0.5249627742544765
145 0.5249940408380309
146 0.5250263849761705
147 0.5250576729656867
148 0.5250871046788349
149 0.5251166528075086
150 0.5251454474428291
151 0.525173170396766
152 0.5251984953310601
153 0.525224016088417
154 0.5252512800892521
155 0.525278902491731
156 0.5253044309907169
157 0.525327017821506
158 0.5253488400905337
159 0.5253706993295129
160 0.5253950659591137
161 0.525421714095413
162 0.5254523837960497
163 0.5254870148087825
164 0.5255191844661257
165 0.5255463642842046
166 0.5255706362296647
167 0.5255915753720314
168 0.5256119312355076
169 0.5256338369311759
170 0.5256598905957877
171 0.5256886219552882
172 0.5257149488836641
173 0.525740748996868
174 0.5257653257677098
175 0.5257881871296616
176 0.5258112384764114
177 0.5258365786699392
178 0.5258642830015178
179 0.5258922693901372
180 0.5259170590794161
181 0.5259374491069472
182 0.5259565311411277
183 0.5259730468998876
184 0.5259833848661083
185 0.5259893728278155
186 0.5259949037664666
187 0.5259982867907177
188 0.525995019274971
189 0.5259874378126317
190 0.5259817696572124
191 0.5259767703506718
192 0.5259669110970585
193 0.5259544797085266
194 0.525943200064778
195 0.5259316740810067
196 0.5259174047198865
197 0.5258979839852472
198 0.5258770647692198
199 0.525856065949272
