0
1
177
0 6.765571350490835
1 6.765571350490835
2 -2.143980438362178
3 1.416978794017226
4 -0.8868594218945124
5 0.8122404640560499
6 -0.5376641350204083
7 0.5789700444839487
8 -0.3808977024962056
9 0.45139365998650444
10 -0.29046611173110554
11 0.37200674637080977
12 -0.23023282715648186
13 0.31938484657183597
14 -0.18673917093043418
15 0.28145491416669555
16 -0.1541219834846833
17 0.2525062966897366
18 -0.128932785599428
19 0.22961074124558314
20 -0.10874870493708635
21 0.21097119902810313
22 -0.09231933713874041
23 0.19545350790181895
24 -0.07858342102365778
25 0.18232686826996458
26 -0.06697815123438842
27 0.17096106975454933
28 -0.0569567055794114
29 0.16111478056917
30 -0.04827735869821476
31 0.15235008028254318
32 -0.04058209624767037
33 0.14456549675622804
34 -0.03388507172578107
35 0.13755431616487637
36 -0.02779791090152052
37 0.13120322239988302
38 -0.02241068520571103
39 0.1253666788452982
40 -0.017476541988254757
41 0.12003034422498962
42 -0.013054628447813
43 0.11503968089548954
44 0.11046693770246306
45 0.10616042707994025
46 0.10213584679700925
47 0.09832949646312894
48 0.09472231596775103
49 0.09131847565856643
50 0.08807908211550391
51 0.011917816503354706
52 0.08498394308128056
53 0.014138409484937775
54 0.08202069906941167
55 0.01621561930080435
56 0.0791766720842979
57 0.018164648537714368
58 0.07644001229488774
59 0.019993352981565005
60 0.07380426598789679
61 0.02171127583772006
62 0.0712582419770547
63 0.023326611720346526
64 0.06879074132554695
65 0.024845293996589926
66 0.06640009823922548
67 0.026275003221175763
68 0.06408007170655527
69 0.027619509484433504
70 0.061819254180714524
71 0.028885983801079575
72 0.059617750292627315
73 0.030072842343170092
74 0.05746770492110136
75 0.0311904199043957
76 0.0553693588264669
77 0.03223946181612093
78 0.0533156183098698
79 0.03322454667732488
80 0.05129964626766851
81 0.0341402536126686
82 0.04933096445345044
83 0.0350113595569851
84 0.04739914748675064
85 0.03580948962024217
86 0.045497354710678596
87 0.03656462468716997
88 0.043632809728080736
89 0.03726152575297062
90 0.04179221991045459
91 0.037905884598892124
92 0.03998885745277049
93 0.03850341087477247
94 0.03820462457251056
95 0.03905595131488058
96 0.03645074625151846
97 0.03956403228551748
98 0.03472323924852311
99 0.04002450109513622
100 0.03301811648769975
101 0.04044452007608907
102 0.03133316350146052
103 0.04081825834770953
104 0.02967459681869855
105 0.04115434881028389
106 0.02803635273360975
107 0.04145302871471323
108 0.026416440266136255
109 0.04170984488922915
110 0.024819309345378588
111 0.04193100855589427
112 0.02324169584959826
113 0.04211770499954009
114 0.021682485404642033
115 0.04226519086153111
116 0.020143620238254452
117 0.04238266112634696
118 0.01862213692902212
119 0.04246426045855998
120 0.01711895979915755
121 0.042514459777337185
122 0.015633686568898995
123 0.04253144160752815
124 0.014166271510528378
125 0.04251765185705012
126 0.012716674886708648
127 0.042473137669097966
128 0.011284388355279165
129 0.04239863947688796
130 0.04229443528633301
131 0.04216134120413126
132 0.041999969199413706
133 0.041810483736712194
134 0.0415942608034946
135 0.04135061266971091
136 0.04107960851953303
137 0.04078285572856582
138 0.040459996145113815
139 0.040112032897891586
140 0.03973834458729793
141 0.039339454079301554
142 0.03891623047180313
143 0.03846803657736419
144 0.03799568022708439
145 0.03750012499324203
146 -0.010488594575014498
147 0.0369798250630487
148 -0.01161967426013471
149 0.03643665778351399
150 -0.012734296218658597
151 0.03587012907501828
152 -0.013831736545773493
153 0.035280536897577056
154 -0.014912583309582861
155 0.034668340766026165
156 -0.015976267916746695
157 0.03403355690576878
158 -0.017022823207622825
159 0.03337625140606097
160 -0.018052456070676178
161 0.03269756649831867
162 -0.01906437582855171
163 0.0319970321762106
164 -0.020058572964716373
165 0.03127455797653487
166 -0.021034921016856174
167 0.030531268032237265
168 -0.02199340422830422
169 0.029767053610752464
170 -0.022933498572851548
171 0.02898222331263243
172 -0.02385518751874903
173 0.028176952351086616
174 -0.024758075370148725
175 0.027351678429828847
176 -0.025641935857294712
