0
1
2500
0 0.376
1 0.381
2 0.388
3 0.386
4 0.388
5 0.391
6 0.393
7 0.392
8 0.39
9 0.391
10 0.392
11 0.391
12 0.392
13 0.395
14 0.398
15 0.401
16 0.396
17 0.394
18 0.397
19 0.395
20 0.397
21 0.404
22 0.402
23 0.401
24 0.412
25 0.419
26 0.416
27 0.415
28 0.414
29 0.415
30 0.417
31 0.421
32 0.419
33 0.415
34 0.42
35 0.424
36 0.429
37 0.43
38 0.433
39 0.435
40 0.436
41 0.434
42 0.434
43 0.44
44 0.438
45 0.44
46 0.442
47 0.44
48 0.44
49 0.439
50 0.439
51 0.441
52 0.438
53 0.438
54 0.44
55 0.44
56 0.444
57 0.445
58 0.445
59 0.447
60 0.447
61 0.447
62 0.449
63 0.451
64 0.451
65 0.448
66 0.449
67 0.454
68 0.453
69 0.451
70 0.454
71 0.454
72 0.455
73 0.454
74 0.453
75 0.453
76 0.456
77 0.459
78 0.459
79 0.459
80 0.46
81 0.463
82 0.465
83 0.463
84 0.461
85 0.464
86 0.469
87 0.468
88 0.466
89 0.469
90 0.471
91 0.472
92 0.474
93 0.476
94 0.477
95 0.48
96 0.485
97 0.486
98 0.485
99 0.487
100 0.487
101 0.487
102 0.489
103 0.491
104 0.494
105 0.496
106 0.494
107 0.496
108 0.497
109 0.498
110 0.5
111 0.503
112 0.508
113 0.508
114 0.513
115 0.514
116 0.508
117 0.514
118 0.513
119 0.512
120 0.518
121 0.52
122 0.524
123 0.523
124 0.526
125 0.53
126 0.532
127 0.533
128 0.532
129 0.532
130 0.535
131 0.536
132 0.535
133 0.533
134 0.531
135 0.536
136 0.542
137 0.545
138 0.545
139 0.548
140 0.549
141 0.552
142 0.556
143 0.556
144 0.559
145 0.564
146 0.567
147 0.573
148 0.577
149 0.578
150 0.584
151 0.585
152 0.586
153 0.591
154 0.592
155 0.596
156 0.596
157 0.598
158 0.601
159 0.6
160 0.6
161 0.602
162 0.605
163 0.604
164 0.605
165 0.607
166 0.62
167 0.63
168 0.623
169 0.622
170 0.623
171 0.623
172 0.625
173 0.626
174 0.627
175 0.625
176 0.623
177 0.625
178 0.628
179 0.631
180 0.632
181 0.631
182 0.631
183 0.628
184 0.629
185 0.631
186 0.631
187 0.63
188 0.628
189 0.629
190 0.63
191 0.632
192 0.632
193 0.628
194 0.629
195 0.63
196 0.628
197 0.632
198 0.635
199 0.633
200 0.632
201 0.631
202 0.629
203 0.626
204 0.621
205 0.615
206 0.616
207 0.619
208 0.618
209 0.614
210 0.611
211 0.609
212 0.61
213 0.604
214 0.598
215 0.597
216 0.597
217 0.596
218 0.593
219 0.591
220 0.583
221 0.578
222 0.576
223 0.573
224 0.568
225 0.561
226 0.557
227 0.55
228 0.545
229 0.539
230 0.535
231 0.53
232 0.522
233 0.52
234 0.517
235 0.511
236 0.508
237 0.499
238 0.492
239 0.49
240 0.487
241 0.485
242 0.484
243 0.482
244 0.47
245 0.465
246 0.466
247 0.461
248 0.458
249 0.455
250 0.451
251 0.449
252 0.452
253 0.452
254 0.452
255 0.449
256 0.443
257 0.443
258 0.443
259 0.44
260 0.439
261 0.433
262 0.431
263 0.433
264 0.43
265 0.427
266 0.422
267 0.42
268 0.419
269 0.416
270 0.421
271 0.42
272 0.414
273 0.414
274 0.413
275 0.414
276 0.409
277 0.406
278 0.409
279 0.411
280 0.41
281 0.408
282 0.412
283 0.417
284 0.423
285 0.419
286 0.419
287 0.419
288 0.419
289 0.425
290 0.425
291 0.427
292 0.426
293 0.424
294 0.419
295 0.413
296 0.415
297 0.42
298 0.416
299 0.412
300 0.422
301 0.432
302 0.426
303 0.422
304 0.425
305 0.427
306 0.426
307 0.424
308 0.425
309 0.423
310 0.421
311 0.424
312 0.426
313 0.428
314 0.43
315 0.432
316 0.432
317 0.429
318 0.428
319 0.426
320 0.427
321 0.425
322 0.426
323 0.425
324 0.426
325 0.426
326 0.425
327 0.426
328 0.425
329 0.428
330 0.427
331 0.422
332 0.421
333 0.424
334 0.421
335 0.417
336 0.418
337 0.422
338 0.428
339 0.43
340 0.428
341 0.424
342 0.421
343 0.419
344 0.421
345 0.421
346 0.418
347 0.419
348 0.417
349 0.415
350 0.416
351 0.409
352 0.408
353 0.413
354 0.416
355 0.413
356 0.408
357 0.408
358 0.406
359 0.407
360 0.407
361 0.407
362 0.406
363 0.408
364 0.409
365 0.409
366 0.409
367 0.408
368 0.411
369 0.413
370 0.413
371 0.413
372 0.414
373 0.416
374 0.413
375 0.406
376 0.406
377 0.409
378 0.409
379 0.406
380 0.407
381 0.409
382 0.408
383 0.406
384 0.402
385 0.401
386 0.406
387 0.407
388 0.404
389 0.403
390 0.4
391 0.398
392 0.403
393 0.402
394 0.398
395 0.397
396 0.396
397 0.396
398 0.398
399 0.4
400 0.402
401 0.405
402 0.405
403 0.404
404 0.403
405 0.4
406 0.401
407 0.403
408 0.404
409 0.403
410 0.398
411 0.398
412 0.396
413 0.395
414 0.395
415 0.393
416 0.394
417 0.392
418 0.388
419 0.393
420 0.4
421 0.405
422 0.402
423 0.398
424 0.395
425 0.394
426 0.396
427 0.398
428 0.397
429 0.396
430 0.394
431 0.393
432 0.395
433 0.393
434 0.392
435 0.395
436 0.391
437 0.389
438 0.39
439 0.387
440 0.387
441 0.387
442 0.387
443 0.389
444 0.386
445 0.39
446 0.386
447 0.379
448 0.383
449 0.387
450 0.385
451 0.378
452 0.383
453 0.388
454 0.383
455 0.383
456 0.384
457 0.383
458 0.382
459 0.386
460 0.391
461 0.392
462 0.391
463 0.387
464 0.384
465 0.386
466 0.388
467 0.389
468 0.387
469 0.383
470 0.381
471 0.382
472 0.381
473 0.382
474 0.38
475 0.381
476 0.386
477 0.388
478 0.396
479 0.401
480 0.394
481 0.388
482 0.387
483 0.389
484 0.387
485 0.382
486 0.38
487 0.39
488 0.394
489 0.39
490 0.392
491 0.388
492 0.386
493 0.389
494 0.395
495 0.396
496 0.395
497 0.393
498 0.39
499 0.389
500 0.387
501 0.389
502 0.388
503 0.388
504 0.388
505 0.386
506 0.388
507 0.383
508 0.384
509 0.384
510 0.381
511 0.38
512 0.376
513 0.377
514 0.377
515 0.378
516 0.378
517 0.374
518 0.379
519 0.381
520 0.381
521 0.386
522 0.388
523 0.391
524 0.396
525 0.401
526 0.402
527 0.404
528 0.409
529 0.414
530 0.42
531 0.424
532 0.427
533 0.428
534 0.426
535 0.428
536 0.428
537 0.427
538 0.427
539 0.426
540 0.427
541 0.43
542 0.432
543 0.433
544 0.432
545 0.437
546 0.438
547 0.43
548 0.431
549 0.433
550 0.436
551 0.443
552 0.447
553 0.45
554 0.451
555 0.452
556 0.456
557 0.457
558 0.459
559 0.462
560 0.465
561 0.474
562 0.484
563 0.49
564 0.494
565 0.491
566 0.49
567 0.486
568 0.484
569 0.48
570 0.472
571 0.462
572 0.452
573 0.453
574 0.458
575 0.461
576 0.461
577 0.461
578 0.459
579 0.455
580 0.454
581 0.448
582 0.441
583 0.442
584 0.438
585 0.431
586 0.428
587 0.424
588 0.419
589 0.415
590 0.412
591 0.412
592 0.407
593 0.402
594 0.403
595 0.4
596 0.394
597 0.394
598 0.393
599 0.386
600 0.379
601 0.371
602 0.366
603 0.364
604 0.365
605 0.363
606 0.358
607 0.36
608 0.361
609 0.36
610 0.363
611 0.364
612 0.364
613 0.366
614 0.365
615 0.366
616 0.37
617 0.373
618 0.366
619 0.362
620 0.366
621 0.364
622 0.362
623 0.363
624 0.368
625 0.366
626 0.367
627 0.367
628 0.365
629 0.367
630 0.364
631 0.362
632 0.366
633 0.369
634 0.366
635 0.362
636 0.36
637 0.362
638 0.365
639 0.366
640 0.367
641 0.366
642 0.369
643 0.367
644 0.367
645 0.37
646 0.367
647 0.364
648 0.358
649 0.357
650 0.36
651 0.362
652 0.364
653 0.361
654 0.358
655 0.362
656 0.363
657 0.357
658 0.356
659 0.361
660 0.369
661 0.371
662 0.365
663 0.364
664 0.365
665 0.361
666 0.36
667 0.362
668 0.36
669 0.359
670 0.362
671 0.363
672 0.362
673 0.361
674 0.363
675 0.363
676 0.365
677 0.368
678 0.366
679 0.367
680 0.366
681 0.362
682 0.363
683 0.364
684 0.364
685 0.364
686 0.361
687 0.356
688 0.357
689 0.365
690 0.364
691 0.361
692 0.362
693 0.365
694 0.369
695 0.365
696 0.367
697 0.371
698 0.383
699 0.4
700 0.413
701 0.434
702 0.456
703 0.483
704 0.514
705 0.544
706 0.577
707 0.604
708 0.639
709 0.672
710 0.703
711 0.743
712 0.78
713 0.819
714 0.859
715 0.898
716 0.924
717 0.941
718 0.961
719 0.975
720 0.977
721 0.96
722 0.924
723 0.873
724 0.817
725 0.743
726 0.66
727 0.59
728 0.514
729 0.442
730 0.383
731 0.334
732 0.285
733 0.247
734 0.216
735 0.191
736 0.177
737 0.168
738 0.135
739 0.087
740 0.07
741 0.065
742 0.054
743 0.054
744 0.046
745 0.038
746 0.043
747 0.044
748 0.063
749 0.08
750 0.09
751 0.113
752 0.13
753 0.148
754 0.168
755 0.183
756 0.2
757 0.218
758 0.233
759 0.244
760 0.261
761 0.277
762 0.29
763 0.304
764 0.317
765 0.329
766 0.336
767 0.342
768 0.35
769 0.356
770 0.36
771 0.365
772 0.373
773 0.379
774 0.381
775 0.382
776 0.379
777 0.382
778 0.383
779 0.383
780 0.382
781 0.377
782 0.378
783 0.38
784 0.387
785 0.389
786 0.381
787 0.38
788 0.381
789 0.38
790 0.382
791 0.385
792 0.386
793 0.387
794 0.391
795 0.393
796 0.399
797 0.399
798 0.395
799 0.394
800 0.396
801 0.397
802 0.404
803 0.405
804 0.405
805 0.408
806 0.408
807 0.405
808 0.401
809 0.401
810 0.399
811 0.402
812 0.403
813 0.402
814 0.406
815 0.402
816 0.404
817 0.409
818 0.405
819 0.406
820 0.405
821 0.404
822 0.406
823 0.409
824 0.408
825 0.406
826 0.411
827 0.412
828 0.412
829 0.409
830 0.407
831 0.406
832 0.407
833 0.41
834 0.409
835 0.415
836 0.418
837 0.417
838 0.414
839 0.415
840 0.419
841 0.422
842 0.424
843 0.422
844 0.423
845 0.424
846 0.422
847 0.424
848 0.426
849 0.426
850 0.432
851 0.431
852 0.427
853 0.433
854 0.434
855 0.432
856 0.438
857 0.441
858 0.439
859 0.438
860 0.443
861 0.446
862 0.444
863 0.448
864 0.448
865 0.451
866 0.451
867 0.448
868 0.453
869 0.455
870 0.453
871 0.452
872 0.453
873 0.457
874 0.454
875 0.453
876 0.454
877 0.457
878 0.465
879 0.466
880 0.464
881 0.468
882 0.47
883 0.466
884 0.466
885 0.474
886 0.473
887 0.471
888 0.478
889 0.482
890 0.478
891 0.476
892 0.482
893 0.484
894 0.486
895 0.484
896 0.482
897 0.486
898 0.491
899 0.503
900 0.51
901 0.51
902 0.511
903 0.509
904 0.512
905 0.516
906 0.518
907 0.52
908 0.518
909 0.519
910 0.523
911 0.53
912 0.53
913 0.526
914 0.531
915 0.533
916 0.535
917 0.542
918 0.544
919 0.544
920 0.544
921 0.547
922 0.549
923 0.546
924 0.549
925 0.548
926 0.551
927 0.557
928 0.556
929 0.555
930 0.557
931 0.561
932 0.561
933 0.561
934 0.565
935 0.568
936 0.57
937 0.57
938 0.57
939 0.575
940 0.578
941 0.576
942 0.577
943 0.576
944 0.574
945 0.576
946 0.578
947 0.579
948 0.584
949 0.586
950 0.587
951 0.584
952 0.583
953 0.587
954 0.585
955 0.588
956 0.589
957 0.587
958 0.583
959 0.581
960 0.586
961 0.59
962 0.587
963 0.584
964 0.587
965 0.59
966 0.589
967 0.588
968 0.59
969 0.591
970 0.589
971 0.592
972 0.591
973 0.585
974 0.58
975 0.584
976 0.592
977 0.586
978 0.581
979 0.579
980 0.574
981 0.569
982 0.569
983 0.565
984 0.56
985 0.554
986 0.547
987 0.545
988 0.541
989 0.539
990 0.534
991 0.529
992 0.525
993 0.524
994 0.523
995 0.515
996 0.512
997 0.51
998 0.507
999 0.505
1000 0.496
1001 0.489
1002 0.486
1003 0.481
1004 0.477
1005 0.48
1006 0.477
1007 0.469
1008 0.462
1009 0.459
1010 0.458
1011 0.451
1012 0.448
1013 0.444
1014 0.435
1015 0.433
1016 0.432
1017 0.425
1018 0.425
1019 0.424
1020 0.418
1021 0.42
1022 0.416
1023 0.412
1024 0.417
1025 0.416
1026 0.411
1027 0.407
1028 0.404
1029 0.402
1030 0.401
1031 0.401
1032 0.401
1033 0.402
1034 0.399
1035 0.396
1036 0.396
1037 0.397
1038 0.399
1039 0.398
1040 0.394
1041 0.394
1042 0.397
1043 0.398
1044 0.399
1045 0.401
1046 0.401
1047 0.398
1048 0.398
1049 0.399
1050 0.395
1051 0.395
1052 0.399
1053 0.395
1054 0.39
1055 0.388
1056 0.39
1057 0.391
1058 0.387
1059 0.385
1060 0.385
1061 0.387
1062 0.386
1063 0.385
1064 0.383
1065 0.385
1066 0.386
1067 0.385
1068 0.389
1069 0.39
1070 0.39
1071 0.389
1072 0.384
1073 0.381
1074 0.385
1075 0.387
1076 0.383
1077 0.381
1078 0.384
1079 0.384
1080 0.384
1081 0.392
1082 0.394
1083 0.386
1084 0.386
1085 0.386
1086 0.382
1087 0.385
1088 0.384
1089 0.387
1090 0.392
1091 0.391
1092 0.394
1093 0.392
1094 0.393
1095 0.393
1096 0.387
1097 0.389
1098 0.386
1099 0.388
1100 0.393
1101 0.392
1102 0.394
1103 0.397
1104 0.397
1105 0.398
1106 0.396
1107 0.392
1108 0.394
1109 0.395
1110 0.389
1111 0.387
1112 0.39
1113 0.389
1114 0.389
1115 0.391
1116 0.388
1117 0.388
1118 0.392
1119 0.398
1120 0.398
1121 0.396
1122 0.396
1123 0.399
1124 0.396
1125 0.391
1126 0.392
1127 0.39
1128 0.388
1129 0.389
1130 0.389
1131 0.389
1132 0.389
1133 0.386
1134 0.387
1135 0.391
1136 0.395
1137 0.389
1138 0.386
1139 0.385
1140 0.379
1141 0.38
1142 0.383
1143 0.385
1144 0.381
1145 0.377
1146 0.378
1147 0.381
1148 0.386
1149 0.389
1150 0.392
1151 0.391
1152 0.39
1153 0.387
1154 0.386
1155 0.388
1156 0.386
1157 0.383
1158 0.385
1159 0.387
1160 0.381
1161 0.383
1162 0.388
1163 0.388
1164 0.39
1165 0.389
1166 0.387
1167 0.388
1168 0.388
1169 0.387
1170 0.387
1171 0.381
1172 0.379
1173 0.38
1174 0.378
1175 0.382
1176 0.384
1177 0.382
1178 0.38
1179 0.383
1180 0.38
1181 0.374
1182 0.373
1183 0.373
1184 0.373
1185 0.37
1186 0.371
1187 0.374
1188 0.372
1189 0.37
1190 0.373
1191 0.375
1192 0.373
1193 0.371
1194 0.371
1195 0.374
1196 0.374
1197 0.371
1198 0.371
1199 0.374
1200 0.376
1201 0.377
1202 0.379
1203 0.374
1204 0.37
1205 0.37
1206 0.37
1207 0.374
1208 0.378
1209 0.38
1210 0.373
1211 0.372
1212 0.372
1213 0.375
1214 0.377
1215 0.368
1216 0.369
1217 0.369
1218 0.368
1219 0.374
1220 0.372
1221 0.369
1222 0.368
1223 0.372
1224 0.377
1225 0.371
1226 0.366
1227 0.365
1228 0.367
1229 0.368
1230 0.365
1231 0.364
1232 0.366
1233 0.372
1234 0.375
1235 0.369
1236 0.367
1237 0.378
1238 0.379
1239 0.372
1240 0.369
1241 0.368
1242 0.37
1243 0.368
1244 0.362
1245 0.361
1246 0.368
1247 0.37
1248 0.368
1249 0.371
1250 0.371
1251 0.367
1252 0.372
1253 0.373
1254 0.367
1255 0.37
1256 0.367
1257 0.368
1258 0.37
1259 0.364
1260 0.365
1261 0.369
1262 0.363
1263 0.372
1264 0.372
1265 0.359
1266 0.364
1267 0.367
1268 0.362
1269 0.362
1270 0.361
1271 0.361
1272 0.362
1273 0.359
1274 0.361
1275 0.361
1276 0.36
1277 0.366
1278 0.366
1279 0.364
1280 0.367
1281 0.366
1282 0.365
1283 0.362
1284 0.36
1285 0.36
1286 0.36
1287 0.365
1288 0.367
1289 0.37
1290 0.368
1291 0.365
1292 0.366
1293 0.364
1294 0.367
1295 0.366
1296 0.364
1297 0.362
1298 0.364
1299 0.362
1300 0.369
1301 0.378
1302 0.373
1303 0.384
1304 0.39
1305 0.386
1306 0.389
1307 0.395
1308 0.394
1309 0.395
1310 0.4
1311 0.402
1312 0.409
1313 0.41
1314 0.407
1315 0.401
1316 0.398
1317 0.4
1318 0.401
1319 0.401
1320 0.402
1321 0.404
1322 0.407
1323 0.403
1324 0.398
1325 0.401
1326 0.405
1327 0.406
1328 0.406
1329 0.405
1330 0.399
1331 0.408
1332 0.422
1333 0.42
1334 0.423
1335 0.424
1336 0.426
1337 0.43
1338 0.43
1339 0.434
1340 0.433
1341 0.436
1342 0.447
1343 0.454
1344 0.456
1345 0.46
1346 0.464
1347 0.465
1348 0.459
1349 0.456
1350 0.456
1351 0.453
1352 0.446
1353 0.443
1354 0.443
1355 0.444
1356 0.436
1357 0.431
1358 0.438
1359 0.428
1360 0.425
1361 0.426
1362 0.422
1363 0.42
1364 0.407
1365 0.404
1366 0.405
1367 0.398
1368 0.393
1369 0.392
1370 0.387
1371 0.382
1372 0.382
1373 0.38
1374 0.378
1375 0.375
1376 0.372
1377 0.369
1378 0.368
1379 0.366
1380 0.362
1381 0.358
1382 0.351
1383 0.342
1384 0.336
1385 0.335
1386 0.331
1387 0.332
1388 0.336
1389 0.333
1390 0.334
1391 0.342
1392 0.339
1393 0.336
1394 0.339
1395 0.338
1396 0.34
1397 0.341
1398 0.337
1399 0.33
1400 0.339
1401 0.344
1402 0.338
1403 0.338
1404 0.334
1405 0.338
1406 0.341
1407 0.337
1408 0.333
1409 0.332
1410 0.333
1411 0.333
1412 0.336
1413 0.344
1414 0.343
1415 0.332
1416 0.329
1417 0.329
1418 0.33
1419 0.333
1420 0.331
1421 0.332
1422 0.331
1423 0.329
1424 0.33
1425 0.336
1426 0.336
1427 0.335
1428 0.335
1429 0.324
1430 0.323
1431 0.328
1432 0.325
1433 0.322
1434 0.321
1435 0.322
1436 0.321
1437 0.32
1438 0.321
1439 0.319
1440 0.316
1441 0.316
1442 0.318
1443 0.32
1444 0.32
1445 0.322
1446 0.321
1447 0.322
1448 0.324
1449 0.321
1450 0.318
1451 0.314
1452 0.32
1453 0.327
1454 0.328
1455 0.328
1456 0.331
1457 0.334
1458 0.33
1459 0.33
1460 0.33
1461 0.328
1462 0.325
1463 0.324
1464 0.323
1465 0.317
1466 0.314
1467 0.313
1468 0.311
1469 0.31
1470 0.308
1471 0.309
1472 0.313
1473 0.323
1474 0.326
1475 0.323
1476 0.318
1477 0.32
1478 0.333
1479 0.344
1480 0.36
1481 0.374
1482 0.398
1483 0.425
1484 0.448
1485 0.471
1486 0.496
1487 0.526
1488 0.554
1489 0.589
1490 0.619
1491 0.647
1492 0.688
1493 0.724
1494 0.752
1495 0.781
1496 0.811
1497 0.832
1498 0.848
1499 0.865
1500 0.87
1501 0.872
1502 0.858
1503 0.819
1504 0.769
1505 0.71
1506 0.642
1507 0.572
1508 0.51
1509 0.448
1510 0.386
1511 0.344
1512 0.302
1513 0.26
1514 0.225
1515 0.197
1516 0.182
1517 0.172
1518 0.165
1519 0.128
1520 0.08
1521 0.067
1522 0.059
1523 0.054
1524 0.053
1525 0.042
1526 0.037
1527 0.045
1528 0.054
1529 0.074
1530 0.093
1531 0.109
1532 0.126
1533 0.14
1534 0.153
1535 0.166
1536 0.183
1537 0.203
1538 0.222
1539 0.241
1540 0.255
1541 0.269
1542 0.285
1543 0.299
1544 0.312
1545 0.321
1546 0.33
1547 0.341
1548 0.345
1549 0.352
1550 0.36
1551 0.364
1552 0.37
1553 0.374
1554 0.378
1555 0.38
1556 0.384
1557 0.387
1558 0.384
1559 0.385
1560 0.384
1561 0.384
1562 0.389
1563 0.392
1564 0.394
1565 0.394
1566 0.396
1567 0.398
1568 0.395
1569 0.394
1570 0.399
1571 0.403
1572 0.405
1573 0.408
1574 0.409
1575 0.409
1576 0.408
1577 0.409
1578 0.411
1579 0.413
1580 0.417
1581 0.415
1582 0.415
1583 0.424
1584 0.427
1585 0.417
1586 0.414
1587 0.42
1588 0.418
1589 0.422
1590 0.424
1591 0.426
1592 0.431
1593 0.431
1594 0.434
1595 0.435
1596 0.432
1597 0.428
1598 0.43
1599 0.432
1600 0.434
1601 0.439
1602 0.436
1603 0.438
1604 0.44
1605 0.436
1606 0.433
1607 0.435
1608 0.439
1609 0.439
1610 0.439
1611 0.439
1612 0.442
1613 0.441
1614 0.443
1615 0.446
1616 0.445
1617 0.445
1618 0.442
1619 0.44
1620 0.442
1621 0.441
1622 0.441
1623 0.443
1624 0.443
1625 0.445
1626 0.45
1627 0.451
1628 0.449
1629 0.446
1630 0.443
1631 0.446
1632 0.448
1633 0.451
1634 0.455
1635 0.458
1636 0.461
1637 0.462
1638 0.461
1639 0.46
1640 0.463
1641 0.47
1642 0.471
1643 0.468
1644 0.466
1645 0.466
1646 0.468
1647 0.467
1648 0.468
1649 0.471
1650 0.471
1651 0.47
1652 0.469
1653 0.468
1654 0.466
1655 0.47
1656 0.477
1657 0.474
1658 0.473
1659 0.476
1660 0.477
1661 0.48
1662 0.482
1663 0.484
1664 0.482
1665 0.483
1666 0.49
1667 0.492
1668 0.489
1669 0.491
1670 0.496
1671 0.497
1672 0.497
1673 0.499
1674 0.502
1675 0.5
1676 0.502
1677 0.504
1678 0.503
1679 0.505
1680 0.503
1681 0.505
1682 0.513
1683 0.52
1684 0.522
1685 0.52
1686 0.522
1687 0.521
1688 0.521
1689 0.523
1690 0.53
1691 0.534
1692 0.532
1693 0.532
1694 0.536
1695 0.54
1696 0.539
1697 0.541
1698 0.543
1699 0.548
1700 0.557
1701 0.562
1702 0.563
1703 0.561
1704 0.561
1705 0.567
1706 0.57
1707 0.574
1708 0.574
1709 0.57
1710 0.573
1711 0.575
1712 0.575
1713 0.577
1714 0.578
1715 0.579
1716 0.584
1717 0.584
1718 0.584
1719 0.588
1720 0.583
1721 0.584
1722 0.589
1723 0.59
1724 0.592
1725 0.592
1726 0.593
1727 0.592
1728 0.592
1729 0.593
1730 0.596
1731 0.597
1732 0.6
1733 0.598
1734 0.6
1735 0.602
1736 0.601
1737 0.605
1738 0.607
1739 0.607
1740 0.606
1741 0.604
1742 0.604
1743 0.604
1744 0.606
1745 0.605
1746 0.601
1747 0.599
1748 0.603
1749 0.602
1750 0.599
1751 0.6
1752 0.601
1753 0.595
1754 0.593
1755 0.594
1756 0.592
1757 0.592
1758 0.593
1759 0.593
1760 0.59
1761 0.588
1762 0.583
1763 0.576
1764 0.574
1765 0.57
1766 0.564
1767 0.559
1768 0.558
1769 0.556
1770 0.552
1771 0.549
1772 0.543
1773 0.545
1774 0.542
1775 0.531
1776 0.524
1777 0.515
1778 0.513
1779 0.513
1780 0.508
1781 0.504
1782 0.501
1783 0.497
1784 0.498
1785 0.496
1786 0.484
1787 0.479
1788 0.481
1789 0.482
1790 0.478
1791 0.473
1792 0.469
1793 0.463
1794 0.464
1795 0.463
1796 0.459
1797 0.453
1798 0.452
1799 0.452
1800 0.447
1801 0.442
1802 0.441
1803 0.436
1804 0.431
1805 0.43
1806 0.427
1807 0.429
1808 0.424
1809 0.417
1810 0.418
1811 0.416
1812 0.412
1813 0.414
1814 0.417
1815 0.417
1816 0.419
1817 0.42
1818 0.415
1819 0.412
1820 0.411
1821 0.408
1822 0.406
1823 0.402
1824 0.403
1825 0.405
1826 0.406
1827 0.41
1828 0.406
1829 0.404
1830 0.402
1831 0.397
1832 0.399
1833 0.401
1834 0.402
1835 0.402
1836 0.403
1837 0.404
1838 0.402
1839 0.4
1840 0.403
1841 0.406
1842 0.405
1843 0.404
1844 0.401
1845 0.401
1846 0.398
1847 0.395
1848 0.396
1849 0.398
1850 0.398
1851 0.399
1852 0.397
1853 0.4
1854 0.404
1855 0.398
1856 0.398
1857 0.402
1858 0.41
1859 0.414
1860 0.408
1861 0.406
1862 0.406
1863 0.406
1864 0.409
1865 0.41
1866 0.407
1867 0.406
1868 0.408
1869 0.406
1870 0.407
1871 0.405
1872 0.403
1873 0.403
1874 0.399
1875 0.397
1876 0.396
1877 0.4
1878 0.402
1879 0.401
1880 0.402
1881 0.403
1882 0.405
1883 0.407
1884 0.407
1885 0.404
1886 0.405
1887 0.407
1888 0.406
1889 0.41
1890 0.409
1891 0.409
1892 0.409
1893 0.404
1894 0.404
1895 0.405
1896 0.403
1897 0.405
1898 0.404
1899 0.4
1900 0.4
1901 0.4
1902 0.402
1903 0.404
1904 0.399
1905 0.395
1906 0.398
1907 0.401
1908 0.4
1909 0.404
1910 0.408
1911 0.406
1912 0.403
1913 0.401
1914 0.402
1915 0.402
1916 0.405
1917 0.406
1918 0.399
1919 0.396
1920 0.398
1921 0.402
1922 0.398
1923 0.396
1924 0.399
1925 0.398
1926 0.399
1927 0.4
1928 0.397
1929 0.395
1930 0.392
1931 0.394
1932 0.397
1933 0.397
1934 0.398
1935 0.394
1936 0.392
1937 0.392
1938 0.393
1939 0.395
1940 0.394
1941 0.392
1942 0.392
1943 0.393
1944 0.392
1945 0.39
1946 0.389
1947 0.388
1948 0.387
1949 0.386
1950 0.387
1951 0.387
1952 0.389
1953 0.386
1954 0.387
1955 0.389
1956 0.386
1957 0.383
1958 0.381
1959 0.386
1960 0.387
1961 0.382
1962 0.381
1963 0.382
1964 0.384
1965 0.384
1966 0.385
1967 0.384
1968 0.38
1969 0.38
1970 0.383
1971 0.384
1972 0.386
1973 0.385
1974 0.381
1975 0.381
1976 0.382
1977 0.386
1978 0.389
1979 0.385
1980 0.383
1981 0.386
1982 0.387
1983 0.385
1984 0.381
1985 0.38
1986 0.378
1987 0.377
1988 0.38
1989 0.383
1990 0.383
1991 0.381
1992 0.379
1993 0.378
1994 0.378
1995 0.38
1996 0.381
1997 0.379
1998 0.376
1999 0.374
2000 0.373
2001 0.379
2002 0.381
2003 0.374
2004 0.375
2005 0.378
2006 0.379
2007 0.376
2008 0.373
2009 0.374
2010 0.373
2011 0.373
2012 0.374
2013 0.376
2014 0.374
2015 0.376
2016 0.381
2017 0.383
2018 0.382
2019 0.377
2020 0.377
2021 0.377
2022 0.378
2023 0.378
2024 0.376
2025 0.378
2026 0.376
2027 0.376
2028 0.379
2029 0.376
2030 0.375
2031 0.376
2032 0.375
2033 0.376
2034 0.374
2035 0.375
2036 0.375
2037 0.371
2038 0.369
2039 0.369
2040 0.368
2041 0.369
2042 0.371
2043 0.368
2044 0.367
2045 0.367
2046 0.366
2047 0.366
2048 0.363
2049 0.363
2050 0.365
2051 0.363
2052 0.361
2053 0.362
2054 0.364
2055 0.363
2056 0.362
2057 0.363
2058 0.364
2059 0.366
2060 0.366
2061 0.366
2062 0.365
2063 0.364
2064 0.362
2065 0.363
2066 0.366
2067 0.366
2068 0.365
2069 0.367
2070 0.369
2071 0.367
2072 0.369
2073 0.369
2074 0.37
2075 0.372
2076 0.372
2077 0.373
2078 0.371
2079 0.37
2080 0.371
2081 0.376
2082 0.38
2083 0.377
2084 0.377
2085 0.378
2086 0.378
2087 0.382
2088 0.385
2089 0.387
2090 0.389
2091 0.395
2092 0.398
2093 0.4
2094 0.405
2095 0.408
2096 0.414
2097 0.416
2098 0.415
2099 0.411
2100 0.41
2101 0.411
2102 0.409
2103 0.41
2104 0.41
2105 0.411
2106 0.413
2107 0.416
2108 0.417
2109 0.418
2110 0.417
2111 0.418
2112 0.417
2113 0.415
2114 0.417
2115 0.42
2116 0.425
2117 0.425
2118 0.427
2119 0.432
2120 0.434
2121 0.438
2122 0.443
2123 0.446
2124 0.447
2125 0.452
2126 0.46
2127 0.468
2128 0.472
2129 0.475
2130 0.471
2131 0.471
2132 0.473
2133 0.471
2134 0.469
2135 0.464
2136 0.46
2137 0.456
2138 0.454
2139 0.453
2140 0.45
2141 0.447
2142 0.449
2143 0.452
2144 0.447
2145 0.444
2146 0.442
2147 0.438
2148 0.43
2149 0.424
2150 0.42
2151 0.416
2152 0.41
2153 0.406
2154 0.405
2155 0.403
2156 0.398
2157 0.398
2158 0.396
2159 0.394
2160 0.392
2161 0.389
2162 0.389
2163 0.389
2164 0.384
2165 0.374
2166 0.37
2167 0.364
2168 0.357
2169 0.355
2170 0.351
2171 0.351
2172 0.352
2173 0.352
2174 0.352
2175 0.354
2176 0.356
2177 0.359
2178 0.36
2179 0.36
2180 0.364
2181 0.364
2182 0.361
2183 0.36
2184 0.362
2185 0.361
2186 0.358
2187 0.358
2188 0.359
2189 0.361
2190 0.361
2191 0.359
2192 0.359
2193 0.358
2194 0.357
2195 0.357
2196 0.356
2197 0.357
2198 0.355
2199 0.355
2200 0.355
2201 0.353
2202 0.353
2203 0.353
2204 0.353
2205 0.355
2206 0.355
2207 0.354
2208 0.356
2209 0.355
2210 0.352
2211 0.351
2212 0.35
2213 0.35
2214 0.35
2215 0.348
2216 0.349
2217 0.35
2218 0.349
2219 0.348
2220 0.347
2221 0.347
2222 0.347
2223 0.346
2224 0.345
2225 0.347
2226 0.347
2227 0.347
2228 0.347
2229 0.345
2230 0.345
2231 0.346
2232 0.343
2233 0.343
2234 0.343
2235 0.342
2236 0.34
2237 0.343
2238 0.344
2239 0.346
2240 0.345
2241 0.341
2242 0.34
2243 0.342
2244 0.344
2245 0.346
2246 0.345
2247 0.343
2248 0.344
2249 0.345
2250 0.346
2251 0.344
2252 0.338
2253 0.333
2254 0.329
2255 0.331
2256 0.335
2257 0.339
2258 0.34
2259 0.341
2260 0.346
2261 0.354
2262 0.366
2263 0.382
2264 0.392
2265 0.406
2266 0.43
2267 0.462
2268 0.491
2269 0.514
2270 0.535
2271 0.564
2272 0.597
2273 0.628
2274 0.66
2275 0.7
2276 0.735
2277 0.758
2278 0.79
2279 0.826
2280 0.859
2281 0.881
2282 0.896
2283 0.911
2284 0.919
2285 0.921
2286 0.902
2287 0.864
2288 0.808
2289 0.736
2290 0.666
2291 0.598
2292 0.53
2293 0.464
2294 0.4
2295 0.353
2296 0.308
2297 0.263
2298 0.225
2299 0.202
2300 0.19
2301 0.179
2302 0.165
2303 0.122
2304 0.083
2305 0.069
2306 0.059
2307 0.049
2308 0.038
2309 0.027
2310 0.023
2311 0.035
2312 0.051
2313 0.063
2314 0.077
2315 0.092
2316 0.106
2317 0.122
2318 0.137
2319 0.151
2320 0.172
2321 0.192
2322 0.208
2323 0.225
2324 0.241
2325 0.256
2326 0.271
2327 0.283
2328 0.293
2329 0.301
2330 0.311
2331 0.32
2332 0.326
2333 0.334
2334 0.341
2335 0.347
2336 0.353
2337 0.358
2338 0.361
2339 0.361
2340 0.361
2341 0.362
2342 0.361
2343 0.358
2344 0.357
2345 0.357
2346 0.361
2347 0.36
2348 0.362
2349 0.365
2350 0.363
2351 0.361
2352 0.362
2353 0.365
2354 0.361
2355 0.362
2356 0.364
2357 0.366
2358 0.37
2359 0.372
2360 0.374
2361 0.372
2362 0.377
2363 0.38
2364 0.376
2365 0.374
2366 0.374
2367 0.375
2368 0.38
2369 0.385
2370 0.386
2371 0.389
2372 0.39
2373 0.387
2374 0.386
2375 0.386
2376 0.386
2377 0.388
2378 0.388
2379 0.385
2380 0.386
2381 0.389
2382 0.39
2383 0.39
2384 0.392
2385 0.394
2386 0.393
2387 0.394
2388 0.394
2389 0.394
2390 0.393
2391 0.394
2392 0.397
2393 0.397
2394 0.397
2395 0.398
2396 0.4
2397 0.401
2398 0.401
2399 0.404
2400 0.405
2401 0.406
2402 0.408
2403 0.408
2404 0.408
2405 0.407
2406 0.405
2407 0.404
2408 0.408
2409 0.41
2410 0.409
2411 0.409
2412 0.409
2413 0.41
2414 0.412
2415 0.412
2416 0.411
2417 0.415
2418 0.414
2419 0.414
2420 0.416
2421 0.417
2422 0.416
2423 0.419
2424 0.423
2425 0.423
2426 0.423
2427 0.423
2428 0.423
2429 0.423
2430 0.425
2431 0.425
2432 0.427
2433 0.427
2434 0.429
2435 0.43
2436 0.427
2437 0.429
2438 0.43
2439 0.43
2440 0.431
2441 0.43
2442 0.431
2443 0.435
2444 0.439
2445 0.442
2446 0.443
2447 0.444
2448 0.448
2449 0.451
2450 0.45
2451 0.45
2452 0.452
2453 0.452
2454 0.452
2455 0.454
2456 0.457
2457 0.459
2458 0.462
2459 0.461
2460 0.462
2461 0.463
2462 0.464
2463 0.467
2464 0.467
2465 0.468
2466 0.47
2467 0.471
2468 0.474
2469 0.477
2470 0.476
2471 0.479
2472 0.481
2473 0.482
2474 0.486
2475 0.489
2476 0.489
2477 0.49
2478 0.493
2479 0.497
2480 0.501
2481 0.502
2482 0.502
2483 0.503
2484 0.504
2485 0.505
2486 0.508
2487 0.509
2488 0.512
2489 0.516
2490 0.517
2491 0.517
2492 0.519
2493 0.521
2494 0.523
2495 0.524
2496 0.524
2497 0.527
2498 0.531
2499 0.533
