0
1
2506
-3 0.004763813008006295
-2 0.029734749908896574
-1 0.08831941231410977
0 0.5407312454911998
1 0.6058717087261074
2 0.6398138738717664
3 0.6441252165095879
4 0.6473267811463225
5 0.6514101729706258
6 0.6541068902576643
7 0.6532098737478735
8 0.6510339439366686
9 0.6519847724098321
10 0.6531438682547586
11 0.6525308993165595
12 0.6543559395247007
13 0.6586565218398185
14 0.6628816993570655
15 0.6662892348023347
16 0.6608540595348272
17 0.6582742646955432
18 0.6611834570871391
19 0.6597994545150606
20 0.6630011564609006
21 0.6713798017192548
22 0.6708324779215181
23 0.671939459920796
24 0.6858124212910971
25 0.6952794729827637
26 0.6932700698498916
27 0.6921459508334669
28 0.6910190741174149
29 0.6925091497993249
30 0.6954205379704027
31 0.7000724860742884
32 0.6981995397532927
33 0.694482256952886
34 0.7007443362880217
35 0.7069052102579938
36 0.7141832870210509
37 0.7170943148394764
38 0.721581196289901
39 0.7245970752861389
40 0.7260844940521682
41 0.724381805956595
42 0.7249850152373858
43 0.731913637381241
44 0.7308329937013295
45 0.7334979680451983
46 0.735828829450498
47 0.733779120608057
48 0.7334982061380505
49 0.7322855364226036
50 0.7322161597350512
51 0.7341111750762497
52 0.7309403795352225
53 0.7309688520677015
54 0.733473104800009
55 0.7344295002470919
56 0.7395420203511625
57 0.7415186209589614
58 0.7422476758065581
59 0.7447899376852062
60 0.7452698210059664
61 0.7458441823523204
62 0.7485408996393588
63 0.7510642255993897
64 0.7511716114332826
65 0.7482026797517423
66 0.7496458231682605
67 0.755352614384765
68 0.7548436600860213
69 0.7531096044492362
70 0.7564508963085382
71 0.7568456001247136
72 0.7579980543645117
73 0.7568740726571926
74 0.7558223626461592
75 0.7562769065360258
76 0.7602620737383398
77 0.7643261542420677
78 0.7650932182360051
79 0.7657087218302849
80 0.7675179592213942
81 0.7714242131222941
82 0.7739506721839101
83 0.772024151992394
84 0.7702678900263008
85 0.7741332397721271
86 0.7801903221461907
87 0.7798518641657217
88 0.7782756351317647
89 0.7819643231398924
90 0.7849957668603099
91 0.7871330890796696
92 0.7902719186339803
93 0.7934896614897048
94 0.7959521735285819
95 0.8006917350093865
96 0.8073611878761445
97 0.809523849526398
98 0.8091571571063024
99 0.8115573951991546
100 0.8119710349339475
101 0.8125707357111952
102 0.8155295323333696
103 0.8188101475806235
104 0.823054261016488
105 0.8259119380079397
106 0.8244336955031197
107 0.8269410813370125
108 0.828668510417975
109 0.8307018179978793
110 0.8341433929495468
111 0.8389685093368937
112 0.8459216343732855
113 0.8476828648677938
114 0.8538853422220907
115 0.8553787890984383
116 0.849513948235559
117 0.8557704605967752
118 0.8553819372493292
119 0.8554600140123861
120 0.8630767868487647
121 0.8669165741201508
122 0.8725054690414386
123 0.872887142789515
124 0.8773866939553864
125 0.8829981706079404
126 0.8862914555706413
127 0.8879871417084337
128 0.8873364017167462
129 0.8877909456066128
130 0.8914004822204743
131 0.892739372904685
132 0.8915142715666435
133 0.88916168001774
134 0.8876076573130911
135 0.8942800051885822
136 0.9025977357420362
137 0.9076431757217828
138 0.9091363995545838
139 0.9134152517260976
140 0.9158463962237631
141 0.9204566036342183
142 0.9260870162053897
143 0.9277504982636132
144 0.9327016983106182
145 0.940128678557452
146 0.9459066818883385
147 0.9547010253518615
148 0.9612560904269459
149 0.9645174094029303
150 0.9724973812051666
151 0.9752410458069026
152 0.977896260493363
153 0.9846128837183651
154 0.9873093779618569
155 0.9927784554266571
156 0.9940222696397693
157 0.9970977506168456
158 1.0009284624107693
159 1.0004955264047066
160 1.001060351137199
161 1.0038426233307802
162 1.0076762301334368
163 1.007524684783085
164 1.0100913122451642
165 1.0152025346744789
166 1.0322360557426946
167 1.0452557997670116
168 1.0392007909126295
169 1.0379251114965475
170 1.0387785669353842
171 1.0391666291464312
172 1.041815800673268
173 1.0433347242896147
174 1.0444053702192657
175 1.0421127560531587
176 1.0400284092588146
177 1.0426746857769182
178 1.0469439005508239
179 1.051203578710868
180 1.052899026755808
181 1.0519043991188384
182 1.051481460863036
183 1.0481150676656925
184 1.0491350347335564
185 1.0513994144600367
186 1.0514625249444185
187 1.0501772081307286
188 1.0478941305784828
189 1.0490056806632073
190 1.0504739254177669
191 1.0528172184456612
192 1.0526656580460039
193 1.048206412589701
194 1.0488858632067197
195 1.0499691788518175
196 1.0485316024092186
197 1.053420052324494
198 1.057130708569078
199 1.0551881474676776
200 1.0536029802653637
201 1.051582342400906
202 1.0480647491565578
203 1.0429181895460888
204 1.0354850438798309
205 1.0276282607285196
206 1.0278780307008608
207 1.0307142371176148
208 1.029125698720863
209 1.0237985077327532
210 1.0192323375789565
211 1.0157718267086717
212 1.0150747378477916
213 1.006864530437336
214 0.9986099103682639
215 0.9959927048281441
216 0.9949857678283796
217 0.9929455805504945
218 0.988275533066348
219 0.9837511036059818
220 0.9726863523056598
221 0.9647068416398225
222 0.9600940995732864
223 0.9544642854476196
224 0.9463678523340279
225 0.9358244869550445
226 0.9280823146389536
227 0.9173148790711748
228 0.9086218782819206
229 0.8990826771537686
230 0.8916058545835044
231 0.8831182261572801
232 0.8718196299614491
233 0.8669006339940132
234 0.8611570305221772
235 0.8521101443373797
236 0.8454766270972806
237 0.8325237251044353
238 0.8219232773513881
239 0.8171969840315352
240 0.812308894468912
241 0.8087844215265828
242 0.8058833057239768
243 0.800983245675158
244 0.7854117031583314
245 0.7771956906811045
246 0.7757917533019358
247 0.7687497021645641
248 0.7636247353885931
249 0.7585288546399115
250 0.752892038556464
251 0.7501006051509792
252 0.7530502255119443
253 0.7530563909313682
254 0.752368240238845
255 0.7478780883777293
256 0.7401759987276608
257 0.7388377064889549
258 0.7377958934444352
259 0.733542380703815
260 0.73084299145159
261 0.7230746582155544
262 0.719714891574034
263 0.7206692135014349
264 0.7163494571748474
265 0.7114739000185655
266 0.7044227884530367
267 0.7007225053606713
268 0.6986983589926703
269 0.6953790353698246
270 0.7002712168321901
271 0.6986924531421521
272 0.6915773945538845
273 0.6904945400451857
274 0.6886698752390021
275 0.688704974327304
276 0.6825534139276468
277 0.6788174182521692
278 0.6818525935196766
279 0.6842180928768794
280 0.6835071374095432
281 0.6821489504540629
282 0.6877189094567331
283 0.6948557132379102
284 0.7024500416521279
285 0.6989600994512072
286 0.6988781538319545
287 0.6990866592965698
288 0.6999894808731323
289 0.70730929832962
290 0.7084552633227005
291 0.7109021955880923
292 0.7093709776582564
293 0.7058031817378252
294 0.6987205653219787
295 0.6911918669989181
296 0.6927649629312899
297 0.697856488646367
298 0.694056784041003
299 0.6911279199761794
300 0.7034063148394106
301 0.7154824704411972
302 0.7100464586353328
303 0.7056913286022323
304 0.7086195942215513
305 0.7108681711309996
306 0.7098571271821873
307 0.7074697968976341
308 0.707915640711996
309 0.7054398605121672
310 0.7033932847713115
311 0.707031293917652
312 0.7102047614238655
313 0.7135294139277784
314 0.7166806751046834
315 0.7193364882366484
316 0.7192480383213729
317 0.7155313539664707
318 0.7136241300462244
319 0.7109055818318354
320 0.7114361289650775
321 0.7091467852096613
322 0.7099898524469739
323 0.708966752277525
324 0.7099993890608355
325 0.7099993890608356
326 0.7089794219929718
327 0.7100687657483878
328 0.7092917040041903
329 0.7122920032269424
330 0.7107008079143099
331 0.7047382035658404
332 0.7029511725040395
333 0.7053362062253642
334 0.7015688430086747
335 0.6969865096851937
336 0.6984485890203292
337 0.7041356077798596
338 0.7120961674777738
339 0.7150896020518511
340 0.7126042852381608
341 0.7071321754555221
342 0.7026293538789595
343 0.6997463374566141
344 0.7014014797919853
345 0.7011171941275413
346 0.6976212087669965
347 0.6979532632351892
348 0.6951773945538846
349 0.6921745606750515
350 0.6918596066986467
351 0.6836710071719951
352 0.6823632459361443
353 0.6879595182171706
354 0.6913827556957253
355 0.6877665774767352
356 0.6814447588516552
357 0.6802674263173626
358 0.6776528927424291
359 0.6784674874472625
360 0.6784487896214975
361 0.6784801571627095
362 0.677668457466609
363 0.6800684574666088
364 0.6814989311676801
365 0.6817452076857837
366 0.681906167390197
367 0.6813154047813061
368 0.6850700982825488
369 0.6878806049157566
370 0.6884676359775576
371 0.6888873038226688
372 0.6901346114900185
373 0.691761519385763
374 0.6874923046118573
375 0.678972111753412
376 0.6781419372750929
377 0.6810541619845274
378 0.6810570569932605
379 0.6779302987088923
380 0.6789220313371291
381 0.6809401345455061
382 0.6794907249258172
383 0.676459519298252
384 0.671498422284733
385 0.6703361933382214
386 0.6758344790901106
387 0.6771226909125339
388 0.6736171689381277
389 0.6715494614991727
390 0.667617868167379
391 0.6653060799898023
392 0.6703529549534104
393 0.6690582388349642
394 0.6641884867454539
395 0.6622374636614011
396 0.6607629527036708
397 0.6609585503599871
398 0.6637595203793333
399 0.6669643554267587
400 0.6702576403894597
401 0.6742459406933591
402 0.6746089015663647
403 0.6732922172114625
404 0.6716030353696931
405 0.6680819486711072
406 0.6691019157389707
407 0.6714703101049064
408 0.67252202011594
409 0.6708230635674567
410 0.6646147961956939
411 0.6634121242305074
412 0.6604882036530885
413 0.6587956506168814
414 0.6582399870962925
415 0.6557199315469528
416 0.6560868620599007
417 0.6535102003222019
418 0.6497422386600078
419 0.6563797104907437
420 0.6657869221087194
421 0.6723832516915296
422 0.6692535983984281
423 0.6639044391738622
424 0.6595534160898093
425 0.658015556554845
426 0.6602419271349849
427 0.6626007848870592
428 0.6615301389574081
429 0.6599829809014346
430 0.6573398374849164
431 0.6559157672961213
432 0.6576782954653853
433 0.6554894578458814
434 0.6542736550288492
435 0.6568732223251076
436 0.6521645672491161
437 0.6492878170299412
438 0.6494873843261996
439 0.6458589117937207
440 0.6454610748759598
441 0.645369491859099
442 0.6454928178191297
443 0.6476430327974829
444 0.6446175314529426
445 0.6480541378761953
446 0.6429323192511154
447 0.6349989193616187
448 0.6388993681957471
449 0.6430940147101388
450 0.6408007870492216
451 0.6334483901112075
452 0.6387259768687392
453 0.6442496020515222
454 0.639319173349964
455 0.6390160525506492
456 0.6397779249726249
457 0.6388428993164936
458 0.6385171110514716
459 0.6439358850564423
460 0.6505135168134872
461 0.6522816119566707
462 0.650826036917558
463 0.6456946816786165
464 0.641876877692992
465 0.6438854442875072
466 0.646316949137825
467 0.6473211133886564
468 0.6444950420312687
469 0.6392214249136792
470 0.6361839530829433
471 0.6366704629595263
472 0.6354768664718028
473 0.6363832822863493
474 0.634595652779044
475 0.6365471520488013
476 0.6434847123610133
477 0.6481791619539498
478 0.6586661807134802
479 0.6646065787326414
480 0.6565662691949563
481 0.6486684445794659
482 0.6462534783007907
483 0.6473466909124023
484 0.6443345585125602
485 0.6385487166855357
486 0.63702933193279
487 0.6487425266615707
488 0.6543566602300055
489 0.6508316038914773
490 0.6522912493542788
491 0.6475517029227799
492 0.6454889489629342
493 0.6495216619254502
494 0.6570656868798385
495 0.6590420493947851
496 0.6579114260823373
497 0.6549433309391539
498 0.6507185288238649
499 0.6487197218867579
500 0.6461841016132382
501 0.6480157683772025
502 0.646954659061413
503 0.6467999655601704
504 0.6465188129973117
505 0.6440969820699611
506 0.6454803711472296
507 0.6397739553326829
508 0.6400962350941617
509 0.6393640471449797
510 0.6353599440240482
511 0.6331560028167633
512 0.6281699417743087
513 0.6287131586229975
514 0.62869422270438
515 0.6297081616619253
516 0.6296133082343737
517 0.6257855064984885
518 0.631552137788684
519 0.6348171883117584
520 0.6363510782067806
521 0.64311838029357
522 0.6471758342414752
523 0.6525337943252925
524 0.6600587611012633
525 0.6674068280466832
526 0.670453476138628
527 0.6745834398756709
528 0.6822440269251613
529 0.6903937958164212
530 0.6995539951616834
531 0.7061817073350107
532 0.710908837193221
533 0.7127370105029475
534 0.7110378309109174
535 0.7131664530547727
536 0.7131886593840809
537 0.7120422332546013
538 0.7118624384153173
539 0.710974958519388
540 0.7126168326938076
541 0.7166682434820889
542 0.719737696348847
543 0.7216476779687205
544 0.7215112211568441
545 0.7270855252014142
546 0.7278594538440267
547 0.719057885379176
548 0.7197467353009505
549 0.7227626142971881
550 0.7280227251609741
551 0.7378621370304024
552 0.7445120555330383
553 0.749504159735117
554 0.7519542401513997
555 0.7542687002941627
556 0.7596528363472306
557 0.7620966505603427
558 0.7657058268215519
559 0.7709191062036925
560 0.7772590392583385
561 0.7907422653408789
562 0.8055263729612895
563 0.8153148829253836
564 0.8212385042800503
565 0.8183364296792874
566 0.8162114017734166
567 0.8104329373061311
568 0.8060344907216763
569 0.798620778635794
570 0.7860221374404497
571 0.7710769328065206
572 0.757473290821988
573 0.7573347604904297
574 0.7631644014812605
575 0.7674520759880792
576 0.7680768781033682
577 0.7677519263767032
578 0.7646288996394246
579 0.7588786696117659
580 0.7555482120410812
581 0.7468359149805575
582 0.737191862674593
583 0.7357783886815629
584 0.7292610946599668
585 0.7194274728080047
586 0.7134916428742901
587 0.7066367274105819
588 0.6989130298767097
589 0.6925091497993248
590 0.687513912495661
591 0.6856294933502277
592 0.6786348506639522
593 0.6717033184620586
594 0.6709370910064782
595 0.6661563872777481
596 0.658340270188658
597 0.6565189615276066
598 0.6532355735314195
599 0.6429287099638256
600 0.6317855064984886
601 0.6197329922098719
602 0.6116745682426206
603 0.6078413217926161
604 0.6076840936352926
605 0.6046146407685347
606 0.5987091187941286
607 0.6003422928930436
608 0.6015518295069051
609 0.6011059856925434
610 0.6048229081402977
611 0.6065532322299929
612 0.6071497999056554
613 0.6096162815844747
614 0.6091960152938589
615 0.611102625719295
616 0.6159661116056346
617 0.6189413094903456
618 0.6109038949613934
619 0.6057313974745263
620 0.6090577230551528
621 0.606743039868843
622 0.6047085203486239
623 0.6061709750857174
624 0.611924698567614
625 0.61046842429925
626 0.6115957772010066
627 0.6114664231306575
628 0.6091926440994213
629 0.6107500379985076
630 0.6073205343167823
631 0.6053430971706268
632 0.6098749897251728
633 0.6131688731333784
634 0.60954666680407
635 0.6043931052358202
636 0.6017343970951222
637 0.6040650204075696
638 0.6079995087480965
639 0.6098971960544812
640 0.6114946575702843
641 0.6108851971356283
642 0.6141380390796546
643 0.6123092673244235
644 0.6124132819638788
645 0.6151799743839744
646 0.6111445037218309
647 0.6063227585289217
648 0.5985673331011849
649 0.596824339296043
650 0.600238040160736
651 0.6030325058840592
652 0.6053158215291571
653 0.6020092684055046
654 0.5987120138028617
655 0.6026191042421185
656 0.6032700823266581
657 0.5967296231775968
658 0.5960471402427396
659 0.6028016718303356
660 0.6129321332291365
661 0.6159064945754905
662 0.6094700500658845
663 0.6074527833958645
664 0.6074662896496682
665 0.6026311755120607
666 0.6010302054927146
667 0.6026855859209379
668 0.6005347574477745
669 0.5996628422760251
670 0.6030767812335702
671 0.6044536810641213
672 0.6035722292785104
673 0.6026565149429544
674 0.6050187438894662
675 0.6057319959200307
676 0.6085960764237588
677 0.6122749897251728
678 0.6105093284543235
679 0.6112170135109687
680 0.6095373682830608
681 0.6048445160241015
682 0.6055268616498531
683 0.6065659019454398
684 0.6064740808357267
685 0.6057703654190237
686 0.6015771689377989
687 0.595785060907604
688 0.5971461579211228
689 0.6061908698024919
690 0.605871485049746
691 0.6030635130726191
692 0.6045129226923077
693 0.6084353548121979
694 0.6132920617843034
695 0.6100486341943386
696 0.6137619258787498
697 0.6218041866763165
698 0.6406617891545165
699 0.6668892895054869
700 0.6910126856544442
701 0.7250864737447069
702 0.7624219562129123
703 0.8069819415736542
704 0.8572510147141295
705 0.9074507262163575
706 0.9610005153878332
707 1.0088785417459707
708 1.0652866214037087
709 1.120421592826804
710 1.1745199578266465
711 1.2387588827592972
712 1.3009951834733102
713 1.3656620001408721
714 1.4306236129342027
715 1.4920651986108502
716 1.5365741447571526
717 1.568133083919343
718 1.5990621366047773
719 1.619138696477648
720 1.6195839482732528
721 1.5910172467941308
722 1.5329607521405915
723 1.4504745367520588
724 1.3549525971227563
725 1.235215718417951
726 1.1030373258913786
727 0.9833124783661997
728 0.8591810369824406
729 0.7423420251456039
730 0.6431753339810856
731 0.5590259818376766
732 0.4795767620941755
733 0.41577436740557183
734 0.36392048741543515
735 0.3228069146524176
736 0.2954181505798404
737 0.27190362790438316
738 0.2210524557051631
739 0.15447362755331778
740 0.12284612676587858
741 0.10881555827133936
742 0.09247649705092445
743 0.08852411732437832
744 0.07723842893684653
745 0.06734194974266022
746 0.07320315984219633
747 0.07873733557661897
748 0.10550551812019725
749 0.13226020945927736
750 0.15307344319729257
751 0.18766281214212222
752 0.21679798416638585
753 0.24698098229618196
754 0.2788576080933942
755 0.3053714676284901
756 0.3335623004263076
757 0.3623036051727525
758 0.3874347598105257
759 0.4082173252365802
760 0.43505430107151183
761 0.4609059477904828
762 0.4834254638620555
763 0.5064063884721698
764 0.5276320249636531
765 0.5467168307322338
766 0.559545823368849
767 0.5704739955974946
768 0.5828743822206416
769 0.592849429412895
770 0.6005629918874013
771 0.6093409340883877
772 0.6211287121259881
773 0.6302857783696647
774 0.6342012085317741
775 0.6359567347432573
776 0.6332502577988105
777 0.636619784097739
778 0.6379682113958112
779 0.6378103847929834
780 0.6360327530359382
781 0.6302665979314471
782 0.6314253183744158
783 0.6347501081874344
784 0.643229158797954
785 0.6455660483135721
786 0.6366633602179989
787 0.6345607767342887
788 0.6351172767932345
789 0.6344251564607691
790 0.6372670306351887
791 0.6413944597161509
792 0.6436233649523716
793 0.6460294081119955
794 0.6517952028638343
795 0.6557703723158878
796 0.6632797593183731
797 0.6637314081995067
798 0.6593446725323417
799 0.6580662354166322
800 0.6606776358899806
801 0.6632191985393774
802 0.6720864121446909
803 0.674659580428152
804 0.6757167201039993
805 0.6792222420784053
806 0.6789699374499835
807 0.6749245547720207
808 0.6696040053890392
809 0.6686885140970299
810 0.6665031849810693
811 0.6698822478938593
812 0.6714734432064918
813 0.6709806671267381
814 0.6753072881020008
815 0.671662414306985
816 0.6742171078082276
817 0.6797469991941812
818 0.6758780552103704
819 0.676620240909813
820 0.6753891114614532
821 0.6745454307293305
822 0.6771096608444347
823 0.6807163024495632
824 0.680134701052576
825 0.6786437888323091
826 0.6844228517450992
827 0.6860270921751364
828 0.685878426784212
829 0.6820450580744075
830 0.6791432065171913
831 0.677775843300502
832 0.6791245086914262
833 0.6830683963367088
834 0.6835002727608681
835 0.6911168075043941
836 0.695275979528526
837 0.6945776937766367
838 0.6915554263174285
839 0.6931059555678395
840 0.6984204768405026
841 0.702857054831098
842 0.70576830569307
843 0.7041226999715605
844 0.7052313550475519
845 0.7063273404080965
846 0.7045648122388325
847 0.7071197438329275
848 0.7100941051792815
849 0.7113218784825092
850 0.7183360555329068
851 0.7178809131975357
852 0.7142927463746258
853 0.720981971698358
854 0.7229585723061566
855 0.7221616007958792
856 0.7295133992883888
857 0.7336094608281389
858 0.7322601969917097
859 0.7319724178730284
860 0.7381055185397728
861 0.7423429903705088
862 0.741382402239937
863 0.7463338253304888
864 0.7472841926672531
865 0.750988445399561
866 0.7513956816220777
867 0.7488750276272332
868 0.7546131863849499
869 0.7572249622602562
870 0.7553897869927487
871 0.7544578944382028
872 0.7558034267275417
873 0.7601488828376752
874 0.7571707899442311
875 0.7562391354825376
876 0.7581430889920928
877 0.7630719819260429
878 0.773262521491387
879 0.7758923967469539
880 0.774915630397392
881 0.7796182573630651
882 0.781999797630152
883 0.7782660985179031
884 0.7789764555397347
885 0.7881383279617105
886 0.7883301940709367
887 0.7876025992482114
888 0.796056786613542
889 0.8011192413506355
890 0.7974897949706942
891 0.7959106709280038
892 0.8030035231869632
893 0.8063000785603551
894 0.8089903923351173
895 0.8071272207208355
896 0.8056776888413466
897 0.8117182326437679
898 0.8204992071625931
899 0.837007833805927
900 0.8476869567675359
901 0.8496882983607239
902 0.8514440626650592
903 0.8500418384529201
904 0.8541752956442007
905 0.8597360934349672
906 0.8631178283129437
907 0.8659377342509074
908 0.8645386431403536
909 0.866669561847437
910 0.8725492832545506
911 0.8814073356479604
912 0.8825056175717334
913 0.8791512956443323
914 0.8851517718300367
915 0.8888586965275308
916 0.8930639642786978
917 0.9022785740328371
918 0.9059572642907043
919 0.9069797660146488
920 0.9077594997240328
921 0.9115335045458506
922 0.9141195655883054
923 0.9114635294127936
924 0.9148900007766803
925 0.9148295622574847
926 0.9192848380738452
927 0.9267250864816302
928 0.92666778106402
929 0.9263229195712749
930 0.9291967747817166
931 0.9342779273445754
932 0.9353195022962427
933 0.936452660264771
934 0.9418999068022207
935 0.9464280678096766
936 0.9496204712345075
937 0.950548494932858
938 0.9516658500843542
939 0.9580354525624883
940 0.9621531069367368
941 0.9606115158546825
942 0.9615023669450494
943 0.9602110220210409
944 0.9581517765647383
945 0.9606277948574193
946 0.9637032758344956
947 0.9662384349716163
948 0.972888576517799
949 0.9760969200687676
950 0.9774705494886277
951 0.9743060201507714
952 0.9732578186432808
953 0.9776190775704464
954 0.9762385835019111
955 0.9797530285953687
956 0.980735600011702
957 0.9779757722402815
958 0.9730431477592416
959 0.970904989001525
960 0.976687322325006
961 0.9814528216822087
962 0.9785501335866357
963 0.975464517550193
964 0.9788375523526649
965 0.9824692952958348
966 0.9818845607972624
967 0.9811168983578205
968 0.9833941858926
969 0.9847013336336407
970 0.9828976632164509
971 0.9856643556365463
972 0.9835999186082823
973 0.9760114809952773
974 0.9701277899482217
975 0.9745209291276629
976 0.983047748541931
977 0.9763176190631252
978 0.9692661320956384
979 0.9646918753611473
980 0.9571511057681444
981 0.9498534795916598
982 0.9476974444972291
983 0.941243260960015
984 0.9331439328376903
985 0.9236394704451878
986 0.9133297118688608
987 0.9085714375129856
988 0.9022183736064938
989 0.8978230601236243
990 0.8901722477808478
991 0.8825179269345279
992 0.8762656072568005
993 0.8733296154094392
994 0.870184980788357
995 0.859678788017357
996 0.854228869514721
997 0.8501115754931249
998 0.8449078327248458
999 0.8399793001435479
1000 0.827300909108433
1001 0.8164921939836229
1002 0.8101873750665842
1003 0.802687509628655
1004 0.7969906153786641
1005 0.7985198970979238
1006 0.793316392422497
1007 0.782106108832836
1008 0.7716888271135105
1009 0.7657816070213804
1010 0.7622201995639201
1011 0.7525350050100299
1012 0.7465075920594545
1013 0.7392297383399441
1014 0.7270592269723639
1015 0.7223456033679576
1016 0.7190938210058349
1017 0.7101503510149884
1018 0.7084490979032765
1019 0.7059263703887504
1020 0.6984767226762093
1021 0.6990619183111807
1022 0.6938609482918345
1023 0.6891425185091293
1024 0.6937475192983178
1025 0.6919288826024527
1026 0.6852118839754927
1027 0.6790262840694368
1028 0.674087991830731
1029 0.6707408949046574
1030 0.6689947679979301
1031 0.6686978126180393
1032 0.6685241831981791
1033 0.6690487022211027
1034 0.6651519849340642
1035 0.6612457310331641
1036 0.6608701004447116
1037 0.6620258250952004
1038 0.6641228416049914
1039 0.6627177073348136
1040 0.6581195711943004
1041 0.6580028868393982
1042 0.6615715192981861
1043 0.6634721016133039
1044 0.6652969037285931
1045 0.6677571192042419
1046 0.6676940087198601
1047 0.6642547303314211
1048 0.6637057084159607
1049 0.6641388825148759
1050 0.6596698623518593
1051 0.6594077830167236
1052 0.6629801470226016
1053 0.657867626918531
1054 0.6513495971423245
1055 0.648286785880695
1056 0.6498598818130669
1057 0.6504221718894788
1058 0.6455999655601703
1059 0.642792592028548
1060 0.6424613740987122
1061 0.6444319315468869
1062 0.6432541378761953
1063 0.6418677014317827
1064 0.6396350646484723
1065 0.6417858931216356
1066 0.6432730737948127
1067 0.643019932628034
1068 0.6478988459294479
1069 0.6495344539006971
1070 0.6494175314529427
1071 0.6474129344983695
1072 0.6410971439836077
1073 0.6373580152065451
1074 0.6413691202852574
1075 0.6434125629245278
1076 0.6390382588799576
1077 0.6366667314124366
1078 0.6398190672205508
1079 0.6406552698091882
1080 0.6420973385944974
1081 0.6515147860555857
1082 0.6539147860555857
1083 0.6451034428840211
1084 0.6438727745720604
1085 0.6429354523527007
1086 0.6384699406932274
1087 0.6415585525221498
1088 0.641340287400126
1089 0.6456788788615843
1090 0.6521334227514509
1091 0.6522372143473596
1092 0.655808604505775
1093 0.6539484652093317
1094 0.6546530171643917
1095 0.6538795496581782
1096 0.6468564494887293
1097 0.6480727134421604
1098 0.6450125741457172
1099 0.6477375258723823
1100 0.6538893243648921
1101 0.6540653876570861
1102 0.6571440017357479
1103 0.6610913978845737
1104 0.6616468233123105
1105 0.662521871585645
1106 0.6598409571156388
1107 0.6550974259948922
1108 0.6564907270879797
1109 0.656687161282653
1110 0.6496003371340119
1111 0.6467615960611774
1112 0.6495380631879869
1113 0.6486881162526936
1114 0.6488174703230426
1115 0.6507758342414752
1116 0.6478135441650633
1117 0.6484981863540434
1118 0.6540276166035979
1119 0.6616758942902939
1120 0.6625976517854739
1121 0.6608065137746251
1122 0.6607751462334132
1123 0.6634600303433618
1124 0.6595662080650563
1125 0.6532977252176444
1126 0.6531343316408971
1127 0.6502766546494451
1128 0.6477248561569355
1129 0.6484956516979626
1130 0.6484545094500369
1131 0.6483093525626558
1132 0.6479748642221289
1133 0.6448452109290277
1134 0.646388860481458
1135 0.6513281265676264
1136 0.6556355735314195
1137 0.6487256492133294
1138 0.6439736561099305
1139 0.6411388846770384
1140 0.633888205815251
1141 0.6346016808893623
1142 0.6379399769561844
1143 0.6399232041198062
1144 0.6351294703229768
1145 0.6302979654726591
1146 0.6314728641346178
1147 0.6359221118406599
1148 0.6430518986147506
1149 0.6480219337966264
1150 0.6521962951429804
1151 0.6513563610072532
1152 0.649733422751451
1153 0.6459029490503795
1154 0.6442988459294481
1155 0.6458499736253638
1156 0.6433488539946414
1157 0.6399251403303824
1158 0.6416911770031896
1159 0.6434441685585921
1160 0.6372886385189926
1161 0.6397171110514717
1162 0.645774193425535
1163 0.6468219337966263
1164 0.6493039801996258
1165 0.6482335723628271
1166 0.6459533898193145
1167 0.6467368550757885
1168 0.6465156798957264
1169 0.6449337831041032
1170 0.6437437808543637
1171 0.6362090544209849
1172 0.6329411088891774
1173 0.6334151871431658
1174 0.6316872969258048
1175 0.6363703744780502
1176 0.6388654659984544
1177 0.6368658225229903
1178 0.6345289330073722
1179 0.6368381865288681
1180 0.632550035836345
1181 0.6249046531583822
1182 0.6225777613930245
1183 0.6218015361871837
1184 0.6212994465371152
1185 0.6180148616499189
1186 0.619057035047091
1187 0.6222091327623528
1188 0.6202161308920172
1189 0.618289372607649
1190 0.6216370679792274
1191 0.6239014477057075
1192 0.621712848179056
1193 0.6193726882527469
1194 0.6193822248666084
1195 0.622625667505879
1196 0.6226383372213258
1197 0.6194611381680224
1198 0.619644304201744
1199 0.6234465434631887
1200 0.6264964469165193
1201 0.6281320548877682
1202 0.6298188028572037
1203 0.6236009988715792
1204 0.6182233671145342
1205 0.6176143678162772
1206 0.6181951326749074
1207 0.6236070269818974
1208 0.6288588131721367
1209 0.63099346342631
1210 0.6231018192795492
1211 0.6212262009933671
1212 0.6211156820578888
1213 0.6242866149080216
1214 0.6258120277710858
1215 0.6156621693172686
1216 0.6156501988310731
1217 0.6154514680731714
1218 0.6149613489092987
1219 0.6214985376476689
1220 0.61948080984125
1221 0.616129844058981
1222 0.6152832683181252
1223 0.6200171620412636
1224 0.6252596346611878
1225 0.6182710351345363
1226 0.6117152343048416
1227 0.6097452753021715
1228 0.6115266386063064
1229 0.6124014487867888
1230 0.6091297717078916
1231 0.6083021318856533
1232 0.6114122508146326
1233 0.6188586646418417
1234 0.62258536179631
1235 0.616704205405335
1236 0.6153299775399703
1237 0.6275141174211545
1238 0.6289129854881614
1239 0.6208660343453478
1240 0.6163412445323292
1241 0.614327010180148
1242 0.6155653796791407
1243 0.6124647973640229
1244 0.6054095788494462
1245 0.6043642723506889
1246 0.6124016868796411
1247 0.615631623265108
1248 0.6144054472958576
1249 0.6177156097067996
1250 0.6177976561097989
1251 0.6139347402363065
1252 0.6191492165094562
1253 0.620090270275906
1254 0.6136035223064704
1255 0.6160324559753485
1256 0.6127229070592165
1257 0.6135061342228382
1258 0.6150888675528182
1259 0.6085701385473605
1260 0.6093224743554749
1261 0.6135730770380565
1262 0.6082096115466891
1263 0.6175612765582092
1264 0.6169649469753992
1265 0.6027939706433035
1266 0.6070298451400623
1267 0.6097560088070422
1268 0.6043203573538302
1269 0.6036669453969565
1270 0.6022019710530879
1271 0.6019652311488458
1272 0.6027673942310849
1273 0.5996061353039194
1274 0.6016180730928723
1275 0.6019841670674632
1276 0.6017814666696197
1277 0.6087576345736768
1278 0.609496226035135
1279 0.6078661850378052
1280 0.6109738700944506
1281 0.6097266997362064
1282 0.6079488298863092
1283 0.6038565149429543
1284 0.6009768697150465
1285 0.6008126395999424
1286 0.6015861071061557
1287 0.6080435460047553
1288 0.6115105976964219
1289 0.6152557545838031
1290 0.6130924944880451
1291 0.6094673931500039
1292 0.609985508660651
1293 0.6078886294599658
1294 0.6108949567930366
1295 0.6096226850967511
1296 0.6070391436610715
1297 0.6045671100576383
1298 0.606780911706078
1299 0.6061481703109045
1300 0.6155463215007232
1301 0.6273532585004877
1302 0.6252322768502337
1303 0.6390448854357805
1304 0.6473852985042473
1305 0.6450276626841925
1306 0.6494203042018757
1307 0.6568703273163745
1308 0.6572577910819171
1309 0.6597332109290935
1310 0.6666834409567524
1311 0.6710215712818115
1312 0.6799547903802398
1313 0.6815339294722356
1314 0.6774761151716779
1315 0.6696480426456981
1316 0.6653094511842399
1317 0.6669772632350578
1318 0.6683034842038216
1319 0.6688778455501757
1320 0.6706268674656358
1321 0.6733299882649508
1322 0.676393636064937
1323 0.6716788155695218
1324 0.6660258363163897
1325 0.669310421203586
1326 0.6743346287014867
1327 0.6761465230084768
1328 0.6761660724219043
1329 0.6749284021521627
1330 0.6698806906501978
1331 0.6817575170485781
1332 0.6994416407993755
1333 0.7002831873183857
1334 0.7049530974934264
1335 0.7072364281878296
1336 0.7106339658828382
1337 0.7160999102460532
1338 0.7174543807037491
1339 0.7227280986050854
1340 0.7234789994293381
1341 0.7293799533182975
1342 0.7442944896402661
1343 0.7552072194045315
1344 0.7603531805694962
1345 0.7666746388419238
1346 0.7720338108660557
1347 0.7730160068804314
1348 0.7657842639372613
1349 0.7610856066115302
1350 0.7592709395556073
1351 0.7541146052384246
1352 0.7447611048000748
1353 0.7398444053958672
1354 0.7384400068802995
1355 0.7378725101826207
1356 0.7279527349786115
1357 0.7211638400573238
1358 0.7265400975239383
1359 0.7147418605996785
1360 0.709859661838268
1361 0.7091058660052821
1362 0.702926568827756
1363 0.6977389527038025
1364 0.6810907361470064
1365 0.6749241944193684
1366 0.673346865713192
1367 0.6638350624863096
1368 0.656231182408925
1369 0.6527019940803388
1370 0.6453285877040253
1371 0.6382677014317828
1372 0.6366704629595265
1373 0.633329769545729
1374 0.6298562135580397
1375 0.6251388584065434
1376 0.6203612877793985
1377 0.6157352775519109
1378 0.6132094169357997
1379 0.6094455471733476
1380 0.6030354008927923
1381 0.5957164049253563
1382 0.5846049444031889
1383 0.5713613532336238
1384 0.5618477296292176
1385 0.5585328367827129
1386 0.5534483130254165
1387 0.5543199901043139
1388 0.5587005603520547
1389 0.5563815321238449
1390 0.5583959037851318
1391 0.5673777432749711
1392 0.564765506263266
1393 0.5616672205113766
1394 0.5646962303594603
1395 0.5640485226856116
1396 0.5662555819451761
1397 0.5667682828403152
1398 0.5618194801402854
1399 0.5545397303005145
1400 0.5643805771538042
1401 0.5702795948321874
1402 0.5641462711218964
1403 0.5633475649685359
1404 0.5589802779310519
1405 0.5632339129314723
1406 0.5662912945282881
1407 0.5614973226386064
1408 0.556239508338049
1409 0.5543864717831333
1410 0.5554162135577106
1411 0.5564353440872175
1412 0.561120855511797
1413 0.5702762236377499
1414 0.5686121431340219
1415 0.5553739966785757
1416 0.5502117350348212
1417 0.5493343901982581
1418 0.550540555617682
1419 0.5540014268406193
1420 0.5521948614146963
1421 0.5530223639278291
1422 0.5517154542796406
1423 0.5497538199505172
1424 0.5515063503695207
1425 0.5586496433974151
1426 0.559324648188787
1427 0.5577934302589511
1428 0.5560102315279868
1429 0.5428825032242722
1430 0.5405049325971275
1431 0.5449460786731695
1432 0.5413962813492522
1433 0.5375496294291908
1434 0.5358259469446242
1435 0.5364262461673763
1436 0.5351628975901424
1437 0.5338459751423879
1438 0.5343295900102378
1439 0.5315666291372322
1440 0.5278686426080952
1441 0.5277266188222992
1442 0.5302372750668831
1443 0.5330284703795155
1444 0.5337261576859004
1445 0.5362208738043465
1446 0.535604771764562
1447 0.536855212533497
1448 0.5386555117562493
1449 0.5347654360743392
1450 0.5307138879769524
1451 0.5266809519708896
1452 0.5341745361563428
1453 0.543392416321173
1454 0.5462587933881295
1455 0.5475653426836656
1456 0.5515193804376198
1457 0.554977356651824
1458 0.5508148284825599
1459 0.5502622980635564
1460 0.5495145453901946
1461 0.5465208727232651
1462 0.542314530340889
1463 0.5399277985018404
1464 0.5372094733309981
1465 0.5291948635768589
1466 0.524287938879365
1467 0.5218127571250408
1468 0.5187088036154854
1469 0.5169026993259616
1470 0.5147492139369173
1471 0.5168674629285539
1472 0.5233846561664035
1473 0.5362463354950401
1474 0.5409009555641123
1475 0.5380018767558289
1476 0.5331731446544443
1477 0.5375813659456128
1478 0.5560604277773217
1479 0.5750471612823239
1480 0.6009329332421344
1481 0.6268940393146799
1482 0.6650507430435417
1483 0.7076918086160531
1484 0.7468298868702389
1485 0.7862898845332514
1486 0.8286525853411426
1487 0.8773649638117825
1488 0.9253095941085397
1489 0.9809601463862018
1490 1.032112845615716
1491 1.0821088828726382
1492 1.1458622567268626
1493 1.204272175639546
1494 1.2532513638808842
1495 1.3015216451335578
1496 1.3488425328969293
1497 1.3846237395183278
1498 1.412413379253252
1499 1.4377882607037427
1500 1.4466318695212455
1501 1.4457514987935913
1502 1.4197147498303229
1503 1.358440289277512
1504 1.276986811456037
1505 1.1797495290650197
1506 1.069495144516261
1507 0.9559505073226398
1508 0.8512396577227438
1509 0.748844713241177
1510 0.6500482480413077
1511 0.5754418285731406
1512 0.5044816722397253
1513 0.43655765353693105
1514 0.3792943988465795
1515 0.33389424125725786
1516 0.3062327500791155
1517 0.28547207358182386
1518 0.26510867477416605
1519 0.21038552627329646
1520 0.14386715168995232
1521 0.11672072728616618
1522 0.10048216220995886
1523 0.09082857971688087
1524 0.08622896850219057
1525 0.0723122079680828
1526 0.06656812188379449
1527 0.07761114304051261
1528 0.0937333198560823
1529 0.12380662053945148
1530 0.15417665355916477
1531 0.18147663526661534
1532 0.20905533566459059
1533 0.23287331445100481
1534 0.25535843066352676
1535 0.2783076273797769
1536 0.30635040828148014
1537 0.3383812513942306
1538 0.3696099314247418
1539 0.40018519949837944
1540 0.4248393808734311
1541 0.4488716551419267
1542 0.4745464020303466
1543 0.49764751949890634
1544 0.5187783025628381
1545 0.534891043548293
1546 0.5501771185589719
1547 0.5667140954749847
1548 0.5755894257596037
1549 0.5870294472957258
1550 0.5991835574007696
1551 0.6069793035873805
1552 0.6163258020679495
1553 0.6232222351815413
1554 0.6297015200567968
1555 0.6338407823148491
1556 0.6395438419842638
1557 0.6435352753897484
1558 0.6407781195835143
1559 0.6416721037754665
1560 0.6408353027413245
1561 0.6417063813747171
1562 0.6482493751798591
1563 0.6529448994040047
1564 0.6562980244403966
1565 0.6572733558060969
1566 0.6599418386535087
1567 0.6622095895744269
1568 0.6592786670392268
1569 0.6588361944193025
1570 0.6652973799142975
1571 0.6712873821640372
1572 0.6751550284730921
1573 0.679534762182476
1574 0.6813284348494054
1575 0.6816440880550615
1576 0.6808608608914396
1577 0.6824113901418508
1578 0.6854488619725868
1579 0.6886981096786288
1580 0.6937572940050315
1581 0.6927680960328753
1582 0.6942132979197696
1583 0.7046951251073384
1584 0.7079923797099815
1585 0.6969606940685954
1586 0.6929728699504006
1587 0.6990652895056183
1588 0.6980446232085034
1589 0.7033999113271344
1590 0.7070028213851729
1591 0.7107633199531873
1592 0.7174672734627427
1593 0.7188908825151388
1594 0.7227527237574222
1595 0.7237764374216813
1596 0.7200689142786828
1597 0.7153763001125756
1598 0.7174766878168042
1599 0.720485687115061
1600 0.7238769586068989
1601 0.7300379183113123
1602 0.7277604077329862
1603 0.7300592881022637
1604 0.7318411275921033
1605 0.7271640781501761
1606 0.7236774920943874
1607 0.7259925506826551
1608 0.7308525280654515
1609 0.7316037892423566
1610 0.7320801640595737
1611 0.7325540192700154
1612 0.7361698220870475
1613 0.7359293506357157
1614 0.7387712248101355
1615 0.742459674725411
1616 0.7416195024968314
1617 0.7411176509396151
1618 0.7372998469539905
1619 0.7346662401513339
1620 0.736428768320598
1621 0.7355001461767429
1622 0.7357873268499198
1623 0.7383422584440147
1624 0.7392922503788215
1625 0.7426391092120427
1626 0.7489580328283896
1627 0.75051786059981
1628 0.748004309346493
1629 0.7439845041922761
1630 0.7404351830540635
1631 0.7439058289837143
1632 0.7473002335771376
1633 0.7522258561003968
1634 0.7583359138994761
1635 0.7632964124674904
1636 0.7677392566612563
1637 0.7694698188438037
1638 0.7687939775140752
1639 0.7684839920660851
1640 0.7729868136426475
1641 0.781702604157409
1642 0.7835749520329001
1643 0.7803473122106618
1644 0.7777579807575162
1645 0.7775183458445413
1646 0.7796974087573314
1647 0.7791348805880672
1648 0.7807640850470402
1649 0.7843989610917952
1650 0.784683008663387
1651 0.7834481326186319
1652 0.7818949464523399
1653 0.7805182847146412
1654 0.778929147872385
1655 0.784212301603836
1656 0.7925936037780708
1657 0.7903728001718504
1658 0.7897914368677155
1659 0.793505464306737
1660 0.7956871991847133
1661 0.8000444884719369
1662 0.8032023912539702
1663 0.8059687233214137
1664 0.8046923446760803
1665 0.8069181168107157
1666 0.8155016582463951
1667 0.8187571721556078
1668 0.8165962086230784
1669 0.8195930143915929
1670 0.8259090429992066
1671 0.8281474848492888
1672 0.8291415140407543
1673 0.832028038966643
1674 0.8357985352849179
1675 0.834424307419553
1676 0.8370074734532748
1677 0.8395748366699642
1678 0.838993610674935
1679 0.8413212016695438
1680 0.8401177082153063
1681 0.8440547312119138
1682 0.8550469727230979
1683 0.8649939077355246
1684 0.8688424808168566
1685 0.8675600740612049
1686 0.8697425081684327
1687 0.8689659226099395
1688 0.8697421478157804
1689 0.8734237330823809
1690 0.8826067372024557
1691 0.8883633707423909
1692 0.8873868424856812
1693 0.888302196468585
1694 0.8935982580083353
1695 0.8989948256839977
1696 0.8991837967844908
1697 0.9024993888602468
1698 0.9066262194957045
1699 0.9147915531111442
1700 0.9273372188814726
1701 0.9351082240826945
1702 0.937507863730042
1703 0.9361432732622856
1704 0.9371410490501465
1705 0.9449502864412554
1706 0.9500212031610015
1707 0.9554557799830043
1708 0.9559545992223819
1709 0.9520541503882536
1710 0.9554207816784491
1711 0.9581650447256898
1712 0.9590107839281886
1713 0.9618655659109074
1714 0.9638862037753649
1715 0.9661468519547555
1716 0.9724438073346463
1717 0.9734978139089083
1718 0.9741419273447726
1719 0.9783614005789946
1720 0.9734787557304907
1721 0.9750353130912203
1722 0.9811966481975914
1723 0.9834950674304701
1724 0.9864472224475158
1725 0.986974651528478
1726 0.9881777846300632
1727 0.9872620702945072
1728 0.9875397143538227
1729 0.9892544737193381
1730 0.9933245823333845
1731 0.995411839185767
1732 0.9992263727607008
1733 0.9978239104557093
1734 1.0004197462048778
1735 1.003170275455289
1736 1.00313807137572
1737 1.008237921764344
1738 1.0111242085973804
1739 1.0113987195551104
1740 1.0100724985863467
1741 1.0075684839468917
1742 1.0073126708149265
1743 1.0073599784822762
1744 1.0092896317753774
1745 1.007698436462745
1746 1.0028191477593733
1747 1.000273990871992
1748 1.0041462052664936
1749 1.002996646035429
1750 0.9996265062416901
1751 1.0000787535683282
1752 1.0001740681322788
1753 0.9928885132257365
1754 0.9896614718490027
1755 0.9898705757591226
1756 0.987483007381717
1757 0.9873312088892076
1758 0.9881873212439248
1759 0.9876567590613773
1760 0.9833937097068954
1761 0.9792797868797369
1762 0.9715056485769296
1763 0.9615113051134064
1764 0.9565923091459703
1765 0.9496838198117417
1766 0.9407788201036347
1767 0.9332224857864521
1768 0.9301885074099536
1769 0.9263330546306411
1770 0.9202578728763169
1771 0.9150602590021026
1772 0.9070771540982813
1773 0.9070181355136416
1774 0.9010126907995223
1775 0.8857006929617505
1776 0.8739009444379546
1777 0.8608786657575569
1778 0.8561014554830644
1779 0.8540307372023243
1780 0.8469160389667089
1781 0.8406008468974518
1782 0.8354729851127479
1783 0.8297507514318636
1784 0.8289149091958785
1785 0.8242044186930575
1786 0.8088822857959197
1787 0.8012310980511852
1788 0.8018637386626121
1789 0.8018892003533057
1790 0.7961985723064857
1791 0.7886678155130489
1792 0.7819674562414778
1793 0.7738045564983721
1794 0.7732523864320207
1795 0.7707300343194526
1796 0.7647711615180728
1797 0.7566807715641048
1798 0.7538803999902635
1799 0.7521602109599342
1800 0.7451148894118714
1801 0.7377794921818984
1802 0.7343574515943532
1803 0.7269304713475193
1804 0.7196993268498539
1805 0.7169870297893302
1806 0.7127272508455391
1807 0.713309075286073
1808 0.7063651114615848
1809 0.6972576494484863
1810 0.6965198945253849
1811 0.6932992566609273
1812 0.6886755429966682
1813 0.6908263714698316
1814 0.6945906015849359
1815 0.6954487724100292
1816 0.6978583090238908
1817 0.6984208371931551
1818 0.6921396846302963
1819 0.6874790364509058
1820 0.6848491611953391
1821 0.6802706967280535
1822 0.6767751725039081
1823 0.671754235416698
1824 0.6725912745436924
1825 0.6752246432534967
1826 0.6770780552103706
1827 0.6814013049911954
1828 0.6768064392613734
1829 0.6734500438142905
1830 0.6699107204263383
1831 0.6638727112799978
1832 0.665717047759409
1833 0.6682372406178544
1834 0.6698946795164541
1835 0.6704027972768408
1836 0.6716912471921164
1837 0.6726547453807267
1838 0.670403035369693
1839 0.6684227032148043
1840 0.6719786659581456
1841 0.6756259736254953
1842 0.674710021197087
1843 0.6730899779500178
1844 0.6690703101049065
1845 0.6678771747535817
1846 0.6636932767933662
1847 0.6598783678164745
1848 0.6607376132727772
1849 0.6630964710248515
1850 0.6634943079426122
1851 0.6647794874471971
1852 0.663212556934249
1853 0.6667907260068985
1854 0.6710575069084703
1855 0.6650160043078922
1856 0.6655902283451408
1857 0.671469949752254
1858 0.6818086785228178
1859 0.6870505526972376
1860 0.6807405672492476
1861 0.6778167474555754
1862 0.6773719782724227
1863 0.6776557877511621
1864 0.6811737413481627
1865 0.6823328371930892
1866 0.6790387156920313
1867 0.677668457466609
1868 0.6794592200754995
1869 0.6772612212440922
1870 0.6778297775236745
1871 0.6751172574196039
1872 0.6721584607974297
1873 0.6709653254461048
1874 0.6656825471166118
1875 0.6627740539542669
1876 0.6617382840693712
1877 0.6664562376663719
1878 0.669307648454653
1879 0.6689156166036638
1880 0.6704566092402134
1881 0.6722122727608023
1882 0.6750919179887103
1883 0.6776941572501549
1884 0.677776203653154
1885 0.6746085412137124
1886 0.6756636224191833
1887 0.6781171962897038
1888 0.6778073481508196
1889 0.6824431180357152
1890 0.6817576393083783
1891 0.6815240325057217
1892 0.6807476699907751
1893 0.6747759044304018
1894 0.6740499826843905
1895 0.6747291952085568
1896 0.6726130046872962
1897 0.6743501934256666
1898 0.6727209889666937
1899 0.6678987826373854
1900 0.6673969310801692
1901 0.6674978126180393
1902 0.6697746239671141
1903 0.6714835782658578
1904 0.6655434183395488
1905 0.6607779189823462
1906 0.6639017822579815
1907 0.66779849954502
1908 0.6680690408628078
1909 0.6733993649525032
1910 0.6782564473265666
1911 0.6761436279997438
1912 0.6723067507863962
1913 0.6695535646201043
1914 0.670431507902172
1915 0.6708573411667074
1916 0.6741512245749128
1917 0.6745717289583811
1918 0.6662442387475188
1919 0.6621893194556945
1920 0.6640026637958515
1921 0.6681113800017431
1922 0.6639013060722768
1923 0.6615833524752761
1924 0.6645838897908807
1925 0.6638477322017565
1926 0.6649970533399692
1927 0.6656889355795824
1928 0.6618144246218521
1929 0.6587356732340849
1930 0.6551483429495317
1931 0.6573905163467036
1932 0.6610913978845737
1933 0.6615143361403761
1934 0.6621871451522661
1935 0.6572831305128107
1936 0.654422183110668
1937 0.6541350024374909
1938 0.6553696403893939
1939 0.6576118137865659
1940 0.6564907270879798
1941 0.6541347643446388
1942 0.6538475836714617
1943 0.6546025763954566
1944 0.6531436301619062
1945 0.6504215734439741
1946 0.6486250057683117
1947 0.6469168880079248
1948 0.6453821615745458
1949 0.6441285877040255
1950 0.6451894589269626
1951 0.645388565086822
1952 0.6474696414704751
1953 0.6444408697152438
1954 0.6453819234816937
1955 0.6470750749634051
1956 0.6432794773070889
1957 0.6393950543335393
1958 0.6371339450177499
1959 0.6423986239669826
1960 0.6433745537781873
1961 0.6377720152939903
1962 0.6362153206241553
1963 0.6372641356264559
1964 0.6397428108350175
1965 0.6401435427615114
1966 0.6410690318037813
1967 0.6394682998772874
1968 0.6347912504353601
1969 0.6346745660804579
1970 0.6382714329788728
1971 0.6400772991755442
1972 0.6424110555895771
1973 0.641018591034846
1974 0.6363259768687392
1975 0.6361239757001468
1976 0.6378131575419161
1977 0.6428909389103374
1978 0.6464627044707106
1979 0.6423064425046171
1980 0.6400420627781369
1981 0.6430772380456443
1982 0.6439711214538497
1983 0.6411888492602688
1984 0.6358838646014672
1985 0.6336076516978968
1986 0.6308446908248913
1987 0.6298811926362808
1988 0.6336200833204914
1989 0.6374347542045307
1990 0.6376303518608469
1991 0.6350914611766364
1992 0.6322907292501423
1993 0.6307940119631039
1994 0.630831783016592
1995 0.6331243971826991
1996 0.6340876572784572
1997 0.6313656005605249
1998 0.6272481842791288
1999 0.6245323937643672
2000 0.6237708967443494
2001 0.6305040585409937
2002 0.6327620347551981
2003 0.6254223075326306
2004 0.6262402734319018
2005 0.6294745548592686
2006 0.6304660493946533
2007 0.6268216367360365
2008 0.6229502588798919
2009 0.6233580935479132
2010 0.6221676301617747
2011 0.6223030123424421
2012 0.6236516777333664
2013 0.6260801502658454
2014 0.6247217252175128
2015 0.6278507800651094
2016 0.6342328141658382
2017 0.637027517982014
2018 0.6357199948390153
2019 0.6297738068023879
2020 0.6290256787270683
2021 0.6288111451521345
2022 0.6298406488338597
2023 0.6297931030736578
2024 0.6276362464901759
2025 0.6294681513469924
2026 0.6274057727891047
2027 0.6274562135580396
2028 0.6304314114427505
2029 0.6271690328848625
2030 0.6258048027697583
2031 0.6265755983107855
2032 0.6254609151244757
2033 0.6263166520772351
2034 0.6241217863474128
2035 0.6247756594406855
2036 0.6240592743085356
2037 0.6189781217456769
2038 0.6159184435856326
2039 0.6152809717548967
2040 0.6141469772480117
2041 0.6152649308450123
2042 0.6172230566705925
2043 0.6138186543269087
2044 0.6122334871245946
2045 0.611712699648761
2046 0.6102097161585519
2047 0.6096036118690279
2048 0.6060445160241015
2049 0.6057193262045839
2050 0.6074913909877095
2051 0.60514496485823
2052 0.6028425759854091
2053 0.6038565149429544
2054 0.606045114469606
2055 0.6051196254273363
2056 0.6041563653315781
2057 0.605447948348439
2058 0.6070331155507531
2059 0.6096287132070694
2060 0.6099381002095549
2061 0.6098369805788324
2062 0.6083878090519959
2063 0.6068279812805754
2064 0.6045604684525095
2065 0.6058235789368916
2066 0.6093922113956798
2067 0.6099003291560665
2068 0.609328264372941
2069 0.6118138192794834
2070 0.6142800628654506
2071 0.6126313240423557
2072 0.6149713466595591
2073 0.6154607665941808
2074 0.6170899710531537
2075 0.6197109081403636
2076 0.6200960753426775
2077 0.6210782713570532
2078 0.6188332029511481
2079 0.6179266498274957
2080 0.6198525715735071
2081 0.6263357253049582
2082 0.6315113558934108
2083 0.6289402611296313
2084 0.629009875910036
2085 0.6303648075041309
2086 0.631324336052799
2087 0.6368124867453223
2088 0.6415618229328405
2089 0.6454357354450662
2090 0.6495467632634916
2091 0.6578865628371483
2092 0.6632511645260941
2093 0.6675862625333148
2094 0.6750572800368073
2095 0.6806492223252391
2096 0.6888623247444277
2097 0.6920202275264612
2098 0.690892737315599
2099 0.6860327599328025
2100 0.6842079578175132
2101 0.6847324768404369
2102 0.6825376111106147
2103 0.6835733809955105
2104 0.683933446859783
2105 0.6856951384906903
2106 0.6888054955125219
2107 0.6929893934727374
2108 0.6948997504945691
2109 0.6963773945538845
2110 0.6954994512718167
2111 0.6963618298297045
2112 0.6951240587762164
2113 0.6931944054831151
2114 0.6960267430436734
2115 0.7005897800958846
2116 0.7073568440898219
2117 0.7090203261480452
2118 0.7127461867641567
2119 0.7197566322674643
2120 0.7240505880267589
2121 0.7305014003695358
2122 0.7379096827906044
2123 0.7431607332262332
2124 0.7466114844391099
2125 0.7548464328349543
2126 0.7668646845736261
2127 0.7788129461299351
2128 0.7856428975647074
2129 0.789899543406913
2130 0.7860371037191249
2131 0.7858192997335005
2132 0.7874871117843185
2133 0.784654536130908
2134 0.7809885155884877
2135 0.7736628930652285
2136 0.7671676680638352
2137 0.760978696963342
2138 0.7572401666317836
2139 0.7547776545929065
2140 0.750546210872489
2141 0.7468353165350528
2142 0.7486546889855281
2143 0.7513297983887629
2144 0.7452411103806352
2145 0.7404159939932882
2146 0.7360339637206756
2147 0.7289768089955228
2148 0.7173437244591653
2149 0.707656096032941
2150 0.7002803930933992
2151 0.6931569947822792
2152 0.6842868711189272
2153 0.6778925276554041
2154 0.6749850083405217
2155 0.6712905152656223
2156 0.6647063792125546
2157 0.6633205412136467
2158 0.6600841005321569
2159 0.6568032471920505
2160 0.6534972925139028
2161 0.6493667303313553
2162 0.6482869081404952
2163 0.6465762557240274
2164 0.6386503189287106
2165 0.6247719278935956
2166 0.6166765694112131
2167 0.6068659904269159
2168 0.5965717965747687
2169 0.5920346973989558
2170 0.5864518305879864
2171 0.5857665749041963
2172 0.5867016005603274
2173 0.5869634418026108
2174 0.5875095687093383
2175 0.5904430259006188
2176 0.5936827369927994
2177 0.5979299835302491
2178 0.600016864980674
2179 0.600976393529342
2180 0.6056692457883013
2181 0.6057957048499173
2182 0.6024258031490307
2183 0.6010175357772678
2184 0.6027106872589792
2185 0.6012644107408758
2186 0.5977211177129814
2187 0.5975033137273569
2188 0.5987759608256004
2189 0.6011601580085683
2190 0.6012137318790886
2191 0.5988799754650557
2192 0.5983749908062542
2193 0.5968751404176303
2194 0.5954415336149737
2195 0.5951068071815946
2196 0.5938501002094889
2197 0.594573349990314
2198 0.5922364604746959
2199 0.5918481601707966
2200 0.5914189557118237
2201 0.58899361628093
2202 0.5887095687093383
2203 0.5887095687093383
2204 0.5889809465654832
2205 0.5913400424104096
2206 0.59161455336814
2207 0.590752174810252
2208 0.5926567267653118
2209 0.591156876376688
2210 0.587301063244723
2211 0.5854413850846788
2212 0.583849951679194
2213 0.5834711879891562
2214 0.583161800986671
2215 0.580957398642987
2216 0.5819237918403304
2217 0.582912391366982
2218 0.5816870519360884
2219 0.580256578235017
2220 0.5788356411478072
2221 0.5785231210437365
2222 0.5782486100860061
2223 0.577013734041251
2224 0.5759684275424938
2225 0.5781474904552839
2226 0.5783526247254617
2227 0.5783399550100148
2228 0.57806857715387
2229 0.5756968115934967
2230 0.5753433873343524
2231 0.57594681965869
2232 0.5724635040135923
2233 0.5719740840789707
2234 0.5715388515096794
2235 0.5702028558342018
2236 0.568203825853548
2237 0.5717027062228258
2238 0.5734140943939035
2239 0.5757098416615958
2240 0.5742638032363446
2241 0.5694573997240684
2242 0.5680649351693374
2243 0.5704618020677523
2244 0.5732720706081076
2245 0.5758267641093502
2246 0.5748635040135923
2247 0.5727002439178343
2248 0.5737455504165915
2249 0.5749012750670804
2250 0.5755266756278741
2251 0.5720502246314516
2252 0.5636066485111918
2253 0.556123062075999
2254 0.5507518338312303
2255 0.5530222416680289
2256 0.5585009930557964
2257 0.5642858610353582
2258 0.5669822179697442
2259 0.5701080174559556
2260 0.5786148198936494
2261 0.5921101172461322
2262 0.6114064607971664
2263 0.6358344984637413
2264 0.6553668612137129
2265 0.6811255907157083
2266 0.7201191105280176
2267 0.7695616399535168
2268 0.8163955416546007
2269 0.8564932492412015
2270 0.8946426057089355
2271 0.942146061060524
2272 0.9953367732644951
2273 1.0478721623420266
2274 1.10241878997926
2275 1.1651839397087906
2276 1.2220180907239162
2277 1.2658405993447244
2278 1.3186576021215137
2279 1.375527126843152
2280 1.4276942476426646
2281 1.4654047472045115
2282 1.4923258429621247
2283 1.5156510155701741
2284 1.5274131153002817
2285 1.5260684259760473
2286 1.4937975940244175
2287 1.4311730080558107
2288 1.340224842548547
2289 1.226209376035575
2290 1.1110204307952003
2291 0.9974107469066208
2292 0.884697481082328
2293 0.776002909255684
2294 0.6728053405554792
2295 0.5908477210403071
2296 0.5147314684825612
2297 0.44229195848775765
2298 0.38166207250721057
2299 0.34187024341955197
2300 0.31765106294768725
2301 0.29508138715213866
2302 0.2660807357291754
2303 0.20434715677430365
2304 0.1468737171158752
2305 0.11866608261255297
2306 0.09895709465024143
2307 0.08150764371075231
2308 0.06410633055022187
2309 0.04879443349619689
2310 0.04450568435816908
2311 0.06086625910538895
2312 0.08449201785667239
2313 0.1054480968695348
2314 0.1287668810146135
2315 0.15334588063534108
2316 0.17719185576852972
2317 0.2032424713382544
2318 0.22864524192502483
2319 0.2537790685279844
2320 0.28671029934496317
2321 0.3188802712347764
2322 0.34662236520949896
2323 0.3747471925142016
2324 0.40135636661324814
2325 0.4264023417464368
2326 0.45061814240130643
2327 0.4707384950112359
2328 0.48779252785599264
2329 0.5021435772105403
2330 0.5180866584160772
2331 0.532637036974031
2332 0.5437703434728539
2333 0.5565777282256656
2334 0.5681157362909248
2335 0.5783019458636742
2336 0.5879673679605902
2337 0.5958457589957051
2338 0.6007053760258494
2339 0.6016302666226147
2340 0.6019427867266852
2341 0.6028147018984348
2342 0.6012390713099823
2343 0.5974466067552513
2344 0.5959812570094247
2345 0.596193032884731
2346 0.6009045829694554
2347 0.6007934655884726
2348 0.6036100003319986
2349 0.6070746181513312
2350 0.6050533818413691
2351 0.6028708104250358
2352 0.6038787212722627
2353 0.6069483971825677
2354 0.6029659019454398
2355 0.6042510814500244
2356 0.6071785105309866
2357 0.6106800628654506
2358 0.6163511414988432
2359 0.6197679905144271
2360 0.6228275313653656
2361 0.6218416038039004
2362 0.6278638101332087
2363 0.6313788687214763
2364 0.6270521104371081
2365 0.6244250079304742
2366 0.6244379157387734
2367 0.6265721048565478
2368 0.6335791791654178
2369 0.6407849842321894
2370 0.6435946543270403
2371 0.6476872073632475
2372 0.6489505559404816
2373 0.6455619564138299
2374 0.6440274680733031
2375 0.6438192007015401
2376 0.6439863258253774
2377 0.6461875950674758
2378 0.6461371542985408
2379 0.6430357354450661
2380 0.644327318461927
2381 0.6480633141374045
2382 0.6499134556835872
2383 0.6507087541171511
2384 0.6534688199814237
2385 0.6561024267840805
2386 0.6554989944597429
2387 0.6566894578458813
2388 0.6567496733215302
2389 0.6567528064231155
2390 0.6559189003977066
2391 0.6574282874001919
2392 0.6611294070309142
2393 0.6617386444220235
2394 0.6622498952839956
2395 0.6638635350187887
2396 0.6666109311676145
2397 0.6683979622294154
2398 0.6692408064231812
2399 0.6731786659581456
2400 0.6751425968504975
2401 0.6770054081121271
2402 0.6796516846302305
2403 0.679948401917269
2404 0.6797937084160264
2405 0.6782940961202547
2406 0.6758750228925318
2407 0.6750379837655376
2408 0.6797812767934319
2409 0.6825537742802991
2410 0.6819281356266531
2411 0.6820481911759929
2412 0.6822944676940964
2413 0.683778515265688
2414 0.6863176440427509
2415 0.6867908857583827
2416 0.6862885730647674
2417 0.6908298649240693
2418 0.6903275522304541
2419 0.690788124230639
2420 0.6932990185680751
2421 0.6948904519735598
2422 0.6947066874943335
2423 0.6988623510149223
2424 0.7040728576481301
2425 0.7048776926955556
2426 0.7051806761857647
2427 0.7052566944784456
2428 0.70538918165038
2429 0.7057239080837588
2430 0.7082563952556934
2431 0.7089005086915576
2432 0.7115781527508732
2433 0.7122505006263643
2434 0.7147642899725333
2435 0.7159800927895656
2436 0.7130429040511952
2437 0.7152377697810174
2438 0.7166146696115685
2439 0.7169649607691274
2440 0.7182187727325
2441 0.7176564826560883
2442 0.7196897902359926
2443 0.725421084345034
2444 0.731436426025667
2445 0.7362044600389506
2446 0.7386418707397865
2447 0.7410508089081431
2448 0.7465075920594545
2449 0.7506759252954902
2450 0.7503501370304682
2451 0.7507542401513997
2452 0.7531513451426666
2453 0.75361855874798
2454 0.754284503111195
2455 0.7573444193640912
2456 0.7617492544115169
2457 0.7651563287203869
2458 0.7692140057118387
2459 0.7688821893364983
2460 0.770410512257601
2461 0.7720903955783612
2462 0.7739754131692992
2463 0.7779006029888168
2464 0.7787434471825826
2465 0.7805684873907239
2466 0.7835526234437917
2467 0.785778395578427
2468 0.7901140920311522
2469 0.7943391322392935
2470 0.7944238506074791
2471 0.7985322064607182
2472 0.8018257295162715
2473 0.8043386823240838
2474 0.8099406223627761
2475 0.8143552321169154
2476 0.8155010598008906
2477 0.8177302031299634
2478 0.8224193238418328
2479 0.8284346655224659
2480 0.8342322032174746
2481 0.8364328740140684
2482 0.8371368275236238
2483 0.8387126962049286
2484 0.8404461533962091
2485 0.8424354237194548
2486 0.8466731336430429
2487 0.8491578520112285
2488 0.8538089635767574
2489 0.8593573297449294
2490 0.8615453308260764
2491 0.8624702214228417
2492 0.8654416877604628
2493 0.8685393750668474
2494 0.8715739518888505
2495 0.8734905751138526
2496 0.8745574894964135
2497 0.8722473753570217
2498 0.8425256812581798
2499 0.7632915498587012
2500 0.1243039203513956
2501 0.042035450222766155
2502 0.00675295833315786
