0
1
2506
-3 -0.7002426744423403
-2 -0.6752717375414501
-1 -0.6166870751362369
0 -0.1642752419591469
1 -0.09913477872423926
2 -0.0651926135785803
3 -0.06088127094075879
4 -0.05767970630402419
5 -0.05359631447972091
6 -0.05089959719268233
7 -0.05179661370247313
8 -0.053972543513678084
9 -0.05302171504051456
10 -0.0518626191955881
11 -0.052475588133787165
12 -0.05065054792564594
13 -0.04634996561052818
14 -0.04212478809328113
15 -0.03871725264801196
16 -0.04415242791551943
17 -0.04673222275480349
18 -0.04382303036320756
19 -0.04520703293528605
20 -0.04200533098944603
21 -0.03362668573109184
22 -0.03417400952882854
23 -0.03306702752955071
24 -0.019194066159249568
25 -0.00972701446758295
26 -0.011736417600455074
27 -0.012860536616879803
28 -0.013987413332931742
29 -0.01249733765102179
30 -0.009585949479943956
31 -0.004934001376058261
32 -0.006806947697053922
33 -0.010524230497460652
34 -0.004262151162324979
35 0.0018987228076471352
36 0.009176799570704275
37 0.012087827389129724
38 0.016574708839554364
39 0.01959058783579226
40 0.021078006601821575
41 0.019375318506248296
42 0.019978527787039124
43 0.02690714993089438
44 0.025826506250982817
45 0.028491480594851626
46 0.030822342000151326
47 0.02877263315771028
48 0.028491718687703838
49 0.02727904897225697
50 0.0272096722847045
51 0.029104687625903014
52 0.025933892084875843
53 0.025962364617354794
54 0.028466617349662382
55 0.029423012796745196
56 0.03453553290081579
57 0.03651213350861471
58 0.037241188356211485
59 0.03978345023485952
60 0.04026333355561973
61 0.04083769490197375
62 0.043534412189012106
63 0.046057738149043015
64 0.04616512398293593
65 0.0431961923013956
66 0.044639335717913786
67 0.05034612693441831
68 0.049837172635674665
69 0.048103116998889583
70 0.05144440885819157
71 0.051839112674366916
72 0.05299156691416507
73 0.05186758520684598
74 0.05081587519581254
75 0.051270419085679086
76 0.0552555862879931
77 0.05931966679172107
78 0.060086730785658404
79 0.06070223437993827
80 0.06251147177104754
81 0.06641772567194748
82 0.06894418473356345
83 0.06701766454204738
84 0.06526140257595414
85 0.06912675232178045
86 0.075183834695844
87 0.07484537671537506
88 0.07326914768141801
89 0.07695783568954573
90 0.07998927940996325
91 0.08212660162932295
92 0.08526543118363361
93 0.08848317403935813
94 0.09094568607823528
95 0.09568524755903984
96 0.10235470042579786
97 0.10451736207605133
98 0.10415066965595576
99 0.10655090774880793
100 0.10696454748360085
101 0.10756424826084854
102 0.11052304488302289
103 0.11380366013027687
104 0.11804777356614138
105 0.12090545055759305
106 0.11942720805277307
107 0.12193459388666583
108 0.1236620229676283
109 0.12569533054753268
110 0.1291369054992001
111 0.13396202188654704
112 0.14091514692293883
113 0.1426763774174471
114 0.148878854771744
115 0.15037230164809168
116 0.14450746078521237
117 0.15076397314642853
118 0.15037544979898254
119 0.15045352656203947
120 0.158070299398418
121 0.1619100866698041
122 0.1674989815910919
123 0.1678806553391683
124 0.1723802065050397
125 0.17799168315759373
126 0.1812849681202946
127 0.18298065425808707
128 0.18232991426639955
129 0.1827844581562661
130 0.18639399477012764
131 0.1877328854543383
132 0.18650778411629687
133 0.18415519256739332
134 0.18260116986274444
135 0.18927351773823553
136 0.1975912482916895
137 0.2026366882714361
138 0.20412991210423714
139 0.20840876427575095
140 0.2108399087734164
141 0.21545011618387166
142 0.22108052875504303
143 0.22274401081326656
144 0.22769521086027156
145 0.2351221911071053
146 0.24090019443799182
147 0.24969453790151486
148 0.25624960297659927
149 0.25951092195258363
150 0.26749089375481994
151 0.27023455835655597
152 0.2728897730430163
153 0.2796063962680184
154 0.28230289051151025
155 0.28777196797631044
156 0.2890157821894226
157 0.2920912631664989
158 0.2959219749604226
159 0.29548903895435996
160 0.29605386368685227
161 0.29883613588043356
162 0.3026697426830901
163 0.3025181973327383
164 0.3050848247948176
165 0.3101960472241322
166 0.32722956829234795
167 0.3402493123166649
168 0.33419430346228285
169 0.3329186240462009
170 0.3337720794850375
171 0.33416014169608454
172 0.3368093132229214
173 0.33832823683926805
174 0.33939888276891905
175 0.337106268602812
176 0.3350219218084679
177 0.3376681983265716
178 0.3419374131004772
179 0.34619709126052134
180 0.3478925393054614
181 0.3468979116684917
182 0.3464749734126894
183 0.34310858021534585
184 0.34412854728320974
185 0.34639292700969004
186 0.34645603749407183
187 0.3451707206803819
188 0.34288764312813613
189 0.34399919321286065
190 0.3454674379674202
191 0.34781073099531457
192 0.3476591705956572
193 0.3431999251393544
194 0.34387937575637306
195 0.34496269140147084
196 0.34352511495887195
197 0.34841356487414743
198 0.3521242211187313
199 0.350181660017331
200 0.34859649281501703
201 0.3465758549505594
202 0.3430582617062111
203 0.3379117020957422
204 0.3304785564294842
205 0.322621773278173
206 0.32287154325051415
207 0.3257077496672681
208 0.32411921127051635
209 0.3187920202824065
210 0.3142258501286098
211 0.31076533925832506
212 0.3100682503974449
213 0.30185804298698937
214 0.2936034229179172
215 0.2909862173777974
216 0.2899792803780329
217 0.28793909310014787
218 0.2832690456160013
219 0.27874461615563517
220 0.26767986485531314
221 0.2597003541894758
222 0.25508761212293973
223 0.24945779799727297
224 0.2413613648836812
225 0.23081799950469784
226 0.22307582718860697
227 0.21230839162082815
228 0.20361539083157398
229 0.1940761897034219
230 0.18659936713315772
231 0.17811173870693342
232 0.16681314251110246
233 0.16189414654366652
234 0.15615054307183052
235 0.14710365688703309
236 0.1404701396469339
237 0.12751723765408862
238 0.11691678990104148
239 0.11219049658118851
240 0.1073024070185653
241 0.10377793407623614
242 0.10087681827363015
243 0.09597675822481133
244 0.08040521570798476
245 0.07218920323075784
246 0.07078526585158917
247 0.0637432147142174
248 0.05861824793824644
249 0.05352236718956482
250 0.04788555110611736
251 0.04509411770063254
252 0.048043738061597674
253 0.04804990348102156
254 0.0473617527884983
255 0.042871600927382625
256 0.03516951127731416
257 0.033831219038608196
258 0.03278940599408853
259 0.02853589325346828
260 0.025836504001243377
261 0.018068170765207725
262 0.014708404123687346
263 0.015662726051088205
264 0.011342969724500773
265 0.006467412568218811
266 -0.0005836989973099227
267 -0.004283982089675398
268 -0.006308128457676365
269 -0.00962745208052207
270 -0.004735270618156595
271 -0.006314034308194549
272 -0.013429092896462214
273 -0.01451194740516093
274 -0.016336612211344526
275 -0.01630151312304262
276 -0.022453073522699873
277 -0.026189069198177428
278 -0.023153893930670022
279 -0.02078839457346726
280 -0.0214993500408035
281 -0.02285753699628379
282 -0.01728757799361358
283 -0.010150774212436486
284 -0.002556445798218787
285 -0.00604638799913948
286 -0.006128333618392157
287 -0.005919828153776896
288 -0.005017006577214378
289 0.0023028108792733093
290 0.0034487758723538153
291 0.005895708137745648
292 0.004364490207909744
293 0.0007966942874785277
294 -0.006285922128367982
295 -0.013814620451428561
296 -0.012241524519056801
297 -0.007149998803979707
298 -0.010949703409343647
299 -0.01387856747416727
300 -0.0016001726109360348
301 0.010475982990850508
302 0.005039971184986114
303 0.0006848411518856068
304 0.0036131067712046328
305 0.005861683680652985
306 0.004850639731840634
307 0.002463309447287454
308 0.002909153261649311
309 0.00043337306182056334
310 -0.0016132026790351972
311 0.0020248064673052957
312 0.005198273973518797
313 0.008522926477431692
314 0.011674187654336698
315 0.014330000786301755
316 0.014241550871026187
317 0.010524866516124054
318 0.008617642595877717
319 0.005899094381488723
320 0.0064296415147307995
321 0.004140297759314682
322 0.004983364996627215
323 0.0039602648271783725
324 0.00499290161048882
325 0.004992901610488931
326 0.0039729345426251506
327 0.0050622782980411785
328 0.004285216553843618
329 0.007285515776595752
330 0.005694320463963232
331 -0.0002682838845062818
332 -0.002055314946307174
333 0.000329718775017529
334 -0.0034376444416719387
335 -0.008019977765152952
336 -0.006557898430017417
337 -0.0008708796704870458
338 0.007089680027427159
339 0.010083114601504461
340 0.007597797787814109
341 0.00212568800517543
342 -0.0023771335713871355
343 -0.005260149993732588
344 -0.003605007658361359
345 -0.0038892933228054094
346 -0.007385278683350149
347 -0.0070532242151574165
348 -0.009829092896462055
349 -0.01283192677529521
350 -0.013146880751700007
351 -0.021335480278351526
352 -0.022643241514202384
353 -0.017046969233176057
354 -0.013623731754621393
355 -0.017239909973611467
356 -0.023561728598691434
357 -0.024739061132984075
358 -0.02735359470791754
359 -0.02653900000308418
360 -0.026557697828849203
361 -0.02652633028763718
362 -0.02733802998373769
363 -0.02493802998373784
364 -0.023507556282666542
365 -0.023261279764562937
366 -0.023100320060149615
367 -0.02369108266904052
368 -0.01993638916779783
369 -0.01712588253459002
370 -0.016538851472789107
371 -0.016119183627677836
372 -0.01487187596032813
373 -0.01324496806458364
374 -0.01751418283848938
375 -0.026034375696934675
376 -0.0268645501752538
377 -0.02395232546581927
378 -0.023949430457086196
379 -0.027076188741454343
380 -0.026084456113217525
381 -0.024066352904840604
382 -0.025515762524529473
383 -0.028546968152094676
384 -0.033508065165613665
385 -0.0346702941121253
386 -0.029172008360236035
387 -0.02788379653781281
388 -0.03138931851221893
389 -0.033457025951173947
390 -0.03738861928296766
391 -0.039700407460544374
392 -0.03465353249693626
393 -0.03594824861538248
394 -0.04081800070489272
395 -0.04276902378894554
396 -0.04424353474667586
397 -0.04404793709035959
398 -0.041246967071013385
399 -0.03804213202358797
400 -0.03474884706088699
401 -0.030760546756987583
402 -0.030397585883982003
403 -0.03171427023888418
404 -0.03340345208065354
405 -0.03692453877923951
406 -0.035904571711375954
407 -0.03353617734544023
408 -0.032484467334406686
409 -0.034183423882889974
410 -0.040391691254652806
411 -0.041594363219839225
412 -0.044518283797258196
413 -0.046210836833465274
414 -0.046766500354054164
415 -0.049286555903393814
416 -0.04891962539044592
417 -0.0514962871281448
418 -0.055264248790338866
419 -0.048626776959602935
420 -0.039219565341627294
421 -0.03262323575881709
422 -0.035752889051918535
423 -0.04110204827648445
424 -0.045453071360537334
425 -0.04699093089550166
426 -0.0447645603153618
427 -0.04240570256328746
428 -0.04347634849293858
429 -0.04502350654891207
430 -0.04766664996543024
431 -0.04909072015422533
432 -0.04732819198496141
433 -0.049517029604465246
434 -0.05073283242149751
435 -0.04813326512523908
436 -0.052841920201230574
437 -0.05571867042040546
438 -0.055519103124147096
439 -0.059147575656625984
440 -0.059545412574386836
441 -0.05963699559124769
442 -0.05951366963121696
443 -0.05736345465286374
444 -0.060388955997404015
445 -0.056952349574151406
446 -0.06207416819923128
447 -0.07000756808872799
448 -0.06610711925459956
449 -0.061912472740207836
450 -0.06420570040112505
451 -0.0715580973391392
452 -0.06628051058160744
453 -0.06075688539882451
454 -0.06568731410038264
455 -0.06599043489969747
456 -0.0652285624777218
457 -0.06616358813385304
458 -0.06648937639887509
459 -0.06107060239390438
460 -0.05449297063685943
461 -0.05272487549367599
462 -0.05418045053278864
463 -0.05931180577173012
464 -0.06312960975735471
465 -0.061121043162839506
466 -0.05868953831252166
467 -0.057685374061690275
468 -0.060511445419077936
469 -0.0657850625366675
470 -0.06882253436740338
471 -0.06833602449082032
472 -0.06952962097854387
473 -0.06862320516399734
474 -0.07041083467130271
475 -0.06845933540154536
476 -0.06152177508933332
477 -0.05682732549639691
478 -0.04634030673686651
479 -0.04039990871770527
480 -0.048440218255390355
481 -0.056338042870880733
482 -0.058753009149555946
483 -0.0576597965379444
484 -0.0606719289377865
485 -0.06645777076481096
486 -0.06797715551755668
487 -0.056263960788775935
488 -0.05064982722034117
489 -0.05417488355886935
490 -0.05271523809606782
491 -0.057454784527566805
492 -0.05951753848741248
493 -0.05548482552489642
494 -0.0479408005705082
495 -0.04596443805556161
496 -0.04709506136800934
497 -0.05006315651119275
498 -0.054287958626481725
499 -0.0562867655635888
500 -0.058822385837108415
501 -0.056990719073144125
502 -0.058051828388933635
503 -0.05820652189017628
504 -0.05848767445303493
505 -0.06090950538038553
506 -0.059526116303117105
507 -0.06523253211766378
508 -0.06491025235618497
509 -0.06564244030536692
510 -0.0696465434262985
511 -0.07185048463358334
512 -0.07683654567603793
513 -0.07629332882734918
514 -0.07631226474596664
515 -0.07529832578842133
516 -0.075393179215973
517 -0.07922098095185814
518 -0.07345434966166264
519 -0.07018929913858829
520 -0.06865540924356606
521 -0.06188810715677662
522 -0.057830653208871485
523 -0.052472693125054204
524 -0.044947726349083394
525 -0.0375996594036635
526 -0.03455301131171862
527 -0.030423047574675732
528 -0.02276246052518538
529 -0.014612691633925423
530 -0.005452492288663291
531 0.0011752198846640693
532 0.005902349742874291
533 0.007730523052600802
534 0.0060313434605707705
535 0.008159965604426
536 0.008182171933734272
537 0.0070357458042545895
538 0.006855950964970603
539 0.005968471069041303
540 0.0076103452434609364
541 0.011661756031742243
542 0.014731208898500325
543 0.016641190518373872
544 0.01650473370649741
545 0.022079037751067565
546 0.022852966393680063
547 0.014051397928829368
548 0.014740247850603794
549 0.01775612684684147
550 0.02301623771062744
551 0.03285564958005571
552 0.03950556808269168
553 0.04449767228477031
554 0.046947752701053
555 0.049262212843816044
556 0.05464634889688391
557 0.05709016310999604
558 0.060699339371205197
559 0.06591261875334586
560 0.07225255180799184
561 0.08573577789053222
562 0.10051988551094282
563 0.1103083954750369
564 0.11623201682970363
565 0.11332994222894077
566 0.11120491432306989
567 0.10542644985578442
568 0.10102800327132966
569 0.09361429118544728
570 0.08101564999010302
571 0.0660704453561739
572 0.052466803371641335
573 0.05232827304008303
574 0.05815791403091386
575 0.06244558853773252
576 0.06307039065302156
577 0.06274543892635653
578 0.059622412189077933
579 0.0538721821614192
580 0.05054172459073458
581 0.041829427530210794
582 0.03218537522424636
583 0.030771901231216203
584 0.024254607209620138
585 0.014420985357658012
586 0.008485155423943458
587 0.001630239960235258
588 -0.006093457573636996
589 -0.0124973376510219
590 -0.017492574954685702
591 -0.01937699410011895
592 -0.026371636786394426
593 -0.03330316898828811
594 -0.034069396443868416
595 -0.0388501001725986
596 -0.046666217261688625
597 -0.04848752592274008
598 -0.051770913918927186
599 -0.0620777774865211
600 -0.07322098095185803
601 -0.08527349524047478
602 -0.0933319192077261
603 -0.09716516565773059
604 -0.09732239381505403
605 -0.100391846681812
606 -0.10629736865621808
607 -0.10466419455730303
608 -0.10345465794344155
609 -0.1039005017578033
610 -0.10018357931004895
611 -0.09845325522035375
612 -0.09785668754469123
613 -0.09539020586587199
614 -0.09581047215648775
615 -0.0939038617310517
616 -0.08904037584471203
617 -0.08606517796000102
618 -0.09410259248895325
619 -0.09927508997582035
620 -0.09594876439519384
621 -0.09826344758150363
622 -0.10029796710172278
623 -0.09883551236462929
624 -0.09308178888273266
625 -0.0945380631510967
626 -0.09341071024934011
627 -0.0935400643196892
628 -0.09581384335092535
629 -0.09425644945183909
630 -0.09768595313356432
631 -0.09966339027971982
632 -0.09513149772517382
633 -0.09183761431696824
634 -0.09545982064627667
635 -0.10061338221452643
636 -0.10327209035522444
637 -0.10094146704277707
638 -0.09700697870225017
639 -0.09510929139586544
640 -0.09351182988006235
641 -0.09412129031471839
642 -0.09086844837069208
643 -0.09269722012592319
644 -0.09259320548646788
645 -0.08982651306637224
646 -0.09386198372851573
647 -0.09868372892142496
648 -0.10643915434916174
649 -0.10818214815430371
650 -0.10476844728961066
651 -0.10197398156628745
652 -0.09969066592118958
653 -0.10299721904484205
654 -0.10629447364748501
655 -0.10238738320822816
656 -0.10173640512368853
657 -0.10827686427274985
658 -0.10895934720760703
659 -0.10220481562001105
660 -0.09207435422121013
661 -0.08909999287485615
662 -0.09553643738446216
663 -0.09755370405448216
664 -0.09754019780067846
665 -0.10237531193828597
666 -0.10397628195763209
667 -0.10232090152940876
668 -0.10447173000257215
669 -0.1053436451743216
670 -0.10192970621677644
671 -0.10055280638622532
672 -0.10143425817183627
673 -0.1023499725073923
674 -0.09998774356088047
675 -0.09927449153031598
676 -0.09641041102658787
677 -0.09273149772517386
678 -0.09449715899602318
679 -0.09378947393937798
680 -0.09546911916728584
681 -0.10016197142624517
682 -0.09947962580049352
683 -0.09844058550490686
684 -0.09853240661461993
685 -0.09923612203132293
686 -0.10342931851254777
687 -0.1092214265427427
688 -0.10786032952922386
689 -0.09881561764785474
690 -0.09913500240060069
691 -0.10194297437772759
692 -0.10049356475803894
693 -0.09657113263814876
694 -0.09171442566604326
695 -0.09495785325600803
696 -0.09124456157159688
697 -0.08320230077403012
698 -0.06434469829583012
699 -0.03811719794485979
700 -0.013993801795902483
701 0.020079986294360253
702 0.05741546876256565
703 0.10197545412330755
704 0.1522445272637828
705 0.2024442387660108
706 0.2559940279374865
707 0.30387205429562403
708 0.360280133953362
709 0.4154151053764573
710 0.46951347037629987
711 0.5337523953089506
712 0.5959886960229636
713 0.6606555126905255
714 0.725617125483856
715 0.7870587111605035
716 0.8315676573068059
717 0.8631265964689964
718 0.8940556491544306
719 0.9141322090273013
720 0.9145774608229061
721 0.8860107593437841
722 0.8279542646902448
723 0.7454680493017122
724 0.6499461096724096
725 0.5302092309676044
726 0.39803083844103193
727 0.27830599091585306
728 0.15417454953209397
729 0.037335537695257215
730 -0.061831153469261046
731 -0.14598050561267006
732 -0.22542972535617117
733 -0.28923212004477483
734 -0.3410860000349115
735 -0.38219957279792904
736 -0.4095883368705063
737 -0.4331028595459635
738 -0.4839540317451836
739 -0.5505328598970289
740 -0.5821603606844681
741 -0.5961909291790073
742 -0.6125299903994222
743 -0.6164823701259683
744 -0.6277680585135001
745 -0.6376645377076864
746 -0.6318033276081503
747 -0.6262691518737277
748 -0.5995009693301494
749 -0.5727462779910693
750 -0.5519330442530541
751 -0.5173436753082244
752 -0.4882085032839608
753 -0.45802550515416474
754 -0.42614887935695245
755 -0.39963501982185656
756 -0.3714441870240391
757 -0.34270288227759416
758 -0.31757172763982094
759 -0.29678916221376644
760 -0.26995218637883484
761 -0.2441005396598639
762 -0.22158102358829118
763 -0.19860009897817688
764 -0.17737446248669353
765 -0.1582896567181129
766 -0.14546066408149771
767 -0.1345324918528521
768 -0.12213210522970508
769 -0.11215705803745168
770 -0.10444349556294541
771 -0.09566555336195892
772 -0.08387777532435858
773 -0.07472070908068196
774 -0.07080527891857258
775 -0.06904975270708935
776 -0.07175622965153616
777 -0.06838670335260766
778 -0.0670382760545355
779 -0.06719610265736331
780 -0.06897373441440846
781 -0.07473988951889954
782 -0.07358116907593082
783 -0.07025637926291228
784 -0.061777328652392716
785 -0.05944043913677455
786 -0.06834312723234781
787 -0.07044571071605799
788 -0.06988921065711218
789 -0.07058133098957753
790 -0.06773945681515792
791 -0.06361202773419572
792 -0.06138312249797506
793 -0.05897707933835117
794 -0.053211284586512364
795 -0.04923611513445891
796 -0.041726728131973534
797 -0.04127507925083995
798 -0.04566181491800492
799 -0.046940252033714436
800 -0.044328851560366034
801 -0.04178728891096928
802 -0.03292007530565577
803 -0.03034690702219467
804 -0.029289767346347362
805 -0.02578424537194135
806 -0.0260365500003632
807 -0.03008193267832593
808 -0.03540248206130747
809 -0.03631797335331677
810 -0.038503302469277356
811 -0.03512423955648736
812 -0.03353304424385484
813 -0.03402582032360857
814 -0.02969919934834586
815 -0.03334407314336163
816 -0.03078937964211903
817 -0.02525948825616542
818 -0.0291284322399763
819 -0.028386246540533677
820 -0.02961737598889347
821 -0.030461056721016178
822 -0.027896826605911973
823 -0.024290185000783504
824 -0.024871786397770657
825 -0.026362698618037528
826 -0.02058363570524746
827 -0.01897939527521031
828 -0.019128060666134705
829 -0.022961429375939146
830 -0.025863280933155375
831 -0.027230644149844663
832 -0.02588197875892051
833 -0.02193809111363787
834 -0.021506214689478553
835 -0.013889679945952582
836 -0.00973050792182062
837 -0.010428793673709968
838 -0.013451061132918163
839 -0.01190053188250717
840 -0.006586010609844095
841 -0.0021494326192487145
842 0.0007618182427233666
843 -0.0008837874787861466
844 0.00022486759720519167
845 0.0013208529577498629
846 -0.0004416752115141698
847 0.0021132563825808637
848 0.005087617728934846
849 0.006315391032162498
850 0.01332956808256014
851 0.012874425747189
852 0.009286258924279145
853 0.015975484248011318
854 0.017952084855809902
855 0.017155113345532547
856 0.0245069118380421
857 0.028602973377792273
858 0.02725370954136308
859 0.026965930422681694
860 0.033099031089426134
861 0.03733650292016211
862 0.03637591478959035
863 0.04132733788014209
864 0.042277705216906436
865 0.045981957949214336
866 0.04638919417173104
867 0.04386854017688657
868 0.04960669893460323
869 0.05221847480990949
870 0.05038329954240206
871 0.049451406987856106
872 0.050796939277195086
873 0.05514239538732857
874 0.052164302493884485
875 0.051232648032190964
876 0.05313660154174615
877 0.0580654944756962
878 0.0682560340410403
879 0.07088590929660721
880 0.06990914294704531
881 0.07461176991271845
882 0.07699331017980537
883 0.07325961106755641
884 0.07396996808938805
885 0.0831318405113638
886 0.08332370662059008
887 0.08259611179786475
888 0.09105029916319529
889 0.09611275390028884
890 0.0924833075203475
891 0.09090418347765716
892 0.09799703573661656
893 0.10129359111000846
894 0.1039839048847706
895 0.10212073327048887
896 0.10067120139099994
897 0.10671174519342119
898 0.1154927197122464
899 0.13200134635558036
900 0.14268046931718925
901 0.14468181091037724
902 0.14643757521471257
903 0.14503535100257348
904 0.14916880819385403
905 0.1547296059846205
906 0.15811134086259704
907 0.1609312468005607
908 0.1595321556900069
909 0.16166307439709038
910 0.16754279580420395
911 0.1764008481976137
912 0.17749913012138674
913 0.1741448081939856
914 0.18014528437969002
915 0.18385220907718414
916 0.18805747682835117
917 0.1972720865824904
918 0.20095077684035767
919 0.20197327856430214
920 0.20275301227368614
921 0.20652701709550392
922 0.20911307813795876
923 0.20645704196244696
924 0.2098835133263336
925 0.20982307480713802
926 0.21427835062349854
927 0.22171859903128355
928 0.22166129361367337
929 0.22131643212092822
930 0.22419028733136992
931 0.2292714398942287
932 0.23031301484589606
933 0.23144617281442437
934 0.23689341935187402
935 0.24142158035932992
936 0.24461398378416088
937 0.24554200748251132
938 0.24665936263400756
939 0.2530289651121417
940 0.25714661948639017
941 0.25560502840433585
942 0.25649587949470276
943 0.25520453457069425
944 0.2531452891143916
945 0.2556213074070727
946 0.2586967883841489
947 0.26123194752126966
948 0.26788208906745237
949 0.2710904326184209
950 0.272464062038281
951 0.2692995327004247
952 0.2682513311929341
953 0.27261259012009975
954 0.2712320960515644
955 0.27474654114502206
956 0.27572911256135535
957 0.2729692847899349
958 0.26803666030889495
959 0.26589850155117833
960 0.2716808348746593
961 0.27644633423186205
962 0.273543646136289
963 0.27045803009984637
964 0.27383106490231823
965 0.27746280784548816
966 0.2768780733469157
967 0.2761104109074738
968 0.2783876984422533
969 0.279694846183294
970 0.2778911757661042
971 0.28065786818619964
972 0.27859343115793567
973 0.2710049935449307
974 0.265121302497875
975 0.2695144416773162
976 0.27804126109158434
977 0.27131113161277853
978 0.2642596446452917
979 0.25968538791080065
980 0.2521446183177978
981 0.2448469921413131
982 0.24269095704688248
983 0.23623677350966832
984 0.2281374453873436
985 0.21863298299484113
986 0.20832322441851414
987 0.20356495006263897
988 0.19721188615614715
989 0.19281657267327768
990 0.18516576033050114
991 0.17751143948418124
992 0.1712591198064538
993 0.16832312795909254
994 0.16517849333801038
995 0.1546723005670103
996 0.14922238206437433
997 0.14510508804277822
998 0.13990134527449916
999 0.13497281269320127
1000 0.12229442165808635
1001 0.11148570653327627
1002 0.10518088761623756
1003 0.09768102217830832
1004 0.09198412792831745
1005 0.09351340964757715
1006 0.0883099049721503
1007 0.07709962138248938
1008 0.06668233966316384
1009 0.060775119571033764
1010 0.0572137121135734
1011 0.04752851755968324
1012 0.04150110460910783
1013 0.034223250889597434
1014 0.02205273952201725
1015 0.017339115917610948
1016 0.01408733355548819
1017 0.005143863564641693
1018 0.0034426104529298174
1019 0.0009198829384037266
1020 -0.006529764774137359
1021 -0.005944569139165967
1022 -0.01114553915851213
1023 -0.015863968941217332
1024 -0.01125896815202887
1025 -0.013077604847893998
1026 -0.019794603474853956
1027 -0.025980203380909894
1028 -0.030918495619615682
1029 -0.03426559254568928
1030 -0.036011719452416546
1031 -0.036308674832307375
1032 -0.036482304252167586
1033 -0.03595778522924398
1034 -0.03985450251628242
1035 -0.04376075641718258
1036 -0.04413638700563505
1037 -0.042980662355146304
1038 -0.04088364584535531
1039 -0.04228878011553305
1040 -0.04688691625604624
1041 -0.04700360061094844
1042 -0.043434968152160525
1043 -0.04153438583704272
1044 -0.039709583721753594
1045 -0.03724936824610481
1046 -0.0373124787304866
1047 -0.040751757118925536
1048 -0.041300779034386004
1049 -0.040867604935470814
1050 -0.04533662509848735
1051 -0.045598704433623016
1052 -0.04202634042774511
1053 -0.04713886053181571
1054 -0.05365689030802212
1055 -0.05671970156965167
1056 -0.0551466056372798
1057 -0.054584315560867847
1058 -0.05940652189017637
1059 -0.06221389542179867
1060 -0.06254511335163448
1061 -0.060574555903459726
1062 -0.06175234957415132
1063 -0.06313878601856393
1064 -0.06537142280187436
1065 -0.06322059432871108
1066 -0.061733413655533975
1067 -0.061986554822312634
1068 -0.057107641520898755
1069 -0.05547203354964958
1070 -0.05558895599740399
1071 -0.05759355295197721
1072 -0.06390934346673893
1073 -0.06764847224380155
1074 -0.06363736716508928
1075 -0.06159392452581891
1076 -0.06596822857038909
1077 -0.0683397560379101
1078 -0.06518742022979584
1079 -0.06435121764115848
1080 -0.0629091488558493
1081 -0.053491701394761004
1082 -0.051091701394760936
1083 -0.05990304456632556
1084 -0.061133712878286284
1085 -0.062071035097646
1086 -0.06653654675711929
1087 -0.06344793492819689
1088 -0.06366620005022061
1089 -0.059327608588762404
1090 -0.052873064698895744
1091 -0.05276927310298707
1092 -0.049197882944571614
1093 -0.051058022241014966
1094 -0.05035347028595494
1095 -0.05112693779216848
1096 -0.05815003796161733
1097 -0.05693377400818622
1098 -0.05999391330462944
1099 -0.05726896157796435
1100 -0.05111716308545455
1101 -0.05094109979326056
1102 -0.047862485714598724
1103 -0.04391508956577295
1104 -0.04335966413803616
1105 -0.04248461586470165
1106 -0.045165530334707826
1107 -0.049909061455454484
1108 -0.04851576036236693
1109 -0.04831932616769363
1110 -0.05540615031633478
1111 -0.05824489138916922
1112 -0.05546842426235976
1113 -0.05631837119765304
1114 -0.056189017127304064
1115 -0.05423065320887144
1116 -0.05719294328528335
1117 -0.056508301096303226
1118 -0.05097887084674879
1119 -0.04333059316005272
1120 -0.042408835664872746
1121 -0.04419997367572159
1122 -0.044231341216933506
1123 -0.0415464571069849
1124 -0.04544027938529038
1125 -0.051708762232702266
1126 -0.051872155809449594
1127 -0.0547298328009016
1128 -0.05728163129341113
1129 -0.056510835752384025
1130 -0.056551978000309755
1131 -0.0566971348876909
1132 -0.057031623228217754
1133 -0.060161276521318974
1134 -0.058617626968888614
1135 -0.053678360882720266
1136 -0.04937091391892712
1137 -0.05628083823701724
1138 -0.06103283134041615
1139 -0.06386760277330827
1140 -0.0711182816350957
1141 -0.07040480656098436
1142 -0.06706651049416223
1143 -0.06508328333054048
1144 -0.06987701712736982
1145 -0.07470852197768751
1146 -0.07353362331572888
1147 -0.06908437560968672
1148 -0.061954588835596014
1149 -0.05698455365372024
1150 -0.05281019230736628
1151 -0.053650126443093415
1152 -0.0552730646988957
1153 -0.05910353839996718
1154 -0.06070764152089858
1155 -0.05915651382498288
1156 -0.061657633455705296
1157 -0.06508134711996427
1158 -0.0633153104471571
1159 -0.061562318891754564
1160 -0.06771784893135402
1161 -0.065289376398875
1162 -0.05923229402481167
1163 -0.05818455365372033
1164 -0.0557025072507209
1165 -0.05677291508751958
1166 -0.05905309763103217
1167 -0.05826963237455818
1168 -0.05849080755462022
1169 -0.060072704346243455
1170 -0.061262706595982985
1171 -0.06879743302936181
1172 -0.07206537856116924
1173 -0.07159130030718086
1174 -0.07331919052454183
1175 -0.06863611297229644
1176 -0.06614102145189227
1177 -0.06814066492735638
1178 -0.07047755444297443
1179 -0.06816830092147852
1180 -0.07245645161400172
1181 -0.08010183429196449
1182 -0.08242872605732221
1183 -0.08320495126316296
1184 -0.08370704091323145
1185 -0.08699162580042774
1186 -0.08594945240325569
1187 -0.08279735468799387
1188 -0.08479035655832945
1189 -0.08671711484269762
1190 -0.08336941947111931
1191 -0.08110503974463912
1192 -0.08329363927129063
1193 -0.08563379919759972
1194 -0.08562426258373823
1195 -0.08238081994446766
1196 -0.08236815022902089
1197 -0.08554534928232427
1198 -0.08536218324860267
1199 -0.08155994398715793
1200 -0.07851004053382737
1201 -0.07687443256257842
1202 -0.07518768459314296
1203 -0.0814054885787675
1204 -0.08678312033581248
1205 -0.08739211963406945
1206 -0.08681135477543922
1207 -0.08139946046844926
1208 -0.07614767427821001
1209 -0.07401302402403664
1210 -0.08190466817079745
1211 -0.08378028645697955
1212 -0.08389080539245786
1213 -0.08071987254232504
1214 -0.07919445967926086
1215 -0.08934431813307808
1216 -0.08935628861927358
1217 -0.08955501937717525
1218 -0.09004513854104801
1219 -0.08350794980267773
1220 -0.08552567760909668
1221 -0.0888766433913657
1222 -0.08972321913222148
1223 -0.0849893254090831
1224 -0.07974685278915883
1225 -0.08673545231581037
1226 -0.09329125314550502
1227 -0.09526121214817518
1228 -0.09347984884404026
1229 -0.09260503866355785
1230 -0.09587671574245504
1231 -0.09670435556469337
1232 -0.09359423663571409
1233 -0.08614782280850497
1234 -0.0824211256540367
1235 -0.08830228204501167
1236 -0.08967650991037635
1237 -0.07749237002919218
1238 -0.07609350196218523
1239 -0.08414045310499885
1240 -0.08866524291801747
1241 -0.09067947727019865
1242 -0.08944110777120595
1243 -0.09254169008632374
1244 -0.09959690860090042
1245 -0.10064221509965776
1246 -0.09260480057070553
1247 -0.08937486418523866
1248 -0.09060104015448911
1249 -0.08729087774354705
1250 -0.0872088313405478
1251 -0.09107174721404021
1252 -0.08585727094089046
1253 -0.08491621717444064
1254 -0.09140296514387625
1255 -0.08897403147499816
1256 -0.09228358039113016
1257 -0.09150035322750849
1258 -0.08991761989752844
1259 -0.09643634890298614
1260 -0.09568401309487173
1261 -0.09143341041229014
1262 -0.0967968759036576
1263 -0.08744521089213741
1264 -0.0880415404749475
1265 -0.10221251680704313
1266 -0.09797664231028436
1267 -0.09525047864330449
1268 -0.1006861300965165
1269 -0.10133954205339013
1270 -0.10280451639725874
1271 -0.10304125630150085
1272 -0.10223909321926172
1273 -0.10540035214642729
1274 -0.10338841435747437
1275 -0.1030223203828835
1276 -0.10322502078072693
1277 -0.09624885287666984
1278 -0.09551026141521168
1279 -0.09714030241254146
1280 -0.09403261735589608
1281 -0.09527978771414025
1282 -0.0970576575640375
1283 -0.10114997250739233
1284 -0.10402961773530017
1285 -0.10419384785040431
1286 -0.10342038034419099
1287 -0.09696294144559137
1288 -0.09349588975392475
1289 -0.08975073286654356
1290 -0.09191399296230152
1291 -0.0955390943003428
1292 -0.09502097878969562
1293 -0.09711785799038086
1294 -0.09411153065731004
1295 -0.09538380235359556
1296 -0.09796734378927519
1297 -0.10043937739270836
1298 -0.09822557574426871
1299 -0.09885831713944215
1300 -0.08946016594962347
1301 -0.07765322894985893
1302 -0.07977421060011292
1303 -0.06596160201456613
1304 -0.057621188946099355
1305 -0.059978824766154126
1306 -0.05558618324847098
1307 -0.04813616013397215
1308 -0.0477486963684296
1309 -0.045273276521253125
1310 -0.038323046493594304
1311 -0.03398491616853516
1312 -0.025051697070106904
1313 -0.023472557978111097
1314 -0.027530372278668724
1315 -0.03535844480464856
1316 -0.03969703626610677
1317 -0.03802922421528887
1318 -0.03670300324652509
1319 -0.036128641900170955
1320 -0.03437961998471084
1321 -0.031676499185395834
1322 -0.0286128513854097
1323 -0.03332767188082486
1324 -0.03898065113395699
1325 -0.035696066246760694
1326 -0.030671858748859915
1327 -0.02885996444186989
1328 -0.028840415028442368
1329 -0.03007808529818401
1330 -0.03512579680014882
1331 -0.023248970401768543
1332 -0.0055648466509711225
1333 -0.0047233001319609835
1334 -5.3389956920280035e-05
1335 0.0022299407374829494
1336 0.005627478432491562
1337 0.011093422795706576
1338 0.012447893253402453
1339 0.017721611154738692
1340 0.018472511978991468
1341 0.02437346586795086
1342 0.03928800218991946
1343 0.05020073195418484
1344 0.055346693119149526
1345 0.06166815139157711
1346 0.06702732341570905
1347 0.06800951943008471
1348 0.060777776486914625
1349 0.05607911916118358
1350 0.05426445210526065
1351 0.04910811778807789
1352 0.03975461734972818
1353 0.03483791794552049
1354 0.033433519429952874
1355 0.032866022732274014
1356 0.022946247528264796
1357 0.01615735260697715
1358 0.02153361007359167
1359 0.009735373149331816
1360 0.004853174387921322
1361 0.004099378554935473
1362 -0.002079918622590715
1363 -0.00726753474654418
1364 -0.023915751303340227
1365 -0.030082293030978313
1366 -0.03165962173715464
1367 -0.04117142496403703
1368 -0.04877530504142169
1369 -0.052304493370007865
1370 -0.05967789974632132
1371 -0.06673878601856387
1372 -0.06833602449082021
1373 -0.07167671790461771
1374 -0.075150273892307
1375 -0.07986762904380329
1376 -0.08464519967094819
1377 -0.08927120989843573
1378 -0.091797070514547
1379 -0.09556094027699902
1380 -0.10197108655755438
1381 -0.1092900825249904
1382 -0.12040154304715778
1383 -0.13364513421672286
1384 -0.14315875782112908
1385 -0.14647365066763374
1386 -0.15155817442493014
1387 -0.1506864973460328
1388 -0.14630592709829193
1389 -0.14862495532650177
1390 -0.14661058366521484
1391 -0.13762874417537552
1392 -0.14024098118708062
1393 -0.14333926693897003
1394 -0.1403102570908864
1395 -0.1409579647647351
1396 -0.13875090550517055
1397 -0.13823820461003145
1398 -0.1431870073100613
1399 -0.15046675714983215
1400 -0.14062591029654248
1401 -0.1347268926181593
1402 -0.14086021632845025
1403 -0.14165892248181078
1404 -0.1460262095192948
1405 -0.14177257451887437
1406 -0.13871519292205858
1407 -0.14350916481174025
1408 -0.14876697911229764
1409 -0.1506200156672134
1410 -0.14959027389263602
1411 -0.14857114336312915
1412 -0.14388563193854964
1413 -0.13473026381259678
1414 -0.1363943443163248
1415 -0.149632490771771
1416 -0.15479475241552543
1417 -0.15567209725208853
1418 -0.15446593183266466
1419 -0.1510050606097274
1420 -0.15281162603565035
1421 -0.15198412352251756
1422 -0.15329103317070603
1423 -0.15525266749982947
1424 -0.153500137080826
1425 -0.1463568440529316
1426 -0.14568183926155964
1427 -0.14721305719139555
1428 -0.14899625592235988
1429 -0.16212398422607444
1430 -0.16450155485321916
1431 -0.1600604087771772
1432 -0.16361020610109445
1433 -0.16745685802115584
1434 -0.1691805405057225
1435 -0.16858024128297033
1436 -0.1698435898602043
1437 -0.1711605123079588
1438 -0.17067689744010883
1439 -0.17343985831311448
1440 -0.17713784484225148
1441 -0.17727986862804745
1442 -0.17476921238346355
1443 -0.17197801707083116
1444 -0.1712803297644463
1445 -0.1687856136460002
1446 -0.16940171568578466
1447 -0.16815127491684967
1448 -0.1663509756940974
1449 -0.17024105137600742
1450 -0.17429259947339426
1451 -0.17832553547945706
1452 -0.17083195129400386
1453 -0.1616140711291737
1454 -0.15874769406221712
1455 -0.15744114476668103
1456 -0.15348710701272683
1457 -0.15002913079852265
1458 -0.15419165896778675
1459 -0.15474418938679024
1460 -0.15549194206015204
1461 -0.15848561472708156
1462 -0.16269195710945772
1463 -0.1650786889485063
1464 -0.16779701411934855
1465 -0.1758116238734878
1466 -0.18071854857098169
1467 -0.18319373032530584
1468 -0.18629768383486123
1469 -0.1881037881243851
1470 -0.19025727351342936
1471 -0.18813902452179276
1472 -0.18162183128394316
1473 -0.16876015195530658
1474 -0.16410553188623433
1475 -0.16700461069451777
1476 -0.17183334279590234
1477 -0.16742512150473388
1478 -0.148946059673025
1479 -0.12995932616802275
1480 -0.1040735542082123
1481 -0.07811244813566676
1482 -0.03995574440680494
1483 0.0026853211657064113
1484 0.041823399419892215
1485 0.08128339708290477
1486 0.12364609789079595
1487 0.17235847636143586
1488 0.22030310665819308
1489 0.2759536589358551
1490 0.32710635816536937
1491 0.3771023954222915
1492 0.44085576927651593
1493 0.49926568818919936
1494 0.5482448764305375
1495 0.5965151576832112
1496 0.6438360454465827
1497 0.6796172520679812
1498 0.7074068918029054
1499 0.732781773253396
1500 0.7416253820708988
1501 0.7407450113432447
1502 0.7147082623799762
1503 0.6534338018271654
1504 0.5719803240056903
1505 0.47474304161467307
1506 0.3644886570659144
1507 0.2509440198722931
1508 0.14623317027239713
1509 0.0438382257908303
1510 -0.05495823940903899
1511 -0.12956465887720603
1512 -0.20052481521062138
1513 -0.2684488339134156
1514 -0.32571208860376716
1515 -0.3711122461930888
1516 -0.3987737373712312
1517 -0.4195344138685228
1518 -0.4398978126761806
1519 -0.49462096117705023
1520 -0.5611393357603943
1521 -0.5882857601641804
1522 -0.6045243252403878
1523 -0.6141779077334658
1524 -0.6187775189481561
1525 -0.6326942794822639
1526 -0.6384383655665522
1527 -0.627395344409834
1528 -0.6112731675942644
1529 -0.5811998669108952
1530 -0.5508298338911819
1531 -0.5235298521837313
1532 -0.4959511517857561
1533 -0.4721331729993419
1534 -0.4496480567868199
1535 -0.4266988600705698
1536 -0.39865607916886653
1537 -0.3666252360561161
1538 -0.33539655602560486
1539 -0.3048212879519672
1540 -0.28016710657691557
1541 -0.25613483230842
1542 -0.23046008542000007
1543 -0.20735896795144032
1544 -0.18622818488750859
1545 -0.1701154439020537
1546 -0.15482936889137477
1547 -0.13829239197536192
1548 -0.12941706169074296
1549 -0.11797704015462085
1550 -0.1058229300495771
1551 -0.09802718386296616
1552 -0.08868068538239715
1553 -0.08178425226880537
1554 -0.07530496739354986
1555 -0.07116570513549758
1556 -0.06546264546608282
1557 -0.061471212060598246
1558 -0.06422836786683239
1559 -0.0633343836748802
1560 -0.06417118470902217
1561 -0.06330010607562953
1562 -0.05675711227048752
1563 -0.05206158804634198
1564 -0.04870846300995002
1565 -0.04773313164424975
1566 -0.045064648796837914
1567 -0.04279689787591978
1568 -0.04572782041111989
1569 -0.04617029303104414
1570 -0.03970910753604917
1571 -0.0337191052863095
1572 -0.029851458977254608
1573 -0.02547172526787067
1574 -0.023678052600941246
1575 -0.02336239939528517
1576 -0.024145626558907063
1577 -0.02259509730849585
1578 -0.019557625477759855
1579 -0.016308377771717897
1580 -0.011249193445315164
1581 -0.012238391417471406
1582 -0.010793189530577063
1583 -0.00031136234300821464
1584 0.002985892259634859
1585 -0.008045793381751265
1586 -0.012033617499946025
1587 -0.00594119794472836
1588 -0.006961864241843307
1589 -0.0016065761232122444
1590 0.0019963339348262332
1591 0.0057568325028406475
1592 0.012460786012396086
1593 0.01388439506479211
1594 0.017746236307075502
1595 0.018769949971334632
1596 0.01506242682833614
1597 0.010369812662228917
1598 0.012470200366457518
1599 0.015479199664714338
1600 0.01887047115655227
1601 0.025031430860965598
1602 0.02275392028263956
1603 0.025052800651917062
1604 0.026834640141756627
1605 0.022157590699829477
1606 0.0186710046440407
1607 0.02098606323230845
1608 0.02584604061510487
1609 0.02659730179200992
1610 0.027073676609226993
1611 0.027547531819668736
1612 0.031163334636700846
1613 0.030922863185369076
1614 0.0337647373597888
1615 0.037453187275064304
1616 0.03661301504648473
1617 0.03611116348926846
1618 0.03229335950364387
1619 0.029659752700987196
1620 0.03142228087025134
1621 0.0304936587263962
1622 0.0307808393995731
1623 0.033335770993668024
1624 0.03428576292847485
1625 0.03763262176169602
1626 0.04395154537804291
1627 0.0455113731494633
1628 0.042997821896146315
1629 0.038978016741929467
1630 0.035428695603716864
1631 0.038899341533367604
1632 0.04229374612679093
1633 0.047219368650050164
1634 0.05332942644912941
1635 0.058289925017143696
1636 0.06273276921090964
1637 0.06446333139345706
1638 0.06378749006372852
1639 0.06347750461573842
1640 0.06798032619230088
1641 0.07669611670706233
1642 0.0785684645825534
1643 0.07534082476031512
1644 0.07275149330716957
1645 0.0725118583941946
1646 0.07469092130698474
1647 0.07412839313772057
1648 0.07575759759669354
1649 0.07939247364144852
1650 0.07967652121304036
1651 0.07844164516828522
1652 0.07688845900199326
1653 0.07551179726429458
1654 0.07392266042203832
1655 0.07920581415348937
1656 0.08758711632772409
1657 0.08536631272150375
1658 0.0847849494173688
1659 0.0884989768563903
1660 0.09068071173436665
1661 0.09503800102159021
1662 0.09819590380362353
1663 0.10096223587106701
1664 0.09968585722573364
1665 0.10191162936036902
1666 0.11049517079604843
1667 0.11375068470526117
1668 0.11158972117273169
1669 0.11458652694124627
1670 0.12090255554885998
1671 0.12314099739894213
1672 0.12413502659040765
1673 0.12702155151629635
1674 0.1307920478345712
1675 0.12941781996920632
1676 0.1320009860029281
1677 0.13456834921961758
1678 0.1339871232245884
1679 0.13631471421919716
1680 0.13511122076495963
1681 0.1390482437615671
1682 0.15004048527275127
1683 0.15998742028517798
1684 0.1638359933665099
1685 0.16255358661085828
1686 0.16473602071808602
1687 0.16395943515959288
1688 0.16473566036543374
1689 0.1684172456320342
1690 0.17760024975210909
1691 0.18335688329204425
1692 0.18238035503533456
1693 0.18329570901823833
1694 0.1885917705579886
1695 0.19398833823365103
1696 0.19417730933414412
1697 0.19749290140990017
1698 0.20161973204535788
1699 0.20978506566079758
1700 0.22233073143112592
1701 0.2301017366323478
1702 0.23250137627969536
1703 0.23113678581193897
1704 0.23213456159979984
1705 0.23994379899090879
1706 0.2450147157106548
1707 0.2504492925326577
1708 0.25094811177203524
1709 0.24704766293790692
1710 0.25041429422810246
1711 0.2531585572753431
1712 0.25400429647784195
1713 0.2568590784605608
1714 0.25887971632501827
1715 0.2611403645044088
1716 0.26743731988429964
1717 0.26849132645856166
1718 0.2691354398944259
1719 0.2733549131286479
1720 0.26847226828014403
1721 0.2700288256408736
1722 0.2761901607472448
1723 0.27848857998012344
1724 0.28144073499716915
1725 0.2819681640781313
1726 0.28317129717971656
1727 0.2822555828441605
1728 0.28253322690347604
1729 0.2842479862689914
1730 0.28831809488303783
1731 0.29040535173542037
1732 0.29421988531035415
1733 0.2928174230053626
1734 0.29541325875453117
1735 0.29816378800494225
1736 0.2981315839253734
1737 0.30323143431399735
1738 0.30611772114703373
1739 0.30639223210476374
1740 0.30506601113600007
1741 0.302561996496545
1742 0.3023061833645798
1743 0.30235349103192954
1744 0.3042831443250308
1745 0.3026919490123984
1746 0.29781266030902664
1747 0.2952675034216453
1748 0.2991397178161469
1749 0.29799015858508227
1750 0.2946200187913435
1751 0.29507226611798154
1752 0.29516758068193216
1753 0.2878820257753898
1754 0.284654984398656
1755 0.28486408830877596
1756 0.28247651993137035
1757 0.2823247214388609
1758 0.28318083379357817
1759 0.2826502716110306
1760 0.27838722225654877
1761 0.27427329942939027
1762 0.2664991611265829
1763 0.25650481766305977
1764 0.2515858216956236
1765 0.244677332361395
1766 0.235772332653288
1767 0.2282159983361054
1768 0.22518201995960696
1769 0.22132656718029442
1770 0.21525138542597022
1771 0.21005377155175597
1772 0.2020706666479346
1773 0.20201164806329497
1774 0.19600620334917562
1775 0.1806942055114038
1776 0.16889445698760797
1777 0.15587217830721023
1778 0.1510949680327177
1779 0.1490242497519776
1780 0.1419095515163622
1781 0.13559435944710518
1782 0.13046649766240126
1783 0.12474426398151695
1784 0.12390842174553185
1785 0.11919793124271083
1786 0.10387579834557303
1787 0.09622461060083853
1788 0.0968572512122654
1789 0.09688271290295902
1790 0.09119208485613906
1791 0.08366132806270221
1792 0.07696096879113112
1793 0.06879806904802543
1794 0.06824589898167399
1795 0.06572354686910598
1796 0.05976467406772612
1797 0.051674284113758184
1798 0.0488739125399168
1799 0.047153723509587575
1800 0.040108401961524764
1801 0.03277300473155176
1802 0.02935096414400651
1803 0.02192398389717265
1804 0.014692839399507274
1805 0.01198054233898349
1806 0.007720763395192454
1807 0.00830258783572635
1808 0.0013586240112380965
1809 -0.007748838001860325
1810 -0.008486592924961789
1811 -0.011707230789419376
1812 -0.016330944453678442
1813 -0.014180115980515051
1814 -0.010415885865410757
1815 -0.009557715040317438
1816 -0.007148178426455876
1817 -0.0065856502571916
1818 -0.012866802820050371
1819 -0.017527450999440863
1820 -0.020157326255007546
1821 -0.02473579072229315
1822 -0.0282313149464386
1823 -0.03325225203364868
1824 -0.03241521290665428
1825 -0.029781844196849927
1826 -0.027928432239976098
1827 -0.02360518245915122
1828 -0.02820004818897326
1829 -0.03155644363605614
1830 -0.035095767024008406
1831 -0.04113377617034886
1832 -0.03928943969093768
1833 -0.036769246832492275
1834 -0.03511180793389257
1835 -0.03460369017350584
1836 -0.033315240258230294
1837 -0.03235174206961999
1838 -0.03460345208065363
1839 -0.036583784235542316
1840 -0.03302782149220107
1841 -0.029380513824851406
1842 -0.030296466253259657
1843 -0.03191650950032887
1844 -0.03593617734544019
1845 -0.037129312696765004
1846 -0.04131321065698046
1847 -0.0451281196338722
1848 -0.04426887417756942
1849 -0.04191001642549519
1850 -0.04151217950773445
1851 -0.040227000003149604
1852 -0.0417939305160977
1853 -0.03821576144344818
1854 -0.03394898054187634
1855 -0.03999048314245446
1856 -0.03941625910520585
1857 -0.03353653769809262
1858 -0.023197808927528873
1859 -0.017955934753109082
1860 -0.024265920201099078
1861 -0.027189739994771256
1862 -0.027634509177923983
1863 -0.027350699699184577
1864 -0.023832746102184
1865 -0.022673650257257427
1866 -0.025967771758315328
1867 -0.02733802998373769
1868 -0.025547267374847138
1869 -0.027745266206254504
1870 -0.027176709926672205
1871 -0.02988923003074273
1872 -0.03284802665291697
1873 -0.0340411620042419
1874 -0.039323940333734875
1875 -0.042232433496079747
1876 -0.04326820338097548
1877 -0.03855024978397481
1878 -0.035698838995693705
1879 -0.03609087084668283
1880 -0.03454987821013322
1881 -0.032794214689544354
1882 -0.029914569461636398
1883 -0.027312330200191748
1884 -0.02723028379719261
1885 -0.030397946236634277
1886 -0.029342865031163345
1887 -0.02688929116064287
1888 -0.02719913929952711
1889 -0.02256336941463144
1890 -0.02324884814196837
1891 -0.023482454944624975
1892 -0.02425881745957159
1893 -0.030230583019944857
1894 -0.030956504765956128
1895 -0.030277292241789877
1896 -0.03239348276305043
1897 -0.030656294024680064
1898 -0.03228549848365292
1899 -0.03710770481296122
1900 -0.03760955637017749
1901 -0.037508674832307354
1902 -0.035231863483232595
1903 -0.03352290918448886
1904 -0.03946306911079789
1905 -0.044228568468000495
1906 -0.0411047051923652
1907 -0.037207987905326645
1908 -0.036937446587538836
1909 -0.031607122497843476
1910 -0.026750040123780017
1911 -0.02886285945060285
1912 -0.03269973666395043
1913 -0.03545292283024237
1914 -0.03457497954817468
1915 -0.0341491462836393
1916 -0.03085526287543383
1917 -0.03043475849196553
1918 -0.03876224870282785
1919 -0.04281716799465218
1920 -0.041003823654495175
1921 -0.03689510744860358
1922 -0.041105181378069844
1923 -0.043423134975070554
1924 -0.040422597659465986
1925 -0.04115875524859014
1926 -0.040009434110377495
1927 -0.039317551870764245
1928 -0.043192062828494526
1929 -0.04627081421626178
1930 -0.04985814450081494
1931 -0.04761597110364302
1932 -0.04391508956577295
1933 -0.04349215130997053
1934 -0.0428193422980806
1935 -0.04772335693753593
1936 -0.05058430433967864
1937 -0.050871485012855766
1938 -0.04963684706095273
1939 -0.047394673663780806
1940 -0.04851576036236682
1941 -0.05087172310570787
1942 -0.05115890377888499
1943 -0.05040391105489006
1944 -0.05186285728844042
1945 -0.054584914006372554
1946 -0.05638148168203494
1947 -0.05808959944242187
1948 -0.05962432587580091
1949 -0.060877899746321185
1950 -0.05981702852338411
1951 -0.0596179223635247
1952 -0.05753684597987152
1953 -0.06056561773510283
1954 -0.05962456396865301
1955 -0.05793141248694156
1956 -0.061727010143257766
1957 -0.0656114331168074
1958 -0.06787254243259677
1959 -0.06260786348336411
1960 -0.061631933672159356
1961 -0.06723447215635636
1962 -0.06879116682619135
1963 -0.06774235182389077
1964 -0.06526367661532917
1965 -0.06486294468883524
1966 -0.06393745564656539
1967 -0.06553818757305929
1968 -0.07021523701498655
1969 -0.07033192136988875
1970 -0.06673505447147388
1971 -0.06492918827480243
1972 -0.06259543186076955
1973 -0.06398789641550062
1974 -0.06868051058160751
1975 -0.06888251175019988
1976 -0.06719332990843052
1977 -0.062115548540009224
1978 -0.05854378297963603
1979 -0.06270004494572956
1980 -0.06496442467220975
1981 -0.06192924940470235
1982 -0.06103536599649695
1983 -0.06381763819007791
1984 -0.06912262284887949
1985 -0.07139883575244987
1986 -0.07416179662545541
1987 -0.07512529481406582
1988 -0.07138640412985531
1989 -0.067571733245816
1990 -0.06737613558949973
1991 -0.06991502627371027
1992 -0.07271575820020437
1993 -0.07421247548724275
1994 -0.07417470443375462
1995 -0.07188209026764758
1996 -0.07091883017188949
1997 -0.07364088688982173
1998 -0.0777583031712179
1999 -0.08047409368597946
2000 -0.08123559070599728
2001 -0.07450242890935299
2002 -0.07224445269514856
2003 -0.07958417991771605
2004 -0.07876621401844486
2005 -0.07553193259107804
2006 -0.07454043805569333
2007 -0.07818485071431014
2008 -0.0820562285704548
2009 -0.0816483939024335
2010 -0.08283885728857199
2011 -0.08270347510790454
2012 -0.08135480971698028
2013 -0.07892633718450126
2014 -0.08028476223283387
2015 -0.07715570738523725
2016 -0.07077367328450845
2017 -0.0679789694683327
2018 -0.06928649261133135
2019 -0.07523268064795874
2020 -0.07598080872327839
2021 -0.07619534229821212
2022 -0.07516583861648696
2023 -0.0752133843766889
2024 -0.07737024096017076
2025 -0.07553833610335425
2026 -0.07760071466124197
2027 -0.07755027389230706
2028 -0.07457507600759616
2029 -0.07783745456548419
2030 -0.07920168468058841
2031 -0.0784308891395612
2032 -0.079545572325871
2033 -0.07868983537311158
2034 -0.08088470110293389
2035 -0.08023082800966119
2036 -0.08094721314181108
2037 -0.08602836570466976
2038 -0.08908804386471403
2039 -0.08972551569544995
2040 -0.09085951020233496
2041 -0.08974155660533434
2042 -0.08778343077975415
2043 -0.09118783312343792
2044 -0.09277300032575209
2045 -0.0932937878015857
2046 -0.09479677129179476
2047 -0.09540287558131877
2048 -0.09896197142624519
2049 -0.09928716124576276
2050 -0.09751509646263712
2051 -0.09986152259211667
2052 -0.10216391146493753
2053 -0.10114997250739222
2054 -0.0989613729807407
2055 -0.09988686202301034
2056 -0.10085012211876854
2057 -0.0995585391019077
2058 -0.09797337189959354
2059 -0.09537777424327731
2060 -0.09506838724079181
2061 -0.09516950687151426
2062 -0.09661867839835081
2063 -0.0981785061697713
2064 -0.10044601899783712
2065 -0.09918290851345501
2066 -0.09561427605466688
2067 -0.09510615829428015
2068 -0.0956782230774057
2069 -0.09319266817086325
2070 -0.0907264245848961
2071 -0.09237516340799101
2072 -0.09003514079078756
2073 -0.08954572085616586
2074 -0.087916516397193
2075 -0.0852955793099831
2076 -0.08491041210766914
2077 -0.08392821609329348
2078 -0.08617328449919859
2079 -0.08707983762285099
2080 -0.08515391587683951
2081 -0.07867076214538848
2082 -0.07349513155693588
2083 -0.07606622632071536
2084 -0.07599661154031068
2085 -0.07464167994621573
2086 -0.07368215139754763
2087 -0.06819400070502435
2088 -0.06344466451750619
2089 -0.0595707520052805
2090 -0.055459724186855075
2091 -0.04711992461319836
2092 -0.04175532292425255
2093 -0.0374202249170319
2094 -0.029949207413539347
2095 -0.024357265125107608
2096 -0.016144162705919007
2097 -0.012986259923885468
2098 -0.014113750134747693
2099 -0.018973727517544114
2100 -0.020798529632833462
2101 -0.020274010609909743
2102 -0.022468876339731936
2103 -0.021433106454836204
2104 -0.021073040590563696
2105 -0.01931134895965636
2106 -0.01620099193782476
2107 -0.012017093977609306
2108 -0.010106736955777573
2109 -0.008629092896462187
2110 -0.009507036178529993
2111 -0.008644657620642149
2112 -0.00988242867413025
2113 -0.011812081967231602
2114 -0.008979744406673262
2115 -0.0044167073544620905
2116 0.0023503566394752484
2117 0.004013838697698557
2118 0.007739699313810022
2119 0.014750144817117672
2120 0.01904410057641226
2121 0.02549491291918915
2122 0.03290319534025776
2123 0.03815424577588655
2124 0.04160499698876319
2125 0.049839945384607676
2126 0.061858197123279446
2127 0.07380645867958846
2128 0.08063641011436073
2129 0.08489305595656638
2130 0.08103061626877828
2131 0.08081281228315385
2132 0.08248062433397185
2133 0.0796480486805613
2134 0.07598202813814103
2135 0.06865640561488184
2136 0.06216118061348852
2137 0.05597220951299531
2138 0.052233679181436954
2139 0.0497711671425598
2140 0.0455397234221423
2141 0.04182882908470609
2142 0.04364820153518145
2143 0.04632331093841624
2144 0.040234622930288566
2145 0.035409506542941505
2146 0.03102747627032898
2147 0.023970321545176088
2148 0.012337237008818613
2149 0.0026496085825943316
2150 -0.004726094356947486
2151 -0.011849492668067452
2152 -0.0207196163314195
2153 -0.027113959794942577
2154 -0.030021479109825
2155 -0.03371597218472433
2156 -0.040300108237792065
2157 -0.04168594623669997
2158 -0.04492238691818973
2159 -0.04820324025829614
2160 -0.0515091949364439
2161 -0.055639757118991384
2162 -0.0567195793098515
2163 -0.058430231726319226
2164 -0.06635616852163606
2165 -0.08023455955675107
2166 -0.08832991803913359
2167 -0.09814049702343075
2168 -0.108434690875578
2169 -0.11297179005139091
2170 -0.11855465686236022
2171 -0.1192399125461504
2172 -0.11830488689001928
2173 -0.11804304564773582
2174 -0.11749691874100832
2175 -0.11456346154972785
2176 -0.11132375045754728
2177 -0.1070765039200976
2178 -0.1049896224696727
2179 -0.10403009392100471
2180 -0.09933724166204538
2181 -0.09921078260042937
2182 -0.10258068430131595
2183 -0.10398895167307887
2184 -0.10229580019136741
2185 -0.10374207670947089
2186 -0.10728536973736524
2187 -0.10750317372298979
2188 -0.1062305266247463
2189 -0.1038463294417784
2190 -0.10379275557125811
2191 -0.106126511985291
2192 -0.10663149664409244
2193 -0.10813134703271632
2194 -0.10956495383537301
2195 -0.10989968026875208
2196 -0.11115638724085775
2197 -0.1104331374600327
2198 -0.11277002697565075
2199 -0.11315832727955011
2200 -0.11358753173852298
2201 -0.11601287116941661
2202 -0.11629691874100834
2203 -0.11629691874100834
2204 -0.1160255408848635
2205 -0.11366644503993706
2206 -0.11339193408220671
2207 -0.11425431264009467
2208 -0.11234976068503488
2209 -0.11384961107365865
2210 -0.11770542420562369
2211 -0.11956510236566786
2212 -0.1211565357711527
2213 -0.12153529946119046
2214 -0.12184468646367563
2215 -0.12404908880735965
2216 -0.12308269561001628
2217 -0.12209409608336463
2218 -0.12331943551425828
2219 -0.12474990921532969
2220 -0.1261708463025395
2221 -0.12648336640661018
2222 -0.12675787736434052
2223 -0.12799275340909566
2224 -0.1290380599078529
2225 -0.12685899699506276
2226 -0.126653862724885
2227 -0.12666653244033188
2228 -0.12693791029647672
2229 -0.12930967585684994
2230 -0.12966310011599425
2231 -0.12905966779165667
2232 -0.1325429834367544
2233 -0.133032403371376
2234 -0.13346763594066724
2235 -0.13480363161614484
2236 -0.13680266159679866
2237 -0.13330378122752085
2238 -0.1315923930564432
2239 -0.12929664578875089
2240 -0.13074268421400204
2241 -0.13554908772627827
2242 -0.13694155228100924
2243 -0.13454468538259434
2244 -0.13173441684223908
2245 -0.12917972334099648
2246 -0.13014298343675434
2247 -0.1323062435325124
2248 -0.1312609370337552
2249 -0.13010521238326622
2250 -0.1294798118224726
2251 -0.13295626281889505
2252 -0.14139983893915486
2253 -0.14888342537434762
2254 -0.1542546536191164
2255 -0.15198424578231773
2256 -0.1465054943945503
2257 -0.1407206264149885
2258 -0.13802426948060242
2259 -0.13489846999439103
2260 -0.12639166755669728
2261 -0.1128963702042145
2262 -0.09360002665318023
2263 -0.06917198898660537
2264 -0.04963962623663376
2265 -0.023880896734638335
2266 0.015112623077670917
2267 0.06455515250317012
2268 0.11138905420425405
2269 0.15148676179085485
2270 0.18963611825858884
2271 0.23713957361017735
2272 0.29033028581414844
2273 0.34286567489167996
2274 0.39741230252891324
2275 0.460177452258444
2276 0.5170116032735695
2277 0.5608341118943777
2278 0.6136511146711671
2279 0.6705206393928053
2280 0.722687760192318
2281 0.7603982597541649
2282 0.787319355511778
2283 0.8106445281198275
2284 0.822406627849935
2285 0.8210619385257006
2286 0.7887911065740708
2287 0.726166520605464
2288 0.6352183550982003
2289 0.5212028885852283
2290 0.40601394334485363
2291 0.29240425945627413
2292 0.17969099363198138
2293 0.07099642180533738
2294 -0.032201146894867416
2295 -0.11415876641003952
2296 -0.19027501896778543
2297 -0.262714528962589
2298 -0.3233444149431361
2299 -0.3631362440307947
2300 -0.3873554245026594
2301 -0.409925100298208
2302 -0.43892575172117126
2303 -0.500659330676043
2304 -0.5581327703344714
2305 -0.5863404048377937
2306 -0.6060493928001053
2307 -0.6234988437395943
2308 -0.6409001569001248
2309 -0.6562120539541498
2310 -0.6605008030921776
2311 -0.6441402283449578
2312 -0.6205144695936743
2313 -0.5995583905808118
2314 -0.5762396064357331
2315 -0.5516606068150056
2316 -0.527814631681817
2317 -0.5017640161120922
2318 -0.47636124552532183
2319 -0.4512274189223623
2320 -0.4182961881053835
2321 -0.38612621621557025
2322 -0.3583841222408477
2323 -0.3302592949361451
2324 -0.3036501208370985
2325 -0.27860414570390984
2326 -0.25438834504904023
2327 -0.23426799243911078
2328 -0.21721395959435402
2329 -0.2028629102398064
2330 -0.1869198290342695
2331 -0.1723694504763157
2332 -0.16123614397749275
2333 -0.14842875922468102
2334 -0.13689075115942184
2335 -0.12670454158667244
2336 -0.11703911948975643
2337 -0.10916072845464153
2338 -0.10430111142449727
2339 -0.10337622082773201
2340 -0.10306370072366144
2341 -0.10219178555191188
2342 -0.10376741614036433
2343 -0.10755988069509537
2344 -0.10902523044092194
2345 -0.10881345456561564
2346 -0.1041019044808913
2347 -0.10421302186187409
2348 -0.10139648711834803
2349 -0.09793186929901543
2350 -0.09995310560897752
2351 -0.1021356770253109
2352 -0.10112776617808394
2353 -0.09805809026777901
2354 -0.10204058550490691
2355 -0.10075540600032229
2356 -0.09782797691936007
2357 -0.09432642458489604
2358 -0.08865534595150348
2359 -0.08523849693591956
2360 -0.08217895608498105
2361 -0.08316488364644625
2362 -0.07714267731713798
2363 -0.07362761872887036
2364 -0.0779543770132386
2365 -0.08058147951987249
2366 -0.08056857171157328
2367 -0.07843438259379887
2368 -0.07142730828492883
2369 -0.06422150321815723
2370 -0.061411833123306336
2371 -0.05731928008709919
2372 -0.0560559315098651
2373 -0.05944453103651681
2374 -0.06097901937704353
2375 -0.06118728674880658
2376 -0.06102016162496926
2377 -0.05881889238287086
2378 -0.05886933315180587
2379 -0.06197075200528057
2380 -0.06067916898841963
2381 -0.056943173312942186
2382 -0.055093031766759504
2383 -0.05429773333319554
2384 -0.051537667468922965
2385 -0.04890406066626618
2386 -0.04950749299060375
2387 -0.04831702960446538
2388 -0.04825681412881644
2389 -0.048253681027231154
2390 -0.04908758705264005
2391 -0.047578200050154784
2392 -0.0438770804194325
2393 -0.043267843028323205
2394 -0.04275659216635108
2395 -0.041142952431557966
2396 -0.03839555628273217
2397 -0.036608525220931276
2398 -0.035765681027165486
2399 -0.03182782149220109
2400 -0.029863890599849174
2401 -0.028001079338219603
2402 -0.02535480282011615
2403 -0.025058085533077645
2404 -0.025212779034320287
2405 -0.026712391330091956
2406 -0.0291314645578149
2407 -0.029968503684809078
2408 -0.025225210656914743
2409 -0.0224527131700476
2410 -0.023078351823693555
2411 -0.02295829627435375
2412 -0.022712019756250257
2413 -0.02122797218465866
2414 -0.0186888434075958
2415 -0.018215601691964012
2416 -0.018717914385579237
2417 -0.014176622526277383
2418 -0.014678935219892608
2419 -0.014218363219707708
2420 -0.011707468882271588
2421 -0.010116035476786855
2422 -0.010299799956013156
2423 -0.00614413643542433
2424 -0.0009336298022165623
2425 -0.00012879475479110614
2426 0.00017418873541807933
2427 0.0002502070280989699
2428 0.00038269420003334
2429 0.0007174206334121802
2430 0.00324990780534673
2431 0.0038940212412109654
2432 0.006571665300526552
2433 0.0072440131760176385
2434 0.00975780252218661
2435 0.010973605339218984
2436 0.008036416600848528
2437 0.010231282330670721
2438 0.011608182161221836
2439 0.011958473318780749
2440 0.013212285282153347
2441 0.012649995205741615
2442 0.01468330278564589
2443 0.020414596894687387
2444 0.02642993857532039
2445 0.031197972588603906
2446 0.033635383289439824
2447 0.03604432145779646
2448 0.04150110460910783
2449 0.045669437845143546
2450 0.04534364958012149
2451 0.045747752701053024
2452 0.04814485769231991
2453 0.04861207129763334
2454 0.04927801566084833
2455 0.052337931913744584
2456 0.0567427669611702
2457 0.060149841270040194
2458 0.06420751826149207
2459 0.06387570188615166
2460 0.06540402480725438
2461 0.06708390812801457
2462 0.06896892571895252
2463 0.07289411553847014
2464 0.07373695973223593
2465 0.07556199994037727
2466 0.07854613599344507
2467 0.08077190812808033
2468 0.08510760458080557
2469 0.08933264478894687
2470 0.08941736315713245
2471 0.09352571901037154
2472 0.09681924206592485
2473 0.09933219487373712
2474 0.10493413491242942
2475 0.10934874466656874
2476 0.11049457235054394
2477 0.1127237156796167
2478 0.11741283639148614
2479 0.12342817807211925
2480 0.12922571576712794
2481 0.13142638656372174
2482 0.13213034007327717
2483 0.13370620875458195
2484 0.13543966594586243
2485 0.13742893626910813
2486 0.1416666461926962
2487 0.14415136456088185
2488 0.14880247612641073
2489 0.15435084229458274
2490 0.15653884337572976
2491 0.15746373397249502
2492 0.16043520031011616
2493 0.16353288761650076
2494 0.1665674644385038
2495 0.16848408766350598
2496 0.16955100204606688
2497 0.16724088790667502
2498 0.13751919380783317
2499 0.058285062408354515
2500 -0.5807025670989511
2501 -0.6629710372275806
2502 -0.6982535291171889
