0
1
2506
-3 -1.0
-2 -0.9690727947273353
-1 -0.8965140482442909
0 -0.3361893120125645
1 -0.2555110224466398
2 -0.21347269953449244
3 -0.20813298083311105
4 -0.20416775329251102
5 -0.19911035806300137
6 -0.19577039811557906
7 -0.19688137820580864
8 -0.19957632826703953
9 -0.1983987005518546
10 -0.19696312785912728
11 -0.1977223070702515
12 -0.19546194361764757
13 -0.1901355518775405
14 -0.18490255109314901
15 -0.18068222293293634
16 -0.18741383984656212
17 -0.190608988065172
18 -0.1870058717452011
19 -0.18871999772351156
20 -0.18475460012173572
21 -0.17437741312068578
22 -0.17505528898535194
23 -0.17368426075118149
24 -0.15650220924298375
25 -0.1447770003668738
26 -0.147265702469343
27 -0.1486579553795906
28 -0.15005362377812315
29 -0.14820812328011856
30 -0.1446022874257129
31 -0.13884071930763686
32 -0.14116041582379169
33 -0.1457643747653813
34 -0.13800861398635544
35 -0.13037819888881252
36 -0.12136409681748606
37 -0.11775870726994075
38 -0.11220157882889914
39 -0.10846632815871526
40 -0.10662411832550067
41 -0.1087329452572302
42 -0.10798585365536373
43 -0.09940456092492944
44 -0.100742968412317
45 -0.09744232298974664
46 -0.09455548580658657
47 -0.09709410766010262
48 -0.09744202810507563
49 -0.09894395353808694
50 -0.09902987851020906
51 -0.09668284889395129
52 -0.10060996804707767
53 -0.10057470401753388
54 -0.09747311681581594
55 -0.09628859424739289
56 -0.08995659479752127
57 -0.08750851954179095
58 -0.08660556467805691
59 -0.08345690208322187
60 -0.08286255313960855
61 -0.08215119051313291
62 -0.07881123056571082
63 -0.07568602063684593
64 -0.07555302027160671
65 -0.07923012537663154
66 -0.07744275180479887
67 -0.07037473092510238
68 -0.07100508508979086
69 -0.0731527616005253
70 -0.0690144779783024
71 -0.06852562623864966
72 -0.06709827936003421
73 -0.06849036220910576
74 -0.06979293453659374
75 -0.06922996918839175
76 -0.06429422790639516
77 -0.059260750288703146
78 -0.05831072003185189
79 -0.057548401578126684
80 -0.05530761035736065
81 -0.050469605411059604
82 -0.04734051504806258
83 -0.04972656430450151
84 -0.05190174397651459
85 -0.04711439997279199
86 -0.03961253367600026
87 -0.04003172337159233
88 -0.04198392721093591
89 -0.03741538372107933
90 -0.03366085570372879
91 -0.03101372222714671
92 -0.027126193844556834
93 -0.023140929126271748
94 -0.02009103894333486
95 -0.014220959202192573
96 -0.005960654885808103
97 -0.0032821378138144786
98 -0.003736296654279214
99 -0.0007635344989969095
100 -0.0002512300933734668
101 0.0004915161285135028
102 0.004156068678433655
103 0.00821920261590492
104 0.013475656066266772
105 0.017014969119212298
106 0.015184124342710659
107 0.018289591978560837
108 0.020429061314170438
109 0.022947369744316992
110 0.02720985678731158
111 0.03318589867826116
112 0.04179753892790372
113 0.04397887226162389
114 0.05166081431677183
115 0.05351049013358011
116 0.04624672033680843
117 0.05399558626259582
118 0.053514389206699375
119 0.053611089466191864
120 0.06304467611778186
121 0.06780036028040892
122 0.07472236329391446
123 0.07519507692900151
124 0.08076789716774879
125 0.08771786828838057
126 0.0917966940235575
127 0.0938968488343146
128 0.09309088911474417
129 0.09365385446294616
130 0.0981243667324363
131 0.09978262037316243
132 0.09826529802711637
133 0.09535154745201968
134 0.09342684677395474
135 0.10169073663980055
136 0.11199247907142773
137 0.11824139790710708
138 0.12009079747823104
139 0.1253902758264014
140 0.1284013164303337
141 0.13411118752962858
142 0.1410846113162305
143 0.1431448804717801
144 0.14927708050926802
145 0.15847560371893032
146 0.16563182279832334
147 0.17652386367825512
148 0.18464249550842826
149 0.18868173047306858
150 0.1985651492241305
151 0.20196325473671162
152 0.205251812550024
153 0.21357053867725173
154 0.2169102223789896
155 0.22368382811422127
156 0.22522432688055338
157 0.22903339627461472
158 0.23377784020402403
159 0.23324163682556986
160 0.23394118808847186
161 0.23738711018570213
162 0.24213513966457256
163 0.24194744650043343
164 0.24512628655330126
165 0.2514566787966144
166 0.27255317207933905
167 0.28867848998934664
168 0.2811791918048001
169 0.2795992270914267
170 0.28065625557428797
171 0.28113688149982896
172 0.2844179546905614
173 0.2862991841639566
174 0.2876252091574154
175 0.28478574225204323
176 0.28220422032421366
177 0.28548170796548455
178 0.2907692501265864
179 0.296044980924115
180 0.298144840850201
181 0.29691296664297684
182 0.2963891457584511
183 0.2922197734254879
184 0.293483031228124
185 0.2962875289886233
186 0.2963656930924805
187 0.29477379219203903
188 0.29194613665023983
189 0.29332282258627695
190 0.2951412848688497
191 0.29804351896504455
192 0.2978558071619186
193 0.29233290667421774
194 0.2931744253080031
195 0.2945161420991673
196 0.29273566338057266
197 0.298790145621064
198 0.3033858973875285
199 0.30097998101458057
200 0.29901670700319527
201 0.2965140903707544
202 0.2921574525415258
203 0.28578329420887205
204 0.2765771349544397
205 0.26684628880045524
206 0.26715563591210767
207 0.27066835705648207
208 0.26870090772629296
209 0.262103032369438
210 0.2564477026468537
211 0.2521617629378887
212 0.2512983988446911
213 0.24112982683947903
214 0.23090624851170904
215 0.22766476609151387
216 0.22641764639344397
217 0.22389081726451443
218 0.2181068325566704
219 0.21250319985286703
220 0.1987991952288417
221 0.18891634760813547
222 0.1832033372662396
223 0.17623065467116894
224 0.1662029953216504
225 0.15314474177534865
226 0.14355584435326008
227 0.1302200735975776
228 0.11945354846030432
229 0.10763898048479992
230 0.09837872616051757
231 0.08786656045132535
232 0.07387293236967518
233 0.06778061798739499
234 0.06066700409764425
235 0.04946218197878771
236 0.04124638494327515
237 0.02520385276278847
238 0.01207490109622289
239 0.0062212543443180834
240 0.000167218410687342
241 -0.00419794011732455
242 -0.007791053355449384
243 -0.013859915071759321
244 -0.03314570694017538
245 -0.04332146868329656
246 -0.045060284478949386
247 -0.05378206219720283
248 -0.060129477199096115
249 -0.066440868340927
250 -0.07342222305696977
251 -0.07687949157192586
252 -0.07322630407871866
253 -0.07321866803394894
254 -0.07407096195510476
255 -0.07963214089145498
256 -0.08917139480818093
257 -0.09082890725737536
258 -0.09211922191442978
259 -0.0973873166671888
260 -0.10073058591838813
261 -0.11035188437310384
262 -0.11451304953094166
263 -0.11333109507476424
264 -0.11868123436551303
265 -0.12471974856261414
266 -0.13345274787509864
267 -0.13803565220178726
268 -0.14054261421420788
269 -0.14465368955982272
270 -0.13859458569366756
271 -0.14054992877561223
272 -0.14936212826815687
273 -0.15070327392896554
274 -0.15296317243572266
275 -0.15291970123105358
276 -0.16053858121070752
277 -0.1651657165725835
278 -0.16140656692956912
279 -0.1584768296720953
280 -0.1593573679460616
281 -0.16103952055961834
282 -0.1541409702120835
283 -0.14530183868861535
284 -0.13589605008297556
285 -0.14021844131987637
286 -0.14031993326620906
287 -0.14006169340399555
288 -0.1389435235758565
289 -0.12987772448574875
290 -0.12845841472108288
291 -0.12542782052429957
292 -0.12732427684955394
293 -0.13174309210026314
294 -0.1405151110529289
295 -0.149839614951097
296 -0.14789129154588587
297 -0.14158529423524324
298 -0.1462913348925079
299 -0.1499188151311569
300 -0.13471167893674185
301 -0.11975502173627539
302 -0.1264876747261039
303 -0.1318816253438736
304 -0.12825488629675608
305 -0.1254699607680947
306 -0.1267221670376757
307 -0.1296789425105812
308 -0.12912675244974992
309 -0.13219307562192428
310 -0.13472781704130787
311 -0.13022204074227395
312 -0.12629161228537056
313 -0.12217393697118861
314 -0.11827101167556442
315 -0.11498171267072033
316 -0.11509126036998907
317 -0.11969447812004719
318 -0.12205662840365517
319 -0.1254236265665093
320 -0.1247665290710599
321 -0.12760194548112347
322 -0.12655778307702503
323 -0.1278249213137932
324 -0.12654597171345172
325 -0.1265459717134516
326 -0.12780922951608764
327 -0.1264600467413297
328 -0.1274224594921094
329 -0.12370650480807976
330 -0.12567724480305908
331 -0.13306209741698827
332 -0.13527538547647522
333 -0.13232145436149945
334 -0.13698743930238044
335 -0.14266278756366313
336 -0.1408519613258601
337 -0.13380842918833658
338 -0.12394905287258784
339 -0.12024160024835406
340 -0.12331973478410174
341 -0.13009709612997067
342 -0.13567396686402666
343 -0.13924466351238363
344 -0.1371947233373444
345 -0.137546819101121
346 -0.1418766949606024
347 -0.14146543619445107
348 -0.14490342736223982
349 -0.14862252128887077
350 -0.1490126006166258
351 -0.15915441065209013
352 -0.16077410959848215
353 -0.15384296951815724
354 -0.14960319394960164
355 -0.15408193203320386
356 -0.16191168159728342
357 -0.16336984094095452
358 -0.1666080140573728
359 -0.1655991156828185
360 -0.16562227346411773
361 -0.1655834238851126
362 -0.1665887367102059
363 -0.16361626943959484
364 -0.16184458766546783
365 -0.16153956729480823
366 -0.16134021418928501
367 -0.1620718902391305
368 -0.15742159709595516
369 -0.15394070585385267
370 -0.15321365142967125
371 -0.152693881040454
372 -0.1511490555331293
373 -0.14913408450296284
374 -0.15442162666406478
375 -0.164974124335325
376 -0.16600231869603355
377 -0.1623954467654254
378 -0.16239186121596405
379 -0.16626443899237942
380 -0.16503615033461638
381 -0.16253667294477647
382 -0.16433180738487407
383 -0.16808604051755327
384 -0.1742304982254752
385 -0.17566995135233465
386 -0.1688601703348518
387 -0.16726468388494864
388 -0.17160637110800314
389 -0.17416728472779197
390 -0.17903667326950456
391 -0.18189988772551824
392 -0.17564919162210468
393 -0.177252733824944
394 -0.18328405828413563
395 -0.18570045505978316
396 -0.18752667821062108
397 -0.18728442503078424
398 -0.18381534515225506
399 -0.17984606711634676
400 -0.17576724138116973
401 -0.17082761966504056
402 -0.17037808245024
403 -0.17200883292968694
404 -0.17410093198750787
405 -0.17846189655772926
406 -0.17719863875509356
407 -0.17426531594815853
408 -0.17296274362067043
409 -0.1750669489267359
410 -0.1827560620808063
411 -0.18424560501988896
412 -0.18786696261082425
413 -0.18996323698744888
414 -0.19065144183262517
415 -0.19377260126618123
416 -0.19331814754104526
417 -0.1965094153255229
418 -0.2011761414579354
419 -0.19295544655107422
420 -0.18130435128351308
421 -0.17313461220390136
422 -0.1770107755297784
423 -0.1836358591632411
424 -0.18902472320949992
425 -0.19092940534886615
426 -0.18817198298148385
427 -0.1852504715381219
428 -0.1865764965315807
429 -0.1884926951498489
430 -0.19176630235698722
431 -0.19353005320167327
432 -0.19134711266139526
433 -0.1940580494050027
434 -0.1955638552721466
435 -0.1923442183113634
436 -0.198176019603856
437 -0.20173895538394815
438 -0.20149178569377635
439 -0.20598575062923696
440 -0.2064784828030224
441 -0.20659191093642348
442 -0.20643916827817022
443 -0.20377606675819804
444 -0.2075232349764632
445 -0.20326690159517535
446 -0.20961041752394916
447 -0.21943615565569918
448 -0.21460534044730717
449 -0.20941015316571843
450 -0.21225037990160878
451 -0.22135652959277108
452 -0.21482009046586503
453 -0.20797892585297073
454 -0.214085399996914
455 -0.21446082360316598
456 -0.21351722325370603
457 -0.2146752787370526
458 -0.21507877663493902
459 -0.20836747314468296
460 -0.2002208918463707
461 -0.19803105645285424
462 -0.19983382693772134
463 -0.20618915423006856
464 -0.2109176114771012
465 -0.2084299454508347
466 -0.20541845854004204
467 -0.20417477296924447
468 -0.20767494155851396
469 -0.21420646417508493
470 -0.21796845817602917
471 -0.21736590205729067
472 -0.21884420476315514
473 -0.2177215833705285
474 -0.21993561262154693
475 -0.21751862607655714
476 -0.20892626317408125
477 -0.20311205577052382
478 -0.19012358909177784
479 -0.18276623963912753
480 -0.1927243883667744
481 -0.20250606552451322
482 -0.2054970689507598
483 -0.204143094489162
484 -0.2078737048946947
485 -0.21503963217126298
486 -0.21692143277501397
487 -0.20241431278934852
488 -0.19546105100392674
489 -0.19982693208448332
490 -0.19801912026578583
491 -0.20388918136794132
492 -0.20644395996501008
493 -0.20144933192632308
494 -0.19210584556565913
495 -0.18965806519460005
496 -0.1910583738577838
497 -0.1947344428866059
498 -0.1999669787251499
499 -0.20244255714215886
500 -0.20558299392288193
501 -0.2033144232951527
502 -0.20462863692503808
503 -0.20482022916229647
504 -0.2051684444919406
505 -0.20816794997798382
506 -0.20645458383019155
507 -0.21352213976404089
508 -0.2131229872461341
509 -0.2140298225440005
510 -0.2189890164919679
511 -0.2217186594523869
512 -0.22789403580987277
513 -0.22722124651671782
514 -0.22724469918268841
515 -0.22598890736364619
516 -0.22610638599235566
517 -0.23084722573331717
518 -0.22370509124507176
519 -0.21966123465476728
520 -0.21776146902573612
521 -0.20937997570768574
522 -0.20435470526511879
523 -0.19771872152079029
524 -0.18839883924828593
525 -0.17929805237431884
526 -0.17552469331666198
527 -0.17040961746784056
528 -0.16092176568522454
529 -0.1508280484800928
530 -0.13948288483589844
531 -0.13127427753829535
532 -0.12541959471018738
533 -0.12315535082345108
534 -0.125259832375201
535 -0.1226234741859894
536 -0.12259597102471054
537 -0.12401585191973208
538 -0.12423853286773068
539 -0.12533770159438706
540 -0.12330419440858531
541 -0.11828640858859885
542 -0.1144848051781312
543 -0.11211923940623814
544 -0.11228824499255263
545 -0.10538431318883568
546 -0.10442578087218801
547 -0.11532677011877679
548 -0.11447361018259439
549 -0.11073835951241084
550 -0.10422356476974814
551 -0.09203717737644002
552 -0.08380106691755762
553 -0.07761820593749114
554 -0.07458371266758868
555 -0.0717171889077981
556 -0.06504878549185544
557 -0.0620220530902178
558 -0.05755198712758802
559 -0.05109519448760236
560 -0.04324300969476835
561 -0.026543656264516935
562 -0.008233124586656482
563 0.003890219370144443
564 0.011226790453578106
565 0.00763248971706143
566 0.0050005830923378625
567 -0.0021562071174106023
568 -0.007603806498170496
569 -0.01678589671859576
570 -0.03238966697165224
571 -0.050899721816211496
572 -0.06774821371626827
573 -0.06791978741482829
574 -0.06069961364622056
575 -0.05538920858849028
576 -0.054615373655863
577 -0.05501783547754646
578 -0.058885791628298434
579 -0.06600761269317412
580 -0.07013247774526554
581 -0.08092290185536966
582 -0.0928673309535123
583 -0.09461795811273821
584 -0.10268980943446526
585 -0.11486902572885072
586 -0.12222071747963448
587 -0.130710722420751
588 -0.14027673830722442
589 -0.14820812328011868
590 -0.1543948646943175
591 -0.1567287706251148
592 -0.1653918316478541
593 -0.17397672856673618
594 -0.1749257227473846
595 -0.18084675831577612
596 -0.19052723841185348
597 -0.1927829802387936
598 -0.19684954830353696
599 -0.20961488772742387
600 -0.22341605755678884
601 -0.23834343432824212
602 -0.2483240182846438
603 -0.2530716014566543
604 -0.25326633293651357
605 -0.2570679363469811
606 -0.2643820908406468
607 -0.2623593589422155
608 -0.26086131394333667
609 -0.26141350400416785
610 -0.2568099913694386
611 -0.2546669364843681
612 -0.2539280706966134
613 -0.25087326400334153
614 -0.25139377558409004
615 -0.24903238513100046
616 -0.24300882154007364
617 -0.23932395556678387
618 -0.24927851874496976
619 -0.2556848018645662
620 -0.25156505439797894
621 -0.25443185440345395
622 -0.25695166385565027
623 -0.25514037267199996
624 -0.24801422486613112
625 -0.24981786136602502
626 -0.24842160319815
627 -0.24858181183999717
628 -0.25139795090289363
629 -0.24946907490602543
630 -0.25371661134284595
631 -0.25616572267477855
632 -0.2505528467196473
633 -0.24647327979293876
634 -0.25095948386013467
635 -0.25734231431376076
636 -0.26063519886806596
637 -0.257748656569577
638 -0.252875682478403
639 -0.2505253435583683
640 -0.24854684269512428
641 -0.2493016765262691
642 -0.24527294060331506
643 -0.24753792568158284
644 -0.24740910063514732
645 -0.2439824745240713
646 -0.2489805180510435
647 -0.25495238462318937
648 -0.2645576963955285
649 -0.26671644307830455
650 -0.2624884788733223
651 -0.25902745474772926
652 -0.25619950432125926
653 -0.26029476304567356
654 -0.26437850529118545
655 -0.2595394642686817
656 -0.25873320966444036
657 -0.2668337516458381
658 -0.2676790258902605
659 -0.25931334919341087
660 -0.24676648880002483
661 -0.243082658902938
662 -0.25105437583790025
663 -0.25355281715153755
664 -0.25353608927762916
665 -0.2595245136625075
666 -0.26150735990573093
667 -0.2594571248460208
668 -0.26212098619651125
669 -0.26320087757600064
670 -0.25897261848634745
671 -0.25726728945250443
672 -0.258358992195567
673 -0.2594931300670962
674 -0.25656744330493075
675 -0.25568406067303495
676 -0.25213681669064847
677 -0.2475803794490361
678 -0.2497672004234467
679 -0.24889071264478901
680 -0.25097100033903674
681 -0.2567832293996912
682 -0.25593812521644477
683 -0.25465124468666234
684 -0.25476496770473456
685 -0.25563653897305716
686 -0.2608299303479251
687 -0.2680036184927581
688 -0.26631786169075333
689 -0.2551157325076373
690 -0.255511299476083
691 -0.2589890514755844
692 -0.257193917035487
693 -0.25233587491150034
694 -0.24632070719586152
695 -0.2503377831774315
696 -0.245738767344871
697 -0.23577820192716803
698 -0.2124225326902316
699 -0.17993903836389624
700 -0.15006153606857742
701 -0.10786019445022321
702 -0.06161915292138109
703 -0.006430362061496719
704 0.05582929403601433
705 0.11800304380038962
706 0.18432595865886658
707 0.24362423629679464
708 0.31348722403873586
709 0.38177343154758514
710 0.44877577294575777
711 0.5283374820547402
712 0.6054188849365418
713 0.6855105499527698
714 0.7659673282337269
715 0.8420644542663487
716 0.8971900316285502
717 0.9362766623597265
718 0.9745831610340867
719 0.9994485431709932
720 1.0
721 0.9646193395099947
722 0.8927147435916349
723 0.7905532537920499
724 0.6722466541364636
725 0.5239491737051367
726 0.3602425296771179
727 0.21195995019898528
728 0.0582196807127251
729 -0.08648871037709138
730 -0.2093094369693188
731 -0.3135307682565792
732 -0.4119308538245623
733 -0.4909519079906024
734 -0.5551743917926382
735 -0.6060947040492899
736 -0.6400164560443855
737 -0.6691398514764035
738 -0.7321204535740697
739 -0.8145801984061583
740 -0.8537517446319477
741 -0.8711289969811508
742 -0.8913653822770663
743 -0.8962605153513102
744 -0.9102381567505836
745 -0.9224952236251686
746 -0.9152359506305656
747 -0.9083817188637396
748 -0.8752285744868504
749 -0.8420921393448827
750 -0.8163143659774527
751 -0.7734744630192844
752 -0.7373897358252208
753 -0.7000072466294959
754 -0.6605271520962724
755 -0.6276889938939154
756 -0.5927738573010874
757 -0.5571769457704743
758 -0.5260513063398695
759 -0.5003115165364178
760 -0.4670731697399513
761 -0.43505518067180693
762 -0.40716412880815933
763 -0.37870160953651366
764 -0.35241306379950266
765 -0.3287759969190531
766 -0.31288692994936496
767 -0.29935208233384325
768 -0.28399385592541404
769 -0.27163948038300734
770 -0.2620860170516385
771 -0.2512142895950761
772 -0.23661479609091063
773 -0.22527351288084896
774 -0.22042414287783463
775 -0.21824987445852873
776 -0.22160192201520879
777 -0.21742866924811344
778 -0.2157586042438142
779 -0.21595407691520474
780 -0.21815572367229474
781 -0.225297268391198
782 -0.22386216064431774
783 -0.21974431526895966
784 -0.2092427734249489
785 -0.2063484702581948
786 -0.2173746990017582
787 -0.21997880758053168
788 -0.21928956665915267
789 -0.22014677709064345
790 -0.21662703626953606
791 -0.2115150996633155
792 -0.20875453805333222
793 -0.20577458616014044
794 -0.19863348774809753
795 -0.19371012896002981
796 -0.18440954267367915
797 -0.1838501628749385
798 -0.18928325795638468
799 -0.1908666381580435
800 -0.18763234547575736
801 -0.184484548895949
802 -0.17350225630290184
803 -0.17031531525941712
804 -0.16900601813986682
805 -0.16466433091681254
806 -0.16497681727106572
807 -0.16998713710745816
808 -0.17657678665020138
809 -0.1777106482760461
810 -0.18041723963967382
811 -0.17623217550900527
812 -0.17426143551402595
813 -0.17487175250102938
814 -0.16951311115048406
815 -0.1740273895093145
816 -0.17086333000144505
817 -0.1640144045202857
818 -0.16880620008849667
819 -0.1678869822967013
820 -0.16941177062634094
821 -0.17045669286095766
822 -0.16728082198951466
823 -0.16281389526948586
824 -0.16353422490160507
825 -0.16538076147581238
826 -0.15822323007453243
827 -0.1562363333360005
828 -0.15642045958966522
829 -0.16116819418386485
830 -0.1647622186746971
831 -0.16645573634496658
832 -0.16478537645599645
833 -0.15990076106242535
834 -0.15936587000585778
835 -0.14993257823893924
836 -0.14478132710786662
837 -0.14564617358412713
838 -0.1493893365447646
839 -0.14746896260769282
840 -0.14088677904854352
841 -0.1353919528524773
842 -0.13178628705924778
843 -0.13382441587071348
844 -0.1324513154841379
845 -0.1310939068952679
846 -0.13327684743554613
847 -0.1301124930430052
848 -0.12642866314591827
849 -0.12490803149609564
850 -0.11622077661585406
851 -0.11678448315558754
852 -0.1212285283400012
853 -0.11294373528144375
854 -0.11049566002571387
855 -0.11148273157984268
856 -0.10237732308021186
857 -0.09730423605299643
858 -0.0989753371334986
859 -0.09933175963826768
860 -0.09173574255524186
861 -0.08648751491899198
862 -0.08767723024343455
863 -0.08154475396026206
864 -0.08036769737543292
865 -0.0757798765384089
866 -0.0752755030622263
867 -0.07839740368731407
868 -0.07129053322861234
869 -0.06805577560047904
870 -0.07032869160818778
871 -0.07148286665740211
872 -0.06981638720256422
873 -0.06443441800954364
874 -0.06812286953229463
875 -0.06927674969683761
876 -0.06691864990853835
877 -0.06081407785582427
878 -0.04819280896921829
879 -0.04493563475131701
880 -0.04614538725344497
881 -0.04032105194454605
882 -0.03737144757056332
883 -0.04199573857450922
884 -0.04111594149207454
885 -0.029768705695474962
886 -0.029531074141302183
887 -0.030432220723309422
888 -0.019961472705367633
889 -0.013691480615800278
890 -0.018186651688639532
891 -0.020142441077444673
892 -0.0113577447461789
893 -0.007274868515693367
894 -0.003942839497712125
895 -0.00625042976562229
896 -0.008045715627909122
897 -0.0005643328156629268
898 0.010311150251536727
899 0.0307575470765582
900 0.043983940194147975
901 0.04646265785375814
902 0.048637221157735055
903 0.0469005271674674
904 0.05201992975728165
905 0.05890713368709033
906 0.06309550712153622
907 0.06658803966603588
908 0.06485522610990069
909 0.06749442865704203
910 0.07477662842494093
911 0.08574757460026183
912 0.08710782754706159
913 0.08295340582027255
914 0.0903851637661428
915 0.09497629390694362
916 0.10018463588798565
917 0.11159718834866661
918 0.11615334934459454
919 0.11741974638983144
920 0.11838546844438813
921 0.12305967919938077
922 0.1262625882862558
923 0.12297301303572739
924 0.12721679386191065
925 0.12714193906183002
926 0.13265992303919583
927 0.14187487923809505
928 0.14180390487214733
929 0.1413767842471143
930 0.1449361344777449
931 0.15122928434861183
932 0.1525193041209949
933 0.1539227520267794
934 0.16066931954657937
935 0.16627757387604625
936 0.17023145499892012
937 0.17138083836129447
938 0.17276471403524085
939 0.18065364524068173
940 0.18575347559865807
941 0.18384417183362767
942 0.18494751587908764
943 0.18334814899505214
944 0.18079771577796278
945 0.18386433383480827
946 0.18767340322886938
947 0.19081326887923722
948 0.19904965558380394
949 0.20302327899969175
950 0.20472455753822616
951 0.20080519925336504
952 0.19950697230585623
953 0.20490851373071495
954 0.2031987331323839
955 0.20755147188849365
956 0.20876841412853064
957 0.20535029007725103
958 0.19924109639887289
959 0.1965929268460882
960 0.20375450874267664
961 0.20965671327076163
962 0.20606165270372667
963 0.20224003075456043
964 0.2064176289016355
965 0.21091564433240473
966 0.21019143426615328
967 0.20924066281777032
968 0.21206114726064662
969 0.21368008637652047
970 0.21144619000899278
971 0.2148728161200686
972 0.21231595299558825
973 0.20291746031236624
974 0.19563034403413226
975 0.2010713700450193
976 0.21163207489140468
977 0.20329662089026868
978 0.1945631566319368
979 0.18889781145250018
980 0.1795583569481578
981 0.17052004238034257
982 0.16784973248347423
983 0.1598560452656046
984 0.1498248003666247
985 0.13805325728892925
986 0.125284332315581
987 0.11939107615415256
988 0.11152262843325733
989 0.1060789094866299
990 0.09660316395225821
991 0.0871230730379069
992 0.07937939986813869
993 0.0757430916710291
994 0.0718483735505302
995 0.05883615932114239
996 0.05208628249756564
997 0.046986898446449876
998 0.040541917170037634
999 0.034437791424183795
1000 0.018735248759229384
1001 0.005348352115121635
1002 -0.002460342834056939
1003 -0.011749136395820758
1004 -0.018804899605083913
1005 -0.01691084133089904
1006 -0.023355527722640268
1007 -0.03723977816619761
1008 -0.050141873565961115
1009 -0.057458131226025166
1010 -0.06186903418628009
1011 -0.07386441911167219
1012 -0.08132953899585715
1013 -0.0903433648214993
1014 -0.10541688428263862
1015 -0.11125483923683799
1016 -0.11528226283790499
1017 -0.12635900110185716
1018 -0.1284660507658526
1019 -0.13159051950318568
1020 -0.14081711700448252
1021 -0.1400923358078754
1022 -0.14653388295701586
1023 -0.15237779049775269
1024 -0.14667436794483535
1025 -0.14892680046799855
1026 -0.15724599154107322
1027 -0.16490703040350962
1028 -0.17102324375862077
1029 -0.17516871711875293
1030 -0.17733134423566155
1031 -0.1776991317971438
1032 -0.1779141767003728
1033 -0.1772645451885172
1034 -0.18209073877124504
1035 -0.18692874371754642
1036 -0.18739397273005287
1037 -0.18596257535612937
1038 -0.18336536163059391
1039 -0.1851056598093095
1040 -0.1908005803024304
1041 -0.19094509714657182
1042 -0.18652524581966012
1043 -0.18417132135016412
1044 -0.1819112527822312
1045 -0.17886420695722394
1046 -0.17894237106108113
1047 -0.18320201374614586
1048 -0.1838819927772103
1049 -0.18334549451408444
1050 -0.18888050125002964
1051 -0.18920509385252737
1052 -0.18478062089995162
1053 -0.19111262034982324
1054 -0.19918538292425791
1055 -0.20297876052061348
1056 -0.20103043711540225
1057 -0.20033402509510057
1058 -0.20630646279760223
1059 -0.20978347360557204
1060 -0.21019369629552065
1061 -0.20775310566237115
1062 -0.20921183613639782
1063 -0.21092897653381404
1064 -0.21369415976946116
1065 -0.21103029841897092
1066 -0.20918838347042734
1067 -0.20950190590088313
1068 -0.20345923502396535
1069 -0.2014334887064283
1070 -0.2015783004352406
1071 -0.20406104995117225
1072 -0.21188333353165822
1073 -0.21651434932766633
1074 -0.21154648325872671
1075 -0.2090156222734757
1076 -0.214433320441887
1077 -0.2173705236829545
1078 -0.21346626742645636
1079 -0.21243060708215422
1080 -0.21064456447119528
1081 -0.19898079182503436
1082 -0.19600832455442296
1083 -0.2069214200492563
1084 -0.20844563724854026
1085 -0.2096065370898168
1086 -0.21513719844578227
1087 -0.2113118661236596
1088 -0.21158219359513097
1089 -0.2062087264619068
1090 -0.19821459293717658
1091 -0.19808604413642528
1092 -0.19366277732122816
1093 -0.1959666119785014
1094 -0.19509400463397597
1095 -0.19605196582026807
1096 -0.20475027223356435
1097 -0.20324389523606512
1098 -0.20703396352864378
1099 -0.20365903443634892
1100 -0.19603985957202352
1101 -0.19582180024968898
1102 -0.19200885042149518
1103 -0.18711988964794446
1104 -0.18643197968743908
1105 -0.18534820787381756
1106 -0.18866859558940152
1107 -0.19454359184087877
1108 -0.19281794938366648
1109 -0.1925746601276267
1110 -0.201351890475299
1111 -0.20486775086227405
1112 -0.20142901850295358
1113 -0.20248170160583512
1114 -0.20232149296398816
1115 -0.19989600435920185
1116 -0.20356488365011483
1117 -0.2027169351089385
1118 -0.19586858075813496
1119 -0.1863959744663639
1120 -0.18525435197225426
1121 -0.18747272660325265
1122 -0.18751157618225767
1123 -0.1841862719563383
1124 -0.18900887998960492
1125 -0.1967725716980716
1126 -0.19697493922270048
1127 -0.20051425227564634
1128 -0.20367472623405458
1129 -0.2027200743515395
1130 -0.20277103017878895
1131 -0.20295081105247403
1132 -0.20336508423773114
1133 -0.20724124756360796
1134 -0.20532939432531916
1135 -0.19921197483282937
1136 -0.19387708103292556
1137 -0.2024352159820605
1138 -0.20832069263623698
1139 -0.21183163651287684
1140 -0.2208118055155336
1141 -0.21992814663795313
1142 -0.21579357338868688
1143 -0.2133372909578315
1144 -0.21927446463078915
1145 -0.22525841881219288
1146 -0.22380327388762744
1147 -0.21829275589385555
1148 -0.20946231513034652
1149 -0.2033067872503831
1150 -0.19813672371799063
1151 -0.1991770056879565
1152 -0.20118706020778776
1153 -0.20593120925252617
1154 -0.20791793592988206
1155 -0.20599682080127868
1156 -0.20909452756886437
1157 -0.213334892906762
1158 -0.21114760698650437
1159 -0.20897647780979933
1160 -0.21660027429978845
1161 -0.21359254299963326
1162 -0.20609067670284176
1163 -0.20479302088568885
1164 -0.20171893684524955
1165 -0.203044666954037
1166 -0.20586873694637464
1167 -0.20489839326615378
1168 -0.20517232492607296
1169 -0.2071315484421501
1170 -0.20860539958352697
1171 -0.21793736946528863
1172 -0.22198481160505446
1173 -0.22139765239935072
1174 -0.22353769286531522
1175 -0.21773757005290528
1176 -0.21464732926891317
1177 -0.21712394376212507
1178 -0.22001824692887895
1179 -0.21715817171546625
1180 -0.2224691665425389
1181 -0.23193818728484827
1182 -0.2348201079576736
1183 -0.23578148463225068
1184 -0.23640333673714287
1185 -0.24047138718494931
1186 -0.23918062622103442
1187 -0.23527666484920762
1188 -0.23774505352830744
1189 -0.24013139766941727
1190 -0.2359851831177533
1191 -0.2331806853572541
1192 -0.23589132721619033
1193 -0.2387896808782528
1194 -0.2387778695146796
1195 -0.23476077489412261
1196 -0.23474508309641695
1197 -0.23868013317898418
1198 -0.2384532769121821
1199 -0.23374409701231635
1200 -0.22996670609833747
1201 -0.22794095978080064
1202 -0.22585187514208527
1203 -0.23355279965972908
1204 -0.2402131473227358
1205 -0.24096741002352495
1206 -0.24024811646760846
1207 -0.2335453336761355
1208 -0.22704084927499624
1209 -0.22439702510219106
1210 -0.23417104757617335
1211 -0.23649405339610508
1212 -0.23663093419547687
1213 -0.23270364498117435
1214 -0.23081437839382946
1215 -0.24338526258354143
1216 -0.2434000883662204
1217 -0.24364622198018981
1218 -0.2442532483024027
1219 -0.23615675681631343
1220 -0.23865576926030618
1221 -0.24280603430727832
1222 -0.24385454209135637
1223 -0.23799148202694764
1224 -0.23149853274369736
1225 -0.24015410914385615
1226 -0.2482736522267368
1227 -0.2507135016683547
1228 -0.24850723328560098
1229 -0.24742375635665037
1230 -0.2514758201220799
1231 -0.2525008752401874
1232 -0.24864890577181264
1233 -0.23942631352814336
1234 -0.23481069464516957
1235 -0.24209467168080268
1236 -0.24379669141086868
1237 -0.2287062926536314
1238 -0.22697375534318087
1239 -0.23694012988493973
1240 -0.24254420889560357
1241 -0.24503889459860329
1242 -0.2435051392633204
1243 -0.24734529736812194
1244 -0.25608338325211766
1245 -0.2573780246501649
1246 -0.24742346147197913
1247 -0.24342309472533052
1248 -0.2449417480322501
1249 -0.24084201910436132
1250 -0.24074040233453364
1251 -0.2455247319191507
1252 -0.23906645689610206
1253 -0.23790093542916135
1254 -0.24593495460909953
1255 -0.24292665217858878
1256 -0.24702562127595928
1257 -0.24605557248040966
1258 -0.2440953128881299
1259 -0.2521689414775914
1260 -0.2512371524917043
1261 -0.2459726619273933
1262 -0.2526154642732862
1263 -0.24103316503475936
1264 -0.24177173593784285
1265 -0.25932288732941
1266 -0.25407663803606306
1267 -0.25070020792171843
1268 -0.25743241460468647
1269 -0.25824168362803346
1270 -0.26005609541529795
1271 -0.26034930442238435
1272 -0.25935580296086413
1273 -0.2632711107504172
1274 -0.260779269405347
1275 -0.2603258517564139
1276 -0.2605769018807178
1277 -0.25193672239359344
1278 -0.2510219561662863
1279 -0.2530408076305851
1280 -0.24919185258131593
1281 -0.25073650802746483
1282 -0.25293844966922574
1283 -0.25800689643179053
1284 -0.2615734177613439
1285 -0.2617768213621754
1286 -0.2608188601758836
1287 -0.2528211411016922
1288 -0.24852710040211035
1289 -0.24388861862250832
1290 -0.2465678768860332
1291 -0.25105766650269024
1292 -0.2504159659202757
1293 -0.25301300958463513
1294 -0.24928958891701125
1295 -0.25086533307390035
1296 -0.2540651215571611
1297 -0.2571268044646846
1298 -0.2543849490715129
1299 -0.2551686170248103
1300 -0.24352874335148023
1301 -0.22890552093565963
1302 -0.23153241615938758
1303 -0.21442511326676184
1304 -0.20409527790451343
1305 -0.20701527595081914
1306 -0.2015748663079685
1307 -0.19234780386082473
1308 -0.1918679191268151
1309 -0.1888020422615011
1310 -0.18019398756131966
1311 -0.17482109155845116
1312 -0.16375704931208557
1313 -0.16180124128429374
1314 -0.16682695803372116
1315 -0.17652224527349047
1316 -0.18189571240671465
1317 -0.17983008043396997
1318 -0.17818751859094972
1319 -0.17747615596447386
1320 -0.17530994329810434
1321 -0.17196205242124085
1322 -0.1681676387486829
1323 -0.1740070760859449
1324 -0.18100844934068638
1325 -0.17694039889288005
1326 -0.17071777708110092
1327 -0.16847369519554478
1328 -0.16844948269905613
1329 -0.16998237201931254
1330 -0.1762341041989286
1331 -0.16152432180396314
1332 -0.13962203886284452
1333 -0.13857975991098848
1334 -0.1327959452643206
1335 -0.12996797619886402
1336 -0.12576003053258022
1337 -0.11899030523148069
1338 -0.1173127556046012
1339 -0.11078110816453501
1340 -0.10985109644638236
1341 -0.10254259965458323
1342 -0.0840705283740022
1343 -0.0705548066834587
1344 -0.06418138954233621
1345 -0.05635208628511712
1346 -0.049714601518738855
1347 -0.04849812422454869
1348 -0.057454840561234954
1349 -0.0632742593597988
1350 -0.06552177537262693
1351 -0.07190803995352502
1352 -0.08349261241962613
1353 -0.08958208244397659
1354 -0.09132146936998486
1355 -0.0920243299366642
1356 -0.10431024957238866
1357 -0.11271848622119973
1358 -0.10605984065541174
1359 -0.12067228778386163
1360 -0.1267190277950747
1361 -0.1276526250626887
1362 -0.13530585781917925
1363 -0.14173086579457383
1364 -0.1623501486400425
1365 -0.16998758341431863
1366 -0.171941149228529
1367 -0.18372178413536333
1368 -0.1931394027435629
1369 -0.19751040140962361
1370 -0.20664257187900203
1371 -0.21538767743973086
1372 -0.21736590205729056
1373 -0.2215034444879821
1374 -0.22580554094049965
1375 -0.23164811752036307
1376 -0.23756527265462224
1377 -0.24329471598575536
1378 -0.24642306515722068
1379 -0.2510847233571091
1380 -0.2590238691982679
1381 -0.2680886508511594
1382 -0.28185050615567253
1383 -0.2982530650293761
1384 -0.31003595452479793
1385 -0.31414154222972224
1386 -0.32043886741939265
1387 -0.31935927092457417
1388 -0.3139338118878978
1389 -0.31680599334955506
1390 -0.3143111375853792
1391 -0.30318687762144947
1392 -0.3064222063799382
1393 -0.31025952012681
1394 -0.30650800652856514
1395 -0.3073102106374981
1396 -0.3045767058819334
1397 -0.3039417114525942
1398 -0.3100709423086573
1399 -0.3190871165323892
1400 -0.30689895187134686
1401 -0.29959285313061723
1402 -0.30718914645932716
1403 -0.3081783664175355
1404 -0.313587373825988
1405 -0.30831912765103964
1406 -0.30453247484674617
1407 -0.31046994340437506
1408 -0.3169818937891078
1409 -0.3192769315019134
1410 -0.31800156745103325
1411 -0.31673934572459994
1412 -0.31093620849308423
1413 -0.2995970284494207
1414 -0.30165803879650144
1415 -0.31805385423915655
1416 -0.32444745998015323
1417 -0.3255340761517047
1418 -0.32404020647162946
1419 -0.3197538204558039
1420 -0.32199130237279305
1421 -0.3209664173158614
1422 -0.322585061547064
1423 -0.3250146006471586
1424 -0.32284404260080923
1425 -0.3139968739633918
1426 -0.313160861609284
1427 -0.3150573179345383
1428 -0.3172658595448662
1429 -0.3335249190116448
1430 -0.3364696068752925
1431 -0.3309691229773598
1432 -0.33536564646179623
1433 -0.3401298326842198
1434 -0.3422646617551782
1435 -0.3415211743417599
1436 -0.34308586696559373
1437 -0.3447169123297119
1438 -0.34411794176043475
1439 -0.3475399462458467
1440 -0.3521200062146056
1441 -0.35229590665415844
1442 -0.34918638852299944
1443 -0.3457294148927147
1444 -0.34486530960798556
1445 -0.3417755337698408
1446 -0.3425385934150975
1447 -0.34098988747364034
1448 -0.33876016642491624
1449 -0.3435781341935322
1450 -0.3485960900746946
1451 -0.35359099435906594
1452 -0.3443099803045535
1453 -0.33289337734856417
1454 -0.32934328900824794
1455 -0.3277250910839057
1456 -0.3228279044962432
1457 -0.3185451040298789
1458 -0.32370051184076853
1459 -0.32438483625181225
1460 -0.32531094889684564
1461 -0.32901869640575043
1462 -0.3342283693476663
1463 -0.33718440362904034
1464 -0.34055112554621003
1465 -0.35047744437158534
1466 -0.35655480814769147
1467 -0.35962039012833424
1468 -0.3634647235519395
1469 -0.36570163433857295
1470 -0.3683687863538536
1471 -0.36574527560441816
1472 -0.357673549106186
1473 -0.3417439987522404
1474 -0.3359791213303872
1475 -0.3395697116939477
1476 -0.3455502317480792
1477 -0.340090526119075
1478 -0.3172036900830931
1479 -0.29368808844999417
1480 -0.2616278343145595
1481 -0.22947427676893073
1482 -0.1822161296904088
1483 -0.1294039747744593
1484 -0.08093036783896357
1485 -0.03205805469242118
1486 0.020409337660142857
1487 0.08074098377581218
1488 0.14012175225859047
1489 0.20904652110725364
1490 0.27240057288356745
1491 0.33432206638626005
1492 0.4132824068748959
1493 0.48562472864448325
1494 0.5462868261396856
1495 0.6060709224591743
1496 0.6646791683312121
1497 0.7089951956583314
1498 0.7434134433975566
1499 0.7748409453172334
1500 0.7857940027189485
1501 0.7847036388964668
1502 0.7524563955104513
1503 0.6765662586281216
1504 0.5756838432523737
1505 0.4552527435063387
1506 0.3186995978760996
1507 0.17807138212132068
1508 0.04838405990732508
1509 -0.07843494890413949
1510 -0.20079714026192952
1511 -0.2931992819480219
1512 -0.38108542453907845
1513 -0.46521122557342987
1514 -0.5361333715633243
1515 -0.5923627392778461
1516 -0.6266222714375671
1517 -0.652334951189212
1518 -0.6775555913867818
1519 -0.7453317446632963
1520 -0.8277166160563173
1521 -0.8613382235789745
1522 -0.8814501415834401
1523 -0.8934063740854485
1524 -0.8991031214992833
1525 -0.9163394194995207
1526 -0.923453631118321
1527 -0.9097765398862325
1528 -0.8898087720048623
1529 -0.852562146171293
1530 -0.8149480090219259
1531 -0.7811362164745579
1532 -0.7469792230166517
1533 -0.7174799886855142
1534 -0.6896315420115091
1535 -0.6612083186257287
1536 -0.6264765484560472
1537 -0.5868054514549077
1538 -0.5481278559152885
1539 -0.5102595293990162
1540 -0.4797246347235766
1541 -0.4499599894313031
1542 -0.41816109576169624
1543 -0.38954971426592955
1544 -0.3633786471576279
1545 -0.3434225658163357
1546 -0.3244903334557724
1547 -0.30400882402339646
1548 -0.2930164786955236
1549 -0.2788476913658524
1550 -0.26379448532808236
1551 -0.25413923516571
1552 -0.24256333482058112
1553 -0.2340219091063681
1554 -0.22599713317775827
1555 -0.22087054085003455
1556 -0.2138071415960019
1557 -0.2088636394457405
1558 -0.21227845419324332
1559 -0.21117122971365088
1560 -0.2122076312494845
1561 -0.21112877594619772
1562 -0.20302509472219898
1563 -0.1972095563577677
1564 -0.19305661701404175
1565 -0.19184864177964822
1566 -0.18854365097709846
1567 -0.18573497789779525
1568 -0.18936500760970332
1569 -0.18991302235173102
1570 -0.18191066301288905
1571 -0.17449187733028948
1572 -0.1697016889686369
1573 -0.16427726600816328
1574 -0.16205575213456425
1575 -0.16166480679178252
1576 -0.16263485558733237
1577 -0.16071448165026037
1578 -0.15695248764931602
1579 -0.1529282032908501
1580 -0.14666226169659102
1581 -0.1478874111117533
1582 -0.146097488066662
1583 -0.1331154512953071
1584 -0.1290317090497951
1585 -0.14269476092841704
1586 -0.14763379287520373
1587 -0.1400881604890718
1588 -0.1413522843067344
1589 -0.1347196098661826
1590 -0.13025730477181785
1591 -0.12559982189073315
1592 -0.11729678756121098
1593 -0.11553360784688049
1594 -0.11075060922313718
1595 -0.10948271115585062
1596 -0.11407458248818259
1597 -0.11988651666416617
1598 -0.11728512761982701
1599 -0.11355839764842679
1600 -0.10935821285040792
1601 -0.10172769156835648
1602 -0.10454845225691689
1603 -0.10170122448328012
1604 -0.09949436633118403
1605 -0.10528702316000027
1606 -0.1096052577170844
1607 -0.10673799276576212
1608 -0.10071877455481493
1609 -0.09978831652980191
1610 -0.0991983129661681
1611 -0.09861143000614869
1612 -0.09413315686839363
1613 -0.09443098750114365
1614 -0.09091124668003614
1615 -0.08634299807485057
1616 -0.08738357492948778
1617 -0.08800513214970895
1618 -0.09273358939674159
1619 -0.0959953852403066
1620 -0.09381244470002825
1621 -0.0949625692539342
1622 -0.0946068879406965
1623 -0.09144253354815579
1624 -0.09026594190917325
1625 -0.08612076343371244
1626 -0.07829459941909422
1627 -0.07636270900312014
1628 -0.07947581268374049
1629 -0.08445445404005048
1630 -0.08885038775514453
1631 -0.08455189549107489
1632 -0.08034783025892356
1633 -0.07424730870151774
1634 -0.06667983085597351
1635 -0.06053611433958339
1636 -0.055033527275252236
1637 -0.05289017750551073
1638 -0.05372722593582091
1639 -0.05411115160186941
1640 -0.04853428086781353
1641 -0.037739530016716594
1642 -0.035420574692093365
1643 -0.03941809708081212
1644 -0.04262505666299521
1645 -0.04292185121954262
1646 -0.04022302072417949
1647 -0.04091972762915219
1648 -0.03890191224105599
1649 -0.03440001637615464
1650 -0.03404821549704906
1651 -0.035577644091339344
1652 -0.03750130869320145
1653 -0.03920634284237312
1654 -0.04117453336409371
1655 -0.03463119938394954
1656 -0.024250721718109602
1657 -0.027001249232253555
1658 -0.02772128397970164
1659 -0.02312135689443351
1660 -0.020419217095293596
1661 -0.015022592180769845
1662 -0.0111114410710339
1663 -0.007685261266818011
1664 -0.009266091995218217
1665 -0.0065094108193672895
1666 0.004121545840421348
1667 0.00815359106715241
1668 0.005477177161557156
1669 0.009188805104594078
1670 0.01701138356975096
1671 0.01978375654330744
1672 0.02101488955900055
1673 0.02458993158733702
1674 0.02925979696235048
1675 0.027557777232284364
1676 0.030757100769697843
1677 0.033936852075273194
1678 0.03321698738900114
1679 0.03609977407685294
1680 0.0346092137005547
1681 0.03948532703432939
1682 0.05309952625210013
1683 0.06541908407182317
1684 0.07018564970632934
1685 0.06859735299433556
1686 0.07130035880850216
1687 0.07033853582706473
1688 0.07129991250164203
1689 0.07585965904703129
1690 0.087233067044036
1691 0.09436281903835275
1692 0.0931533614208957
1693 0.09428705298556461
1694 0.1008463736480858
1695 0.10753017397706288
1696 0.10776421998177432
1697 0.11187067370172543
1698 0.11698186911641462
1699 0.12709486366871303
1700 0.14263302237301678
1701 0.15225763013150928
1702 0.15522965109526
1703 0.1535395675522626
1704 0.15477534083260625
1705 0.16444730022990006
1706 0.170727772722167
1707 0.17745864844426107
1708 0.17807645005384498
1709 0.1732456348454532
1710 0.1774153020630873
1711 0.18081414876720014
1712 0.18186162047507537
1713 0.18539734797855978
1714 0.18789996461100045
1715 0.190699840745836
1716 0.1984987964838465
1717 0.19980421316926433
1718 0.20060196571370903
1719 0.20582790158368613
1720 0.1997806090811043
1721 0.20170844900176998
1722 0.2093394352296687
1723 0.2121860918729499
1724 0.21584241860875797
1725 0.21649565430906148
1726 0.2179857683784996
1727 0.21685163050697054
1728 0.21719550045663505
1729 0.21931927799453854
1730 0.22436022159582447
1731 0.22694534771210195
1732 0.23166975446382643
1733 0.22993276558888742
1734 0.2331477809240068
1735 0.2365543884963841
1736 0.23651450284117637
1737 0.24283081049334254
1738 0.2464055576370079
1739 0.24674554715253993
1740 0.24510298530951968
1741 0.24200169299247332
1742 0.2416848612582403
1743 0.24174345313025936
1744 0.24413338282083052
1745 0.24216264282585143
1746 0.2361195070030866
1747 0.23296725885878988
1748 0.237763104922309
1749 0.23633934359315534
1750 0.2321653309955416
1751 0.23272545198581374
1752 0.23284350174487867
1753 0.22382013778323762
1754 0.21982335658605034
1755 0.22008233763979534
1756 0.2171252672822186
1757 0.21693726059442175
1758 0.217997579742073
1759 0.2173404636076368
1760 0.21206055749130437
1761 0.2069653487589922
1762 0.197336860566367
1763 0.18495858605112958
1764 0.17886627166884916
1765 0.17030991398744866
1766 0.15928082224696904
1767 0.1499220903954599
1768 0.14616442313550815
1769 0.1413893368022192
1770 0.1338650539156594
1771 0.12742766344633583
1772 0.1175403642611419
1773 0.11746726808980879
1774 0.11002935648223167
1775 0.09106501797371203
1776 0.0764506986868676
1777 0.0603222415342588
1778 0.054405532706860216
1779 0.051840890075128154
1780 0.043029136889443986
1781 0.03520759450048949
1782 0.0288565939491352
1783 0.02176944714446094
1784 0.020734233107019273
1785 0.01490015858695215
1786 -0.0040767324766720625
1787 -0.013552942956890912
1788 -0.012769399827088468
1789 -0.012737864809487909
1790 -0.019785867150485803
1791 -0.02911292052191261
1792 -0.03741150328694676
1793 -0.04752148342013951
1794 -0.04820536152432331
1795 -0.051329365315808895
1796 -0.05870959630407446
1797 -0.06872977103101274
1798 -0.0721981097180101
1799 -0.07432861204797603
1800 -0.08305444026153808
1801 -0.0921395353377995
1802 -0.0963778285232918
1803 -0.10557635173295432
1804 -0.11453232687810888
1805 -0.11789158281168477
1806 -0.12316743843270894
1807 -0.1224468325549053
1808 -0.13104712638682192
1809 -0.14232697336693456
1810 -0.1432407035180393
1811 -0.14722955378578584
1812 -0.15295615275898922
1813 -0.15029229140849887
1814 -0.1456301869017501
1815 -0.14456731828084046
1816 -0.14158303964665586
1817 -0.14088633274168294
1818 -0.1486657162478554
1819 -0.15443805965330215
1820 -0.1576952338712031
1821 -0.16336579044564603
1822 -0.16769509517477155
1823 -0.1739136664912425
1824 -0.17287697007073755
1825 -0.16961546911184366
1826 -0.1673199664531908
1827 -0.16196550042144942
1828 -0.16765637041926162
1829 -0.17181336025829597
1830 -0.17619691147946148
1831 -0.1836751550491067
1832 -0.18139089262367158
1833 -0.17826956312893938
1834 -0.1762167785959704
1835 -0.17558746050748464
1836 -0.17399167917291025
1837 -0.17279835966001977
1838 -0.17558716562281362
1839 -0.17803986250420767
1840 -0.17363570297500142
1841 -0.16911841019706542
1842 -0.1702528429532656
1843 -0.17225931192363564
1844 -0.1772377832187697
1845 -0.17871551479427905
1846 -0.18389738969024472
1847 -0.18862226138781635
1848 -0.1875580618060324
1849 -0.18463655036267057
1850 -0.18414381818888526
1851 -0.18255208734961914
1852 -0.18449277471006087
1853 -0.18006111201957586
1854 -0.17477658427757936
1855 -0.1822591545882174
1856 -0.18154796202291756
1857 -0.174265762255019
1858 -0.1614609568840908
1859 -0.15496874879237188
1860 -0.16278384263494838
1861 -0.16640507540238836
1862 -0.1669559345023458
1863 -0.16660442850791168
1864 -0.16224734437182275
1865 -0.16081177167909533
1866 -0.1648916334904751
1867 -0.1665887367102059
1868 -0.16437082702505523
1869 -0.16709311018638862
1870 -0.16638893729782245
1871 -0.16974846947708266
1872 -0.1734130220270027
1873 -0.17489075360251216
1874 -0.18143362263680896
1875 -0.1850358729417535
1876 -0.18631870297622732
1877 -0.18047538520483275
1878 -0.17694383302015215
1879 -0.1774293754560281
1880 -0.1755208128825294
1881 -0.1733463744020476
1882 -0.1697798530724941
1883 -0.1665569068079341
1884 -0.16645529003810655
1885 -0.17037852875710024
1886 -0.1690717811108089
1887 -0.1660329610999134
1888 -0.16641671670478553
1889 -0.16067518576439488
1890 -0.1615241703817737
1891 -0.1618134989547274
1892 -0.16277504569048085
1893 -0.1701712447221363
1894 -0.17107031915173776
1895 -0.17022909540262388
1896 -0.17285005667880082
1897 -0.17069849973393403
1898 -0.17271631512203012
1899 -0.17868875282453156
1900 -0.17931031004475262
1901 -0.17918536543244934
1902 -0.17636547075891562
1903 -0.17424888295892138
1904 -0.18160593752690068
1905 -0.18750814205498556
1906 -0.1836391498280312
1907 -0.17881295624530313
1908 -0.17847788324010638
1909 -0.17187612744911884
1910 -0.16586049478763276
1911 -0.168477280745006
1912 -0.17322936071918515
1913 -0.1766392589563528
1914 -0.17555190159326983
1915 -0.17502449515928276
1916 -0.17094492823257423
1917 -0.17042412176715427
1918 -0.1807379518080392
1919 -0.18576008300800506
1920 -0.18351420521572803
1921 -0.17842544502979352
1922 -0.18363973959737356
1923 -0.18651059009815707
1924 -0.1827943405294561
1925 -0.18370609233765756
1926 -0.1822826258931748
1927 -0.1814257103463549
1928 -0.1862244007678041
1929 -0.19003752065717372
1930 -0.19448052976538488
1931 -0.19170353516616456
1932 -0.18711988964794446
1933 -0.1865960687634186
1934 -0.18576277594374568
1935 -0.19183653553140378
1936 -0.1953798990796577
1937 -0.19573558039289574
1938 -0.19420644668327636
1939 -0.19142945208405604
1940 -0.19281794938366625
1941 -0.19573587527756664
1942 -0.19609155659080457
1943 -0.19515647694012772
1944 -0.19696342274379852
1945 -0.20033476628663216
1946 -0.20255986570969242
1947 -0.20467541743348405
1948 -0.20657621913871793
1949 -0.20812880551430746
1950 -0.20681488676909343
1951 -0.20656828820927708
1952 -0.2039908167767558
1953 -0.20774203549032944
1954 -0.20657651402338884
1955 -0.20447949845523283
1956 -0.2091804525409865
1957 -0.21399141927185605
1958 -0.21679186653704685
1959 -0.2102714140925177
1960 -0.2090626976665927
1961 -0.21600159861518253
1962 -0.21792960859702404
1963 -0.21663062181899706
1964 -0.2135607130973617
1965 -0.21306439537411492
1966 -0.21191815125434144
1967 -0.21390070261289373
1968 -0.2196933594417102
1969 -0.2198378762858515
1970 -0.2153830558140668
1971 -0.2131464399121047
1972 -0.21025601717948306
1973 -0.2119806235604933
1974 -0.21779255773647643
1975 -0.2180427418457539
1976 -0.21595064278793297
1977 -0.20966166823586962
1978 -0.20523793647482558
1979 -0.21038558341745028
1980 -0.21319008117794946
1981 -0.20943093153493508
1982 -0.20832383187883807
1983 -0.21176975397606768
1984 -0.21834012617164378
1985 -0.22115927965364623
1986 -0.2245812841390581
1987 -0.2257746036519488
1988 -0.2211438827406117
1989 -0.21641930592771152
1990 -0.2161770527478747
1991 -0.21932154002390614
1992 -0.2227903250177644
1993 -0.22464405132988097
1994 -0.2245972708214351
1995 -0.22175780391606303
1996 -0.22056477928784357
1997 -0.22393612283067732
1998 -0.22903565830398243
1999 -0.23239924097855125
2000 -0.23334237638216415
2001 -0.22500316677039112
2002 -0.22220659993933223
2003 -0.23129705783278898
2004 -0.23028398413943085
2005 -0.22627823593660013
2006 -0.225050242163508
2007 -0.22956394939198288
2008 -0.2343587593792993
2009 -0.2338536447115851
2010 -0.23532806698331754
2011 -0.23516039235787667
2012 -0.23349003246890654
2013 -0.23048230116875135
2014 -0.23216474866697934
2015 -0.22828932653263412
2016 -0.2203849984141586
2017 -0.21692367940389412
2018 -0.21854308346561502
2019 -0.225907604017188
2020 -0.22683418160806845
2021 -0.22709988745387588
2022 -0.22582481828766676
2023 -0.22588370504435695
2024 -0.22855503237844121
2025 -0.22628616686604086
2026 -0.22884048051726247
2027 -0.22877800821111105
2028 -0.2250931422378214
2029 -0.22913368952434898
2030 -0.23082332676048622
2031 -0.22986867487797102
2032 -0.2312492412481405
2033 -0.2301893870463363
2034 -0.23290778977353754
2035 -0.23209794961983488
2036 -0.23298521268586325
2037 -0.23927836255672996
2038 -0.24306785971895317
2039 -0.24385738644928612
2040 -0.245261870431273
2041 -0.24387725356579537
2042 -0.2414520598456804
2043 -0.24566850757176062
2044 -0.24763178158314614
2045 -0.24827679146933768
2046 -0.25013827864971905
2047 -0.2508889558010471
2048 -0.2552969957643856
2049 -0.2556997524707405
2050 -0.25350500056688896
2051 -0.25641111509721604
2052 -0.25926268825083254
2053 -0.2580068964317904
2054 -0.2552962545728542
2055 -0.2564424986926275
2056 -0.25763552332084705
2057 -0.2560358615521403
2058 -0.2540725875407548
2059 -0.2508578670903068
2060 -0.25047468261578987
2061 -0.2505999221127644
2062 -0.25239476166819075
2063 -0.25432665208416483
2064 -0.2571350302787969
2065 -0.25557063253963364
2066 -0.2511507812127217
2067 -0.25052146312423595
2068 -0.25122998139278174
2069 -0.24815155197236316
2070 -0.24509704016376221
2071 -0.24713904940936038
2072 -0.24424086580847404
2073 -0.24363470550128752
2074 -0.24161689011319132
2075 -0.23837078606733186
2076 -0.2378937456912522
2077 -0.23667726839706205
2078 -0.2394578485457438
2079 -0.24058063999954682
2080 -0.2381953319346395
2081 -0.23016576431918967
2082 -0.22375560076546064
2083 -0.22693997369669994
2084 -0.2268537538399068
2085 -0.22517563308267163
2086 -0.22398723008011612
2087 -0.21719000161773783
2088 -0.21130781562835144
2089 -0.20650986639843383
2090 -0.20141824321558288
2091 -0.19108916768385276
2092 -0.18444495812541217
2093 -0.17907581773318082
2094 -0.16982275314680761
2095 -0.16289697588367835
2096 -0.15272481832900486
2097 -0.14881366721926859
2098 -0.15021009544831965
2099 -0.15622931365926696
2100 -0.15848938222720022
2101 -0.1578397507153444
2102 -0.16055815344254554
2103 -0.1592753234080717
2104 -0.15882937174273237
2105 -0.15664746727865664
2106 -0.15279520292561066
2107 -0.14761332802964489
2108 -0.14524729731190444
2109 -0.1434171937269343
2110 -0.14450455109001747
2111 -0.1434364710741014
2112 -0.1449694852178529
2113 -0.14735941490842408
2114 -0.14385148545088966
2115 -0.13820003616243792
2116 -0.12981883772905844
2117 -0.12775856857350942
2118 -0.12314398576673824
2119 -0.11446135251216072
2120 -0.10914316794717915
2121 -0.10115365604811266
2122 -0.0919782906197496
2123 -0.08547471747131818
2124 -0.08120086537161064
2125 -0.07100165096251876
2126 -0.05611670931953183
2127 -0.04131845247918542
2128 -0.0328593661876333
2129 -0.027587391000741812
2130 -0.032371130816016835
2131 -0.032640887157132314
2132 -0.03057525518438753
2133 -0.034083479526593075
2134 -0.038623948724815005
2135 -0.047696937552832
2136 -0.055741455774455995
2137 -0.06340666995569555
2138 -0.06803694456017251
2139 -0.0710868347431094
2140 -0.07632759639576547
2141 -0.08092364304690125
2142 -0.07867029927103053
2143 -0.0753571012933556
2144 -0.08289811205382336
2145 -0.08887415394477305
2146 -0.09430142126317664
2147 -0.10304190519824186
2148 -0.1174498064651488
2149 -0.12944820580964667
2150 -0.13858322063695472
2151 -0.1474057491100096
2152 -0.15839164589150478
2153 -0.1663112195008254
2154 -0.1699122636683913
2155 -0.17448799689615724
2156 -0.18264263394740532
2157 -0.18435903315328994
2158 -0.1883674556528746
2159 -0.1924308844750171
2160 -0.1965254020078997
2161 -0.20164121904825272
2162 -0.20297860909842413
2163 -0.20509730006481675
2164 -0.21491379494523877
2165 -0.23210257124549882
2166 -0.24212889963414352
2167 -0.2542795766910477
2168 -0.2670292243172291
2169 -0.272648548818738
2170 -0.27956308584864975
2171 -0.2804117942203441
2172 -0.27925373873699766
2173 -0.27892944101917105
2174 -0.27825304753756785
2175 -0.27461987858305936
2176 -0.2706074055881664
2177 -0.2653470717036722
2178 -0.26276241053324145
2179 -0.26157400753068616
2180 -0.2557617784700317
2181 -0.25560515537764594
2182 -0.25977887309058867
2183 -0.2615230517034366
2184 -0.2594260361352807
2185 -0.26121729014124573
2186 -0.2656057578727462
2187 -0.2658755142138619
2188 -0.26429930511112554
2189 -0.2613464100723524
2190 -0.2612800573320684
2191 -0.26417048006469
2192 -0.2647959177190433
2193 -0.26665352446529256
2194 -0.26842908667355203
2195 -0.26884365474348026
2196 -0.27040012155320237
2197 -0.2695043564273777
2198 -0.27239865959413156
2199 -0.2728795804043437
2200 -0.27341116215713424
2201 -0.27641501302315685
2202 -0.2767668139022623
2203 -0.2767668139022623
2204 -0.2764307048208626
2205 -0.2735088984928298
2206 -0.2731689089772974
2207 -0.2742369889932136
2208 -0.27187814801338284
2209 -0.27373575475963186
2210 -0.2785112873997816
2211 -0.28081455092669905
2212 -0.2827855858063495
2213 -0.2832546952529883
2214 -0.28363787972750487
2215 -0.28636809381827966
2216 -0.28517118875592773
2217 -0.28394678053229694
2218 -0.285464397763014
2219 -0.28723607953714103
2220 -0.28899594994769473
2221 -0.289383014856344
2222 -0.28972300437187626
2223 -0.29125243296616654
2224 -0.2925470743642137
2225 -0.28984824386885055
2226 -0.2895941793254404
2227 -0.2896098711231462
2228 -0.2899459802045459
2229 -0.2928834783302844
2230 -0.2933212041815121
2231 -0.29257383633396106
2232 -0.2968880203957366
2233 -0.297494180702923
2234 -0.29803322843930724
2235 -0.29968789653057204
2236 -0.30216375119326544
2237 -0.2978302897843227
2238 -0.2957106875652229
2239 -0.29286734022571836
2240 -0.29465829934701226
2241 -0.3006111648176757
2242 -0.3023357711986857
2243 -0.29936718436220666
2244 -0.29588658800477563
2245 -0.29272252849690605
2246 -0.2939155531251253
2247 -0.2965948113886504
2248 -0.29530016999060327
2249 -0.29386877261667943
2250 -0.29309419649252066
2251 -0.29739987849449967
2252 -0.3078574841879944
2253 -0.3171261157485781
2254 -0.32377853248214383
2255 -0.32096656873805085
2256 -0.31418098157806973
2257 -0.3070162604388803
2258 -0.30367674679831846
2259 -0.29980535652029483
2260 -0.2892694432604611
2261 -0.2725551392240353
2262 -0.24865607687073532
2263 -0.21840126751692157
2264 -0.19420988877025602
2265 -0.16230698027975177
2266 -0.11401241302640963
2267 -0.05277645448743851
2268 0.005228645496518691
2269 0.054890780258065375
2270 0.10213982754774098
2271 0.1609741884950493
2272 0.22685237646455247
2273 0.29191892837363187
2274 0.3594764556127552
2275 0.43721285282360745
2276 0.5076035418842069
2277 0.5618789471306371
2278 0.6272942854997166
2279 0.6977287858873364
2280 0.7623392272117429
2281 0.8090447379225723
2282 0.8423872696011125
2283 0.8712761496672732
2284 0.8858438398678607
2285 0.8841784044489327
2286 0.8442100745440928
2287 0.7666477694910658
2288 0.6540059172858668
2289 0.5127945662219984
2290 0.37012982886231227
2291 0.22942105095260623
2292 0.08982251194159896
2293 -0.044798761911652996
2294 -0.17261184331499302
2295 -0.27411865230918475
2296 -0.36839076459646836
2297 -0.4581091281625814
2298 -0.5332009413701102
2299 -0.5824842370371195
2300 -0.6124803709011384
2301 -0.6404335469888782
2302 -0.6763516666476965
2303 -0.7528104345398018
2304 -0.8239929005040226
2305 -0.8589288464800604
2306 -0.8833389805029115
2307 -0.9049506145894815
2308 -0.9265026286875373
2309 -0.9454668423725616
2310 -0.9507785783911658
2311 -0.9305155479892907
2312 -0.9012543835594791
2313 -0.8752996923152803
2314 -0.8464187245395739
2315 -0.8159769445741658
2316 -0.7864430359828269
2317 -0.7541786184160424
2318 -0.7227165750193667
2319 -0.6915876262849852
2320 -0.6508013738748124
2321 -0.6109579619835814
2322 -0.5765986010010462
2323 -0.5417652140615368
2324 -0.5088090061001147
2325 -0.4777888638734702
2326 -0.447796916007534
2327 -0.4228772953382951
2328 -0.40175539764539137
2329 -0.38398122076817487
2330 -0.36423526781977655
2331 -0.34621421613705916
2332 -0.332425303978128
2333 -0.31656299897818685
2334 -0.3022728525856737
2335 -0.2896569465162634
2336 -0.2776860503330443
2337 -0.26792844220931256
2338 -0.2619096703052255
2339 -0.2607641673769835
2340 -0.26037710246833434
2341 -0.25929721108884485
2342 -0.26124867373665683
2343 -0.26594574738827825
2344 -0.2677606241213899
2345 -0.2674983337638678
2346 -0.26166294692191416
2347 -0.2618005689128172
2348 -0.25831221168712104
2349 -0.254021185406645
2350 -0.25652454323061724
2351 -0.25922771910596
2352 -0.25797939327051156
2353 -0.25417751361435936
2354 -0.2591099455925794
2355 -0.2575182147533134
2356 -0.25389251178239847
2357 -0.24955574106967904
2358 -0.2425319512251698
2359 -0.23830008794706825
2360 -0.2345107608460213
2361 -0.23573185976587496
2362 -0.22827318842806787
2363 -0.22391968984144017
2364 -0.2292785012531613
2365 -0.23253224134379058
2366 -0.23251625466141357
2367 -0.22987300161896396
2368 -0.22119454368319003
2369 -0.21226995213344702
2370 -0.20879009696754713
2371 -0.2037213553203111
2372 -0.20215666269647714
2373 -0.20635353819071922
2374 -0.20825404501128186
2375 -0.20851198998882425
2376 -0.2083050008385312
2377 -0.20557866718188922
2378 -0.20564113948804086
2379 -0.20948233366904512
2380 -0.20788267190033827
2381 -0.2032555365384624
2382 -0.20096408437511826
2383 -0.19997908497339434
2384 -0.1965606660374437
2385 -0.19329887019387848
2386 -0.1940462380414294
2387 -0.19257181576969717
2388 -0.1924972372153011
2389 -0.19249335678116863
2390 -0.19352617276754092
2391 -0.1916567546577186
2392 -0.18707281425482747
2393 -0.18631825666936708
2394 -0.18568505814674874
2395 -0.18368652010581943
2396 -0.18028379296757435
2397 -0.1780705049080874
2398 -0.1770266187496734
2399 -0.17214946933969577
2400 -0.16971708588167145
2401 -0.16740994192062142
2402 -0.16413245427935075
2403 -0.16376496160253973
2404 -0.163956553839798
2405 -0.16581386570137624
2406 -0.16880995569913382
2407 -0.16984665211963856
2408 -0.16397195075283244
2409 -0.16053813490384727
2410 -0.16131300591267717
2411 -0.16116431374973228
2412 -0.1608592933790728
2413 -0.1590212588646619
2414 -0.1558764767039592
2415 -0.15529035357445775
2416 -0.15591248192503437
2417 -0.15028796466750594
2418 -0.15091009301808256
2419 -0.15033966168628687
2420 -0.14722984867045685
2421 -0.14525881379080652
2422 -0.1454864112491404
2423 -0.1403395054980473
2424 -0.13388614698533352
2425 -0.1328893362200364
2426 -0.13251408267496045
2427 -0.13241993188872636
2428 -0.13225584281274694
2429 -0.13184127474281893
2430 -0.128704718396228
2431 -0.12790696585178318
2432 -0.12459062863150727
2433 -0.12375790694218969
2434 -0.12064450837689866
2435 -0.11913870250975456
2436 -0.12277649308992711
2437 -0.12005809036272597
2438 -0.11835276132888295
2439 -0.11791891591178771
2440 -0.11636603465152695
2441 -0.1170624466718283
2442 -0.11454413824168197
2443 -0.10744576984277654
2444 -0.09999560056476597
2445 -0.09409025679408001
2446 -0.0910714553218831
2447 -0.08808791787923043
2448 -0.08132953899585715
2449 -0.07616694144705827
2450 -0.07657043934494456
2451 -0.07606994630289421
2452 -0.07310106458174437
2453 -0.07252240743583671
2454 -0.07169761667595975
2455 -0.06790782462906575
2456 -0.062452312957851586
2457 -0.0582325559279947
2458 -0.05320700923974342
2459 -0.05361797312122352
2460 -0.051725102345430596
2461 -0.04964451976651174
2462 -0.04730987264418274
2463 -0.04244841503191077
2464 -0.04140452887349677
2465 -0.03914416542089283
2466 -0.03544822927556146
2467 -0.032691548099710754
2468 -0.027321666515947696
2469 -0.022088835792732464
2470 -0.02198390971912778
2471 -0.016895595840053845
2472 -0.01281647522020557
2473 -0.009704112731117043
2474 -0.002765952974058794
2475 0.0027016649453996955
2476 0.004120804648889864
2477 0.006881661143544271
2478 0.012689268578534696
2479 0.020139437856545372
2480 0.02731985079344068
2481 0.030045443258551074
2482 0.030917309411544913
2483 0.032869066944028136
2484 0.035016002263231094
2485 0.03747976931666708
2486 0.04272829183758797
2487 0.045805685181803835
2488 0.05156621722367727
2489 0.058438024240451414
2490 0.061147924907856366
2491 0.06229342783609848
2492 0.06597367218372407
2493 0.06981024473906428
2494 0.0735686531905475
2495 0.07594244477655265
2496 0.07726384814434706
2497 0.07440270703154761
2498 0.03759155580824447
2499 -0.06054213681686482
2500 -0.8519462264151743
2501 -0.9538380326070958
2502 -0.9975363877602074
