0
1
2506
-3 0.06710074372983349
-2 0.06672794605803764
-1 0.06591771655496942
0 0.06475050916365643
1 0.06328780585377794
2 0.06158131561520777
3 0.05968496635919013
4 0.05776804659279885
5 0.055733373262814065
6 0.05359201726563451
7 0.05135549035309947
8 0.049050792009805416
9 0.046707210487977886
10 0.04434980596530744
11 0.042001709826485614
12 0.039686767691124884
13 0.03742831006775046
14 0.03524922337174043
15 0.033168433275080705
16 0.031204429825671683
17 0.029376212747503443
18 0.02769717758933915
19 0.0261760101244252
20 0.024818448394983737
21 0.02362942503660219
22 0.0226090592917611
23 0.021755426652310093
24 0.021067526844415634
25 0.020538761483695767
26 0.020156128346557618
27 0.019908532746308202
28 0.019787847039428177
29 0.01978080165603879
30 0.019871419334801153
31 0.020046320872165374
32 0.020290014173445312
33 0.0205913476663355
34 0.02093984121597547
35 0.021325370399973897
36 0.02173378518840318
37 0.02215517140106322
38 0.022584270205772465
39 0.023014146041332745
40 0.02343845181552717
41 0.02384591132928173
42 0.024233432272271455
43 0.024594678601577352
44 0.024925557835830264
45 0.025223782880869895
46 0.025487060640731536
47 0.02571615790101419
48 0.02590781486159436
49 0.026064984432044552
50 0.026191334089804945
51 0.026285267158974616
52 0.026346750267219717
53 0.026379225815856586
54 0.026385368470464448
55 0.026367362260060093
56 0.026324731205080873
57 0.02626108386795955
58 0.026181416444517585
59 0.026086544905477908
60 0.02597968065056423
61 0.025863598021215958
62 0.025740873714941576
63 0.02561627100892441
64 0.02548978978305489
65 0.025362507971561872
66 0.02523697445266429
67 0.02511259630188686
68 0.024990170973440026
69 0.02486797870144836
70 0.024747285548281983
71 0.024630109730857844
72 0.024513457712499832
73 0.024395798827478495
74 0.02427826336254361
75 0.024161390898937898
76 0.02404538546605578
77 0.02392907714427956
78 0.023811239591246015
79 0.023690499098658724
80 0.02356692149789857
81 0.023443828701027788
82 0.023319281140993648
83 0.023191356586814
84 0.023060564720044148
85 0.022929097591837786
86 0.022796902828791498
87 0.022660078762131587
88 0.022518393847132747
89 0.02237491184351464
90 0.022231666027259605
91 0.022085054080168094
92 0.021934612616883082
93 0.021782582378471894
94 0.021629153284610517
95 0.02147541110065373
96 0.021322731684743426
97 0.021171270516579743
98 0.02102459813599315
99 0.020885901063137174
100 0.02075351942064675
101 0.020626341369445893
102 0.02050314312396185
103 0.020385261104445572
104 0.020274935474851128
105 0.02017220848941964
106 0.02008005534764218
107 0.019998812379237636
108 0.01992721677940217
109 0.019865260228337813
110 0.01981289145046647
111 0.019773766646635518
112 0.019746850327087857
113 0.01973567572113628
114 0.01974234162063841
115 0.019762640049349394
116 0.019797970161528608
117 0.01984555313643196
118 0.019901477863693017
119 0.019960065073239396
120 0.020018209200545155
121 0.02008057924913211
122 0.020141028914880888
123 0.020198473921400804
124 0.020256510263254566
125 0.020314544945041396
126 0.020375216634487457
127 0.020437146606498702
128 0.020500617232408126
129 0.020567755119800378
130 0.020637527141577416
131 0.02070661291749139
132 0.020769671309362674
133 0.020821596713804853
134 0.02085981804633729
135 0.02088227662163034
136 0.020887620411453707
137 0.020873091350738403
138 0.020841660564118736
139 0.020795477885561926
140 0.020734545306612322
141 0.02065553106545301
142 0.02055518953724808
143 0.020435069412360653
144 0.020293387817952167
145 0.02013330545440499
146 0.019954118145417636
147 0.01975531856879665
148 0.019538343872465853
149 0.019307394476737228
150 0.01906288547052196
151 0.018802512605326165
152 0.01852967932969155
153 0.01824248825336269
154 0.017943054327832362
155 0.01762872502725889
156 0.017302335641487775
157 0.016971828981420824
158 0.016638835241649254
159 0.016309028307746685
160 0.01598666832577975
161 0.015677486481685033
162 0.015383614799424574
163 0.015105339383997734
164 0.014842359374093728
165 0.014596537494659953
166 0.014372144446953013
167 0.014169518575150017
168 0.013989800477157763
169 0.013833729168211835
170 0.013705954837817702
171 0.013605678213520326
172 0.013527352640752738
173 0.01347260938104539
174 0.013442253550065082
175 0.013435019194725815
176 0.01344935486885195
177 0.013483108793196306
178 0.013533824165003868
179 0.01359647357251314
180 0.01366855377266293
181 0.013750965204734643
182 0.013841652668138806
183 0.013938235981450891
184 0.014037904365812464
185 0.014140467231811888
186 0.014246058646605608
187 0.014347271680678553
188 0.014436935891614825
189 0.014510498163656706
190 0.014566461680330264
191 0.014606232355275927
192 0.01462811003724398
193 0.014631026669340092
194 0.014611286318070847
195 0.014571546442587865
196 0.014525086557271805
197 0.014476824858041328
198 0.014429939759237667
199 0.014381913163959072
200 0.014331697816797155
201 0.014276342852501782
202 0.014203318867708856
203 0.014103493333868403
204 0.013965563080812695
205 0.01378941373514739
206 0.013579629645331142
207 0.01333995277887712
208 0.013070632856284113
209 0.012774962508752867
210 0.012472486753260435
211 0.012183989374882591
212 0.011924949655937834
213 0.011707456637961865
214 0.011540083080200481
215 0.01142784510407481
216 0.011366583690623986
217 0.011348872796008635
218 0.011372158049245759
219 0.011429534646170633
220 0.011513870018814702
221 0.011617446515984758
222 0.011741025887808117
223 0.011882487979068648
224 0.01203162597394112
225 0.01218795247959885
226 0.012352482098465293
227 0.012524420082541232
228 0.01269571031548098
229 0.012865181032597487
230 0.013039180579998868
231 0.013216239930380298
232 0.013393112297676896
233 0.013566795337101905
234 0.013736849739410306
235 0.013905125555765811
236 0.014066718222879377
237 0.014217873683799077
238 0.014356651241401393
239 0.014482326823726242
240 0.01459731966480984
241 0.014700660565604306
242 0.014797053159484725
243 0.014887351220013135
244 0.014968943043112328
245 0.015044067125797514
246 0.015112111494869978
247 0.015172816421835857
248 0.015223425382262215
249 0.015266755766612237
250 0.015305555986996105
251 0.015338067178038482
252 0.015364772743773158
253 0.01538463070183236
254 0.015397638552815177
255 0.015403053739189616
256 0.015400139391942744
257 0.01538886028625413
258 0.015369140256971014
259 0.015339811985003678
260 0.015299456591956855
261 0.015251442531947981
262 0.015196754607029633
263 0.01513548377413875
264 0.015068458723932745
265 0.014993577511798981
266 0.014911283622070644
267 0.014823805152328864
268 0.014728729815288569
269 0.014627756765265449
270 0.014523515242210558
271 0.014416878074810036
272 0.014310420973000186
273 0.014202858995435892
274 0.014097097153200353
275 0.013990686349948942
276 0.013879896085049229
277 0.013767424833191842
278 0.013653202754928312
279 0.013537072327561076
280 0.013416025347628256
281 0.013291418431820134
282 0.013165942867899646
283 0.013041566192032575
284 0.012917800197312045
285 0.012794342970520395
286 0.01267293725616047
287 0.01255237328620447
288 0.012432970869131702
289 0.012312751550725084
290 0.012196301204902909
291 0.012084019203915273
292 0.011977187192552169
293 0.011878883729662771
294 0.011785850408152828
295 0.011696757001374925
296 0.011610705684354003
297 0.011526261691814985
298 0.01143857517600058
299 0.011347912527023763
300 0.011262680442120476
301 0.01118669915233413
302 0.011115515032261854
303 0.011050156657523062
304 0.010996515799486363
305 0.010956100700273174
306 0.01092301662299553
307 0.01089579539363151
308 0.010877670101671344
309 0.010867903177052421
310 0.010865286813561357
311 0.010868263430012888
312 0.010876389679386316
313 0.010889006382545753
314 0.010906076446682855
315 0.010930122042776217
316 0.010961880040427538
317 0.01100303468686794
318 0.011054223244296944
319 0.01111361976268717
320 0.01117808256205359
321 0.011246464935797234
322 0.011318511288673287
323 0.011393470624649304
324 0.011470777377758007
325 0.011549320532840529
326 0.01162994870912729
327 0.01170964278732745
328 0.011787975484536268
329 0.011864837047514457
330 0.011936645273935802
331 0.012003469844703385
332 0.01206572196715102
333 0.012122184353206361
334 0.01217366947901687
335 0.012220515075571429
336 0.012266367357884675
337 0.012313645824785521
338 0.012361341361626144
339 0.012411312692480842
340 0.012464497158958726
341 0.012521329162601754
342 0.012579262516578578
343 0.012637897715919262
344 0.012695293410924324
345 0.012747956062873858
346 0.012796383782164097
347 0.012842048203534486
348 0.012887515711472676
349 0.012932285314362437
350 0.012973060013384262
351 0.01301245036922839
352 0.013052109901334435
353 0.0130943565842261
354 0.013140972689956539
355 0.013192718962959916
356 0.013253339489067142
357 0.013320707737088466
358 0.01339234232630055
359 0.013465959434348968
360 0.013540017221900305
361 0.013610621739737885
362 0.01367683155509486
363 0.013741358308148549
364 0.01380498476077361
365 0.013867260624377322
366 0.013928606879809341
367 0.013990773416154458
368 0.014052624805214598
369 0.014116625984410209
370 0.014183639182353684
371 0.014255502314247858
372 0.01433385822411358
373 0.014418103804049716
374 0.014503988435938208
375 0.014588643027337733
376 0.014671824229041137
377 0.01475131778086155
378 0.014823339404368342
379 0.014887268321413443
380 0.014946267863305237
381 0.015002205739686851
382 0.015055889172250179
383 0.01510342206413047
384 0.015144191219423788
385 0.015178242743920234
386 0.015206328826953844
387 0.015228344699029882
388 0.01524290041086078
389 0.015252685367064511
390 0.015258282897915849
391 0.015261866636754525
392 0.015263120907855433
393 0.015260394756102831
394 0.015252360435166508
395 0.015238080496764115
396 0.015216517187728115
397 0.015186562576283107
398 0.015147929373763346
399 0.015101100324669006
400 0.015050007653643832
401 0.0149984612376252
402 0.014950629427162623
403 0.014906642840731505
404 0.014867665009978584
405 0.014832756589922154
406 0.014800593534496241
407 0.01477126367397238
408 0.01474156231789716
409 0.01471005284866868
410 0.014678843100717799
411 0.014648440504642967
412 0.014615580189718131
413 0.014577971831097856
414 0.014534514701269919
415 0.014488169787068425
416 0.014440546033774208
417 0.014390049127602129
418 0.01433606080466566
419 0.014276608342376387
420 0.014215302292161685
421 0.014154455690168842
422 0.014092070618189522
423 0.014032008141605799
424 0.013974975825814974
425 0.013919138870573304
426 0.013861840585699177
427 0.013800262583034564
428 0.013736770293044698
429 0.013671587857874267
430 0.013604595340929893
431 0.01353748390967771
432 0.013469416625857341
433 0.013399186160551203
434 0.013325129350300597
435 0.013247816478173665
436 0.013170061841499964
437 0.013091925633103324
438 0.013011833404567262
439 0.012931751067722257
440 0.012849742142139806
441 0.012765617603399344
442 0.012680644282177323
443 0.012593248514915547
444 0.012507284780864512
445 0.012420994732033942
446 0.012330911943337866
447 0.012238406619561692
448 0.012146461217808708
449 0.012058366396258319
450 0.01196582724081682
451 0.011868850857981766
452 0.011775760409876851
453 0.01168765949030127
454 0.011601305321247065
455 0.011514728868568554
456 0.0114338182630077
457 0.011357275413866308
458 0.011281921154945414
459 0.011210578303642672
460 0.011145082354957484
461 0.01108652910274352
462 0.011035467444994307
463 0.010993896971143315
464 0.010962465040506372
465 0.01094133727134583
466 0.0109306915330873
467 0.010931067723162474
468 0.010940284789924806
469 0.010958319515463694
470 0.010987503232321354
471 0.011024379778099704
472 0.011068739000251984
473 0.01111950656992786
474 0.011174254944737751
475 0.011234625143797843
476 0.01129685893490682
477 0.011363369247620016
478 0.011437501692096159
479 0.011518025937007965
480 0.011607947391044565
481 0.011706225412089023
482 0.011815885753826314
483 0.011934138303394064
484 0.012052281919601344
485 0.01216860389720146
486 0.01228401375019254
487 0.012400088391687807
488 0.012512638471413389
489 0.012622925847369623
490 0.012731504125670595
491 0.012840683798360997
492 0.012949254795052136
493 0.013055793694486601
494 0.013162282021386076
495 0.013264391164695017
496 0.013368455271609363
497 0.01347822915558363
498 0.013590261460747087
499 0.013699346800493395
500 0.013804445622977448
501 0.013906478361131827
502 0.01400395903002367
503 0.01409707256595341
504 0.014185111147472527
505 0.014271448715147577
506 0.014354520041021574
507 0.014434048546859169
508 0.014510074579685691
509 0.014581823242755991
510 0.014650046665229404
511 0.014709708791351053
512 0.014762164769659391
513 0.014805930853336905
514 0.014838846637931592
515 0.014861326193223045
516 0.014870534117457682
517 0.0148710896161983
518 0.014862195434510886
519 0.014842804478913053
520 0.014816818824497861
521 0.014782310715622275
522 0.014740422831405572
523 0.01468921069949287
524 0.014628259788418663
525 0.01456145064254748
526 0.014487584622427246
527 0.014408138046509965
528 0.014326113253549457
529 0.01424057732062983
530 0.014150476520497727
531 0.014058249422658273
532 0.013966387411600525
533 0.013874386130668243
534 0.013783724687733945
535 0.01369475410533559
536 0.013606140108151511
537 0.013514184820246416
538 0.013419005328201127
539 0.013322705250873479
540 0.013221923378262753
541 0.013116549286916702
542 0.01300843765320812
543 0.012900068448533383
544 0.012791932427634767
545 0.01268525640195889
546 0.01258155141990921
547 0.012479227722071119
548 0.012377579803402745
549 0.012275021100575451
550 0.012169267853363568
551 0.012058407972946364
552 0.011946559810792805
553 0.01183580068929188
554 0.011726749319547276
555 0.011622823367998266
556 0.011522562771325844
557 0.011424816797675635
558 0.011328850207691142
559 0.011234378820349328
560 0.011141113068561867
561 0.011046879550628374
562 0.010952782631175568
563 0.010863394170723401
564 0.010782080230176244
565 0.010711651664706046
566 0.010653631334986036
567 0.010607046257454763
568 0.010570715541085313
569 0.010542815837422342
570 0.010521974625387974
571 0.010504755491577679
572 0.010488042787579139
573 0.010471378560296032
574 0.01045623778048264
575 0.010440105391411105
576 0.010424763570714023
577 0.010418580421365764
578 0.010423488966718363
579 0.010437864893940198
580 0.010457449453080329
581 0.010483542983117633
582 0.010516604563947993
583 0.010552496206660381
584 0.01059163228885444
585 0.01063239923942622
586 0.010674254711496634
587 0.01071687284190379
588 0.010758732754736395
589 0.010798592421968135
590 0.010837576047766898
591 0.010877489193607238
592 0.010916196169583368
593 0.010951289147742713
594 0.010981889090275906
595 0.011011281042196348
596 0.011041270547389567
597 0.011073556482873243
598 0.011111352715278059
599 0.011154882583368497
600 0.01120486728281714
601 0.011263356358061942
602 0.01132817044679132
603 0.011399676864219367
604 0.011478460682369155
605 0.011561380240289652
606 0.011652431733450232
607 0.01175392886269798
608 0.011866084952929857
609 0.011989457055552039
610 0.012122802900454501
611 0.012270402214341012
612 0.012431396207674816
613 0.012603199450268774
614 0.012786239992290803
615 0.012978473828809692
616 0.01318321344015246
617 0.013398996624388673
618 0.01362083740527088
619 0.013848989217738496
620 0.0140819791639878
621 0.014314750941629251
622 0.014537405574452373
623 0.01474875509150313
624 0.01494896580083633
625 0.015138892736515778
626 0.015317570491454135
627 0.015483955411965645
628 0.015642647342170482
629 0.01579068212315348
630 0.01592937351738966
631 0.0160567532330808
632 0.016173639057235626
633 0.016282987581392617
634 0.016382255396434613
635 0.0164700660081463
636 0.01654617478017603
637 0.01660915223707776
638 0.016656330400965563
639 0.016692602329634633
640 0.016719929639829243
641 0.016740951819015706
642 0.016755313443320624
643 0.016760927142033557
644 0.01676474882150072
645 0.016764619631160833
646 0.01676076734214204
647 0.016753039559476997
648 0.016742665294158417
649 0.01673366456509812
650 0.01672118476650778
651 0.016704531703682468
652 0.016683869965886236
653 0.01666096518865994
654 0.016638744948868148
655 0.016619757520521906
656 0.01660311044562484
657 0.016587163644189953
658 0.016572115557998302
659 0.016562230591252714
660 0.016561326004677888
661 0.016567228643382604
662 0.016581876888066917
663 0.016608690266753476
664 0.016649749233252308
665 0.016703774420212904
666 0.01676724016837754
667 0.016836526444855966
668 0.016910588038442576
669 0.016988253019576186
670 0.0170709589554237
671 0.017162277956378966
672 0.017259538216695135
673 0.017364406809919127
674 0.01747463768421829
675 0.017587111710634547
676 0.01770200755035832
677 0.01781532194391152
678 0.017929885789472893
679 0.018044194995498235
680 0.01815723209780457
681 0.01827236295400405
682 0.01838882588018629
683 0.01850877893526511
684 0.01863202955734354
685 0.018756506846224787
686 0.018879839859181388
687 0.01899858239452392
688 0.019114472289916997
689 0.01922495475619323
690 0.019328042132299283
691 0.019426586615123552
692 0.0195229979379839
693 0.01962238805257875
694 0.01971825785018971
695 0.019808957060859382
696 0.019892348410406557
697 0.01996370306583294
698 0.0200242590457194
699 0.020070028484516625
700 0.02010401045575563
701 0.0201257124538475
702 0.020138616122136577
703 0.02014743361679953
704 0.020151151502743766
705 0.020151167762131144
706 0.020148081235809728
707 0.020146154621680172
708 0.020148117965273476
709 0.02015302270918195
710 0.020160779833098934
711 0.020166903224033722
712 0.020171625326046903
713 0.020179431073996872
714 0.020196009432547103
715 0.020226205914746002
716 0.020270280445233574
717 0.02033410040806826
718 0.02042536378991907
719 0.020548962954244233
720 0.020703821047393097
721 0.02089004192718275
722 0.02111047036857795
723 0.021365070440370292
724 0.0216489304881848
725 0.021943760647483077
726 0.022232749219871107
727 0.022502291234795146
728 0.0227375380492115
729 0.022923243922008205
730 0.023047783049493068
731 0.02310601024765414
732 0.02309423371752272
733 0.023013944283640255
734 0.02287192304603038
735 0.022675916646567845
736 0.02244133303177813
737 0.022186395766122857
738 0.02191416057295286
739 0.021629961047249353
740 0.02134411833006498
741 0.021061186020881296
742 0.020776636859632824
743 0.02048893802436206
744 0.020211810676448946
745 0.01995830415536861
746 0.019732874445484935
747 0.019547429853561348
748 0.0194085940133681
749 0.0193229607916717
750 0.019309329277006994
751 0.019375817436766425
752 0.019535470723007164
753 0.019797675099448294
754 0.020167939221374078
755 0.02065417373877125
756 0.021255231254739094
757 0.02197357390082896
758 0.022809117267029298
759 0.023755871832520044
760 0.024808734803803884
761 0.02596010945589905
762 0.02719754852785402
763 0.02851239623740443
764 0.02989583462620545
765 0.031330833509926395
766 0.032800762904091715
767 0.03428960784444784
768 0.03578329527215902
769 0.037262445068512604
770 0.03870492815656065
771 0.04009071647824568
772 0.04139924654930586
773 0.04260887101226279
774 0.04370050928312208
775 0.04465340097374907
776 0.04545055771045652
777 0.04607294932672187
778 0.046501373968724245
779 0.04672740750506136
780 0.046741729638503475
781 0.046545895044299186
782 0.046143971477918114
783 0.0455493364920482
784 0.04478104251140163
785 0.04385180002283601
786 0.04278209359959036
787 0.041593594797860074
788 0.04030812294873846
789 0.03894365353629747
790 0.03751871205494153
791 0.03605475501435297
792 0.03457011663789471
793 0.03308292393134514
794 0.03160640623592125
795 0.030158064040411138
796 0.02875351067538382
797 0.027407008139000044
798 0.0261328883408489
799 0.024938706018556748
800 0.02383197177806206
801 0.022818963264085966
802 0.021902981851256127
803 0.021089231049784336
804 0.02038127110777902
805 0.019779555418590198
806 0.01928377448545919
807 0.018889401202416254
808 0.01859327928405105
809 0.01838498786544517
810 0.018254315453784975
811 0.01819261055611948
812 0.01819252825053868
813 0.018248116397044545
814 0.01835176016976452
815 0.01850030588590736
816 0.018688615142753648
817 0.018905929924361468
818 0.019145332435667486
819 0.019399547355108605
820 0.01966047794767296
821 0.019923325276470547
822 0.02018155391934862
823 0.020432165143705844
824 0.020672233086860996
825 0.0208995428335061
826 0.021113151350138314
827 0.02131167214079132
828 0.021493875744655423
829 0.021658546265676062
830 0.02180383596904294
831 0.021929920639247855
832 0.022039185736895166
833 0.022126478177004787
834 0.02219235544433837
835 0.02224135681317619
836 0.022277051733865256
837 0.02229966087310803
838 0.022307184994825164
839 0.022306189648803834
840 0.02229648366735245
841 0.022277561553733043
842 0.02225296899038949
843 0.02222438978128065
844 0.02219312246945188
845 0.02215837287331921
846 0.022121852221174222
847 0.022083600656865987
848 0.02204129081146614
849 0.021999081376474078
850 0.021958704911306387
851 0.02191893709448824
852 0.02188076423262037
853 0.021843359808483308
854 0.021805713079039158
855 0.02176357484088003
856 0.02171887236681374
857 0.021678086789621024
858 0.02163721263052311
859 0.021596269418784165
860 0.02155962246786056
861 0.021524918075496502
862 0.021491329720085075
863 0.021457145769526037
864 0.021426570096884933
865 0.021400774469895533
866 0.02137517582807858
867 0.021351636655963735
868 0.021326282180124348
869 0.021297667313155497
870 0.02126431413636859
871 0.021226868428699936
872 0.021191339046744844
873 0.02115586354172631
874 0.021119447762899098
875 0.021081352641474805
876 0.021038611536361284
877 0.02099055075817551
878 0.020935027225441508
879 0.02087137751530697
880 0.02080092798574789
881 0.020726687899091156
882 0.02064980431870404
883 0.020567069187523112
884 0.020478424841994237
885 0.020385930583515684
886 0.020287399704924273
887 0.020178890870813655
888 0.020063914881269657
889 0.019945740256169877
890 0.019822168060120368
891 0.019693103578407534
892 0.019559050514604565
893 0.0194215167391586
894 0.019281533149278773
895 0.01913992204587013
896 0.01899812791124662
897 0.01885802872571005
898 0.018723344067940597
899 0.018597527144924426
900 0.018481822448995204
901 0.01838025171603533
902 0.018295780815715628
903 0.01823217220519714
904 0.01819342995340501
905 0.018179786169409802
906 0.018197397356622486
907 0.018249090738365205
908 0.01833951834233207
909 0.01847187350983194
910 0.018647544120479614
911 0.01887277041678221
912 0.019143067797078046
913 0.019461159691486218
914 0.019834959130397775
915 0.020266799992896586
916 0.020752305553969695
917 0.021285668105698808
918 0.021871356635797135
919 0.022505867713296775
920 0.023180916175647288
921 0.023890394655066063
922 0.024625245389184675
923 0.025378206721177105
924 0.02614005233327558
925 0.026905695852750437
926 0.027669179567223784
927 0.02842255226621231
928 0.029158883803628292
929 0.029863565360717145
930 0.030526781518771428
931 0.031138667708129786
932 0.031683105122938926
933 0.03214720174656235
934 0.0325225971437528
935 0.03280275127749439
936 0.03297869810176798
937 0.03303850036987841
938 0.03297829794202113
939 0.03279776809005385
940 0.03249676588402252
941 0.03208498354925629
942 0.03157219600131948
943 0.030970417333294645
944 0.030290694188824258
945 0.02954195572819902
946 0.028738052443273335
947 0.027890059428324725
948 0.027012564078035924
949 0.026121344126149196
950 0.025225885941252437
951 0.02433641963228885
952 0.023463677310576202
953 0.022615459445413027
954 0.021800602799383655
955 0.02102684818849485
956 0.02030485003588366
957 0.019639542993181807
958 0.019033134943230164
959 0.01849381965335218
960 0.018023876009382395
961 0.017623097499260026
962 0.017287904922623068
963 0.017018137099692042
964 0.016816283005047665
965 0.016678346671579008
966 0.016599390845564894
967 0.01657706568277315
968 0.01661224745841919
969 0.016700887208739232
970 0.01683325157669675
971 0.017001343374464854
972 0.01719235714605272
973 0.017394763644564132
974 0.01760384511745743
975 0.017819297005972536
976 0.018036087158749037
977 0.018244140473831272
978 0.018432200912009804
979 0.018608570764072813
980 0.018782914803005965
981 0.018951325107132412
982 0.01911117338543871
983 0.019257567431793313
984 0.019392430541238674
985 0.019504758753071897
986 0.01958219583351381
987 0.019617398124380035
988 0.019601926214723047
989 0.019537248301928302
990 0.019423854443738984
991 0.019262801336427732
992 0.019057308473741867
993 0.018818150367440327
994 0.01855935461314328
995 0.018295104208766098
996 0.018045811846936446
997 0.017828488877115287
998 0.01765090995873908
999 0.017515262790589313
1000 0.01741993987530315
1001 0.017361703503269627
1002 0.017333476464007676
1003 0.017326343275415348
1004 0.017335337309241923
1005 0.017361378514302132
1006 0.01740711285876232
1007 0.01746445870271981
1008 0.017530310929953632
1009 0.017608524461486433
1010 0.01769243997357971
1011 0.017777758285515415
1012 0.017861708348333383
1013 0.017946365847667435
1014 0.01803189851196423
1015 0.018116519856720376
1016 0.018199312099088066
1017 0.018275597720391445
1018 0.01834544825455241
1019 0.018405867707618487
1020 0.01845660421401108
1021 0.018488797346307047
1022 0.018500167423675155
1023 0.01849684895742483
1024 0.018483690724492075
1025 0.01846902190301569
1026 0.018449083400228095
1027 0.018426172177187568
1028 0.018403594926044167
1029 0.01837831244331869
1030 0.01834570672737057
1031 0.018302166440557516
1032 0.0182487195327071
1033 0.01818659094358664
1034 0.01811892910923271
1035 0.018046039598091798
1036 0.017966818438138563
1037 0.017882785687044458
1038 0.017796116804911655
1039 0.017706527386406413
1040 0.017612874555847674
1041 0.01752019426828447
1042 0.017429343580258674
1043 0.01733764404804696
1044 0.017244795165016147
1045 0.017155847511587108
1046 0.017072237742053277
1047 0.01698754433072885
1048 0.01690266468237368
1049 0.01681800032673781
1050 0.01673405879850831
1051 0.016651162202781247
1052 0.016571869391286187
1053 0.016500874774771145
1054 0.016436170930833945
1055 0.016379544793631063
1056 0.01633080429816377
1057 0.01628558135850396
1058 0.016241307417318423
1059 0.01619664565713749
1060 0.016154194263178122
1061 0.016112015793853764
1062 0.01606792305563641
1063 0.016022865579235875
1064 0.015977843836887537
1065 0.015932943621046924
1066 0.015884903530051644
1067 0.015836623677439435
1068 0.01578679331480214
1069 0.015733241693159
1070 0.015681106239132
1071 0.015629998675017437
1072 0.015580016530007196
1073 0.01553136451333574
1074 0.015483743066091566
1075 0.015436071681474879
1076 0.015381878064127445
1077 0.015321445769087111
1078 0.015255407923445421
1079 0.015182130892124949
1080 0.01510206359904562
1081 0.015017758016885024
1082 0.014927964402279722
1083 0.014829832238792372
1084 0.014730067846291826
1085 0.014633259834243512
1086 0.01453667997292707
1087 0.01443457147574377
1088 0.014329735396045661
1089 0.014224295173694742
1090 0.014111913563500502
1091 0.013994028354359294
1092 0.013873907843842716
1093 0.013755546859328794
1094 0.01363854909311686
1095 0.013521165658708527
1096 0.013405308250190331
1097 0.013291591391701805
1098 0.013180041274367397
1099 0.013067472276987072
1100 0.012954743893876033
1101 0.012846465311294535
1102 0.01274476717390673
1103 0.012648379707638628
1104 0.012561509619552413
1105 0.012486194018519891
1106 0.012422202140617455
1107 0.012372446337561033
1108 0.012334150537182353
1109 0.012305568037001344
1110 0.012284941479509178
1111 0.01227122889023686
1112 0.012262788474705232
1113 0.012255314923880453
1114 0.012245272630039829
1115 0.012232293214952478
1116 0.01221641054887358
1117 0.012197452137363016
1118 0.012178029299686772
1119 0.012159794578337836
1120 0.012143663019780194
1121 0.012131179250612033
1122 0.012124251328574993
1123 0.012122581032567468
1124 0.012123207447952023
1125 0.012124475521852538
1126 0.012126255098500419
1127 0.012127142198505357
1128 0.012123437892422161
1129 0.012114788969682874
1130 0.012102440287780653
1131 0.012086604136022102
1132 0.012068551586001652
1133 0.012048284321907184
1134 0.012023402424618933
1135 0.012000283624768867
1136 0.011980606191812435
1137 0.011966866844726858
1138 0.011959150735860348
1139 0.011956293428565651
1140 0.011965629089354422
1141 0.011975761321522607
1142 0.011987105807495232
1143 0.012001732801274072
1144 0.012017410379969621
1145 0.012036339073232458
1146 0.01205187186850866
1147 0.012067628048380786
1148 0.012084235697178026
1149 0.012100125793239783
1150 0.012117458854249554
1151 0.012142267934642313
1152 0.012177137044439627
1153 0.01221974448956922
1154 0.01226990390695229
1155 0.01232863258005761
1156 0.012395856501916915
1157 0.012464219303635816
1158 0.012531195319987056
1159 0.012596111080815639
1160 0.012656037665521851
1161 0.01271210198581224
1162 0.012763985736591626
1163 0.012813823906448158
1164 0.01286192582965761
1165 0.012909514987459202
1166 0.012964954058277346
1167 0.013023773643437195
1168 0.013080045890130404
1169 0.013134944792237686
1170 0.013186964238035562
1171 0.013237034454560289
1172 0.013281875746385341
1173 0.013320075927503956
1174 0.013353300557084662
1175 0.013380879035720427
1176 0.013407486285518053
1177 0.013432674957771736
1178 0.013456906240125436
1179 0.01348400498629359
1180 0.013513508992286741
1181 0.013542815296260951
1182 0.013567860487377128
1183 0.013588921056873992
1184 0.013603919477562868
1185 0.013613916017804822
1186 0.013624576443673443
1187 0.013634919796483177
1188 0.01364662005389568
1189 0.013658644394374218
1190 0.013671574558972674
1191 0.013685673801077774
1192 0.013694130933161974
1193 0.013695038978724022
1194 0.013694505771035646
1195 0.013696006791707712
1196 0.013692100732600729
1197 0.01368407989966228
1198 0.013672617709872735
1199 0.013657498889178232
1200 0.013635552907209577
1201 0.013603900513068591
1202 0.013567425177382415
1203 0.01352387653920926
1204 0.013474703453823112
1205 0.01341932454011469
1206 0.013358852566048508
1207 0.01329096546887487
1208 0.013218086786062483
1209 0.013142822074274885
1210 0.013065378957820822
1211 0.012989923557155723
1212 0.01291459861311817
1213 0.012841147395200968
1214 0.01276177200606421
1215 0.012675844249808969
1216 0.01258530327324968
1217 0.012490390441743398
1218 0.012396105522374782
1219 0.012297978797366868
1220 0.012200704768665407
1221 0.01210539111296012
1222 0.012008671743883401
1223 0.011915956474918039
1224 0.011823789977931301
1225 0.011728936568580855
1226 0.011632159500036644
1227 0.011534252945165715
1228 0.011436920934598124
1229 0.01133510982310841
1230 0.01122648821060977
1231 0.011116302739076968
1232 0.011007516437657633
1233 0.010897472236548243
1234 0.010788513260603205
1235 0.010682546723624271
1236 0.010581576609688757
1237 0.010490899624684882
1238 0.010406046886614315
1239 0.010324870448162415
1240 0.010248806633460247
1241 0.010181447393589683
1242 0.01012225367315243
1243 0.010065634232019598
1244 0.010008520152670869
1245 0.009958113389577385
1246 0.009917046036231624
1247 0.009880999742633869
1248 0.009851529204108872
1249 0.009832202382578713
1250 0.009826023406569634
1251 0.00983220238257868
1252 0.00985152920410887
1253 0.00988099974263387
1254 0.009917046036231628
1255 0.009958113389577394
1256 0.01000852015267086
1257 0.010065634232019572
1258 0.01012225367315241
1259 0.010181447393589714
1260 0.01024880663346024
1261 0.01032487044816243
1262 0.0104060468866143
1263 0.010490899624684887
1264 0.01058157660968876
1265 0.010682546723624262
1266 0.010788513260603195
1267 0.01089747223654825
1268 0.011007516437657626
1269 0.011116302739076976
1270 0.011226488210609786
1271 0.01133510982310843
1272 0.011436920934598109
1273 0.011534252945165737
1274 0.011632159500036623
1275 0.011728936568580858
1276 0.011823789977931346
1277 0.011915956474918065
1278 0.01200867174388339
1279 0.012105391112960068
1280 0.012200704768665388
1281 0.012297978797366875
1282 0.012396105522374771
1283 0.0124903904417434
1284 0.012585303273249663
1285 0.012675844249808924
1286 0.01276177200606422
1287 0.012841147395200968
1288 0.012914598613118151
1289 0.012989923557155735
1290 0.013065378957820844
1291 0.013142822074274897
1292 0.013218086786062452
1293 0.01329096546887485
1294 0.013358852566048504
1295 0.01341932454011473
1296 0.013474703453823117
1297 0.013523876539209286
1298 0.013567425177382396
1299 0.013603900513068591
1300 0.013635552907209603
1301 0.013657498889178254
1302 0.013672617709872712
1303 0.013684079899662294
1304 0.013692100732600765
1305 0.013696006791707706
1306 0.0136945057710356
1307 0.013695038978724037
1308 0.01369413093316201
1309 0.013685673801077797
1310 0.013671574558972683
1311 0.013658644394374213
1312 0.01364662005389567
1313 0.013634919796483168
1314 0.013624576443673425
1315 0.013613916017804819
1316 0.013603919477562842
1317 0.013588921056874
1318 0.013567860487377136
1319 0.013542815296261007
1320 0.01351350899228676
1321 0.01348400498629355
1322 0.013456906240125445
1323 0.013432674957771696
1324 0.013407486285518001
1325 0.013380879035720434
1326 0.013353300557084653
1327 0.013320075927503953
1328 0.013281875746385357
1329 0.013237034454560266
1330 0.013186964238035583
1331 0.013134944792237679
1332 0.013080045890130409
1333 0.01302377364343723
1334 0.012964954058277342
1335 0.012909514987459165
1336 0.012861925829657644
1337 0.012813823906448172
1338 0.012763985736591613
1339 0.01271210198581221
1340 0.012656037665521848
1341 0.012596111080815634
1342 0.012531195319987051
1343 0.012464219303635818
1344 0.012395856501916906
1345 0.012328632580057603
1346 0.012269903906952281
1347 0.012219744489569218
1348 0.012177137044439616
1349 0.012142267934642334
1350 0.012117458854249571
1351 0.012100125793239734
1352 0.012084235697177972
1353 0.01206762804838078
1354 0.01205187186850864
1355 0.01203633907323247
1356 0.012017410379969638
1357 0.01200173280127406
1358 0.011987105807495242
1359 0.011975761321522609
1360 0.01196562908935442
1361 0.011956293428565665
1362 0.011959150735860387
1363 0.011966866844726882
1364 0.011980606191812416
1365 0.012000283624768859
1366 0.012023402424618938
1367 0.012048284321907151
1368 0.012068551586001642
1369 0.012086604136022106
1370 0.012102440287780637
1371 0.012114788969682884
1372 0.012123437892422192
1373 0.012127142198505341
1374 0.012126255098500405
1375 0.012124475521852557
1376 0.012123207447952025
1377 0.012122581032567498
1378 0.012124251328575003
1379 0.012131179250612033
1380 0.012143663019780166
1381 0.012159794578337827
1382 0.012178029299686782
1383 0.012197452137363025
1384 0.012216410548873539
1385 0.01223229321495249
1386 0.012245272630039819
1387 0.012255314923880453
1388 0.012262788474705261
1389 0.012271228890236942
1390 0.012284941479509226
1391 0.012305568037001351
1392 0.012334150537182361
1393 0.01237244633756103
1394 0.012422202140617447
1395 0.012486194018519891
1396 0.012561509619552408
1397 0.0126483797076386
1398 0.012744767173906739
1399 0.012846465311294516
1400 0.012954743893876018
1401 0.013067472276987058
1402 0.013180041274367388
1403 0.0132915913917018
1404 0.013405308250190326
1405 0.013521165658708546
1406 0.013638549093116894
1407 0.013755546859328846
1408 0.013873907843842685
1409 0.01399402835435925
1410 0.01411191356350051
1411 0.014224295173694725
1412 0.014329735396045708
1413 0.014434571475743774
1414 0.01453667997292707
1415 0.01463325983424353
1416 0.01473006784629185
1417 0.014829832238792364
1418 0.014927964402279715
1419 0.015017758016885029
1420 0.0151020635990456
1421 0.015182130892124933
1422 0.01525540792344536
1423 0.015321445769087139
1424 0.01538187806412743
1425 0.015436071681474857
1426 0.015483743066091583
1427 0.015531364513335755
1428 0.015580016530007165
1429 0.015629998675017458
1430 0.015681106239131996
1431 0.01573324169315904
1432 0.015786793314802147
1433 0.015836623677439425
1434 0.015884903530051658
1435 0.01593294362104688
1436 0.015977843836887516
1437 0.016022865579235816
1438 0.016067923055636445
1439 0.016112015793853775
1440 0.0161541942631781
1441 0.016196645657137448
1442 0.016241307417318416
1443 0.01628558135850399
1444 0.0163308042981638
1445 0.016379544793631053
1446 0.01643617093083397
1447 0.01650087477477107
1448 0.016571869391286187
1449 0.016651162202781268
1450 0.016734058798508315
1451 0.016818000326737817
1452 0.016902664682373676
1453 0.01698754433072885
1454 0.017072237742053305
1455 0.017155847511587084
1456 0.01724479516501615
1457 0.01733764404804699
1458 0.017429343580258654
1459 0.017520194268284436
1460 0.017612874555847723
1461 0.017706527386406417
1462 0.01779611680491165
1463 0.017882785687044492
1464 0.017966818438138573
1465 0.01804603959809182
1466 0.018118929109232667
1467 0.018186590943586607
1468 0.01824871953270712
1469 0.018302166440557516
1470 0.018345706727370552
1471 0.01837831244331868
1472 0.018403594926044195
1473 0.018426172177187523
1474 0.018449083400228085
1475 0.018469021903015664
1476 0.018483690724492036
1477 0.018496848957424858
1478 0.018500167423675135
1479 0.018488797346307106
1480 0.01845660421401106
1481 0.01840586770761849
1482 0.018345448254552407
1483 0.018275597720391477
1484 0.018199312099088046
1485 0.01811651985672033
1486 0.018031898511964264
1487 0.017946365847667428
1488 0.01786170834833337
1489 0.017777758285515456
1490 0.01769243997357973
1491 0.01760852446148642
1492 0.01753031092995363
1493 0.017464458702719825
1494 0.017407112858762328
1495 0.017361378514302153
1496 0.017335337309241857
1497 0.01732634327541539
1498 0.017333476464007642
1499 0.017361703503269592
1500 0.017419939875303117
1501 0.01751526279058936
1502 0.017650909958739098
1503 0.017828488877115245
1504 0.01804581184693643
1505 0.0182951042087661
1506 0.018559354613143224
1507 0.018818150367440424
1508 0.01905730847374192
1509 0.019262801336427746
1510 0.01942385444373901
1511 0.019537248301928357
1512 0.019601926214723068
1513 0.019617398124379997
1514 0.01958219583351376
1515 0.019504758753071876
1516 0.019392430541238598
1517 0.019257567431793313
1518 0.01911117338543868
1519 0.018951325107132384
1520 0.01878291480300596
1521 0.01860857076407277
1522 0.018432200912009828
1523 0.018244140473831275
1524 0.01803608715874905
1525 0.01781929700597251
1526 0.017603845117457426
1527 0.017394763644564177
1528 0.017192357146052703
1529 0.017001343374464913
1530 0.016833251576696753
1531 0.016700887208739256
1532 0.016612247458419157
1533 0.01657706568277318
1534 0.016599390845564926
1535 0.01667834667157903
1536 0.016816283005047603
1537 0.017018137099692087
1538 0.017287904922623082
1539 0.017623097499259954
1540 0.018023876009382413
1541 0.01849381965335218
1542 0.019033134943230168
1543 0.01963954299318177
1544 0.02030485003588362
1545 0.02102684818849482
1546 0.021800602799383617
1547 0.022615459445413034
1548 0.023463677310576216
1549 0.02433641963228891
1550 0.02522588594125245
1551 0.026121344126149203
1552 0.027012564078036046
1553 0.02789005942832466
1554 0.028738052443273345
1555 0.02954195572819905
1556 0.03029069418882431
1557 0.030970417333294618
1558 0.03157219600131953
1559 0.03208498354925639
1560 0.03249676588402246
1561 0.03279776809005391
1562 0.0329782979420211
1563 0.033038500369878356
1564 0.032978698101767935
1565 0.03280275127749437
1566 0.03252259714375277
1567 0.03214720174656229
1568 0.031683105122938905
1569 0.03113866770812964
1570 0.030526781518771518
1571 0.02986356536071719
1572 0.029158883803628223
1573 0.02842255226621229
1574 0.027669179567223808
1575 0.026905695852750537
1576 0.026140052333275723
1577 0.02537820672117712
1578 0.024625245389184654
1579 0.023890394655066014
1580 0.023180916175647322
1581 0.022505867713296743
1582 0.021871356635797118
1583 0.021285668105698846
1584 0.020752305553969737
1585 0.020266799992896593
1586 0.019834959130397754
1587 0.01946115969148624
1588 0.019143067797078046
1589 0.018872770416782203
1590 0.018647544120479653
1591 0.018471873509831965
1592 0.018339518342332113
1593 0.018249090738365187
1594 0.018197397356622475
1595 0.01817978616940983
1596 0.01819342995340503
1597 0.018232172205197097
1598 0.018295780815715736
1599 0.018380251716035294
1600 0.018481822448995194
1601 0.018597527144924453
1602 0.018723344067940666
1603 0.01885802872571006
1604 0.018998127911246634
1605 0.019139922045870127
1606 0.019281533149278742
1607 0.01942151673915858
1608 0.019559050514604555
1609 0.019693103578407534
1610 0.019822168060120406
1611 0.01994574025616995
1612 0.02006391488126969
1613 0.020178890870813617
1614 0.020287399704924252
1615 0.020385930583515684
1616 0.02047842484199429
1617 0.020567069187523077
1618 0.0206498043187041
1619 0.020726687899091174
1620 0.020800927985747928
1621 0.020871377515306933
1622 0.020935027225441518
1623 0.02099055075817551
1624 0.021038611536361225
1625 0.02108135264147484
1626 0.021119447762899056
1627 0.02115586354172628
1628 0.02119133904674483
1629 0.0212268684287
1630 0.021264314136368565
1631 0.021297667313155487
1632 0.02132628218012436
1633 0.02135163665596371
1634 0.0213751758280786
1635 0.021400774469895547
1636 0.021426570096884954
1637 0.02145714576952605
1638 0.021491329720085092
1639 0.021524918075496512
1640 0.021559622467860647
1641 0.021596269418784165
1642 0.02163721263052314
1643 0.02167808678962105
1644 0.02171887236681371
1645 0.021763574840880023
1646 0.021805713079039203
1647 0.021843359808483332
1648 0.021880764232620448
1649 0.021918937094488226
1650 0.021958704911306366
1651 0.021999081376474
1652 0.02204129081146621
1653 0.022083600656865984
1654 0.022121852221174187
1655 0.022158372873319166
1656 0.022193122469451883
1657 0.022224389781280635
1658 0.022252968990389484
1659 0.022277561553733036
1660 0.02229648366735246
1661 0.02230618964880391
1662 0.022307184994825167
1663 0.022299660873108026
1664 0.02227705173386525
1665 0.022241356813176242
1666 0.022192355444338414
1667 0.022126478177004815
1668 0.022039185736895176
1669 0.021929920639247907
1670 0.02180383596904296
1671 0.021658546265676096
1672 0.021493875744655416
1673 0.021311672140791275
1674 0.021113151350138262
1675 0.02089954283350611
1676 0.020672233086860996
1677 0.020432165143705803
1678 0.020181553919348606
1679 0.019923325276470522
1680 0.01966047794767296
1681 0.019399547355108557
1682 0.0191453324356675
1683 0.01890592992436147
1684 0.01868861514275367
1685 0.018500305885907363
1686 0.01835176016976447
1687 0.018248116397044496
1688 0.018192528250538666
1689 0.018192610556119516
1690 0.018254315453784982
1691 0.01838498786544511
1692 0.018593279284051054
1693 0.01888940120241627
1694 0.019283774485459166
1695 0.01977955541859018
1696 0.020381271107779014
1697 0.02108923104978436
1698 0.02190298185125622
1699 0.022818963264086025
1700 0.023831971778062046
1701 0.024938706018556762
1702 0.026132888340848894
1703 0.027407008139
1704 0.028753510675383804
1705 0.030158064040411083
1706 0.031606406235921335
1707 0.033082923931345085
1708 0.034570116637894666
1709 0.03605475501435295
1710 0.03751871205494152
1711 0.03894365353629748
1712 0.04030812294873842
1713 0.04159359479786002
1714 0.0427820935995904
1715 0.04385180002283603
1716 0.04478104251140157
1717 0.045549336492048176
1718 0.046143971477918065
1719 0.046545895044299075
1720 0.046741729638503524
1721 0.04672740750506137
1722 0.04650137396872422
1723 0.046072949326721784
1724 0.04545055771045646
1725 0.044653400973749036
1726 0.043700509283122094
1727 0.04260887101226279
1728 0.04139924654930592
1729 0.04009071647824572
1730 0.03870492815656066
1731 0.03726244506851268
1732 0.035783295272159045
1733 0.034289607844447866
1734 0.032800762904091736
1735 0.03133083350992639
1736 0.02989583462620539
1737 0.028512396237404466
1738 0.027197548527854054
1739 0.025960109455899077
1740 0.024808734803803904
1741 0.02375587183252011
1742 0.022809117267029236
1743 0.02197357390082893
1744 0.02125523125473906
1745 0.020654173738771278
1746 0.020167939221374113
1747 0.01979767509944833
1748 0.019535470723007167
1749 0.019375817436766397
1750 0.019309329277006997
1751 0.01932296079167169
1752 0.019408594013368117
1753 0.019547429853561372
1754 0.019732874445484907
1755 0.01995830415536855
1756 0.020211810676448973
1757 0.02048893802436206
1758 0.02077663685963285
1759 0.02106118602088136
1760 0.021344118330064953
1761 0.021629961047249294
1762 0.02191416057295285
1763 0.022186395766122875
1764 0.02244133303177811
1765 0.022675916646567852
1766 0.02287192304603032
1767 0.02301394428364024
1768 0.023094233717522752
1769 0.023106010247654126
1770 0.02304778304949309
1771 0.02292324392200822
1772 0.022737538049211508
1773 0.022502291234795132
1774 0.022232749219871097
1775 0.021943760647483074
1776 0.0216489304881848
1777 0.02136507044037026
1778 0.021110470368577987
1779 0.020890041927182742
1780 0.020703821047393114
1781 0.020548962954244243
1782 0.020425363789919077
1783 0.020334100408068264
1784 0.020270280445233563
1785 0.020226205914745977
1786 0.020196009432547186
1787 0.0201794310739969
1788 0.020171625326046914
1789 0.02016690322403377
1790 0.02016077983309891
1791 0.020153022709181977
1792 0.020148117965273476
1793 0.020146154621680196
1794 0.02014808123580971
1795 0.02015116776213111
1796 0.020151151502743714
1797 0.02014743361679952
1798 0.020138616122136566
1799 0.020125712453847512
1800 0.0201040104557556
1801 0.02007002848451664
1802 0.020024259045719462
1803 0.01996370306583293
1804 0.019892348410406553
1805 0.01980895706085936
1806 0.01971825785018971
1807 0.019622388052578762
1808 0.019522997937983882
1809 0.019426586615123545
1810 0.01932804213229929
1811 0.019224954756193235
1812 0.01911447228991701
1813 0.01899858239452391
1814 0.018879839859181378
1815 0.018756506846224773
1816 0.018632029557343506
1817 0.018508778935265112
1818 0.01838882588018627
1819 0.018272362954004088
1820 0.018157232097804586
1821 0.01804419499549825
1822 0.017929885789472924
1823 0.01781532194391154
1824 0.01770200755035834
1825 0.01758711171063452
1826 0.017474637684218277
1827 0.017364406809919155
1828 0.017259538216695135
1829 0.01716227795637899
1830 0.017070958955423696
1831 0.01698825301957614
1832 0.0169105880384426
1833 0.01683652644485596
1834 0.016767240168377554
1835 0.016703774420212873
1836 0.016649749233252287
1837 0.016608690266753507
1838 0.016581876888066917
1839 0.016567228643382663
1840 0.01656132600467785
1841 0.016562230591252745
1842 0.0165721155579983
1843 0.016587163644189922
1844 0.016603110445624854
1845 0.016619757520521847
1846 0.016638744948868113
1847 0.0166609651886599
1848 0.016683869965886226
1849 0.01670453170368249
1850 0.016721184766507798
1851 0.016733664565098158
1852 0.016742665294158438
1853 0.016753039559477056
1854 0.016760767342142012
1855 0.016764619631160837
1856 0.016764748821500718
1857 0.01676092714203356
1858 0.016755313443320645
1859 0.016740951819015727
1860 0.0167199296398292
1861 0.016692602329634664
1862 0.016656330400965563
1863 0.0166091522370778
1864 0.016546174780176028
1865 0.016470066008146305
1866 0.01638225539643461
1867 0.01628298758139264
1868 0.016173639057235664
1869 0.016056753233080784
1870 0.015929373517389663
1871 0.01579068212315343
1872 0.015642647342170475
1873 0.015483955411965648
1874 0.015317570491454175
1875 0.01513889273651578
1876 0.014948965800836333
1877 0.014748755091503153
1878 0.014537405574452402
1879 0.014314750941629277
1880 0.014081979163987809
1881 0.013848989217738502
1882 0.013620837405270883
1883 0.013398996624388667
1884 0.013183213440152504
1885 0.012978473828809694
1886 0.012786239992290843
1887 0.012603199450268745
1888 0.012431396207674878
1889 0.012270402214340998
1890 0.012122802900454529
1891 0.01198945705555203
1892 0.011866084952929852
1893 0.011753928862697948
1894 0.011652431733450227
1895 0.011561380240289632
1896 0.01147846068236917
1897 0.011399676864219362
1898 0.011328170446791309
1899 0.011263356358061954
1900 0.011204867282817135
1901 0.0111548825833685
1902 0.011111352715278045
1903 0.011073556482873231
1904 0.011041270547389565
1905 0.011011281042196354
1906 0.010981889090275913
1907 0.010951289147742729
1908 0.010916196169583328
1909 0.010877489193607247
1910 0.010837576047766905
1911 0.010798592421968104
1912 0.010758732754736376
1913 0.010716872841903825
1914 0.010674254711496623
1915 0.010632399239426195
1916 0.01059163228885443
1917 0.01055249620666042
1918 0.010516604563947988
1919 0.01048354298311764
1920 0.010457449453080359
1921 0.010437864893940184
1922 0.010423488966718382
1923 0.010418580421365746
1924 0.01042476357071403
1925 0.010440105391411103
1926 0.010456237780482661
1927 0.01047137856029603
1928 0.01048804278757913
1929 0.010504755491577667
1930 0.010521974625387984
1931 0.010542815837422333
1932 0.010570715541085312
1933 0.010607046257454771
1934 0.010653631334986036
1935 0.010711651664706027
1936 0.010782080230176242
1937 0.01086339417072339
1938 0.01095278263117556
1939 0.011046879550628354
1940 0.011141113068561886
1941 0.011234378820349299
1942 0.01132885020769115
1943 0.01142481679767565
1944 0.01152256277132585
1945 0.011622823367998263
1946 0.011726749319547291
1947 0.011835800689291888
1948 0.011946559810792786
1949 0.012058407972946392
1950 0.012169267853363577
1951 0.012275021100575443
1952 0.012377579803402722
1953 0.012479227722071154
1954 0.012581551419909218
1955 0.012685256401958863
1956 0.012791932427634762
1957 0.012900068448533414
1958 0.01300843765320813
1959 0.013116549286916707
1960 0.013221923378262756
1961 0.01332270525087348
1962 0.013419005328201127
1963 0.013514184820246425
1964 0.013606140108151546
1965 0.013694754105335544
1966 0.013783724687733957
1967 0.013874386130668229
1968 0.013966387411600568
1969 0.014058249422658278
1970 0.014150476520497767
1971 0.014240577320629812
1972 0.014326113253549431
1973 0.014408138046509993
1974 0.014487584622427226
1975 0.014561450642547494
1976 0.01462825978841865
1977 0.01468921069949287
1978 0.014740422831405586
1979 0.014782310715622256
1980 0.014816818824497861
1981 0.014842804478913068
1982 0.014862195434510886
1983 0.014871089616198343
1984 0.014870534117457687
1985 0.014861326193223097
1986 0.014838846637931589
1987 0.01480593085333692
1988 0.014762164769659409
1989 0.014709708791351058
1990 0.014650046665229398
1991 0.014581823242755962
1992 0.014510074579685691
1993 0.014434048546859162
1994 0.014354520041021597
1995 0.014271448715147593
1996 0.014185111147472512
1997 0.014097072565953418
1998 0.014003959030023638
1999 0.013906478361131817
2000 0.013804445622977425
2001 0.013699346800493381
2002 0.013590261460747087
2003 0.013478229155583662
2004 0.013368455271609368
2005 0.013264391164695013
2006 0.013162282021386095
2007 0.01305579369448658
2008 0.01294925479505214
2009 0.012840683798361022
2010 0.012731504125670597
2011 0.012622925847369626
2012 0.01251263847141338
2013 0.012400088391687806
2014 0.01228401375019252
2015 0.012168603897201459
2016 0.012052281919601346
2017 0.011934138303394046
2018 0.011815885753826328
2019 0.01170622541208902
2020 0.011607947391044565
2021 0.011518025937007959
2022 0.011437501692096176
2023 0.011363369247620025
2024 0.011296858934906827
2025 0.011234625143797848
2026 0.011174254944737779
2027 0.01111950656992786
2028 0.01106873900025199
2029 0.011024379778099684
2030 0.010987503232321368
2031 0.01095831951546368
2032 0.010940284789924816
2033 0.010931067723162486
2034 0.0109306915330873
2035 0.010941337271345813
2036 0.010962465040506379
2037 0.010993896971143325
2038 0.011035467444994333
2039 0.01108652910274352
2040 0.011145082354957456
2041 0.011210578303642646
2042 0.011281921154945418
2043 0.011357275413866302
2044 0.011433818263007699
2045 0.011514728868568533
2046 0.011601305321247037
2047 0.011687659490301271
2048 0.011775760409876854
2049 0.011868850857981774
2050 0.011965827240816825
2051 0.012058366396258322
2052 0.012146461217808713
2053 0.01223840661956171
2054 0.01233091194333786
2055 0.012420994732033917
2056 0.012507284780864518
2057 0.012593248514915566
2058 0.01268064428217731
2059 0.012765617603399355
2060 0.01284974214213979
2061 0.012931751067722258
2062 0.013011833404567262
2063 0.013091925633103334
2064 0.013170061841499964
2065 0.013247816478173647
2066 0.013325129350300566
2067 0.013399186160551187
2068 0.013469416625857341
2069 0.013537483909677723
2070 0.013604595340929894
2071 0.013671587857874248
2072 0.013736770293044685
2073 0.013800262583034581
2074 0.013861840585699194
2075 0.01391913887057329
2076 0.013974975825814974
2077 0.0140320081416058
2078 0.014092070618189517
2079 0.014154455690168832
2080 0.014215302292161697
2081 0.014276608342376406
2082 0.01433606080466563
2083 0.014390049127602137
2084 0.014440546033774211
2085 0.014488169787068406
2086 0.014534514701269888
2087 0.014577971831097868
2088 0.014615580189718156
2089 0.014648440504642979
2090 0.014678843100717785
2091 0.014710052848668685
2092 0.014741562317897182
2093 0.01477126367397237
2094 0.014800593534496219
2095 0.0148327565899221
2096 0.014867665009978579
2097 0.014906642840731513
2098 0.01495062942716265
2099 0.014998461237625209
2100 0.015050007653643841
2101 0.015101100324669004
2102 0.01514792937376331
2103 0.015186562576283072
2104 0.015216517187728098
2105 0.015238080496764108
2106 0.015252360435166477
2107 0.015260394756102833
2108 0.01526312090785543
2109 0.015261866636754533
2110 0.015258282897915853
2111 0.015252685367064495
2112 0.01524290041086078
2113 0.015228344699029882
2114 0.015206328826953847
2115 0.015178242743920243
2116 0.015144191219423783
2117 0.015103422064130475
2118 0.015055889172250148
2119 0.01500220573968687
2120 0.014946267863305237
2121 0.014887268321413408
2122 0.014823339404368325
2123 0.014751317780861554
2124 0.014671824229041097
2125 0.014588643027337733
2126 0.014503988435938225
2127 0.01441810380404971
2128 0.014333858224113559
2129 0.01425550231424785
2130 0.014183639182353684
2131 0.014116625984410217
2132 0.014052624805214568
2133 0.01399077341615447
2134 0.013928606879809333
2135 0.01386726062437734
2136 0.01380498476077358
2137 0.013741358308148557
2138 0.013676831555094872
2139 0.013610621739737871
2140 0.013540017221900295
2141 0.013465959434348957
2142 0.013392342326300573
2143 0.013320707737088459
2144 0.013253339489067165
2145 0.013192718962959909
2146 0.013140972689956537
2147 0.013094356584226068
2148 0.013052109901334432
2149 0.013012450369228386
2150 0.012973060013384257
2151 0.012932285314362416
2152 0.012887515711472711
2153 0.012842048203534491
2154 0.012796383782164097
2155 0.012747956062873883
2156 0.012695293410924312
2157 0.012637897715919265
2158 0.012579262516578564
2159 0.012521329162601742
2160 0.012464497158958738
2161 0.012411312692480846
2162 0.012361341361626137
2163 0.012313645824785524
2164 0.012266367357884691
2165 0.012220515075571422
2166 0.012173669479016876
2167 0.012122184353206358
2168 0.012065721967151046
2169 0.012003469844703376
2170 0.011936645273935804
2171 0.011864837047514471
2172 0.011787975484536268
2173 0.011709642787327432
2174 0.011629948709127291
2175 0.011549320532840525
2176 0.011470777377758003
2177 0.011393470624649297
2178 0.011318511288673288
2179 0.011246464935797252
2180 0.01117808256205359
2181 0.011113619762687184
2182 0.011054223244296935
2183 0.01100303468686794
2184 0.01096188004042752
2185 0.010930122042776208
2186 0.010906076446682875
2187 0.010889006382545741
2188 0.010876389679386325
2189 0.010868263430012903
2190 0.01086528681356138
2191 0.010867903177052413
2192 0.010877670101671321
2193 0.010895795393631506
2194 0.010923016622995524
2195 0.01095610070027317
2196 0.010996515799486354
2197 0.011050156657523076
2198 0.011115515032261833
2199 0.011186699152334128
2200 0.011262680442120471
2201 0.011347912527023746
2202 0.011438575176000563
2203 0.01152626169181499
2204 0.011610705684353987
2205 0.011696757001374933
2206 0.011785850408152816
2207 0.011878883729662773
2208 0.011977187192552186
2209 0.012084019203915254
2210 0.012196301204902907
2211 0.012312751550725065
2212 0.012432970869131704
2213 0.012552373286204477
2214 0.012672937256160501
2215 0.012794342970520395
2216 0.012917800197312042
2217 0.01304156619203257
2218 0.013165942867899629
2219 0.013291418431820133
2220 0.013416025347628235
2221 0.01353707232756109
2222 0.013653202754928302
2223 0.013767424833191844
2224 0.013879896085049224
2225 0.013990686349948942
2226 0.01409709715320035
2227 0.014202858995435885
2228 0.014310420973000164
2229 0.014416878074810076
2230 0.014523515242210558
2231 0.014627756765265404
2232 0.014728729815288569
2233 0.014823805152328885
2234 0.014911283622070644
2235 0.014993577511799012
2236 0.015068458723932721
2237 0.015135483774138736
2238 0.015196754607029605
2239 0.01525144253194798
2240 0.015299456591956846
2241 0.015339811985003674
2242 0.015369140256971007
2243 0.015388860286254124
2244 0.015400139391942734
2245 0.015403053739189633
2246 0.015397638552815195
2247 0.015384630701832361
2248 0.015364772743773148
2249 0.01533806717803847
2250 0.015305555986996105
2251 0.015266755766612242
2252 0.015223425382262202
2253 0.015172816421835865
2254 0.015112111494869976
2255 0.015044067125797516
2256 0.014968943043112332
2257 0.014887351220013148
2258 0.01479705315948472
2259 0.014700660565604309
2260 0.014597319664809864
2261 0.01448232682372625
2262 0.01435665124140139
2263 0.01421787368379907
2264 0.014066718222879401
2265 0.013905125555765821
2266 0.013736849739410303
2267 0.013566795337101919
2268 0.013393112297676929
2269 0.0132162399303803
2270 0.01303918057999888
2271 0.012865181032597496
2272 0.01269571031548098
2273 0.012524420082541239
2274 0.012352482098465291
2275 0.012187952479598845
2276 0.01203162597394112
2277 0.01188248797906863
2278 0.011741025887808117
2279 0.011617446515984765
2280 0.011513870018814707
2281 0.01142953464617063
2282 0.011372158049245759
2283 0.01134887279600865
2284 0.011366583690623986
2285 0.01142784510407481
2286 0.011540083080200474
2287 0.011707456637961867
2288 0.011924949655937834
2289 0.012183989374882596
2290 0.012472486753260452
2291 0.012774962508752864
2292 0.013070632856284113
2293 0.013339952778877097
2294 0.013579629645331128
2295 0.013789413735147416
2296 0.013965563080812697
2297 0.014103493333868424
2298 0.014203318867708847
2299 0.014276342852501787
2300 0.01433169781679715
2301 0.014381913163959066
2302 0.014429939759237658
2303 0.014476824858041316
2304 0.01452508655727182
2305 0.0145715464425879
2306 0.014611286318070864
2307 0.01463102666934008
2308 0.014628110037243965
2309 0.014606232355275906
2310 0.014566461680330255
2311 0.014510498163656675
2312 0.014436935891614787
2313 0.014347271680678559
2314 0.014246058646605601
2315 0.014140467231811902
2316 0.014037904365812454
2317 0.013938235981450877
2318 0.013841652668138815
2319 0.013750965204734632
2320 0.013668553772662921
2321 0.013596473572513146
2322 0.013533824165003873
2323 0.013483108793196275
2324 0.013449354868851977
2325 0.01343501919472582
2326 0.013442253550065104
2327 0.013472609381045397
2328 0.013527352640752721
2329 0.013605678213520326
2330 0.013705954837817674
2331 0.01383372916821183
2332 0.013989800477157754
2333 0.014169518575150026
2334 0.014372144446953035
2335 0.01459653749465994
2336 0.014842359374093745
2337 0.015105339383997737
2338 0.01538361479942456
2339 0.015677486481685012
2340 0.015986668325779756
2341 0.0163090283077467
2342 0.016638835241649264
2343 0.016971828981420838
2344 0.017302335641487775
2345 0.01762872502725887
2346 0.017943054327832362
2347 0.018242488253362676
2348 0.018529679329691573
2349 0.018802512605326165
2350 0.01906288547052196
2351 0.019307394476737245
2352 0.019538343872465874
2353 0.019755318568796636
2354 0.019954118145417636
2355 0.020133305454404997
2356 0.020293387817952167
2357 0.020435069412360684
2358 0.020555189537248095
2359 0.020655531065453023
2360 0.020734545306612333
2361 0.020795477885561905
2362 0.020841660564118736
2363 0.02087309135073839
2364 0.020887620411453683
2365 0.02088227662163033
2366 0.020859818046337297
2367 0.020821596713804867
2368 0.02076967130936267
2369 0.02070661291749141
2370 0.0206375271415774
2371 0.020567755119800368
2372 0.020500617232408105
2373 0.020437146606498736
2374 0.020375216634487468
2375 0.02031454494504139
2376 0.020256510263254524
2377 0.020198473921400818
2378 0.020141028914880888
2379 0.020080579249132084
2380 0.020018209200545145
2381 0.019960065073239386
2382 0.019901477863693
2383 0.019845553136431947
2384 0.019797970161528587
2385 0.019762640049349404
2386 0.019742341620638412
2387 0.01973567572113629
2388 0.01974685032708785
2389 0.01977376664663552
2390 0.019812891450466483
2391 0.01986526022833781
2392 0.019927216779402172
2393 0.01999881237923765
2394 0.02008005534764217
2395 0.020172208489419648
2396 0.02027493547485113
2397 0.020385261104445582
2398 0.020503143123961835
2399 0.020626341369445883
2400 0.02075351942064676
2401 0.02088590106313717
2402 0.02102459813599315
2403 0.021171270516579733
2404 0.021322731684743437
2405 0.02147541110065375
2406 0.021629153284610517
2407 0.02178258237847189
2408 0.021934612616883068
2409 0.022085054080168108
2410 0.022231666027259615
2411 0.022374911843514637
2412 0.022518393847132754
2413 0.022660078762131577
2414 0.022796902828791477
2415 0.022929097591837783
2416 0.023060564720044148
2417 0.023191356586813983
2418 0.02331928114099364
2419 0.023443828701027798
2420 0.023566921497898585
2421 0.023690499098658727
2422 0.023811239591246
2423 0.023929077144279564
2424 0.02404538546605578
2425 0.02416139089893789
2426 0.024278263362543615
2427 0.024395798827478492
2428 0.024513457712499836
2429 0.02463010973085783
2430 0.024747285548281976
2431 0.02486797870144837
2432 0.024990170973440022
2433 0.02511259630188686
2434 0.025236974452664287
2435 0.025362507971561872
2436 0.025489789783054894
2437 0.025616271008924416
2438 0.025740873714941537
2439 0.025863598021215965
2440 0.025979680650564184
2441 0.026086544905477904
2442 0.026181416444517602
2443 0.026261083867959542
2444 0.026324731205080863
2445 0.026367362260060107
2446 0.02638536847046444
2447 0.026379225815856562
2448 0.026346750267219717
2449 0.026285267158974616
2450 0.026191334089804945
2451 0.026064984432044577
2452 0.025907814861594353
2453 0.025716157901014183
2454 0.02548706064073154
2455 0.02522378288086989
2456 0.02492555783583026
2457 0.02459467860157736
2458 0.02423343227227145
2459 0.02384591132928173
2460 0.023438451815527162
2461 0.023014146041332752
2462 0.02258427020577247
2463 0.022155171401063222
2464 0.021733785188403167
2465 0.0213253703999739
2466 0.020939841215975478
2467 0.0205913476663355
2468 0.02029001417344532
2469 0.020046320872165367
2470 0.01987141933480116
2471 0.0197808016560388
2472 0.019787847039428177
2473 0.01990853274630819
2474 0.020156128346557625
2475 0.02053876148369577
2476 0.021067526844415638
2477 0.021755426652310082
2478 0.022609059291761092
2479 0.023629425036602193
2480 0.024818448394983747
2481 0.02617601012442518
2482 0.027697177589339133
2483 0.02937621274750345
2484 0.03120442982567169
2485 0.0331684332750807
2486 0.03524922337174044
2487 0.03742831006775045
2488 0.039686767691124905
2489 0.04200170982648561
2490 0.044349805965307444
2491 0.046707210487977886
2492 0.04905079200980542
2493 0.05135549035309948
2494 0.05359201726563452
2495 0.05573337326281408
2496 0.05776804659279887
2497 0.05968496635919013
2498 0.061581315615207764
2499 0.06328780585377793
2500 0.06475050916365642
2501 0.06591771655496946
2502 0.06672794605803763
