0
1
200
0 0.06710074372983349
1 0.06672794605803764
2 0.06591771655496942
3 0.06475050916365643
4 0.06328780585377794
5 0.06158131561520777
6 0.05968496635919013
7 0.05776804659279885
8 0.055733373262814065
9 0.05359201726563451
10 0.05135549035309947
11 0.049050792009805416
12 0.046707210487977886
13 0.04434980596530744
14 0.042001709826485614
15 0.039686767691124884
16 0.03742831006775046
17 0.03524922337174043
18 0.033168433275080705
19 0.031204429825671683
20 0.029376212747503443
21 0.02769717758933915
22 0.0261760101244252
23 0.024818448394983737
24 0.02362942503660219
25 0.0226090592917611
26 0.021755426652310093
27 0.021067526844415634
28 0.020538761483695767
29 0.020156128346557618
30 0.019908532746308202
31 0.019787847039428177
32 0.01978080165603879
33 0.019871419334801153
34 0.020046320872165374
35 0.020290014173445312
36 0.0205913476663355
37 0.02093984121597547
38 0.021325370399973897
39 0.02173378518840318
40 0.02215517140106322
41 0.022584270205772465
42 0.023014146041332745
43 0.02343845181552717
44 0.02384591132928173
45 0.024233432272271455
46 0.024594678601577352
47 0.024925557835830264
48 0.025223782880869895
49 0.025487060640731536
50 0.02571615790101419
51 0.02590781486159436
52 0.026064984432044552
53 0.026191334089804945
54 0.026285267158974616
55 0.026346750267219717
56 0.026379225815856586
57 0.026385368470464448
58 0.026367362260060093
59 0.026324731205080873
60 0.02626108386795955
61 0.026181416444517585
62 0.026086544905477908
63 0.02597968065056423
64 0.025863598021215958
65 0.025740873714941576
66 0.02561627100892441
67 0.02548978978305489
68 0.025362507971561872
69 0.02523697445266429
70 0.02511259630188686
71 0.024990170973440026
72 0.02486797870144836
73 0.024747285548281983
74 0.024630109730857844
75 0.024513457712499832
76 0.024395798827478495
77 0.02427826336254361
78 0.024161390898937898
79 0.02404538546605578
80 0.02392907714427956
81 0.023811239591246015
82 0.023690499098658724
83 0.02356692149789857
84 0.023443828701027788
85 0.023319281140993648
86 0.023191356586814
87 0.023060564720044148
88 0.022929097591837786
89 0.022796902828791498
90 0.022660078762131587
91 0.022518393847132747
92 0.02237491184351464
93 0.022231666027259605
94 0.022085054080168094
95 0.021934612616883082
96 0.021782582378471894
97 0.021629153284610517
98 0.02147541110065373
99 0.021322731684743426
100 0.021171270516579743
101 0.02102459813599315
102 0.020885901063137174
103 0.02075351942064675
104 0.020626341369445893
105 0.02050314312396185
106 0.020385261104445572
107 0.020274935474851128
108 0.02017220848941964
109 0.02008005534764218
110 0.019998812379237636
111 0.01992721677940217
112 0.019865260228337813
113 0.01981289145046647
114 0.019773766646635518
115 0.019746850327087857
116 0.01973567572113628
117 0.01974234162063841
118 0.019762640049349394
119 0.019797970161528608
120 0.01984555313643196
121 0.019901477863693017
122 0.019960065073239396
123 0.020018209200545155
124 0.02008057924913211
125 0.020141028914880888
126 0.020198473921400804
127 0.020256510263254566
128 0.020314544945041396
129 0.020375216634487457
130 0.020437146606498702
131 0.020500617232408126
132 0.020567755119800378
133 0.020637527141577416
134 0.02070661291749139
135 0.020769671309362674
136 0.020821596713804853
137 0.02085981804633729
138 0.02088227662163034
139 0.020887620411453707
140 0.020873091350738403
141 0.020841660564118736
142 0.020795477885561926
143 0.020734545306612322
144 0.02065553106545301
145 0.02055518953724808
146 0.020435069412360653
147 0.020293387817952167
148 0.02013330545440499
149 0.019954118145417636
150 0.01975531856879665
151 0.019538343872465853
152 0.019307394476737228
153 0.01906288547052196
154 0.018802512605326165
155 0.01852967932969155
156 0.01824248825336269
157 0.017943054327832362
158 0.01762872502725889
159 0.017302335641487775
160 0.016971828981420824
161 0.016638835241649254
162 0.016309028307746685
163 0.01598666832577975
164 0.015677486481685033
165 0.015383614799424574
166 0.015105339383997734
167 0.014842359374093728
168 0.014596537494659953
169 0.014372144446953013
170 0.014169518575150017
171 0.013989800477157763
172 0.013833729168211835
173 0.013705954837817702
174 0.013605678213520326
175 0.013527352640752738
176 0.01347260938104539
177 0.013442253550065082
178 0.013435019194725815
179 0.01344935486885195
180 0.013483108793196306
181 0.013533824165003868
182 0.01359647357251314
183 0.01366855377266293
184 0.013750965204734643
185 0.013841652668138806
186 0.013938235981450891
187 0.014037904365812464
188 0.014140467231811888
189 0.014246058646605608
190 0.014347271680678553
191 0.014436935891614825
192 0.014510498163656706
193 0.014566461680330264
194 0.014606232355275927
195 0.01462811003724398
196 0.014631026669340092
197 0.014611286318070847
198 0.014571546442587865
199 0.014525086557271805
