0
1
2500
0 0.285
1 0.294
2 0.302
3 0.301
4 0.297
5 0.297
6 0.304
7 0.309
8 0.306
9 0.31
10 0.313
11 0.309
12 0.307
13 0.307
14 0.312
15 0.316
16 0.315
17 0.313
18 0.311
19 0.311
20 0.318
21 0.321
22 0.317
23 0.313
24 0.32
25 0.325
26 0.319
27 0.314
28 0.316
29 0.326
30 0.33
31 0.323
32 0.323
33 0.322
34 0.321
35 0.325
36 0.329
37 0.336
38 0.335
39 0.332
40 0.332
41 0.332
42 0.334
43 0.335
44 0.334
45 0.334
46 0.338
47 0.339
48 0.342
49 0.341
50 0.333
51 0.338
52 0.343
53 0.339
54 0.341
55 0.344
56 0.344
57 0.346
58 0.344
59 0.344
60 0.348
61 0.347
62 0.348
63 0.35
64 0.347
65 0.35
66 0.353
67 0.356
68 0.359
69 0.357
70 0.359
71 0.356
72 0.353
73 0.354
74 0.352
75 0.355
76 0.36
77 0.361
78 0.359
79 0.361
80 0.365
81 0.36
82 0.353
83 0.365
84 0.372
85 0.371
86 0.37
87 0.372
88 0.374
89 0.366
90 0.351
91 0.346
92 0.368
93 0.38
94 0.375
95 0.376
96 0.377
97 0.38
98 0.381
99 0.378
100 0.38
101 0.378
102 0.374
103 0.371
104 0.373
105 0.384
106 0.384
107 0.385
108 0.386
109 0.388
110 0.389
111 0.389
112 0.392
113 0.39
114 0.392
115 0.395
116 0.392
117 0.391
118 0.391
119 0.391
120 0.392
121 0.401
122 0.406
123 0.408
124 0.41
125 0.408
126 0.407
127 0.408
128 0.408
129 0.406
130 0.406
131 0.406
132 0.405
133 0.413
134 0.417
135 0.416
136 0.419
137 0.418
138 0.416
139 0.418
140 0.419
141 0.417
142 0.417
143 0.417
144 0.421
145 0.425
146 0.427
147 0.431
148 0.436
149 0.441
150 0.444
151 0.445
152 0.444
153 0.451
154 0.455
155 0.452
156 0.451
157 0.45
158 0.447
159 0.454
160 0.463
161 0.462
162 0.465
163 0.468
164 0.47
165 0.473
166 0.469
167 0.473
168 0.488
169 0.49
170 0.484
171 0.486
172 0.488
173 0.49
174 0.497
175 0.5
176 0.5
177 0.505
178 0.503
179 0.506
180 0.512
181 0.521
182 0.524
183 0.521
184 0.523
185 0.525
186 0.527
187 0.537
188 0.541
189 0.545
190 0.547
191 0.542
192 0.55
193 0.559
194 0.568
195 0.569
196 0.568
197 0.575
198 0.576
199 0.582
200 0.587
201 0.587
202 0.593
203 0.598
204 0.602
205 0.605
206 0.607
207 0.611
208 0.613
209 0.61
210 0.608
211 0.62
212 0.628
213 0.63
214 0.635
215 0.639
216 0.641
217 0.644
218 0.644
219 0.643
220 0.648
221 0.647
222 0.65
223 0.652
224 0.652
225 0.656
226 0.659
227 0.664
228 0.665
229 0.666
230 0.67
231 0.671
232 0.673
233 0.677
234 0.674
235 0.669
236 0.674
237 0.677
238 0.677
239 0.675
240 0.68
241 0.678
242 0.669
243 0.672
244 0.676
245 0.674
246 0.665
247 0.655
248 0.657
249 0.665
250 0.666
251 0.66
252 0.658
253 0.654
254 0.65
255 0.645
256 0.64
257 0.631
258 0.62
259 0.622
260 0.62
261 0.612
262 0.611
263 0.605
264 0.593
265 0.586
266 0.578
267 0.571
268 0.568
269 0.56
270 0.549
271 0.534
272 0.526
273 0.53
274 0.524
275 0.517
276 0.513
277 0.506
278 0.496
279 0.487
280 0.48
281 0.471
282 0.464
283 0.46
284 0.451
285 0.442
286 0.445
287 0.436
288 0.423
289 0.429
290 0.427
291 0.42
292 0.417
293 0.411
294 0.406
295 0.405
296 0.403
297 0.399
298 0.394
299 0.391
300 0.386
301 0.38
302 0.378
303 0.372
304 0.364
305 0.355
306 0.354
307 0.357
308 0.359
309 0.359
310 0.351
311 0.351
312 0.35
313 0.345
314 0.353
315 0.351
316 0.345
317 0.344
318 0.339
319 0.341
320 0.343
321 0.339
322 0.334
323 0.334
324 0.328
325 0.33
326 0.338
327 0.337
328 0.332
329 0.331
330 0.334
331 0.331
332 0.329
333 0.327
334 0.324
335 0.328
336 0.329
337 0.333
338 0.332
339 0.328
340 0.326
341 0.321
342 0.324
343 0.327
344 0.327
345 0.325
346 0.325
347 0.323
348 0.321
349 0.324
350 0.322
351 0.319
352 0.325
353 0.327
354 0.327
355 0.329
356 0.321
357 0.32
358 0.33
359 0.332
360 0.331
361 0.327
362 0.321
363 0.327
364 0.328
365 0.323
366 0.324
367 0.327
368 0.324
369 0.324
370 0.327
371 0.325
372 0.327
373 0.32
374 0.317
375 0.325
376 0.336
377 0.336
378 0.333
379 0.335
380 0.331
381 0.316
382 0.312
383 0.326
384 0.331
385 0.33
386 0.328
387 0.325
388 0.324
389 0.324
390 0.326
391 0.324
392 0.323
393 0.319
394 0.319
395 0.324
396 0.33
397 0.329
398 0.326
399 0.331
400 0.327
401 0.326
402 0.327
403 0.327
404 0.328
405 0.324
406 0.321
407 0.319
408 0.317
409 0.314
410 0.318
411 0.321
412 0.325
413 0.327
414 0.324
415 0.33
416 0.331
417 0.328
418 0.323
419 0.317
420 0.321
421 0.324
422 0.324
423 0.321
424 0.325
425 0.329
426 0.328
427 0.326
428 0.32
429 0.322
430 0.321
431 0.319
432 0.323
433 0.322
434 0.331
435 0.337
436 0.332
437 0.328
438 0.326
439 0.327
440 0.327
441 0.327
442 0.333
443 0.337
444 0.33
445 0.328
446 0.33
447 0.325
448 0.317
449 0.316
450 0.323
451 0.331
452 0.335
453 0.333
454 0.338
455 0.336
456 0.322
457 0.32
458 0.324
459 0.328
460 0.33
461 0.324
462 0.326
463 0.33
464 0.327
465 0.331
466 0.328
467 0.323
468 0.327
469 0.325
470 0.319
471 0.319
472 0.326
473 0.331
474 0.331
475 0.33
476 0.326
477 0.326
478 0.323
479 0.323
480 0.325
481 0.328
482 0.324
483 0.318
484 0.323
485 0.324
486 0.326
487 0.328
488 0.331
489 0.329
490 0.319
491 0.32
492 0.321
493 0.322
494 0.323
495 0.325
496 0.326
497 0.322
498 0.321
499 0.324
500 0.321
501 0.316
502 0.314
503 0.313
504 0.32
505 0.323
506 0.323
507 0.322
508 0.317
509 0.318
510 0.318
511 0.313
512 0.315
513 0.322
514 0.322
515 0.321
516 0.32
517 0.322
518 0.327
519 0.318
520 0.305
521 0.315
522 0.327
523 0.324
524 0.317
525 0.31
526 0.316
527 0.32
528 0.316
529 0.317
530 0.322
531 0.323
532 0.318
533 0.315
534 0.319
535 0.318
536 0.32
537 0.32
538 0.314
539 0.313
540 0.313
541 0.315
542 0.308
543 0.305
544 0.32
545 0.325
546 0.325
547 0.321
548 0.32
549 0.318
550 0.315
551 0.316
552 0.315
553 0.321
554 0.319
555 0.313
556 0.317
557 0.318
558 0.314
559 0.316
560 0.316
561 0.317
562 0.319
563 0.315
564 0.308
565 0.308
566 0.316
567 0.317
568 0.312
569 0.314
570 0.316
571 0.314
572 0.32
573 0.321
574 0.312
575 0.311
576 0.313
577 0.314
578 0.316
579 0.313
580 0.311
581 0.312
582 0.313
583 0.311
584 0.308
585 0.306
586 0.309
587 0.31
588 0.309
589 0.305
590 0.304
591 0.315
592 0.32
593 0.314
594 0.306
595 0.309
596 0.311
597 0.311
598 0.313
599 0.314
600 0.312
601 0.309
602 0.31
603 0.31
604 0.31
605 0.312
606 0.311
607 0.305
608 0.302
609 0.314
610 0.315
611 0.309
612 0.3
613 0.297
614 0.305
615 0.305
616 0.305
617 0.305
618 0.305
619 0.306
620 0.304
621 0.299
622 0.299
623 0.305
624 0.311
625 0.302
626 0.297
627 0.305
628 0.301
629 0.307
630 0.314
631 0.307
632 0.302
633 0.302
634 0.301
635 0.307
636 0.314
637 0.311
638 0.307
639 0.308
640 0.309
641 0.307
642 0.305
643 0.306
644 0.31
645 0.304
646 0.298
647 0.304
648 0.303
649 0.3
650 0.304
651 0.306
652 0.306
653 0.308
654 0.31
655 0.308
656 0.303
657 0.303
658 0.307
659 0.309
660 0.305
661 0.296
662 0.301
663 0.309
664 0.306
665 0.306
666 0.304
667 0.303
668 0.304
669 0.303
670 0.298
671 0.298
672 0.304
673 0.301
674 0.301
675 0.305
676 0.304
677 0.303
678 0.303
679 0.303
680 0.3
681 0.301
682 0.298
683 0.3
684 0.3
685 0.302
686 0.308
687 0.302
688 0.299
689 0.302
690 0.302
691 0.298
692 0.301
693 0.306
694 0.308
695 0.308
696 0.298
697 0.293
698 0.3
699 0.303
700 0.303
701 0.3
702 0.296
703 0.3
704 0.305
705 0.298
706 0.291
707 0.291
708 0.298
709 0.306
710 0.303
711 0.299
712 0.295
713 0.298
714 0.304
715 0.306
716 0.305
717 0.298
718 0.298
719 0.296
720 0.293
721 0.301
722 0.306
723 0.301
724 0.295
725 0.295
726 0.3
727 0.309
728 0.308
729 0.302
730 0.293
731 0.289
732 0.303
733 0.309
734 0.307
735 0.305
736 0.305
737 0.307
738 0.314
739 0.31
740 0.304
741 0.308
742 0.303
743 0.303
744 0.301
745 0.297
746 0.298
747 0.302
748 0.303
749 0.295
750 0.295
751 0.299
752 0.294
753 0.297
754 0.304
755 0.299
756 0.296
757 0.3
758 0.302
759 0.297
760 0.295
761 0.303
762 0.302
763 0.304
764 0.303
765 0.3
766 0.302
767 0.296
768 0.294
769 0.289
770 0.295
771 0.303
772 0.296
773 0.295
774 0.302
775 0.307
776 0.301
777 0.296
778 0.292
779 0.289
780 0.295
781 0.3
782 0.298
783 0.293
784 0.294
785 0.3
786 0.305
787 0.305
788 0.305
789 0.304
790 0.303
791 0.301
792 0.299
793 0.305
794 0.299
795 0.293
796 0.3
797 0.307
798 0.315
799 0.317
800 0.313
801 0.311
802 0.314
803 0.31
804 0.305
805 0.307
806 0.315
807 0.318
808 0.319
809 0.323
810 0.326
811 0.326
812 0.329
813 0.329
814 0.333
815 0.339
816 0.34
817 0.34
818 0.334
819 0.333
820 0.339
821 0.338
822 0.334
823 0.331
824 0.334
825 0.338
826 0.334
827 0.329
828 0.33
829 0.335
830 0.339
831 0.345
832 0.341
833 0.333
834 0.338
835 0.338
836 0.335
837 0.336
838 0.342
839 0.347
840 0.35
841 0.357
842 0.364
843 0.364
844 0.364
845 0.364
846 0.362
847 0.355
848 0.36
849 0.377
850 0.372
851 0.363
852 0.365
853 0.357
854 0.347
855 0.342
856 0.342
857 0.345
858 0.346
859 0.346
860 0.344
861 0.341
862 0.34
863 0.344
864 0.344
865 0.343
866 0.345
867 0.346
868 0.343
869 0.34
870 0.343
871 0.343
872 0.34
873 0.342
874 0.337
875 0.329
876 0.324
877 0.316
878 0.313
879 0.316
880 0.309
881 0.301
882 0.3
883 0.297
884 0.296
885 0.29
886 0.288
887 0.285
888 0.283
889 0.29
890 0.293
891 0.286
892 0.28
893 0.28
894 0.276
895 0.273
896 0.275
897 0.283
898 0.28
899 0.276
900 0.277
901 0.276
902 0.275
903 0.271
904 0.275
905 0.278
906 0.282
907 0.285
908 0.28
909 0.282
910 0.281
911 0.278
912 0.28
913 0.28
914 0.278
915 0.274
916 0.275
917 0.273
918 0.271
919 0.274
920 0.275
921 0.277
922 0.273
923 0.269
924 0.267
925 0.267
926 0.271
927 0.272
928 0.272
929 0.276
930 0.272
931 0.266
932 0.269
933 0.275
934 0.275
935 0.275
936 0.277
937 0.275
938 0.273
939 0.267
940 0.265
941 0.267
942 0.262
943 0.263
944 0.266
945 0.262
946 0.263
947 0.267
948 0.269
949 0.27
950 0.262
951 0.26
952 0.264
953 0.261
954 0.259
955 0.262
956 0.263
957 0.261
958 0.257
959 0.253
960 0.249
961 0.248
962 0.247
963 0.246
964 0.245
965 0.237
966 0.236
967 0.235
968 0.227
969 0.226
970 0.227
971 0.236
972 0.243
973 0.24
974 0.245
975 0.252
976 0.259
977 0.281
978 0.31
979 0.336
980 0.356
981 0.386
982 0.424
983 0.46
984 0.497
985 0.525
986 0.562
987 0.605
988 0.639
989 0.682
990 0.721
991 0.759
992 0.788
993 0.816
994 0.842
995 0.856
996 0.877
997 0.882
998 0.896
999 0.913
1000 0.908
1001 0.891
1002 0.88
1003 0.893
1004 0.902
1005 0.897
1006 0.889
1007 0.88
1008 0.852
1009 0.805
1010 0.759
1011 0.696
1012 0.625
1013 0.565
1014 0.501
1015 0.444
1016 0.387
1017 0.326
1018 0.27
1019 0.228
1020 0.196
1021 0.168
1022 0.143
1023 0.119
1024 0.101
1025 0.1
1026 0.107
1027 0.108
1028 0.105
1029 0.104
1030 0.114
1031 0.126
1032 0.139
1033 0.15
1034 0.164
1035 0.179
1036 0.191
1037 0.197
1038 0.206
1039 0.224
1040 0.234
1041 0.248
1042 0.264
1043 0.267
1044 0.273
1045 0.278
1046 0.278
1047 0.28
1048 0.277
1049 0.281
1050 0.291
1051 0.292
1052 0.291
1053 0.291
1054 0.295
1055 0.295
1056 0.291
1057 0.285
1058 0.278
1059 0.285
1060 0.303
1061 0.305
1062 0.303
1063 0.309
1064 0.303
1065 0.302
1066 0.306
1067 0.304
1068 0.307
1069 0.307
1070 0.31
1071 0.31
1072 0.309
1073 0.313
1074 0.315
1075 0.313
1076 0.309
1077 0.309
1078 0.313
1079 0.311
1080 0.314
1081 0.317
1082 0.313
1083 0.312
1084 0.318
1085 0.322
1086 0.319
1087 0.317
1088 0.318
1089 0.32
1090 0.321
1091 0.32
1092 0.319
1093 0.322
1094 0.326
1095 0.33
1096 0.332
1097 0.329
1098 0.326
1099 0.322
1100 0.327
1101 0.335
1102 0.335
1103 0.334
1104 0.327
1105 0.322
1106 0.33
1107 0.344
1108 0.343
1109 0.337
1110 0.332
1111 0.332
1112 0.335
1113 0.334
1114 0.333
1115 0.333
1116 0.337
1117 0.338
1118 0.338
1119 0.338
1120 0.335
1121 0.339
1122 0.342
1123 0.34
1124 0.342
1125 0.341
1126 0.343
1127 0.346
1128 0.349
1129 0.349
1130 0.347
1131 0.349
1132 0.346
1133 0.345
1134 0.347
1135 0.345
1136 0.351
1137 0.355
1138 0.358
1139 0.358
1140 0.356
1141 0.357
1142 0.353
1143 0.357
1144 0.362
1145 0.366
1146 0.362
1147 0.354
1148 0.349
1149 0.352
1150 0.363
1151 0.358
1152 0.364
1153 0.37
1154 0.362
1155 0.369
1156 0.38
1157 0.373
1158 0.369
1159 0.363
1160 0.368
1161 0.383
1162 0.378
1163 0.376
1164 0.38
1165 0.384
1166 0.388
1167 0.384
1168 0.385
1169 0.388
1170 0.39
1171 0.393
1172 0.391
1173 0.391
1174 0.388
1175 0.393
1176 0.397
1177 0.396
1178 0.398
1179 0.397
1180 0.404
1181 0.403
1182 0.398
1183 0.397
1184 0.406
1185 0.413
1186 0.411
1187 0.411
1188 0.41
1189 0.407
1190 0.405
1191 0.41
1192 0.418
1193 0.42
1194 0.421
1195 0.424
1196 0.423
1197 0.425
1198 0.428
1199 0.43
1200 0.434
1201 0.433
1202 0.432
1203 0.435
1204 0.436
1205 0.435
1206 0.438
1207 0.441
1208 0.443
1209 0.447
1210 0.449
1211 0.453
1212 0.459
1213 0.459
1214 0.463
1215 0.465
1216 0.467
1217 0.466
1218 0.464
1219 0.47
1220 0.469
1221 0.471
1222 0.486
1223 0.488
1224 0.491
1225 0.498
1226 0.498
1227 0.507
1228 0.513
1229 0.511
1230 0.512
1231 0.519
1232 0.523
1233 0.525
1234 0.529
1235 0.529
1236 0.528
1237 0.531
1238 0.53
1239 0.54
1240 0.55
1241 0.543
1242 0.543
1243 0.55
1244 0.559
1245 0.564
1246 0.563
1247 0.567
1248 0.569
1249 0.57
1250 0.575
1251 0.581
1252 0.584
1253 0.588
1254 0.592
1255 0.591
1256 0.595
1257 0.603
1258 0.601
1259 0.606
1260 0.613
1261 0.611
1262 0.61
1263 0.612
1264 0.618
1265 0.615
1266 0.616
1267 0.625
1268 0.63
1269 0.634
1270 0.635
1271 0.632
1272 0.636
1273 0.64
1274 0.642
1275 0.642
1276 0.644
1277 0.644
1278 0.643
1279 0.647
1280 0.647
1281 0.648
1282 0.644
1283 0.641
1284 0.645
1285 0.645
1286 0.647
1287 0.652
1288 0.652
1289 0.647
1290 0.644
1291 0.645
1292 0.64
1293 0.633
1294 0.637
1295 0.634
1296 0.632
1297 0.634
1298 0.629
1299 0.625
1300 0.618
1301 0.61
1302 0.606
1303 0.602
1304 0.595
1305 0.59
1306 0.585
1307 0.579
1308 0.573
1309 0.564
1310 0.555
1311 0.549
1312 0.548
1313 0.545
1314 0.537
1315 0.529
1316 0.518
1317 0.513
1318 0.504
1319 0.491
1320 0.488
1321 0.488
1322 0.484
1323 0.481
1324 0.473
1325 0.462
1326 0.456
1327 0.455
1328 0.448
1329 0.44
1330 0.434
1331 0.428
1332 0.421
1333 0.417
1334 0.412
1335 0.408
1336 0.403
1337 0.392
1338 0.385
1339 0.379
1340 0.378
1341 0.381
1342 0.376
1343 0.373
1344 0.368
1345 0.358
1346 0.358
1347 0.359
1348 0.357
1349 0.353
1350 0.348
1351 0.345
1352 0.353
1353 0.351
1354 0.337
1355 0.332
1356 0.336
1357 0.342
1358 0.338
1359 0.334
1360 0.332
1361 0.333
1362 0.333
1363 0.333
1364 0.333
1365 0.327
1366 0.326
1367 0.326
1368 0.323
1369 0.32
1370 0.32
1371 0.322
1372 0.317
1373 0.307
1374 0.304
1375 0.316
1376 0.326
1377 0.318
1378 0.315
1379 0.315
1380 0.318
1381 0.318
1382 0.305
1383 0.309
1384 0.317
1385 0.311
1386 0.307
1387 0.307
1388 0.305
1389 0.31
1390 0.311
1391 0.311
1392 0.313
1393 0.313
1394 0.313
1395 0.315
1396 0.314
1397 0.313
1398 0.315
1399 0.315
1400 0.314
1401 0.307
1402 0.31
1403 0.317
1404 0.318
1405 0.314
1406 0.31
1407 0.307
1408 0.308
1409 0.307
1410 0.304
1411 0.307
1412 0.303
1413 0.303
1414 0.307
1415 0.309
1416 0.31
1417 0.31
1418 0.312
1419 0.31
1420 0.309
1421 0.305
1422 0.305
1423 0.306
1424 0.303
1425 0.305
1426 0.304
1427 0.305
1428 0.304
1429 0.305
1430 0.31
1431 0.306
1432 0.305
1433 0.313
1434 0.315
1435 0.314
1436 0.312
1437 0.308
1438 0.307
1439 0.309
1440 0.311
1441 0.309
1442 0.306
1443 0.309
1444 0.314
1445 0.315
1446 0.313
1447 0.312
1448 0.315
1449 0.312
1450 0.309
1451 0.311
1452 0.307
1453 0.303
1454 0.308
1455 0.315
1456 0.315
1457 0.31
1458 0.303
1459 0.308
1460 0.316
1461 0.31
1462 0.304
1463 0.311
1464 0.324
1465 0.316
1466 0.302
1467 0.302
1468 0.305
1469 0.305
1470 0.313
1471 0.318
1472 0.315
1473 0.32
1474 0.317
1475 0.313
1476 0.314
1477 0.313
1478 0.315
1479 0.315
1480 0.311
1481 0.312
1482 0.312
1483 0.314
1484 0.315
1485 0.316
1486 0.314
1487 0.312
1488 0.316
1489 0.317
1490 0.315
1491 0.315
1492 0.317
1493 0.316
1494 0.315
1495 0.319
1496 0.318
1497 0.313
1498 0.315
1499 0.317
1500 0.318
1501 0.315
1502 0.313
1503 0.308
1504 0.306
1505 0.316
1506 0.317
1507 0.317
1508 0.319
1509 0.314
1510 0.311
1511 0.315
1512 0.316
1513 0.315
1514 0.316
1515 0.315
1516 0.315
1517 0.314
1518 0.317
1519 0.315
1520 0.313
1521 0.316
1522 0.313
1523 0.313
1524 0.314
1525 0.312
1526 0.311
1527 0.313
1528 0.315
1529 0.314
1530 0.312
1531 0.31
1532 0.309
1533 0.309
1534 0.31
1535 0.305
1536 0.309
1537 0.316
1538 0.314
1539 0.31
1540 0.309
1541 0.314
1542 0.315
1543 0.317
1544 0.318
1545 0.316
1546 0.314
1547 0.308
1548 0.305
1549 0.306
1550 0.305
1551 0.304
1552 0.302
1553 0.305
1554 0.309
1555 0.304
1556 0.301
1557 0.304
1558 0.312
1559 0.312
1560 0.306
1561 0.309
1562 0.313
1563 0.308
1564 0.305
1565 0.305
1566 0.305
1567 0.306
1568 0.304
1569 0.308
1570 0.308
1571 0.305
1572 0.305
1573 0.301
1574 0.298
1575 0.301
1576 0.307
1577 0.306
1578 0.305
1579 0.306
1580 0.305
1581 0.307
1582 0.304
1583 0.307
1584 0.312
1585 0.303
1586 0.3
1587 0.299
1588 0.305
1589 0.313
1590 0.309
1591 0.309
1592 0.307
1593 0.304
1594 0.302
1595 0.302
1596 0.302
1597 0.302
1598 0.3
1599 0.299
1600 0.3
1601 0.298
1602 0.299
1603 0.305
1604 0.304
1605 0.3
1606 0.296
1607 0.293
1608 0.3
1609 0.301
1610 0.303
1611 0.304
1612 0.301
1613 0.302
1614 0.3
1615 0.297
1616 0.299
1617 0.306
1618 0.304
1619 0.304
1620 0.304
1621 0.3
1622 0.302
1623 0.304
1624 0.305
1625 0.305
1626 0.296
1627 0.298
1628 0.305
1629 0.3
1630 0.297
1631 0.298
1632 0.296
1633 0.292
1634 0.294
1635 0.295
1636 0.298
1637 0.3
1638 0.298
1639 0.297
1640 0.3
1641 0.301
1642 0.296
1643 0.297
1644 0.297
1645 0.297
1646 0.298
1647 0.298
1648 0.297
1649 0.296
1650 0.294
1651 0.293
1652 0.298
1653 0.3
1654 0.301
1655 0.297
1656 0.293
1657 0.298
1658 0.302
1659 0.302
1660 0.303
1661 0.299
1662 0.297
1663 0.294
1664 0.294
1665 0.297
1666 0.297
1667 0.301
1668 0.302
1669 0.298
1670 0.296
1671 0.294
1672 0.294
1673 0.295
1674 0.292
1675 0.295
1676 0.299
1677 0.297
1678 0.295
1679 0.294
1680 0.294
1681 0.294
1682 0.297
1683 0.292
1684 0.284
1685 0.292
1686 0.3
1687 0.3
1688 0.3
1689 0.297
1690 0.294
1691 0.293
1692 0.288
1693 0.288
1694 0.296
1695 0.295
1696 0.293
1697 0.294
1698 0.293
1699 0.295
1700 0.297
1701 0.293
1702 0.284
1703 0.283
1704 0.293
1705 0.292
1706 0.293
1707 0.302
1708 0.302
1709 0.297
1710 0.295
1711 0.295
1712 0.293
1713 0.294
1714 0.296
1715 0.295
1716 0.297
1717 0.297
1718 0.292
1719 0.29
1720 0.289
1721 0.29
1722 0.291
1723 0.287
1724 0.287
1725 0.285
1726 0.282
1727 0.292
1728 0.3
1729 0.298
1730 0.296
1731 0.295
1732 0.296
1733 0.299
1734 0.294
1735 0.291
1736 0.295
1737 0.293
1738 0.292
1739 0.293
1740 0.288
1741 0.286
1742 0.291
1743 0.305
1744 0.307
1745 0.299
1746 0.297
1747 0.296
1748 0.294
1749 0.293
1750 0.295
1751 0.293
1752 0.293
1753 0.294
1754 0.294
1755 0.293
1756 0.292
1757 0.289
1758 0.282
1759 0.292
1760 0.297
1761 0.295
1762 0.297
1763 0.293
1764 0.287
1765 0.287
1766 0.296
1767 0.296
1768 0.291
1769 0.293
1770 0.292
1771 0.288
1772 0.285
1773 0.285
1774 0.289
1775 0.292
1776 0.29
1777 0.29
1778 0.291
1779 0.294
1780 0.299
1781 0.294
1782 0.293
1783 0.292
1784 0.291
1785 0.294
1786 0.293
1787 0.292
1788 0.291
1789 0.289
1790 0.288
1791 0.286
1792 0.288
1793 0.293
1794 0.292
1795 0.29
1796 0.291
1797 0.289
1798 0.289
1799 0.295
1800 0.295
1801 0.296
1802 0.296
1803 0.288
1804 0.288
1805 0.292
1806 0.295
1807 0.294
1808 0.294
1809 0.299
1810 0.302
1811 0.3
1812 0.302
1813 0.3
1814 0.298
1815 0.303
1816 0.309
1817 0.311
1818 0.306
1819 0.309
1820 0.311
1821 0.31
1822 0.308
1823 0.31
1824 0.31
1825 0.313
1826 0.321
1827 0.316
1828 0.314
1829 0.317
1830 0.32
1831 0.321
1832 0.32
1833 0.322
1834 0.328
1835 0.331
1836 0.33
1837 0.327
1838 0.322
1839 0.322
1840 0.324
1841 0.33
1842 0.333
1843 0.334
1844 0.335
1845 0.333
1846 0.334
1847 0.333
1848 0.329
1849 0.331
1850 0.339
1851 0.339
1852 0.338
1853 0.339
1854 0.338
1855 0.342
1856 0.351
1857 0.355
1858 0.358
1859 0.358
1860 0.355
1861 0.357
1862 0.356
1863 0.358
1864 0.359
1865 0.353
1866 0.347
1867 0.349
1868 0.351
1869 0.346
1870 0.341
1871 0.335
1872 0.336
1873 0.339
1874 0.339
1875 0.34
1876 0.341
1877 0.341
1878 0.344
1879 0.344
1880 0.338
1881 0.336
1882 0.338
1883 0.345
1884 0.347
1885 0.343
1886 0.343
1887 0.345
1888 0.342
1889 0.337
1890 0.332
1891 0.328
1892 0.321
1893 0.314
1894 0.31
1895 0.302
1896 0.297
1897 0.296
1898 0.292
1899 0.288
1900 0.29
1901 0.288
1902 0.283
1903 0.278
1904 0.279
1905 0.281
1906 0.281
1907 0.28
1908 0.276
1909 0.279
1910 0.277
1911 0.271
1912 0.271
1913 0.268
1914 0.264
1915 0.266
1916 0.27
1917 0.274
1918 0.276
1919 0.275
1920 0.266
1921 0.264
1922 0.275
1923 0.275
1924 0.271
1925 0.275
1926 0.273
1927 0.269
1928 0.269
1929 0.274
1930 0.276
1931 0.271
1932 0.268
1933 0.269
1934 0.272
1935 0.267
1936 0.264
1937 0.27
1938 0.27
1939 0.268
1940 0.269
1941 0.269
1942 0.266
1943 0.264
1944 0.265
1945 0.265
1946 0.265
1947 0.264
1948 0.263
1949 0.263
1950 0.263
1951 0.264
1952 0.265
1953 0.266
1954 0.263
1955 0.256
1956 0.257
1957 0.263
1958 0.269
1959 0.269
1960 0.265
1961 0.265
1962 0.264
1963 0.262
1964 0.262
1965 0.26
1966 0.255
1967 0.258
1968 0.26
1969 0.257
1970 0.258
1971 0.257
1972 0.255
1973 0.255
1974 0.245
1975 0.242
1976 0.24
1977 0.231
1978 0.218
1979 0.224
1980 0.238
1981 0.235
1982 0.228
1983 0.222
1984 0.22
1985 0.223
1986 0.229
1987 0.234
1988 0.237
1989 0.243
1990 0.256
1991 0.272
1992 0.287
1993 0.318
1994 0.351
1995 0.391
1996 0.432
1997 0.469
1998 0.509
1999 0.545
2000 0.578
2001 0.613
2002 0.648
2003 0.683
2004 0.722
2005 0.759
2006 0.795
2007 0.831
2008 0.857
2009 0.876
2010 0.9
2011 0.908
2012 0.92
2013 0.925
2014 0.917
2015 0.912
2016 0.895
2017 0.895
2018 0.907
2019 0.911
2020 0.904
2021 0.884
2022 0.863
2023 0.825
2024 0.776
2025 0.72
2026 0.655
2027 0.59
2028 0.518
2029 0.464
2030 0.405
2031 0.331
2032 0.286
2033 0.252
2034 0.208
2035 0.173
2036 0.153
2037 0.126
2038 0.101
2039 0.101
2040 0.103
2041 0.103
2042 0.105
2043 0.107
2044 0.116
2045 0.126
2046 0.134
2047 0.146
2048 0.16
2049 0.165
2050 0.175
2051 0.191
2052 0.201
2053 0.214
2054 0.237
2055 0.253
2056 0.254
2057 0.266
2058 0.274
2059 0.272
2060 0.274
2061 0.28
2062 0.28
2063 0.276
2064 0.286
2065 0.297
2066 0.297
2067 0.29
2068 0.292
2069 0.291
2070 0.29
2071 0.294
2072 0.295
2073 0.293
2074 0.288
2075 0.291
2076 0.3
2077 0.304
2078 0.302
2079 0.302
2080 0.302
2081 0.301
2082 0.301
2083 0.302
2084 0.308
2085 0.31
2086 0.307
2087 0.308
2088 0.309
2089 0.308
2090 0.306
2091 0.306
2092 0.304
2093 0.297
2094 0.298
2095 0.308
2096 0.32
2097 0.322
2098 0.315
2099 0.311
2100 0.319
2101 0.321
2102 0.32
2103 0.32
2104 0.316
2105 0.319
2106 0.32
2107 0.313
2108 0.313
2109 0.324
2110 0.329
2111 0.327
2112 0.325
2113 0.324
2114 0.329
2115 0.33
2116 0.329
2117 0.327
2118 0.328
2119 0.332
2120 0.33
2121 0.33
2122 0.335
2123 0.334
2124 0.333
2125 0.333
2126 0.328
2127 0.329
2128 0.339
2129 0.339
2130 0.335
2131 0.334
2132 0.335
2133 0.338
2134 0.34
2135 0.338
2136 0.335
2137 0.339
2138 0.342
2139 0.345
2140 0.348
2141 0.347
2142 0.34
2143 0.332
2144 0.339
2145 0.349
2146 0.35
2147 0.346
2148 0.344
2149 0.345
2150 0.352
2151 0.353
2152 0.352
2153 0.352
2154 0.354
2155 0.355
2156 0.354
2157 0.355
2158 0.355
2159 0.357
2160 0.36
2161 0.363
2162 0.357
2163 0.352
2164 0.36
2165 0.361
2166 0.359
2167 0.362
2168 0.364
2169 0.368
2170 0.371
2171 0.37
2172 0.37
2173 0.37
2174 0.372
2175 0.373
2176 0.37
2177 0.372
2178 0.38
2179 0.385
2180 0.381
2181 0.379
2182 0.381
2183 0.381
2184 0.381
2185 0.384
2186 0.386
2187 0.389
2188 0.389
2189 0.385
2190 0.384
2191 0.39
2192 0.391
2193 0.394
2194 0.399
2195 0.396
2196 0.394
2197 0.397
2198 0.4
2199 0.401
2200 0.403
2201 0.406
2202 0.408
2203 0.404
2204 0.4
2205 0.401
2206 0.412
2207 0.422
2208 0.421
2209 0.419
2210 0.417
2211 0.418
2212 0.421
2213 0.423
2214 0.425
2215 0.432
2216 0.44
2217 0.437
2218 0.438
2219 0.435
2220 0.437
2221 0.45
2222 0.45
2223 0.447
2224 0.448
2225 0.454
2226 0.458
2227 0.457
2228 0.462
2229 0.46
2230 0.462
2231 0.468
2232 0.465
2233 0.467
2234 0.474
2235 0.483
2236 0.484
2237 0.487
2238 0.49
2239 0.492
2240 0.498
2241 0.497
2242 0.501
2243 0.506
2244 0.508
2245 0.514
2246 0.52
2247 0.524
2248 0.528
2249 0.528
2250 0.53
2251 0.531
2252 0.535
2253 0.54
2254 0.542
2255 0.546
2256 0.55
2257 0.554
2258 0.558
2259 0.558
2260 0.564
2261 0.573
2262 0.573
2263 0.574
2264 0.578
2265 0.581
2266 0.583
2267 0.583
2268 0.587
2269 0.599
2270 0.6
2271 0.602
2272 0.606
2273 0.602
2274 0.606
2275 0.61
2276 0.608
2277 0.61
2278 0.615
2279 0.623
2280 0.627
2281 0.625
2282 0.627
2283 0.633
2284 0.638
2285 0.64
2286 0.637
2287 0.642
2288 0.645
2289 0.645
2290 0.646
2291 0.649
2292 0.65
2293 0.649
2294 0.654
2295 0.655
2296 0.655
2297 0.654
2298 0.654
2299 0.653
2300 0.649
2301 0.649
2302 0.647
2303 0.651
2304 0.65
2305 0.645
2306 0.644
2307 0.641
2308 0.642
2309 0.64
2310 0.634
2311 0.625
2312 0.625
2313 0.634
2314 0.631
2315 0.623
2316 0.619
2317 0.612
2318 0.603
2319 0.594
2320 0.59
2321 0.588
2322 0.579
2323 0.569
2324 0.561
2325 0.556
2326 0.551
2327 0.544
2328 0.54
2329 0.537
2330 0.529
2331 0.521
2332 0.515
2333 0.505
2334 0.486
2335 0.475
2336 0.487
2337 0.493
2338 0.477
2339 0.468
2340 0.46
2341 0.449
2342 0.442
2343 0.433
2344 0.434
2345 0.433
2346 0.425
2347 0.417
2348 0.412
2349 0.408
2350 0.402
2351 0.398
2352 0.392
2353 0.387
2354 0.388
2355 0.384
2356 0.378
2357 0.374
2358 0.371
2359 0.368
2360 0.363
2361 0.36
2362 0.359
2363 0.353
2364 0.349
2365 0.347
2366 0.343
2367 0.339
2368 0.338
2369 0.341
2370 0.341
2371 0.33
2372 0.329
2373 0.339
2374 0.341
2375 0.334
2376 0.325
2377 0.324
2378 0.326
2379 0.328
2380 0.328
2381 0.324
2382 0.321
2383 0.325
2384 0.319
2385 0.319
2386 0.325
2387 0.323
2388 0.323
2389 0.318
2390 0.318
2391 0.323
2392 0.32
2393 0.319
2394 0.319
2395 0.32
2396 0.321
2397 0.316
2398 0.311
2399 0.316
2400 0.316
2401 0.315
2402 0.318
2403 0.313
2404 0.308
2405 0.309
2406 0.308
2407 0.307
2408 0.313
2409 0.316
2410 0.313
2411 0.313
2412 0.31
2413 0.308
2414 0.31
2415 0.313
2416 0.313
2417 0.307
2418 0.305
2419 0.312
2420 0.31
2421 0.306
2422 0.309
2423 0.318
2424 0.319
2425 0.31
2426 0.304
2427 0.305
2428 0.316
2429 0.318
2430 0.308
2431 0.307
2432 0.315
2433 0.314
2434 0.31
2435 0.315
2436 0.314
2437 0.311
2438 0.303
2439 0.305
2440 0.311
2441 0.309
2442 0.309
2443 0.306
2444 0.303
2445 0.305
2446 0.314
2447 0.314
2448 0.311
2449 0.308
2450 0.31
2451 0.314
2452 0.31
2453 0.308
2454 0.307
2455 0.308
2456 0.308
2457 0.309
2458 0.311
2459 0.309
2460 0.307
2461 0.31
2462 0.314
2463 0.313
2464 0.306
2465 0.306
2466 0.308
2467 0.301
2468 0.307
2469 0.311
2470 0.309
2471 0.313
2472 0.311
2473 0.309
2474 0.31
2475 0.312
2476 0.314
2477 0.315
2478 0.317
2479 0.311
2480 0.309
2481 0.311
2482 0.313
2483 0.316
2484 0.314
2485 0.308
2486 0.306
2487 0.304
2488 0.306
2489 0.315
2490 0.316
2491 0.311
2492 0.314
2493 0.319
2494 0.318
2495 0.308
2496 0.306
2497 0.314
2498 0.316
2499 0.314
