0
1
2506
-3 0.0036108689023451965
-2 0.022604318342010248
-1 0.0673895161934546
0 0.41129903667692935
1 0.4673073100932815
2 0.49675930575999794
3 0.5004738289491463
4 0.49669016525366666
5 0.4974825686784975
6 0.5062303402292813
7 0.5131014188626738
8 0.5115054173717423
9 0.5164350095349436
10 0.5197671401823419
11 0.515412147458347
12 0.5130246798646881
13 0.51351409979931
14 0.5198581247536983
15 0.5250937327249472
16 0.5244018504853342
17 0.5219547809108367
18 0.5197315434322821
19 0.5205079059472286
20 0.5288985066424727
21 0.5327609613795662
22 0.528797026659098
23 0.5250037255660103
24 0.5328706437766876
25 0.538403805573332
26 0.5318760161397176
27 0.5263902627941695
28 0.5294059036975548
29 0.541463123380724
30 0.5467836727637054
31 0.5396113087578275
32 0.5387498675220431
33 0.5372978009864736
34 0.5368268558340703
35 0.5424757281381545
36 0.5487941906181024
37 0.5577118449923508
38 0.5574462722029776
39 0.5542313020961861
40 0.5539348229019997
41 0.554086383301657
42 0.5565368240705922
43 0.5579421964336222
44 0.5573070211661146
45 0.5579669374190112
46 0.5630541180921883
47 0.5651567015758984
48 0.568555075809264
49 0.5670930972578749
50 0.5586038108042425
51 0.5638718609479128
52 0.5696544323642461
53 0.5663658778371076
54 0.5690310902738285
55 0.57284599925072
56 0.5735687878951461
57 0.5759341499432432
58 0.5741338507204908
59 0.5745221510243903
60 0.5791518927989677
61 0.5787944988998813
62 0.5802534451334317
63 0.5825652333110085
64 0.5800290145919841
65 0.5840109113836075
66 0.5885390723910635
67 0.59312080726904
68 0.5972067187001183
69 0.5955801862063319
70 0.5972573975619058
71 0.5934491301901429
72 0.5895524129031042
73 0.5900676334050186
74 0.5883935551510299
75 0.5925267742494583
76 0.5989185830569007
77 0.6009392209213583
78 0.5995741542678974
79 0.6019932274956203
80 0.6058976610189964
81 0.600424339296043
82 0.5938485429658275
83 0.6078890905963649
84 0.6174227612759566
85 0.618014983909719
86 0.6176165485464534
87 0.6194736920504169
88 0.6198096153748052
89 0.6082659331251321
90 0.5900221396884447
91 0.5853319593946719
92 0.6114012541758995
93 0.6279886933369008
94 0.625497971899407
95 0.627364255139221
96 0.6290320822393444
97 0.6327709729235548
98 0.6341570339660096
99 0.6310493489093644
100 0.6324771506452493
101 0.6294083112733015
102 0.6242011758345313
103 0.620913320536644
104 0.6242732244872703
105 0.6376121151714808
106 0.6396544982288477
107 0.6419083674940039
108 0.6437780584536142
109 0.6465916981884074
110 0.6483533898193146
111 0.6490101729706258
112 0.652562865303276
113 0.6511097241364975
114 0.6536517479222932
115 0.6569363328094895
116 0.6537528675530154
117 0.6523255269535295
118 0.6521903828657143
119 0.6529003644855881
120 0.6558364936420548
121 0.667722481252339
122 0.6755975010930164
123 0.6795440607034854
124 0.6823357322018222
125 0.6803525050382004
126 0.6791302987088922
127 0.6799359702946745
128 0.6796896937765708
129 0.6773305979316445
130 0.6770689947822134
131 0.6773624416585611
132 0.6776269548660309
133 0.6876628009301321
134 0.6936654728953185
135 0.693974023359447
136 0.6975238206833642
137 0.6966081063478081
138 0.6945897650465791
139 0.6966743499337753
140 0.697729193046394
141 0.6956417131504647
142 0.6957395623704963
143 0.6965288326937418
144 0.7021054333015405
145 0.7081619172300995
146 0.7124590060909796
147 0.7190267408815109
148 0.7268135488997649
149 0.7343949845549891
150 0.7393274867762288
151 0.7417458242493418
152 0.742272416791947
153 0.7510293495546345
154 0.7563156363876709
155 0.7535264995454147
156 0.7519513451426667
157 0.7505622517823733
158 0.7483696826157794
159 0.7575906958821949
160 0.7693441963205447
161 0.7706502844796818
162 0.7754150480822742
163 0.7799843513376562
164 0.7832842779054855
165 0.7872666508828133
166 0.7847389949301881
167 0.7915211625119062
168 0.8098502362369246
169 0.8140145998330182
170 0.8086355330921118
171 0.8109604671708398
172 0.8141088333390119
173 0.8181562744873508
174 0.8275509171736266
175 0.8326974767840954
176 0.834329591301107
177 0.8405823721152335
178 0.8399694182263397
179 0.8451536115811913
180 0.8543015166129644
181 0.8664937581241485
182 0.8716152163965762
183 0.8696187210720031
184 0.872435970094086
185 0.8760071372089546
186 0.8806735904551168
187 0.894049891840163
188 0.901242566055089
189 0.9074286421468494
190 0.9107095962707022
191 0.907282404201511
192 0.9182932062293547
193 0.9314706911220586
194 0.944306670667149
195 0.9479181434915869
196 0.9488081730929023
197 0.957849254210928
198 0.9613379137863985
199 0.9699931284728589
200 0.9775370311674471
201 0.9800306877039897
202 0.988714374922929
203 0.9965487287013851
204 1.0031669042608513
205 1.0083926152655867
206 1.0122982707209822
207 1.0177423841568465
208 1.0204871233897914
209 1.0180737179197346
210 1.0178044135832713
211 1.0331550190128882
212 1.0451321285036341
213 1.0506030413952636
214 1.058383683994094
215 1.0646991141562032
216 1.0685258563101847
217 1.07276067122504
218 1.0735717724756357
219 1.0733410757310176
220 1.079293768063668
221 1.0793975596595766
222 1.0835214802369957
223 1.0866856492221997
224 1.0880619506072462
225 1.0938404150745318
226 1.0989369093180235
227 1.1059375801146176
228 1.1085927948010779
229 1.1110270724003286
230 1.116449217599737
231 1.1188832571061351
232 1.1220722893365283
233 1.1265666489304385
234 1.1233263393927535
235 1.1181247709279025
236 1.1236419925984094
237 1.1275770944337462
238 1.1283055357865328
239 1.1266945680169262
240 1.1315556200309318
241 1.1286537684737155
242 1.1185539753868754
243 1.121064854675006
244 1.1246751270434776
245 1.1209492664273666
246 1.1088297727981722
247 1.0962077283825105
248 1.0976670349687132
249 1.1065318512270514
250 1.1078638622132813
251 1.1007488036250135
252 1.0966411470010258
253 1.0901336276861435
254 1.0832876353414866
255 1.0748695209119208
256 1.065684818674122
257 1.0521349736036565
258 1.0372237076923787
259 1.036410532922101
260 1.0320974031513364
261 1.0214769448484624
262 1.0171204770502904
263 1.0067891105901599
264 0.989591857068598
265 0.9771861415643837
266 0.9642494027412228
267 0.9528627169827688
268 0.9454049525909223
269 0.9319791692350978
270 0.9144545301145368
271 0.8931363518080356
272 0.8805185366012217
273 0.881505422960844
274 0.8727676856856798
275 0.8623939650373084
276 0.8543050100672022
277 0.842514697373521
278 0.8271082064608499
279 0.8124791526943345
280 0.8000291618406091
281 0.7859615616121487
282 0.7742625938424762
283 0.765744434413397
284 0.7524403896753304
285 0.7395976677413646
286 0.7389811652586122
287 0.7262961326183687
288 0.7100955802534585
289 0.7139152803593435
290 0.7101106437509239
291 0.7007091213666675
292 0.6946977493259765
293 0.6856795737665103
294 0.6781261344580609
295 0.6750794863661156
296 0.6711295555612091
297 0.6648550295541733
298 0.6572197819355765
299 0.6513597322016907
300 0.6433770884342681
301 0.6343333353510561
302 0.6290638101332088
303 0.6192472030385933
304 0.607090060615711
305 0.5946990883466255
306 0.5920974475306853
307 0.5950532333110742
308 0.5972070941020763
309 0.5964523244216281
310 0.5868932285767016
311 0.5852964662901498
312 0.5832976593530428
313 0.5780706506735517
314 0.5861114213476358
315 0.5835473285416372
316 0.5760439696494702
317 0.573269038290269
318 0.567082739154962
319 0.5685480738514831
320 0.5699635812738792
321 0.5646926210721703
322 0.5578595515851181
323 0.5561521330539826
324 0.5493969022371353
325 0.5519133484991853
326 0.5609266928393424
327 0.5602190077826972
328 0.5546256305104038
329 0.5529272874567306
330 0.5554067992036492
331 0.5516614042234158
332 0.5485259458635429
333 0.5454694008050839
334 0.5421252139370488
335 0.5467103049601574
336 0.5488068603335492
337 0.5535435117563152
338 0.5522645984549012
339 0.5469849532269933
340 0.5434138868958711
341 0.5374896670956998
342 0.5405717746285992
343 0.5441468105996634
344 0.5444115468506798
345 0.5420904601520938
346 0.5414152172678697
347 0.5387467344204578
348 0.536305592172532
349 0.5390316185304065
350 0.5368965928742752
351 0.5342212453781879
352 0.5411974132822452
353 0.5443326335492658
354 0.544768241520515
355 0.5461996525436897
356 0.5374674607663915
357 0.5368291523972988
358 0.5483623141939432
359 0.5516459617590359
360 0.5504648976776534
361 0.5452513587266071
362 0.5383227365827519
363 0.5441530768028341
364 0.545163882658794
365 0.5399554344959625
366 0.5407895786142238
367 0.5437996525436898
368 0.5408400193831586
369 0.5409442721154665
370 0.5441179626652266
371 0.5419517067769889
372 0.5430608229893793
373 0.5350809670201953
374 0.5324714877081175
375 0.5428326609008418
376 0.5568093988177463
377 0.5586206946792316
378 0.5557050987753595
379 0.5561172784852809
380 0.5490199338836113
381 0.5308676226800383
382 0.5259918424802095
383 0.5418106203132964
384 0.5491961194356055
385 0.5491255308077384
386 0.546549107162892
387 0.5425074710813245
388 0.5408053814312559
389 0.5405908478563222
390 0.5424602856737747
391 0.539937335115702
392 0.5380050098574143
393 0.5333504048376476
394 0.5337983071223857
395 0.5403445713382187
396 0.5479772843007349
397 0.5478531218023472
398 0.5450550618410395
399 0.5499284081685343
400 0.5456020252861239
401 0.5442438232813379
402 0.5451030687376407
403 0.5449925498021623
404 0.5454032794789168
405 0.5401487355890503
406 0.5355163218492864
407 0.531942497818537
408 0.528822604182844
409 0.5256109044867432
410 0.5305433916586776
411 0.5352513475054179
412 0.5409290677439389
413 0.5441433020961203
414 0.5421120680358975
415 0.5489237677319981
416 0.5500072206862016
417 0.5458011163966776
418 0.5388541202543508
419 0.531512096468555
420 0.53544077974231
421 0.5390506917581294
422 0.5395553010149732
423 0.5370757892680544
424 0.5419769088987769
425 0.5468337531799882
426 0.5457979832950923
427 0.542750599448537
428 0.5354434517074964
429 0.5365336320012695
430 0.5351631356829946
431 0.5333314689190303
432 0.5382986948266142
433 0.5392986663939568
434 0.550729872021522
435 0.5582427675275508
436 0.5530158596318063
437 0.5477107376638991
438 0.5445914575230161
439 0.5452297658921089
440 0.5456494337372203
441 0.5467947852354907
442 0.5541371844232444
443 0.5586753431809611
444 0.5510513302939497
445 0.5477862797708756
446 0.5481477806190096
447 0.541020888853652
448 0.5311649384125814
449 0.530084993961921
450 0.5392141861186234
451 0.550279074728051
452 0.5567641496207727
453 0.5560651646396321
454 0.5608599730676707
455 0.5569041149361924
456 0.5401068726358198
457 0.536381112803455
458 0.5405942190507598
459 0.5456403947851167
460 0.548153808729328
461 0.5421152011374828
462 0.544240928272605
463 0.5487410778839811
464 0.5461730154380403
465 0.550054629137298
466 0.546391518652916
467 0.5405646718870718
468 0.5437363039664558
469 0.5407463778959218
470 0.5339656703390753
471 0.5343697734600068
472 0.5431077703040766
473 0.54999768407234
474 0.5508151888352124
475 0.5493783116218648
476 0.5442882359399547
477 0.5431644772761823
478 0.5394573295351417
479 0.5394000090682258
480 0.5417243661775027
481 0.5446428570901081
482 0.5398551514035971
483 0.5331254981104956
484 0.538282892009582
485 0.5402881024589653
486 0.5435807739268561
487 0.5466246492698683
488 0.5497200400130245
489 0.5464739254085677
490 0.5346222153975342
491 0.5344144091621701
492 0.535327603890951
493 0.5369216942123165
494 0.5386802527416384
495 0.5411909089862222
496 0.5421322008455242
497 0.5376380793444664
498 0.5361128895249487
499 0.5384852535308268
500 0.5343137871932058
501 0.5277488251516076
502 0.5247616567807011
503 0.5241646279686397
504 0.5326655095065098
505 0.5371271888351465
506 0.5375690630095663
507 0.5359492578553493
508 0.5299239184244557
509 0.5299783288333328
510 0.5292368423631415
511 0.5240128294761301
512 0.5267222164786155
513 0.5350214722498511
514 0.5359778676969338
515 0.5353080544775234
516 0.5345686264777084
517 0.5367602583221988
518 0.5408640210489809
519 0.5297607629405605
520 0.5154289276877984
521 0.526453971724056
522 0.5404092390662621
523 0.5376927493222493
524 0.529115574873487
525 0.5207284826817861
526 0.5267103833015255
527 0.5313969693573143
528 0.5280230980164855
529 0.5297216791630109
530 0.5354475436072387
531 0.5365150564353043
532 0.5308018617065234
533 0.5271358562134085
534 0.531131021165983
535 0.5305210845456225
536 0.5325832250106582
537 0.5318826426955404
538 0.5246731060816789
539 0.5226140836689231
540 0.5218696014062522
541 0.523035799992706
542 0.5155254391427582
543 0.5136266922544699
544 0.5314470347242914
545 0.5392023744175869
546 0.5402211295451358
547 0.5356172033871566
548 0.5333663299144799
549 0.5301361554361609
550 0.5262743141938774
551 0.5270825053864349
552 0.5265327842417233
553 0.5329501555236061
554 0.5307742257124013
555 0.5242839692394227
556 0.5280143979409809
557 0.5289240841662185
558 0.5247897904365811
559 0.5267795218962258
560 0.527073106081679
561 0.5283106390423149
562 0.5298081928677103
563 0.5244023266710386
564 0.5160713279566332
565 0.515989281553634
566 0.5249237125923769
567 0.5266569316908052
568 0.5217581086233113
569 0.5238051605498717
570 0.5262967435667324
571 0.52515564631832
572 0.5317499174307538
573 0.5323377850309117
574 0.5220550640032021
575 0.5200060543900122
576 0.5219170098573485
577 0.5233314426485355
578 0.5254220556460502
579 0.5219925519643249
580 0.5194692260042941
581 0.5201706448577689
582 0.5208213848494562
583 0.5180584239764504
584 0.5141299637462421
585 0.5116637201602748
586 0.5147680340224826
587 0.5158292806473775
588 0.5144117147546052
589 0.5101986085073006
590 0.5102830887826338
591 0.5233253994889115
592 0.5294900050059735
593 0.5227660044212328
594 0.51330499588919
595 0.5156680613740586
596 0.5180713317847495
597 0.5188283829791207
598 0.5213830764803634
599 0.5224223548688024
600 0.5199116986242186
601 0.5162485881398367
602 0.5168900296105148
603 0.5169404703794498
604 0.5171358299429138
605 0.5189583354949744
606 0.517092867317464
607 0.5102141732314806
608 0.5074916553771492
609 0.5206606481885896
610 0.5218798587254183
611 0.5141018515664154
612 0.5026578389142977
613 0.4985183536126988
614 0.5069820625425853
615 0.5079068523556038
616 0.5084114616124475
617 0.5085537234910956
618 0.5085125812431699
619 0.5090719763108487
620 0.5061292205985589
621 0.5003595569905246
622 0.5006778671120613
623 0.5077899299078493
624 0.5142326406206259
625 0.5044640654636217
626 0.4985938957196753
627 0.5067676297513983
628 0.504063110493581
629 0.511666737428808
630 0.5194172093774354
631 0.5116607093184897
632 0.5051273529109558
633 0.5043103243337881
634 0.5040442753587102
635 0.5118596781692434
636 0.5204052104585825
637 0.5177329960640806
638 0.5132042366111199
639 0.5136722867547903
640 0.5142947923068508
641 0.5118725859775426
642 0.5095857618289016
643 0.5105018515664155
644 0.5140491142342519
645 0.5069654231871963
646 0.49993881451420413
647 0.5055611254553753
648 0.5046420399253818
649 0.5019600508241662
650 0.506640471460531
651 0.5096056715949815
652 0.5105585585385211
653 0.5132552758255596
654 0.5153493973266174
655 0.512668482856611
656 0.5068072362317159
657 0.5066272032995797
658 0.5110010311584454
659 0.5128048388847408
660 0.5076195343733212
661 0.4976493334496824
662 0.503056274277563
663 0.5122934507136631
664 0.5100030323270378
665 0.5097692882152755
666 0.5071707955502263
667 0.5056485007394419
668 0.5060754086351862
669 0.5042410699060357
670 0.4984994026447759
671 0.49840179151759667
672 0.5048445022303732
673 0.5023616192890171
674 0.5028348610046488
675 0.5072912114522184
676 0.506517282809606
677 0.5053895545058915
678 0.5050332352380142
679 0.5045184758724989
680 0.5008871083312868
681 0.5012914344957651
682 0.49798212367248534
683 0.5001547830729992
684 0.5009089392586373
685 0.5038961076295438
686 0.5103419514439057
687 0.5039372498774696
688 0.5002452914586509
689 0.5028328025342726
690 0.5026654393175831
691 0.49884679879360166
692 0.5027719886131192
693 0.5091537846209957
694 0.5117495195864175
695 0.5106386687309442
696 0.49856275122200994
697 0.492322740907077
698 0.49971290889857956
699 0.5036884387032854
700 0.50387449974574
701 0.5002714674279014
702 0.49590669999719267
703 0.5001102696306359
704 0.5048795005349286
705 0.4964730970226522
706 0.4879372021309214
707 0.4880287851477822
708 0.49686453042813694
709 0.5066789632193238
710 0.5039344771285367
711 0.4989450083662854
712 0.4943157427774125
713 0.4980419637461762
714 0.5055448464526388
715 0.5084026607531962
716 0.5068393244782327
717 0.49832264012333044
718 0.4967921214227458
719 0.4940449633667722
720 0.4915523057187023
721 0.5009219693267365
722 0.5067645181258663
723 0.5011651127432547
724 0.49406946625930903
725 0.49423042596372235
726 0.5010195955032212
727 0.5118508622606864
728 0.5107992895587586
729 0.5026242970696574
730 0.49132857440650607
731 0.48726403276637903
732 0.5035433825996509
733 0.5120882156597387
734 0.5112090604373561
735 0.5092956861469915
736 0.5096522435077211
737 0.5126362787770421
738 0.5203547696896473
739 0.516043576129459
740 0.509001402732287
741 0.5118981484519829
742 0.5058856160456416
743 0.5047394129597088
744 0.5015570223344439
745 0.49681662431528256
746 0.49784902300574085
747 0.5021381475457265
748 0.502785617126723
749 0.49381958045391566
750 0.493024520113204
751 0.49682119240072936
752 0.4922030457103896
753 0.4960081799805674
754 0.5036702020139191
755 0.4987146719743197
756 0.4955308313158878
757 0.4995770505322077
758 0.5015291482474695
759 0.4962733924172883
760 0.49447973479966445
761 0.5034295932534817
762 0.5034764397844325
763 0.5058982707117828
764 0.5046351602274011
765 0.5008868702384346
766 0.5016578888230084
767 0.4939912887125052
768 0.4904829574638071
769 0.4851708700634781
770 0.49215007028537394
771 0.5012612638455622
772 0.49480528497183435
773 0.49446645158940755
774 0.5026620681231456
775 0.5082799332386702
776 0.5012279851347843
777 0.49397824359510056
778 0.48806739273962735
779 0.484675422018538
780 0.4916606503507522
781 0.4977114665216451
782 0.4958131807697558
783 0.490526533584067
784 0.4921433064204453
785 0.4999149100671719
786 0.5068332963679142
787 0.5079379818039635
788 0.5080989415083769
789 0.5066497699815403
790 0.5049292205985589
791 0.5023203397319856
792 0.49998672062705846
793 0.5054952422220604
794 0.49868980872913055
795 0.4925816871406274
796 0.5013702255373791
797 0.5116989565576824
798 0.5227885711031934
799 0.5262652601924683
800 0.5222319487844478
801 0.5195827772576112
802 0.5217091028382377
803 0.5166503946975397
804 0.51108235685614
805 0.5139308726356883
806 0.524039365798033
807 0.5294037293941265
808 0.5324406027793578
809 0.5381974744121453
810 0.5427192319073251
811 0.5439757158358839
812 0.5481661180921225
813 0.5496971129784115
814 0.5556902483297363
815 0.5636257066896093
816 0.5656087108096843
817 0.5652931583877749
818 0.5584655185655366
819 0.5571612658332289
820 0.5633514338247314
821 0.5621578373370076
822 0.5573732647520819
823 0.5538426414396344
824 0.5569913679604588
825 0.5610687166251381
826 0.5564043368986578
827 0.550625136676762
828 0.5519518338312304
829 0.5586901871998363
830 0.5648283786547956
831 0.5719056661895752
832 0.5674558200380284
833 0.5584206447705208
834 0.5628080796669369
835 0.5626791009985458
836 0.559924464799087
837 0.5620211209562255
838 0.5702379699718094
839 0.5782108390325181
840 0.5845409973804504
841 0.594895168615394
842 0.6046401024592285
843 0.6061993317851443
844 0.6065305497149801
845 0.6059094941960864
846 0.6029732427798195
847 0.5961001156677553
848 0.6030693181393907
849 0.6224094207639158
850 0.6179206281439251
851 0.6071893913366675
852 0.6061179846113962
853 0.5942896778206802
854 0.5803351311837787
855 0.5724949873878565
856 0.571488050388092
857 0.5747594893741369
858 0.576189724982356
859 0.5760223617656665
860 0.5732469692700661
861 0.5694605328256537
862 0.5682700694395152
863 0.5726504015944038
864 0.5731553862532054
865 0.5725453123237393
866 0.5747592512812845
867 0.5755775925825137
868 0.5719867537944174
869 0.5684403276649377
870 0.5712167947917471
871 0.5710491934822055
872 0.5674867264428414
873 0.5680938903142688
874 0.5605344228955008
875 0.5489140080745899
876 0.5399723119442036
877 0.5286515094190645
878 0.5232804034340959
879 0.5241975527535133
880 0.5146197440335161
881 0.5037315171617873
882 0.5002619308140399
883 0.4953111061689928
884 0.49238076702999195
885 0.48428121586412043
886 0.48034092245682203
887 0.47621373146871215
888 0.4743340427588413
889 0.48212494267683775
890 0.4851569848427598
891 0.47668059114812106
892 0.4683821719152424
893 0.466236149620378
894 0.46071976448822805
895 0.45722629873445864
896 0.45988538227711456
897 0.4688289745277612
898 0.4659958004288462
899 0.4613627882435778
900 0.46157502525528304
901 0.45985774628299253
902 0.4582028269911681
903 0.45406274324406465
904 0.4589321199316171
905 0.4636274060629104
906 0.4692639840535057
907 0.4730785176284394
908 0.46805071589255426
909 0.46959857317777914
910 0.46808315806497536
911 0.46468165073002465
912 0.4663935000375015
913 0.4659297949357313
914 0.46304640311142786
915 0.45795922243825093
916 0.4580040962332666
917 0.4553704894306099
918 0.4532323306728932
919 0.45663962802531016
920 0.4581396157230395
921 0.45995861277155703
922 0.454820991329445
923 0.44928866607115736
924 0.4463079012125271
925 0.4463678785953236
926 0.451190084924632
927 0.4531978149807904
928 0.4538952641943229
929 0.4578339602676441
930 0.453011992031188
931 0.44631973438961703
932 0.44970543890753567
933 0.45694671846456697
934 0.4581047396782844
935 0.45869177074008527
936 0.4606498965656656
937 0.4578270956189689
938 0.454214887039921
939 0.44635810388860986
940 0.44286295506642204
941 0.4438615523433343
942 0.4382651792785613
943 0.43901063538869467
944 0.4419575988337789
945 0.4380695816222451
946 0.4396261389829745
947 0.444628140151567
948 0.44726188426332925
949 0.4477295590050416
950 0.4383849967350487
951 0.4352337355581436
952 0.4386485110540459
953 0.4353354536343705
954 0.4332159927024192
955 0.4363300812713406
956 0.43719862524865244
957 0.43419228286627626
958 0.4282907305318123
959 0.4220544517639693
960 0.4161117571815796
961 0.4137437231682961
962 0.41175108165061297
963 0.409582153797189
964 0.40683208568317686
965 0.39667618406973576
966 0.39346241085395334
967 0.39027397706906464
968 0.38037725978202613
969 0.37870037225374564
970 0.3810209978159327
971 0.39275556233566494
972 0.40255720315160504
973 0.40197478026556666
974 0.40991372565292933
975 0.42188478555730347
976 0.4373145824715021
977 0.47178632973932605
978 0.5162689740916211
979 0.5590637593179126
980 0.5968997591432192
981 0.64681528576475
982 0.7070851058810245
983 0.7664514202407909
984 0.8266449624954787
985 0.8778377443910154
986 0.9389251851032143
987 1.0071746166690727
988 1.0671489715289393
989 1.1362435288024861
990 1.2006465981158003
991 1.2622292337307814
992 1.3122670116811337
993 1.3585800036465836
994 1.4001341077613485
995 1.4269355384208848
996 1.45829459557829
997 1.4720284833111494
998 1.4932536285676228
999 1.5143776442016692
1000 1.5088044298376135
1001 1.4882080448520225
1002 1.4748062817762826
1003 1.4884748295817107
1004 1.4989243368566587
1005 1.4928498857993437
1006 1.4793947783233778
1007 1.4591123663368157
1008 1.412410835974614
1009 1.3387930711727198
1010 1.2591444606594437
1011 1.1571916434944542
1012 1.0443598979787454
1013 0.9422220643038994
1014 0.8372727009393013
1015 0.7405302595251619
1016 0.6446348850868884
1017 0.5461801117528199
1018 0.456074076160765
1019 0.3851264522336909
1020 0.32945525087038197
1021 0.2817280856826506
1022 0.23982704655545894
1023 0.2021374191228049
1024 0.17513561472726444
1025 0.17035563170383888
1026 0.17704777351235765
1027 0.17863270262181946
1028 0.17629821045317642
1029 0.17729562588838493
1030 0.1918117268470881
1031 0.21057148010525664
1032 0.23149665271330602
1033 0.2509406878078023
1034 0.2736468633673342
1035 0.2970737691009161
1036 0.31661335685221526
1037 0.32955203188595217
1038 0.34588945655501224
1039 0.37210825683047777
1040 0.3908285659584444
1041 0.4132317580277672
1042 0.43641284837964456
1043 0.44480143069482814
1044 0.45450159152739356
1045 0.4619256767654942
1046 0.46329595004022234
1047 0.466030777257348
1048 0.4640973924171568
1049 0.4701663079683102
1050 0.4827001405615486
1051 0.48557002613204825
1052 0.4855028086986186
1053 0.48610915108099473
1054 0.49051458457392483
1055 0.4900157653345472
1056 0.4841775615773174
1057 0.47601837190524815
1058 0.4687258150409249
1059 0.47848645091804476
1060 0.5008825001555245
1061 0.5064540564921719
1062 0.5061625458264003
1063 0.5124699751422562
1064 0.5061759298204039
1065 0.5049441868772341
1066 0.5091573939082855
1067 0.5077359956846768
1068 0.5114776440685147
1069 0.512311327050377
1070 0.5160691536532049
1071 0.5167068635767931
1072 0.516431516080706
1073 0.5212410526945676
1074 0.5236192217672171
1075 0.5212128182549408
1076 0.5165262321991521
1077 0.5163246064325175
1078 0.520761645559512
1079 0.5195418731025375
1080 0.5232838968883334
1081 0.5266571697836575
1082 0.5227880884907411
1083 0.5223611805949967
1084 0.5295742257124014
1085 0.5346015663118874
1086 0.5317873281315898
1087 0.5295640906530351
1088 0.5306696126274413
1089 0.533129590010238
1090 0.5344969532269275
1091 0.5336915197339973
1092 0.5332081429589995
1093 0.5375089633669696
1094 0.5434073825998483
1095 0.5490848647455171
1096 0.5516931321172802
1097 0.5480524660550589
1098 0.5439853532334922
1099 0.539851297596707
1100 0.5462206619819889
1101 0.5561362144038984
1102 0.5569725543016414
1103 0.5550531368516527
1104 0.5465336582717641
1105 0.5415368486751333
1106 0.5519104534904522
1107 0.5689125919681502
1108 0.5690855221587592
1109 0.5620241382247585
1110 0.5553931706900455
1111 0.5545947391548963
1112 0.5575665658451696
1113 0.5566632831322081
1114 0.5557849644481825
1115 0.556287054098251
1116 0.5611628342980798
1117 0.5629309294412631
1118 0.5632025453902603
1119 0.5631583708244958
1120 0.5603632058719213
1121 0.5650560581308806
1122 0.5688865318319521
1123 0.5674460603806202
1124 0.5698018858148557
1125 0.5693629216984745
1126 0.5723781871999021
1127 0.5766854111201483
1128 0.5807621613393231
1129 0.5812354030549549
1130 0.5791701294883339
1131 0.5807937669733874
1132 0.5773231210437365
1133 0.5760191064042811
1134 0.5782297749511354
1135 0.5772660537189785
1136 0.5850939889358528
1137 0.5911537432751026
1138 0.5956248219084954
1139 0.5961360727704675
1140 0.5939258804093176
1141 0.5945640514693049
1142 0.590786928595207
1143 0.5959968217336046
1144 0.6026157330476809
1145 0.6071914247660335
1146 0.6018613387691907
1147 0.5915355178069257
1148 0.5852130856870357
1149 0.5889054195078122
1150 0.6018369366604004
1151 0.598898212154422
1152 0.6065783335680344
1153 0.6138801674773134
1154 0.6072652873695483
1155 0.616088463718203
1156 0.6284935406865968
1157 0.6212046296349224
1158 0.6157322452340723
1159 0.6092929057157334
1160 0.6159749275141916
1161 0.6334449788264541
1162 0.63002684718542
1163 0.6288448092565749
1164 0.6340273195430083
1165 0.6396167271753594
1166 0.6447606148206422
1167 0.6412738057213068
1168 0.6428052617439947
1169 0.6468284380926493
1170 0.6500396766523509
1171 0.6538130679793588
1172 0.6519122626206943
1173 0.6517447620948992
1174 0.6490760562039405
1175 0.6551645061192162
1176 0.6605043668227728
1177 0.660548181035885
1178 0.6634181523408259
1179 0.6634652369646288
1180 0.6713317797733482
1181 0.6704480464738143
1182 0.6652745751394846
1183 0.6651541592374925
1184 0.6764059454277318
1185 0.6857465380577823
1186 0.6849086623924312
1187 0.6847982442406996
1188 0.6830212259784647
1189 0.6793643816972535
1190 0.6777628132324027
1191 0.6846247306538915
1192 0.6952413415766232
1193 0.6995255226292043
1194 0.7020513832453157
1195 0.7060557244590995
1196 0.7059448451709688
1197 0.7090487986805242
1198 0.7134916428742901
1199 0.7170154015380625
1200 0.7221659307884736
1201 0.7218119080838247
1202 0.7212651827315928
1203 0.7248213835677862
1204 0.7264885971730995
1205 0.7263175024093202
1206 0.7305143081778349
1207 0.7351245155882904
1208 0.7389765971731654
1209 0.7449731037189278
1210 0.749178609562947
1211 0.7555571502094383
1212 0.763849404022893
1213 0.76584447941291
1214 0.7715218242494732
1215 0.7748344205327496
1216 0.7775976194986076
1217 0.7769655773326855
1218 0.7754559672866532
1219 0.7824735155314884
1220 0.7833848998744499
1221 0.7884932272950318
1222 0.8074091947727455
1223 0.8131772003533716
1224 0.8193024625239783
1225 0.8291612864977287
1226 0.8322325747913161
1227 0.8443426325903954
1228 0.8528691067013169
1229 0.8526625374472777
1230 0.8554378076830779
1231 0.8647379723437597
1232 0.871236092353886
1233 0.8753373454655976
1234 0.8807721603804529
1235 0.8816054679603572
1236 0.8812203158073486
1237 0.8853507406807906
1238 0.8866692604625223
1239 0.8997838579143909
1240 0.9123083919866201
1241 0.9066828256840634
1242 0.9081314995491421
1243 0.9179052813274133
1244 0.9304573506100179
1245 0.9384489174964917
1246 0.9394711961768892
1247 0.9450007272101906
1248 0.9485785359301878
1249 0.9515491657294518
1250 0.9590645958915612
1251 0.9679093801240196
1252 0.973652507410151
1253 0.979980607287707
1254 0.9858857689094608
1255 0.9867309096664552
1256 0.9928602787861097
1257 1.003174007002379
1258 1.003475692817832
1259 1.0106846309861892
1260 1.0194766778864837
1261 1.0185192228574975
1262 1.0182057289059645
1263 1.0211493362059165
1264 1.0282833307128016
1265 1.0265455435289266
1266 1.0294784022747028
1267 1.0413614948762537
1268 1.0494289792716618
1269 1.0556179503721552
1270 1.0577335424479113
1271 1.0555256466499896
1272 1.0607297497709212
1273 1.0662971891668163
1274 1.0696754155412496
1275 1.0705971730364297
1276 1.0731647743459714
1277 1.073609781621976
1278 1.0731737125143281
1279 1.0778599231681592
1280 1.078264163598196
1281 1.0789496423255331
1282 1.0741559085287038
1283 1.0706474915455644
1284 1.074926942162583
1285 1.0759369114801864
1286 1.0792739956066937
1287 1.08526483439479
1288 1.0852112605242696
1289 1.0791066323900043
1290 1.0745313010243038
1291 1.0737495088445435
1292 1.0667862336994802
1293 1.058035704449069
1294 1.0608630734812126
1295 1.0571145453993938
1296 1.0543542414422689
1297 1.0551696726854594
1298 1.0481247265393545
1299 1.0409949247159582
1300 1.0301170709964478
1301 1.0181334572096787
1302 1.0104356975522046
1303 1.0029208658356001
1304 0.992355056034456
1305 0.9837096010054037
1306 0.9749820995733522
1307 0.9649503454089933
1308 0.9543631658168972
1309 0.9403718219739702
1310 0.9266736869145383
1311 0.9169544528542498
1312 0.9130206852190278
1313 0.9068476391953666
1314 0.894611720780176
1315 0.8814158984143594
1316 0.8648760264896133
1317 0.854251674289534
1318 0.8396384233400507
1319 0.8216608376636002
1320 0.8150872978062975
1321 0.8127291607595278
1322 0.8064323276394372
1323 0.8001332987398646
1324 0.7876924841473486
1325 0.7719224339161672
1326 0.7617330912418324
1327 0.7570860715760456
1328 0.7462835218706594
1329 0.7340440949519256
1330 0.7236876271537533
1331 0.7135296520206306
1332 0.7027020009772028
1333 0.6952438762327039
1334 0.6869960200285605
1335 0.6794780552103704
1336 0.670236032505656
1337 0.654441256338391
1338 0.6430013355860156
1339 0.6339071417338683
1340 0.6312707621822786
1341 0.633194372315756
1342 0.6265941953528039
1343 0.62097088552316
1344 0.6126793309389567
1345 0.5996846882526812
1346 0.597740053631599
1347 0.5975765592711049
1348 0.5942165545367324
1349 0.5883025705796737
1350 0.5816045078713312
1351 0.577868411412107
1352 0.5853222883334959
1353 0.5814515089228556
1354 0.5644015865921034
1355 0.5571703047853326
1356 0.5608565954464851
1357 0.5672576877256315
1358 0.5628488830382637
1359 0.5576351059943652
1360 0.5545820694394494
1361 0.555157029231308
1362 0.5550525384061482
1363 0.5546833113299718
1364 0.5537015764519955
1365 0.5463088738044123
1366 0.5439439728927141
1367 0.5427290066140388
1368 0.5385480036625563
1369 0.5345403920380817
1370 0.5337290526946333
1371 0.5344184002781658
1372 0.5270961489493441
1373 0.5149127082974112
1374 0.5118772949370516
1375 0.5260664071747668
1376 0.5381610225094662
1377 0.5304388000497711
1378 0.5266144552427647
1379 0.5260464974086869
1380 0.5285359211714248
1381 0.5273173090801009
1382 0.5129887442380294
1383 0.516605145500566
1384 0.5247696175366389
1385 0.518263320153776
1386 0.5130466481011443
1387 0.5121662709467424
1388 0.5102649894023734
1389 0.5160849564702371
1390 0.5180584239764505
1391 0.5188283829791207
1392 0.5213833145732156
1393 0.5218251887476353
1394 0.5221881496206411
1395 0.5244178913952185
1396 0.5235050720683956
1397 0.5225795830261257
1398 0.5246290537757146
1399 0.5242791380201136
1400 0.5224035197339316
1401 0.5148146209845277
1402 0.5183639421227403
1403 0.5265906881048381
1404 0.5280618278681306
1405 0.5231134005700586
1406 0.5174390515259751
1407 0.5130184136615176
1408 0.5131232648393298
1409 0.5115125201132699
1410 0.5079851672115133
1411 0.5104994176940814
1412 0.5062424114992233
1413 0.5065482899981657
1414 0.51149695538909
1415 0.5146450834644097
1416 0.5165265925518046
1417 0.517028682201873
1418 0.519093955768494
1419 0.5165963446413149
1420 0.5146133405212399
1421 0.5095797337185832
1422 0.5088506788709866
1423 0.5094287717644304
1424 0.5061885995358508
1425 0.5080896429873676
1426 0.5071140885781206
1427 0.5082287717644305
1428 0.5075777936798908
1429 0.5091724974960664
1430 0.5146899572594255
1431 0.5111175932535476
1432 0.5110000723602884
1433 0.5204615570780359
1434 0.5236443231052584
1435 0.5226839580182334
1436 0.5197034312524554
1437 0.5145562731964819
1438 0.5130088770476561
1439 0.5151027604558616
1440 0.517225116396546
1441 0.5150523196869264
1442 0.5121087274362799
1443 0.5159518708527981
1444 0.5222014177815926
1445 0.523997985457255
1446 0.5221279341449924
1447 0.5209754799051942
1448 0.5236634971167282
1449 0.5200537224100144
1450 0.5161694367455705
1451 0.5171242348586761
1452 0.5121980138899123
1453 0.508110890518519
1454 0.514271987532038
1455 0.5227098958946318
1456 0.5228994654406296
1457 0.5167762402643455
1458 0.5089188586675297
1459 0.5142688544304526
1460 0.5228783337425303
1461 0.5168586620693028
1462 0.5111664617295154
1463 0.5196458877419929
1464 0.5336903042287259
1465 0.524361306682913
1466 0.507472344056574
1467 0.5055068308795504
1468 0.5086713602174069
1469 0.5104888214983163
1470 0.5209256375817638
1471 0.528030323017813
1472 0.5262577970982886
1473 0.5315099071158209
1474 0.5279827923069167
1475 0.5231257099328531
1476 0.5235493474179067
1477 0.5224597655696382
1478 0.5244683321641537
1479 0.524171614877115
1480 0.5196714652657388
1481 0.520423187579043
1482 0.5207012070403163
1483 0.5233123694208124
1484 0.5248312930371594
1485 0.5259272783977039
1486 0.5237418119726376
1487 0.5217710164316105
1488 0.5261640183019459
1489 0.5275409181324969
1490 0.5256550640032022
1491 0.5256930731495427
1492 0.5278029974676326
1493 0.5269846561664034
1494 0.5262516316788646
1495 0.5303954620223634
1496 0.5291196818225348
1497 0.5236718368395805
1498 0.5256204260512993
1499 0.5279165487209495
1500 0.5288351580652385
1501 0.5248817338060944
1502 0.5213299787955475
1503 0.5152002493232407
1504 0.5134694640971464
1505 0.524983552666068
1506 0.5276037905240266
1507 0.5283357403803562
1508 0.5300071617184642
1509 0.5241427819919837
1510 0.5205741495331958
1511 0.5247053101612479
1512 0.5261608852003606
1513 0.525430993814407
1514 0.5264258595442293
1515 0.5252987447353249
1516 0.5252163229303679
1517 0.5242690029607475
1518 0.5272977747159787
1519 0.5251469462428153
1520 0.5228889700286111
1521 0.5256336942122506
1522 0.5223808522682243
1523 0.5220996997053655
1524 0.5227886869362457
1525 0.5205085043927332
1526 0.5194945654351878
1527 0.5218378584630823
1528 0.5241431423446361
1529 0.5229178029137425
1530 0.5201453054268752
1531 0.5172529904835205
1532 0.5156013416023869
1533 0.5151629759315103
1534 0.5158515877604326
1535 0.5110507512220757
1536 0.5160432157768067
1537 0.5241564105055875
1538 0.522419221767217
1539 0.5180134128723293
1540 0.5170158902266262
1541 0.5228707333392449
1542 0.5250775695552629
1543 0.5279476781693092
1544 0.5290687648678952
1545 0.5262237575918902
1546 0.5224917315563548
1547 0.5144520204641743
1548 0.5098418130537188
1549 0.5099086550851906
1550 0.5083394280090143
1551 0.5069529915646016
1552 0.5050104304632013
1553 0.5084716770880964
1554 0.5126564115866687
1555 0.5072845848963955
1556 0.5042081300718566
1557 0.5082250402173405
1558 0.5176675890164704
1559 0.5183871072502056
1560 0.512420771354646
1561 0.515443514999559
1562 0.5193379357233691
1563 0.5136153416898324
1564 0.5095575273892748
1565 0.5088538119725717
1566 0.5086646178285318
1567 0.5097821960235746
1568 0.5081176543834476
1569 0.5124757802090278
1570 0.5124599773919957
1571 0.5087966288147616
1572 0.5076037315562891
1573 0.502415669345242
1574 0.499007758498015
1575 0.5027279513564604
1576 0.5099343548687366
1577 0.5097221178570314
1578 0.5089166843641013
1579 0.5099115500939236
1580 0.5089359956846766
1581 0.511032874885362
1582 0.5083699590118694
1583 0.5117649620507974
1584 0.516452009242985
1585 0.5061318925637452
1586 0.5018530038668723
1587 0.50106351050008
1588 0.5087686324679871
1589 0.5185484273072711
1590 0.5152002707992941
1591 0.514654006583461
1592 0.5114938222875046
1593 0.5072243694207466
1594 0.5042278017450842
1595 0.50366900512291
1596 0.503353351917254
1597 0.5029650516133547
1598 0.5004512622671855
1599 0.4989767513094553
1600 0.49972244551244105
1601 0.49792504129842174
1602 0.4996804667261584
1603 0.5064449960640149
1604 0.5052923037313646
1605 0.5000189247066273
1606 0.4946222197218593
1607 0.49130023918313265
1608 0.49922035586237246
1609 0.5015914221934945
1610 0.5045404441089549
1611 0.5057815863568806
1612 0.5024656339284724
1613 0.502810358112112
1614 0.5001360852472341
1615 0.49700268535773723
1616 0.4997691547342862
1617 0.5079450845454909
1618 0.5066717382179963
1619 0.5066117608351998
1620 0.5061070142692504
1621 0.5017362187282234
1622 0.5038930753117052
1623 0.5063781540325432
1624 0.5073984965023647
1625 0.5065399502753134
1626 0.4965412768191956
1627 0.49827533245598066
1628 0.5054289986360935
1629 0.5001071365290506
1630 0.49619424102302206
1631 0.4961386086821255
1632 0.493157605730643
1633 0.4884900929025773
1634 0.4905302651311569
1635 0.4923205666036487
1636 0.4963212985301426
1637 0.4989393406086195
1638 0.4971168350565588
1639 0.4962449198848094
1640 0.4994192239293796
1641 0.5002844974960006
1642 0.4947799455409407
1643 0.49532340048248175
1644 0.49522578935530254
1645 0.4953707081498314
1646 0.4965044645638643
1647 0.49641288154700347
1648 0.4949792747443468
1649 0.4933249689473325
1650 0.49090589571960946
1651 0.4902362198093047
1652 0.49626132114734606
1653 0.4991822459322854
1654 0.5001897813775545
1655 0.49550343341461806
1656 0.49121468427659026
1657 0.4969750493636152
1658 0.5022484283883526
1659 0.5030121211878521
1660 0.5037511737857094
1661 0.49864842838835255
1662 0.4952698266119614
1663 0.4913068657389556
1664 0.4911743785670213
1665 0.4948279524375417
1666 0.4958883625240798
1667 0.5007514730084617
1668 0.5018316555519742
1669 0.4970094492226659
1670 0.4938108803784111
1671 0.4908774231871304
1672 0.4903788420406051
1673 0.49120634455373785
1674 0.48843941404078994
1675 0.4921025245251719
1676 0.4967260000965787
1677 0.494729865124658
1678 0.4921687681111391
1679 0.4906155819448471
1680 0.4904384440214438
1681 0.4903783658549006
1682 0.4927636376690776
1683 0.48662147657417615
1684 0.47821423652354306
1685 0.4875210277400477
1686 0.49772726933867717
1687 0.4991566684085395
1688 0.49911249384277506
1689 0.49502017889942035
1690 0.4904701869646137
1691 0.4879352659203453
1692 0.4820611114871512
1693 0.48232935624171075
1694 0.49131095763869786
1695 0.49102934393944025
1696 0.48911838847210404
1697 0.49004724870881133
1698 0.48924798063530534
1699 0.49146457650873143
1700 0.49289275364657437
1701 0.48719017016286414
1702 0.47642429540370357
1703 0.4750857801214509
1704 0.48630979300846233
1705 0.48722734277084784
1706 0.49025130834777997
1707 0.5009098980567943
1708 0.501449758760351
1709 0.49572389431612335
1710 0.49254463679244387
1711 0.49168622787449817
1712 0.4893649030830598
1713 0.4904986594970926
1714 0.4928986594970926
1715 0.4922949890799028
1716 0.49432889510531175
1717 0.4936787535591291
1718 0.4874356101426108
1719 0.4842117018674624
1720 0.4825413551605636
1721 0.4832805450675265
1722 0.48389954211604397
1723 0.47913731316953223
1724 0.47821603186005684
1725 0.47586344031115324
1726 0.47395491871615114
1727 0.4864380724476023
1728 0.49690639338136744
1729 0.4960054072316344
1730 0.49390222530241956
1731 0.4926517845334845
1732 0.49363411785696554
1733 0.4963757089390198
1734 0.49066891772251514
1735 0.48698046780723964
1736 0.49066021764701057
1737 0.48846511382433605
1738 0.486980828159892
1739 0.4871017202475887
1740 0.4813640376755765
1741 0.47997036118053094
1742 0.4875392644294138
1743 0.5046709950703132
1744 0.5081598776893304
1745 0.499459053453244
1746 0.49583151824286864
1747 0.4934672308259806
1748 0.49063114666902696
1749 0.4892070764802318
1750 0.4910105088045695
1751 0.4888945563761612
1752 0.4888470106159592
1753 0.48986094957350446
1754 0.48973135741030316
1755 0.4881554887289984
1756 0.48601237649217255
1757 0.4818343693331696
1758 0.47474418903939675
1759 0.48611625382252227
1760 0.49293389589450015
1761 0.4918495056181933
1762 0.4933817981792382
1763 0.48800791301858865
1764 0.4808924790283632
1765 0.48105357604188204
1766 0.4910995571653495
1767 0.4917621303341268
1768 0.4865507871625623
1769 0.48783367010391837
1770 0.48579433441369574
1771 0.48049537786521246
1772 0.47653868319537734
1773 0.4765891239643124
1774 0.48147130767641727
1775 0.485355355248009
1776 0.4837886628279134
1777 0.4841454582814952
1778 0.48598293011223104
1779 0.49014186404351084
1780 0.4958198073255786
1781 0.4905710685024837
1782 0.48878390013157724
1783 0.48719270481894494
1784 0.486093586356815
1785 0.48922637275150155
1786 0.48816526343571215
1787 0.4866967805883003
1788 0.48491288262808474
1789 0.48201743458314467
1790 0.48031558302592836
1791 0.47824366785417893
1792 0.48092458232418533
1793 0.48681430148155935
1794 0.48622643388140163
1795 0.4840505040701968
1796 0.484704853349174
1797 0.4827118514788385
1798 0.4833841993543296
1799 0.49053062548380927
1800 0.49148678283803976
1801 0.4925542956661054
1802 0.4915981383118749
1803 0.48236736538805125
1804 0.48194732214098196
1805 0.4866152103710055
1806 0.49064128172839316
1807 0.49053956365216617
1808 0.4915811386038335
1809 0.4979098369268943
1810 0.5020683954562162
1811 0.5006152542894375
1812 0.5025894210249022
1813 0.500502179221825
1814 0.4990962084132905
1815 0.5056769732719207
1816 0.5135087923942961
1817 0.5165934345832762
1818 0.5119475296390144
1819 0.5152003715830408
1820 0.5174967323455433
1821 0.516564601698145
1822 0.5145278006640029
1823 0.5168775979879201
1824 0.5179725087172556
1825 0.5225606471075083
1826 0.5317821215103228
1827 0.5271457531799224
1828 0.5252157244848631
1829 0.5287941316503649
1830 0.5327761657510937
1831 0.5346674495452022
1832 0.5346037406153158
1833 0.5380675218962915
1834 0.545883162799677
1835 0.5501143684272424
1836 0.5490059514441031
1837 0.5447778789181231
1838 0.5384940694393837
1839 0.5382540591244507
1840 0.5414243935290789
1841 0.5494134257594722
1842 0.5542696715951787
1843 0.5563914290903588
1844 0.5577650585102188
1845 0.5556617757972574
1846 0.5562369736819683
1847 0.5546869206172617
1848 0.5506124669613153
1849 0.5535649973803188
1850 0.5631431664529684
1851 0.5643614031423345
1852 0.5638558200380283
1853 0.5652267925420077
1854 0.5653808875977457
1855 0.5717749929684168
1856 0.5839576978657393
1857 0.590828315362733
1858 0.5955205691761877
1859 0.5960193884155652
1860 0.592937280882666
1861 0.5949016729114168
1862 0.5941119414517722
1863 0.5961329396688821
1864 0.5963011394239286
1865 0.5886053159770307
1866 0.5809472635836208
1867 0.581949131271224
1868 0.5830043347364952
1869 0.5762119313116643
1870 0.5687723821331304
1871 0.560846460387119
1872 0.5612004830917678
1873 0.5645732798013874
1874 0.5652485226856115
1875 0.566852625806543
1876 0.5684440592120276
1877 0.5690530585102846
1878 0.5723091708650019
1879 0.5717506123356799
1880 0.5646611312711584
1881 0.5621694109451918
1882 0.5650272252457493
1883 0.573572519442236
1884 0.5765690871178984
1885 0.5726619966786415
1886 0.5723117055210828
1887 0.5736134235973095
1888 0.569116767440171
1889 0.5616580442501674
1890 0.5535400183020774
1891 0.5460000852474315
1892 0.5351375581592486
1893 0.5241143094595048
1894 0.5161356353320243
1895 0.5044740782631878
1896 0.49641252119435114
1897 0.4930000172206672
1898 0.48710112180208415
1899 0.48166630688722883
1900 0.4824659353133873
1901 0.4789676533896142
1902 0.47205819020792333
1903 0.46546475563384626
1904 0.46583144805394194
1905 0.46787465260036015
1906 0.4678052759128076
1907 0.46630505012222595
1908 0.46163127109098967
1909 0.46383940498176346
1910 0.4606596712723794
1911 0.45304892654631934
1912 0.4513225720965663
1913 0.4468641631786205
1914 0.4421491045903529
1915 0.4446406876072137
1916 0.45018568258094815
1917 0.45581538087356277
1918 0.4583482434474549
1919 0.45638792184239285
1920 0.4460356868180253
1921 0.4438534908036499
1922 0.4559209463299318
1923 0.4569969211406498
1924 0.45333586912664414
1925 0.4570821006452344
1926 0.4544804748785998
1927 0.4499419407189254
1928 0.4500839645047212
1929 0.455733810656268
1930 0.45789707075202596
1931 0.45217784791292676
1932 0.44829029183779184
1933 0.44881518626267336
1934 0.4514116204573464
1935 0.4458373164127761
1936 0.44257807095647356
1937 0.44890096421276254
1938 0.44932390246856485
1939 0.44740003919292953
1940 0.44814260029433
1941 0.44758090866342276
1942 0.443778669401978
1943 0.44108195211493956
1944 0.4417611646391058
1945 0.44166644852065967
1946 0.44148641558852336
1947 0.4401443918027275
1948 0.4388023680169317
1949 0.43866034423113576
1950 0.43881503773237845
1951 0.44018529595780104
1952 0.44140726419425713
1953 0.4419130853914155
1954 0.43760609956402147
1955 0.4294491056714342
1956 0.43070581264353985
1957 0.4384362740423406
1958 0.4462770162837674
1959 0.4469838648020558
1960 0.442565761593679
1961 0.4417358252082122
1962 0.4399361244309645
1963 0.43713491631876605
1964 0.43615668994433276
1965 0.4330621357395333
1966 0.4272859678354762
1967 0.43010333911735904
1968 0.4322003556271499
1969 0.4291082352946846
1970 0.4297274704360543
1971 0.4280726884533355
1972 0.4248457843857073
1973 0.42271181831147964
1974 0.40985606630941457
1975 0.4036135062890955
1976 0.39790960008961923
1977 0.38503860719066785
1978 0.36969343142586486
1979 0.3761391744564801
1980 0.39188833750916235
1981 0.3891811462861587
1982 0.38029785524560206
1983 0.3719590080433544
1984 0.36905402338455284
1985 0.37315587494176905
1986 0.3816596665376777
1987 0.38978746719248153
1988 0.39658844843301694
1989 0.4079207237825938
1990 0.42857247511342766
1991 0.4550110155850939
1992 0.48391162200854393
1993 0.532930715516483
1994 0.5878950898375568
1995 0.6525438071248585
1996 0.7193398594310861
1997 0.7821407467847389
1998 0.8472856263955375
1999 0.9075106885498485
2000 0.9639744155977882
2001 1.022197775806259
2002 1.0807207483105015
2003 1.1398118159579276
2004 1.2033525924477948
2005 1.2648307522869213
2006 1.3243133755996321
2007 1.38161220556399
2008 1.4258651004854752
2009 1.4599226396716123
2010 1.4959360788052374
2011 1.5129229457912288
2012 1.5305712346991143
2013 1.5374774274701144
2014 1.527647567263853
2015 1.5184155208333454
2016 1.4976210551100224
2017 1.4965912982861391
2018 1.509703483341727
2019 1.5134706299416179
2020 1.5015178924610508
2021 1.4704654130318395
2022 1.4319247239423674
2023 1.3695494468097027
2024 1.2894343834867337
2025 1.1965979514538945
2026 1.0906989500803939
2027 0.9828508166855001
2028 0.8681810223696043
2029 0.772514646558225
2030 0.6729090770117666
2031 0.5607218303255845
2032 0.48206423816198857
2033 0.41927505816066885
2034 0.35021573222692814
2035 0.2933876093221211
2036 0.25479503448814783
2037 0.21258317337460939
2038 0.1767706242530089
2039 0.1711960420252707
2040 0.17175569666185514
2041 0.172304242391611
2042 0.17586900599420358
2043 0.18075976752201306
2044 0.19423056198195884
2045 0.2099904771537741
2046 0.22460602466648585
2047 0.24364366007682217
2048 0.2645952467469743
2049 0.2763907660619224
2050 0.2935459185374016
2051 0.3175009525811968
2052 0.33643916647853467
2053 0.3594032136404078
2054 0.3925727566545957
2055 0.4173695452116422
2056 0.4250938812813348
2057 0.4421302758822299
2058 0.45375467539238856
2059 0.45410666466767124
2060 0.457756745083954
2061 0.46509672544867914
2062 0.46631506292179203
2063 0.46421347832655435
2064 0.4772836631198063
2065 0.49132725811748795
2066 0.4926776065768306
2067 0.4853634568780091
2068 0.48664971101380283
2069 0.48541834347259083
2070 0.484767127295199
2071 0.48933038739095697
2072 0.49046765230853295
2073 0.488013941128907
2074 0.482932428213396
2075 0.4872710196748543
2076 0.49866482965088926
2077 0.5046830663402554
2078 0.5035233720498244
2079 0.5035267432442619
2080 0.503302911148319
2081 0.5022198335960735
2082 0.5026426345427701
2083 0.5047990299898529
2084 0.5122643797356795
2085 0.5152736171267888
2086 0.512601402732287
2087 0.513608938177556
2088 0.5145030596786139
2089 0.5131512611861042
2090 0.5104543058062134
2091 0.509330922544399
2092 0.5058958518887544
2093 0.49813029140165177
2094 0.5004821471959451
2095 0.5140479173432428
2096 0.5297674109724368
2097 0.5334523674334749
2098 0.5262198887356947
2099 0.5219789234507212
2100 0.530764927191392
2101 0.533843440486307
2102 0.5332051321172144
2103 0.5328769099798583
2104 0.528477641906352
2105 0.531137186585407
2106 0.5315928051064827
2107 0.5242875785267126
2108 0.5253164837629332
2109 0.5386810892799951
2110 0.5458394858956706
2111 0.5446293508363044
2112 0.5425797427776099
2113 0.5418282585571581
2114 0.5475788489374692
2115 0.5491862224690917
2116 0.5482669996299925
2117 0.5462362267061689
2118 0.5475595526661995
2119 0.5521230508548098
2120 0.5507012772292431
2121 0.5513640884908727
2122 0.5570613430935157
2123 0.5563914290903587
2124 0.5550494053045628
2125 0.5543112900288091
2126 0.5490495060883095
2127 0.5509596250172888
2128 0.5625054565293801
2129 0.563382938675049
2130 0.5592076034812324
2131 0.5578942903207678
2132 0.5592458507204253
2133 0.563022512458124
2134 0.5654827279337727
2135 0.5634424183960876
2136 0.5605590416210898
2137 0.565488633784291
2138 0.5701334791466495
2139 0.5747336737575387
2140 0.5783274075543681
2141 0.5763041127740297
2142 0.567339013423326
2143 0.558385884558818
2144 0.566634461468266
2145 0.57896305900758
2146 0.5813337499367444
2147 0.5772851118973961
2148 0.5750903469513203
2149 0.5768650836996323
2150 0.5853250610824289
2151 0.587519465675852
2152 0.587095690881693
2153 0.5874588898475509
2154 0.5899064356077529
2155 0.591314702979516
2156 0.5905819165848294
2157 0.5918893024187224
2158 0.592536548956172
2159 0.595576915795641
2160 0.5995022429242641
2161 0.6025407893862091
2162 0.595798090975703
2163 0.5903851220375039
2164 0.5989124176374769
2165 0.6008574126112114
2166 0.5997259527604069
2167 0.6037965375601578
2168 0.6073456356548238
2169 0.613026250902078
2170 0.6172608277240808
2171 0.6168405614334649
2172 0.6170804344392922
2173 0.6173898214417776
2174 0.6197584539005655
2175 0.6210376052948318
2176 0.6186274702354658
2177 0.6221730598265884
2178 0.6323795395180701
2179 0.6389856438075942
2180 0.6353374996018876
2181 0.6330606882528126
2182 0.6349876846300331
2183 0.635337975787592
2184 0.6360797003506358
2185 0.6402131575419161
2186 0.6434906396875851
2187 0.6473211133886564
2188 0.6473466909124023
2189 0.6430261988312046
2190 0.6422778477123381
2191 0.6494749527036051
2192 0.65224348055053
2193 0.6569323631695473
2194 0.6629801470226016
2195 0.66029236790392
2196 0.6584729954534446
2197 0.6621838897908807
2198 0.6664026637958514
2199 0.6687735928178679
2200 0.6721109150372278
2201 0.6761182885688501
2202 0.6782564473265665
2203 0.6735767409687587
2204 0.6693385333834125
2205 0.6720315191233612
2206 0.6865259114145139
2207 0.6999305845482927
2208 0.7005896642628324
2209 0.6986316392209987
2210 0.6963614694770524
2211 0.6977288326937419
2212 0.7018562617747042
2213 0.7056356962613358
2214 0.7101312777872653
2215 0.720062648075512
2216 0.7304674831229375
2217 0.7285753778397777
2218 0.7297630470009296
2219 0.7273909210879043
2220 0.7313280813936172
2221 0.7468653463111933
2222 0.7486490212278621
2223 0.7465383611551619
2224 0.7486194525881206
2225 0.7563912943276995
2226 0.7622988747724817
2227 0.762794099773875
2228 0.768879517371312
2229 0.7679062595252936
2230 0.7710701904176454
2231 0.7782675335017645
2232 0.7765899617935383
2233 0.7806403987343572
2234 0.7907235675151137
2235 0.8030923334548911
2236 0.8068617701912623
2237 0.8119739299426807
2238 0.8169124602742388
2239 0.8209005375345915
2240 0.828820293861179
2241 0.8296942825526101
2242 0.8357443629688929
2243 0.8431557784915468
2244 0.8479578520112285
2245 0.8570929500184491
2246 0.8663006951239131
2247 0.8730957705139302
2248 0.8791331812147662
2249 0.8805192573065264
2250 0.8837179269345277
2251 0.8862533241645008
2252 0.8922971383776129
2253 0.8996325356075858
2254 0.9040180743837413
2255 0.9104437853884767
2256 0.9169421434914554
2257 0.9233460235688402
2258 0.9295919397342913
2259 0.9320507202260787
2260 0.9409712846583655
2261 0.9528670469753634
2262 0.9551144269938023
2263 0.9578294817539539
2264 0.9634947703698803
2265 0.9681398538250909
2266 0.971698589317365
2267 0.9736837526915628
2268 0.9806021540416108
2269 0.9959841270124394
2270 0.9998291058557871
2271 1.0036338797733124
2272 1.0086584261478122
2273 1.00548076595811
2274 1.0104639319918316
2275 1.015554859261404
2276 1.0147298914043519
2277 1.0184902526632607
2278 1.0261950142785154
2279 1.0371872557896995
2280 1.0434804796225006
2281 1.0430627479879655
2282 1.0468044114211088
2283 1.0550999356452542
2284 1.062309249215569
2285 1.0658106642409275
2286 1.0638994857300448
2287 1.07010799119466
2288 1.0744123201061733
2289 1.0755357033679875
2290 1.0775154370773719
2291 1.0814599382174646
2292 1.0833794564511998
2293 1.0833852615179715
2294 1.0894768445348324
2295 1.091330494584558
2296 1.0916363730835004
2297 1.0904490427989473
2298 1.0898873511680398
2299 1.0879769941462083
2300 1.0829278226193717
2301 1.0821857226543703
2302 1.0799972604368244
2303 1.0839386134260265
2304 1.0823471800205415
2305 1.0760913668885765
2306 1.0736791583095289
2307 1.0695267651996307
2308 1.0693122165753917
2309 1.0653311563221255
2310 1.056571789687104
2311 1.0452819943505243
2312 1.0445591049223515
2313 1.0536421863027132
2314 1.0497291900129382
2315 1.0390647952371521
2316 1.031149469686906
2317 1.0195236252011812
2318 1.0055918833390927
2319 0.9920199692484246
2320 0.98411057102475
2321 0.9782255422126226
2322 0.9645969211498489
2323 0.9493893990879316
2324 0.9364275589267296
2325 0.927125696148324
2326 0.9183097448009971
2327 0.9077848391549265
2328 0.9004120312241175
2329 0.8938226885497828
2330 0.8816432390138456
2331 0.8687249599235974
2332 0.8567745240638601
2333 0.839699237261204
2334 0.814022795820017
2335 0.7991962332276195
2336 0.8102635156190653
2337 0.8151777875776869
2338 0.7954999476779973
2339 0.7807194342955713
2340 0.7664639526471323
2341 0.7495611198493803
2342 0.7374768475682884
2343 0.7247510480820769
2344 0.7231697346866528
2345 0.7196087026311502
2346 0.7081867804752885
2347 0.6961811984520637
2348 0.687334117656377
2349 0.6798601900948459
2350 0.6705292563384567
2351 0.6632260631880529
2352 0.6542012460234582
2353 0.6467457932441454
2354 0.6456572709777807
2355 0.6393735837588411
2356 0.6307021908533909
2357 0.6239955653786491
2358 0.6184953434161836
2359 0.6131054022963442
2360 0.6057855697905511
2361 0.6005725285012627
2362 0.5973207461391399
2363 0.5889020332640692
2364 0.582444579316164
2365 0.5781192560156573
2366 0.5720218679320249
2367 0.5664639651499913
2368 0.5646795910040713
2369 0.5670678951360869
2370 0.565773878246892
2371 0.5532930210786693
2372 0.5520201358875737
2373 0.5628684174023859
2374 0.5649180254610804
2375 0.5560440329415328
2376 0.544423495860822
2377 0.5418347628531809
2378 0.543653897210804
2379 0.5458800296980916
2380 0.5455424082559795
2381 0.5406251104062673
2382 0.536652988321358
2383 0.5398717907589861
2384 0.5334132772291772
2385 0.5335077552547711
2386 0.5399882370210359
2387 0.5381091618059752
2388 0.5374871173903136
2389 0.5317238572945556
2390 0.5314871173903136
2391 0.5366255753707826
2392 0.533593670513966
2393 0.5323397212414877
2394 0.5322072340695533
2395 0.5330631083314185
2396 0.5333637952583992
2397 0.5271424827692314
2398 0.5212087263551987
2399 0.5260884761949695
2400 0.5264480658735377
2401 0.5255854492227975
2402 0.5280020885781864
2403 0.5216800318602542
2404 0.515168405596324
2405 0.5151568105120864
2406 0.5139977146671599
2407 0.5137347987936675
2408 0.520991881167731
2409 0.5249390392237046
2410 0.5219638413389937
2411 0.5212032816410793
2412 0.5173036693453078
2413 0.5149096974556261
2414 0.5171896419062862
2415 0.5205057316438002
2416 0.5201049997173063
2417 0.5132580485744926
2418 0.5108675851883542
2419 0.5180243844700522
2420 0.5161927177060879
2421 0.5125946388673585
2422 0.5168765233567111
2423 0.5273327730205339
2424 0.5282960331162919
2425 0.5175623774860058
2426 0.5100591193775854
2427 0.5114548543430073
2428 0.5239323403167923
2429 0.5265123732489286
2430 0.5159256948835476
2431 0.5145712394751573
2432 0.5230231302772592
2433 0.5225675117561835
2434 0.5187993120011372
2435 0.5237608701510551
2436 0.5220880038373813
2437 0.5175848068588608
2438 0.5081993404337946
2439 0.5099460657860264
2440 0.5165400988056081
2441 0.5148626493571821
2442 0.5143385914706574
2443 0.5104645566986317
2444 0.5072807160401999
2445 0.5103721371434141
2446 0.5210080443374154
2447 0.5218572920434575
2448 0.5185979092780493
2449 0.5151715386979095
2450 0.5172371876664883
2451 0.5213459038723797
2452 0.5168961950299387
2453 0.5140792848844548
2454 0.5125229656165775
2455 0.513476689098474
2456 0.5138016408251392
2457 0.5152067750953169
2458 0.5173702732839273
2459 0.5152859264895832
2460 0.513438081506629
2461 0.5170853891739787
2462 0.5215732444718658
2463 0.5201078947260394
2464 0.5118999838788123
2465 0.5107232648393297
2466 0.5120121758910043
2467 0.505000670805793
2468 0.5117872691638523
2469 0.5170073124109215
2470 0.5159958073257103
2471 0.5203982085008017
2472 0.5183173702100008
2473 0.5161601382245611
2474 0.5174234868017953
2475 0.5202213237195562
2476 0.5231827772576111
2477 0.5247239072032663
2478 0.5264011185588402
2479 0.519450528178529
2480 0.5167474073792142
2481 0.5189486766213127
2482 0.5217051331982957
2483 0.5249894799926396
2484 0.5221253994889115
2485 0.5144235479316953
2486 0.5109380365071157
2487 0.5087240975495704
2488 0.512001341602387
2489 0.5228143867197916
2490 0.5250023878009387
2491 0.5205612417248967
2492 0.5241485720094499
2493 0.5294516355069808
2494 0.5275824207330749
2495 0.5160428554241543
2496 0.5134377211539766
2497 0.5182518377566206
2498 0.5005203284439825
2499 0.45036056531310853
2500 0.07348502320613212
2501 0.024804116074888354
2502 0.003978290650303129
