0
1
2506
-3 -0.6062047737453495
-2 -0.5872113243056845
-1 -0.5424261264542402
0 -0.19851660597076537
1 -0.1425083325544132
2 -0.11305633688769678
3 -0.10934181369854845
4 -0.11312547739402806
5 -0.11233307396919723
6 -0.10358530241841346
7 -0.09671422378502093
8 -0.09831022527595246
9 -0.09338063311275113
10 -0.09004850246535279
11 -0.09440349518934776
12 -0.09679096278300658
13 -0.09630154284838477
14 -0.08995751789399642
15 -0.08472190992274753
16 -0.08541379216236056
17 -0.08786086173685803
18 -0.0900840992154126
19 -0.0893077367004661
20 -0.08091713600522199
21 -0.07705468126812853
22 -0.08101861598859672
23 -0.08481191708168445
24 -0.07694499887100714
25 -0.07141183707436272
26 -0.07793962650797714
27 -0.08342537985352527
28 -0.08040973895013992
29 -0.06835251926697072
30 -0.06303196988398929
31 -0.07020433388986724
32 -0.0710657751256516
33 -0.0725178416612211
34 -0.07298878681362442
35 -0.06733991450954024
36 -0.061021452029592305
37 -0.0521037976553439
38 -0.05236937044471712
39 -0.055584340551508626
40 -0.05588081974569503
41 -0.055729259346037674
42 -0.05327881857710248
43 -0.05187344621407253
44 -0.05250862148158009
45 -0.05184870522868357
46 -0.04676152455550642
47 -0.044658941071796354
48 -0.04126056683843071
49 -0.04272254538981979
50 -0.05121183184345224
51 -0.04594378169978197
52 -0.040161210283448656
53 -0.043449764810587155
54 -0.040784552373866245
55 -0.03696964339697473
56 -0.03624685475254863
57 -0.03388149270445151
58 -0.03568179192720389
59 -0.03529349162330442
60 -0.030663749848726995
61 -0.031021143747813396
62 -0.029562197514263033
63 -0.02725040933668621
64 -0.02978662805571064
65 -0.02580473126408722
66 -0.02127657025663121
67 -0.016694835378654682
68 -0.0126089239475764
69 -0.014235456441362815
70 -0.012558245085788955
71 -0.01636651245755183
72 -0.020263229744590494
73 -0.019748009242676168
74 -0.021422087496664854
75 -0.0172888683982364
76 -0.010897059590794012
77 -0.008876421726336403
78 -0.010241488379797326
79 -0.00782241515207438
80 -0.003917981628698275
81 -0.009391303351651725
82 -0.01596709968186727
83 -0.001926552051329855
84 0.007607118628261911
85 0.008199341262024262
86 0.007800905898758703
87 0.00965804940272219
88 0.009993972727110445
89 -0.0015497095225626145
90 -0.019793502959249976
91 -0.02448368325302286
92 0.0015856115282048
93 0.01817305068920605
94 0.015682329251712313
95 0.017548612491526283
96 0.019216439591649648
97 0.022955330275860053
98 0.02434139131831492
99 0.02123370626166965
100 0.02266150799755462
101 0.019592668625606824
102 0.014385533186836552
103 0.011097677888949331
104 0.014457581839575573
105 0.02779647252378603
106 0.029838855581152957
107 0.032092724846309206
108 0.03396241580591952
109 0.03677605554071273
110 0.03853774717161984
111 0.039194530322931076
112 0.042747222655581285
113 0.04129408148880276
114 0.04383610527459847
115 0.047120690161794765
116 0.043937224905320704
117 0.0425098843058348
118 0.04237474021801957
119 0.04308472183789336
120 0.04602085099436004
121 0.057906838604644295
122 0.0657818584453217
123 0.06972841805579066
124 0.07252008955412748
125 0.07053686239050572
126 0.06931465606119747
127 0.07012032764697973
128 0.06987405112887612
129 0.0675149552839498
130 0.06725335213451866
131 0.06754679901086635
132 0.06781131221833614
133 0.07784715828243738
134 0.08384983024762382
135 0.0841583807117523
136 0.08770817803566944
137 0.0867924637001134
138 0.08477412239888438
139 0.08685870728608058
140 0.0879135503986993
141 0.08582607050277002
142 0.08592391972280156
143 0.08671319004604705
144 0.0922897906538458
145 0.09834627458240475
146 0.10264336344328484
147 0.10921109823381614
148 0.11699790625207018
149 0.12457934190729436
150 0.12951184412853411
151 0.13193018160164705
152 0.13245677414425228
153 0.1412137069069398
154 0.14649999373997613
155 0.14371085689772
156 0.14213570249497198
157 0.14074660913467862
158 0.13855403996808469
159 0.14777505323450013
160 0.15952855367285002
161 0.16083464183198704
162 0.16559940543457952
163 0.17016870868996148
164 0.17346863525779077
165 0.1774510082351186
166 0.17492335228249334
167 0.18170551986421146
168 0.20003459358922993
169 0.20419895718532344
170 0.19881989044441706
171 0.20114482452314508
172 0.20429319069131713
173 0.20834063183965612
174 0.2177352745259319
175 0.22288183413640072
176 0.22451394865341223
177 0.23076672946753873
178 0.23015377557864503
179 0.23533796893349657
180 0.24448587396526966
181 0.2566781154764538
182 0.2617995737488815
183 0.2598030784243084
184 0.2626203274463913
185 0.2661914945612599
186 0.2708579478074221
187 0.2842342491924683
188 0.2914269234073943
189 0.29761299949915465
190 0.3008939536230075
191 0.29746676155381624
192 0.30847756358166
193 0.3216550484743639
194 0.3344910280194543
195 0.33810250084389215
196 0.3389925304452076
197 0.3480336115632333
198 0.3515222711387038
199 0.3601774858251642
200 0.36772138851975233
201 0.370215045056295
202 0.3788987322752343
203 0.3867330860536904
204 0.3933512616131566
205 0.39857697261789193
206 0.4024826280732875
207 0.40792674150915176
208 0.4106714807420967
209 0.40825807527203983
210 0.4079887709355766
211 0.4233393763651935
212 0.4353164858559394
213 0.4407873987475689
214 0.4485680413463994
215 0.4548834715085085
216 0.45871021366249
217 0.4629450285773452
218 0.463756129827941
219 0.46352543308332284
220 0.46947812541597334
221 0.4695819170118819
222 0.47370583758930096
223 0.47687000657450496
224 0.4782463079595515
225 0.48402477242683706
226 0.48912126667032874
227 0.4961219374669229
228 0.49877715215338314
229 0.5012114297526339
230 0.5066335749520422
231 0.5090676144584404
232 0.5122566466888335
233 0.5167510062827437
234 0.5135106967450588
235 0.5083091282802078
236 0.5138263499507146
237 0.5177614517860515
238 0.5184898931388381
239 0.5168789253692315
240 0.5217399773832371
241 0.5188381258260207
242 0.5087383327391807
243 0.5112492120273112
244 0.5148594843957829
245 0.5111336237796719
246 0.49901413015047746
247 0.48639208573481574
248 0.4878513923210185
249 0.4967162085793567
250 0.49804821956558654
251 0.49093316097731876
252 0.48682550435333105
253 0.4803179850384488
254 0.4734719926937919
255 0.46505387826422606
256 0.4558691760264272
257 0.44231933095596176
258 0.427408065044684
259 0.4265948902744062
260 0.42228176050364163
261 0.4116613022007677
262 0.4073048344025957
263 0.39697346794246513
264 0.37977621442090326
265 0.36737049891668894
266 0.3544337600935281
267 0.3430470743350741
268 0.33558930994322755
269 0.3221635265874031
270 0.3046388874668421
271 0.2833207091603409
272 0.270702893953527
273 0.2716897803131493
274 0.26295204303798503
275 0.25257832238961364
276 0.24448936741950744
277 0.2326990547258263
278 0.2172925638131552
279 0.20266351004663974
280 0.1902135191929144
281 0.17614591896445397
282 0.16444695119478148
283 0.1559287917657023
284 0.14262474702763572
285 0.12978202509366987
286 0.12916552261091752
287 0.11648048997067395
288 0.10027993760576381
289 0.10409963771164876
290 0.1002950011032292
291 0.0908934787189728
292 0.08488210667828178
293 0.07586393111881562
294 0.06831049181036619
295 0.06526384371842087
296 0.0613139129135144
297 0.05503938690647858
298 0.047404139287881786
299 0.04154408955399602
300 0.033561445786573385
301 0.02451769270336135
302 0.019248167485514056
303 0.009431560390898541
304 -0.0027255820319836976
305 -0.015116554301069174
306 -0.01771819511700945
307 -0.014762409336620541
308 -0.012608548545618437
309 -0.013363318226066623
310 -0.022922414070993158
311 -0.02451917635754497
312 -0.026517983294651937
313 -0.031744991974143044
314 -0.023704221300058892
315 -0.026268314106057566
316 -0.03377167299822448
317 -0.03654660435742574
318 -0.04273290349273273
319 -0.04126756879621163
320 -0.03985206137381547
321 -0.04512302157552439
322 -0.05195609106257659
323 -0.05366350959371213
324 -0.06041874041055939
325 -0.05790229414850945
326 -0.048888949808352344
327 -0.049596634864997546
328 -0.05519001213729091
329 -0.056888355190964135
330 -0.05440884344404551
331 -0.058154238424278915
332 -0.06128969678415186
333 -0.06434624184261084
334 -0.0676904287106459
335 -0.06310533768753734
336 -0.06100878231414553
337 -0.0562721308913795
338 -0.057551044192793555
339 -0.06283068942070147
340 -0.06640175575182361
341 -0.07232597555199494
342 -0.06924386801909554
343 -0.06566883204803131
344 -0.0654040957970149
345 -0.06772518249560089
346 -0.06840042537982505
347 -0.07106890822723688
348 -0.07351005047516268
349 -0.07078402411728824
350 -0.07291904977341956
351 -0.07559439726950679
352 -0.06861822936544948
353 -0.06548300909842897
354 -0.06504740112717977
355 -0.06361599010400498
356 -0.07234818188130321
357 -0.07298649025039594
358 -0.06145332845375151
359 -0.058169680888658815
360 -0.059350744970041336
361 -0.0645642839210876
362 -0.07149290606494285
363 -0.06566256584486063
364 -0.06465175998890071
365 -0.06986020815173222
366 -0.06902606403347089
367 -0.06601599010400494
368 -0.0689756232645361
369 -0.06887137053222825
370 -0.06569767998246812
371 -0.06786393587070583
372 -0.06675481965831542
373 -0.07473467562749947
374 -0.07734415493957725
375 -0.06698298174685291
376 -0.05300624382994845
377 -0.051194947968463134
378 -0.05411054387233527
379 -0.0536983641624138
380 -0.06079570876408347
381 -0.07894801996765644
382 -0.08382380016748525
383 -0.06800502233439831
384 -0.06061952321208919
385 -0.06069011183995632
386 -0.06326653548480277
387 -0.06730817156637026
388 -0.06901026121643883
389 -0.06922479479137256
390 -0.06735535697392003
391 -0.06987830753199276
392 -0.07181063279028044
393 -0.0764652378100471
394 -0.07601733552530898
395 -0.06947107130947605
396 -0.06183835834695983
397 -0.06196252084534748
398 -0.06476058080665525
399 -0.059887234479160445
400 -0.06421361736157083
401 -0.06557181936635681
402 -0.06471257391005403
403 -0.06482309284553245
404 -0.06441236316877796
405 -0.06966690705864442
406 -0.07429932079840829
407 -0.07787314482915775
408 -0.08099303846485073
409 -0.08420473816095153
410 -0.07927225098901713
411 -0.0745642951422768
412 -0.06888657490375583
413 -0.06567234055157445
414 -0.06770357461179721
415 -0.06089187491569659
416 -0.05980842196149316
417 -0.06401452625101711
418 -0.07096152239334397
419 -0.0783035461791397
420 -0.07437486290538475
421 -0.07076495088956536
422 -0.07026034163272155
423 -0.07273985337964028
424 -0.0678387337489178
425 -0.06298188946770655
426 -0.0640176593526024
427 -0.06706504319915774
428 -0.07437219094019831
429 -0.07328201064642526
430 -0.07465250696470016
431 -0.07648417372866445
432 -0.07151694782108053
433 -0.07051697625373787
434 -0.05908577062617271
435 -0.05157287512014397
436 -0.056799783015888394
437 -0.06210490498379562
438 -0.06522418512467865
439 -0.0645858767555858
440 -0.06416620891047442
441 -0.06302085741220398
442 -0.05567845822445028
443 -0.051140299466733596
444 -0.05876431235374502
445 -0.06202936287681915
446 -0.06166786202868513
447 -0.06879475379404276
448 -0.07865070423511333
449 -0.07973064868577373
450 -0.07060145652907135
451 -0.05953656791964368
452 -0.053051493026922025
453 -0.05375047800806265
454 -0.048955669580024064
455 -0.052911527711502315
456 -0.06970877001187492
457 -0.0734345298442397
458 -0.06922142359693495
459 -0.064175247862578
460 -0.06166183391836677
461 -0.06770044151021193
462 -0.06557471437508977
463 -0.061074564763713646
464 -0.06364262720965441
465 -0.059761013510396754
466 -0.0634241239947787
467 -0.06925097076062292
468 -0.06607933868123894
469 -0.06906926475177289
470 -0.07584997230861945
471 -0.07544586918768792
472 -0.06670787234361808
473 -0.05981795857535477
474 -0.05900045381248231
475 -0.06043733102582993
476 -0.06552740670774004
477 -0.06665116537151239
478 -0.07035831311255303
479 -0.0704156335794689
480 -0.06809127647019197
481 -0.06517278555758665
482 -0.06996049124409764
483 -0.07669014453719913
484 -0.07153275063811271
485 -0.06952754018872942
486 -0.06623486872083861
487 -0.06319099337782641
488 -0.060095602634670175
489 -0.06334171723912707
490 -0.07519342725016054
491 -0.07540123348552463
492 -0.0744880387567437
493 -0.07289394843537822
494 -0.07113538990605628
495 -0.06862473366147248
496 -0.06768344180217056
497 -0.07217756330322833
498 -0.07370275312274599
499 -0.07133038911686795
500 -0.07550185545448895
501 -0.08206681749608713
502 -0.08505398586699364
503 -0.085651014679055
504 -0.0771501331411849
505 -0.07268845381254818
506 -0.07224657963812842
507 -0.07386638479234542
508 -0.07989172422323898
509 -0.07983731381436188
510 -0.08057880028455322
511 -0.08580281317156457
512 -0.08309342616907922
513 -0.07479417039784364
514 -0.07383777495076094
515 -0.07450758817017133
516 -0.0752470161699863
517 -0.07305538432549596
518 -0.06895162159871382
519 -0.08005487970713421
520 -0.09438671495989637
521 -0.08336167092363878
522 -0.06940640358143257
523 -0.07212289332544541
524 -0.08070006777420768
525 -0.08908715996590866
526 -0.08310525934616919
527 -0.07841867329038044
528 -0.08179254463120922
529 -0.08009396348468378
530 -0.07436809904045605
531 -0.07330058621239044
532 -0.07901378094117129
533 -0.0826797864342862
534 -0.07868462148171174
535 -0.0792945581020722
536 -0.07723241763703648
537 -0.0779329999521543
538 -0.08514253656601578
539 -0.08720155897877158
540 -0.08794604124144256
541 -0.08677984265498873
542 -0.09429020350493655
543 -0.09618895039322484
544 -0.07836860792340328
545 -0.07061326823010783
546 -0.06959451310255893
547 -0.07419843926053815
548 -0.07644931273321487
549 -0.07967948721153384
550 -0.08354132845381734
551 -0.08273313726125986
552 -0.08328285840597138
553 -0.07686548712408858
554 -0.07904141693529343
555 -0.08553167340827206
556 -0.0818012447067138
557 -0.08089155848147622
558 -0.08502585221111358
559 -0.08303612075146893
560 -0.08274253656601571
561 -0.08150500360537982
562 -0.08000744977998442
563 -0.08541331597665613
564 -0.09374431469106148
565 -0.09382636109406073
566 -0.08489193005531781
567 -0.08315871095688954
568 -0.08805753402438343
569 -0.08601048209782303
570 -0.08351889908096233
571 -0.08465999632937471
572 -0.07806572521694088
573 -0.07747785761678305
574 -0.0877605786444926
575 -0.08980958825768248
576 -0.08789863279034626
577 -0.08648419999915924
578 -0.08439358700164457
579 -0.0878230906833698
580 -0.0903464166434006
581 -0.08964499778992585
582 -0.08899425779823855
583 -0.09175721867124431
584 -0.09568567890145263
585 -0.09815192248741988
586 -0.09504760862521211
587 -0.09398636200031718
588 -0.09540392789308949
589 -0.09961703414039413
590 -0.09953255386506088
591 -0.08649024315878318
592 -0.08032563764172118
593 -0.08704963822646195
594 -0.09651064675850474
595 -0.0941475812736361
596 -0.09174431086294521
597 -0.09098725966857402
598 -0.0884325661673313
599 -0.08739328777889233
600 -0.08990394402347612
601 -0.09356705450785807
602 -0.09292561303717994
603 -0.09287517226824493
604 -0.09267981270478087
605 -0.09085730715272033
606 -0.09272277533023077
607 -0.09960146941621417
608 -0.10232398727054548
609 -0.08915499445910513
610 -0.08793578392227641
611 -0.09571379108127931
612 -0.107157803733397
613 -0.11129728903499592
614 -0.10283358010510946
615 -0.10190879029209088
616 -0.10140418103524718
617 -0.1012619191565991
618 -0.10130306140452483
619 -0.10074366633684606
620 -0.1036864220491358
621 -0.10945608565717013
622 -0.10913777553563342
623 -0.1020257127398454
624 -0.09558300202706882
625 -0.10535157718407306
626 -0.11122174692801945
627 -0.10304801289629639
628 -0.10575253215411373
629 -0.09814890521888675
630 -0.09039843327025932
631 -0.098154933329205
632 -0.10468828973673894
633 -0.10550531831390664
634 -0.10577136728898451
635 -0.09795596447845134
636 -0.08941043218911227
637 -0.09208264658361409
638 -0.09661140603657481
639 -0.09614335589290446
640 -0.0955208503408439
641 -0.09794305667015213
642 -0.10022988081879314
643 -0.09931379108127925
644 -0.0957665284134428
645 -0.10285021946049844
646 -0.10987682813349059
647 -0.10425451719231937
648 -0.10517360272231291
649 -0.10785559182352855
650 -0.10317517118716368
651 -0.10020997105271323
652 -0.09925708410917367
653 -0.09656036682213509
654 -0.09446624532107728
655 -0.09714715979108368
656 -0.10300840641597886
657 -0.10318843934811506
658 -0.0988146114892493
659 -0.0970108037629539
660 -0.10219610827437353
661 -0.11216630919801235
662 -0.10675936837013167
663 -0.09752219193403167
664 -0.09981261032065691
665 -0.10004635443241927
666 -0.10264484709746846
667 -0.10416714190825282
668 -0.10374023401250854
669 -0.10557457274165905
670 -0.11131624000291884
671 -0.11141385113009805
672 -0.10497114041732147
673 -0.1074540233586776
674 -0.10698078164304592
675 -0.10252443119547627
676 -0.10329835983808877
677 -0.10442608814180321
678 -0.10478240740968048
679 -0.10529716677519585
680 -0.10892853431640792
681 -0.10852420815192965
682 -0.11183351897520938
683 -0.10966085957469551
684 -0.10890670338905739
685 -0.10591953501815088
686 -0.09947369120378902
687 -0.10587839277022515
688 -0.10957035118904379
689 -0.10698284011342207
690 -0.1071502033301116
691 -0.11096884385409306
692 -0.1070436540345755
693 -0.10066185802669902
694 -0.09806612306127727
695 -0.09917697391675051
696 -0.11125289142568479
697 -0.11749290174061772
698 -0.11010273374911517
699 -0.10612720394440933
700 -0.10594114290195478
701 -0.10954417521979332
702 -0.11390894265050205
703 -0.10970537301705885
704 -0.10493614211276614
705 -0.11334254562504253
706 -0.12187844051677332
707 -0.12178685749991253
708 -0.11295111221955778
709 -0.1031366794283709
710 -0.10588116551915805
711 -0.11087063428140931
712 -0.1154998998702822
713 -0.11177367890151851
714 -0.10427079619505597
715 -0.10141298189449854
716 -0.10297631816946207
717 -0.11149300252436428
718 -0.11302352122494891
719 -0.1157706792809225
720 -0.11826333692899244
721 -0.10889367332095823
722 -0.10305112452182841
723 -0.10865052990444002
724 -0.11574617638838569
725 -0.11558521668397237
726 -0.10879604714447355
727 -0.09796478038700829
728 -0.09901635308893608
729 -0.10719134557803733
730 -0.11848706824118865
731 -0.12255160988131569
732 -0.1062722600480438
733 -0.097727426987956
734 -0.09860658221033858
735 -0.10051995650070322
736 -0.10016339913997363
737 -0.09717936387065262
738 -0.08946087295804739
739 -0.09377206651823577
740 -0.10081423991540772
741 -0.09791749419571183
742 -0.10393002660205308
743 -0.10507622968798591
744 -0.10825862031325084
745 -0.11299901833241216
746 -0.11196661964195387
747 -0.10767749510196822
748 -0.10703002552097174
749 -0.11599606219377906
750 -0.1167911225344907
751 -0.11299445024696536
752 -0.11761259693730514
753 -0.11380746266712732
754 -0.10614544063377562
755 -0.11110097067337504
756 -0.1142848113318069
757 -0.11023859211548703
758 -0.1082864944002252
759 -0.11354225023040643
760 -0.11533590784803027
761 -0.10638604939421303
762 -0.10633920286326226
763 -0.10391737193591188
764 -0.10518048242029365
765 -0.10892877240926013
766 -0.10815775382468629
767 -0.11582435393518953
768 -0.11933268518388762
769 -0.12464477258421663
770 -0.11766557236232078
771 -0.10855437880213248
772 -0.11501035767586038
773 -0.11534919105828717
774 -0.1071535745245491
775 -0.10153570940902457
776 -0.10858765751291044
777 -0.11583739905259416
778 -0.12174824990806737
779 -0.1251402206291567
780 -0.11815499229694254
781 -0.11210417612604962
782 -0.11400246187793894
783 -0.11928910906362772
784 -0.11767233622724943
785 -0.1099007325805228
786 -0.10298234627978053
787 -0.10187766084373118
788 -0.10171670113931786
789 -0.1031658726661544
790 -0.10488642204913579
791 -0.10749530291570908
792 -0.10982892202063627
793 -0.10432040042563429
794 -0.11112583391856418
795 -0.11723395550706733
796 -0.10844541711031563
797 -0.09811668609001234
798 -0.08702707154450129
799 -0.08355038245522639
800 -0.08758369386324694
801 -0.09023286539008357
802 -0.08810653980945704
803 -0.09316524795015502
804 -0.09873328579155471
805 -0.09588477001200646
806 -0.08577627684966171
807 -0.08041191325356822
808 -0.07737503986833694
809 -0.07161816823554945
810 -0.06709641074036965
811 -0.06583992681181083
812 -0.061649524555572266
813 -0.060118529669283216
814 -0.054125394317958375
815 -0.046189935958085404
816 -0.04420693183801039
817 -0.04452248425991978
818 -0.05135012408215811
819 -0.05265437681446583
820 -0.046464208822963315
821 -0.047657805310687085
822 -0.05244237789561279
823 -0.05597300120806037
824 -0.05282427468723594
825 -0.04874692602255659
826 -0.053411305749036964
827 -0.05919050597093267
828 -0.05786380881646436
829 -0.0511254554478584
830 -0.044987263992899096
831 -0.037909976458119554
832 -0.04235982260966631
833 -0.05139499787717394
834 -0.04700756298075781
835 -0.04713654164914893
836 -0.04989117784860775
837 -0.04779452169146925
838 -0.0395776726758853
839 -0.03160480361517659
840 -0.025274645267244322
841 -0.014920474032300679
842 -0.005175540188466221
843 -0.0036163108625504314
844 -0.0032850929327146172
845 -0.0039061484516083045
846 -0.006842399867875271
847 -0.013715526979939385
848 -0.006746324508304036
849 0.012593778116221088
850 0.008104985496230399
851 -0.002626251311027228
852 -0.0036976580362985123
853 -0.015525964827014516
854 -0.02948051146391606
855 -0.03732065525983819
856 -0.038327592259602694
857 -0.03505615327355782
858 -0.033625917665338734
859 -0.033793280882028265
860 -0.03656867337762859
861 -0.040355109822041046
862 -0.04154557320817953
863 -0.03716524105329089
864 -0.03666025639448933
865 -0.037270330323955436
866 -0.035056391366410256
867 -0.03423805006518099
868 -0.03782888885327729
869 -0.04137531498275704
870 -0.03859884785594758
871 -0.038766449165489214
872 -0.04232891620485335
873 -0.0417217523334259
874 -0.049281219752193905
875 -0.060901634573104824
876 -0.06984333070349114
877 -0.08116413322863025
878 -0.08653523921359885
879 -0.0856180898941814
880 -0.09519589861417865
881 -0.1060841254859074
882 -0.10955371183365481
883 -0.1145045364787019
884 -0.11743487561770277
885 -0.1255344267835743
886 -0.1294747201908727
887 -0.13360191117898257
888 -0.13548159988885344
889 -0.12769069997085697
890 -0.1246586578049349
891 -0.13313505149957366
892 -0.14143347073245233
893 -0.1435794930273167
894 -0.14909587815946668
895 -0.1525893439132361
896 -0.14993026037058016
897 -0.14098666811993354
898 -0.14381984221884853
899 -0.14845285440411693
900 -0.14824061739241168
901 -0.1499578963647022
902 -0.15161281565652662
903 -0.15575289940363007
904 -0.15088352271607763
905 -0.1461882365847843
906 -0.140551658594189
907 -0.13673712501925533
908 -0.14176492675514046
909 -0.14021706946991558
910 -0.14173248458271936
911 -0.14513399191767007
912 -0.1434221426101932
913 -0.14388584771196344
914 -0.14676923953626686
915 -0.1518564202094438
916 -0.15181154641442812
917 -0.1544451532170848
918 -0.15658331197480152
919 -0.15317601462238456
920 -0.1516760269246552
921 -0.1498570298761377
922 -0.15499465131824974
923 -0.16052697657653736
924 -0.1635077414351676
925 -0.1634477640523711
926 -0.15862555772306275
927 -0.1566178276669043
928 -0.1559203784533718
929 -0.1519816823800506
930 -0.1568036506165067
931 -0.1634959082580777
932 -0.16011020374015905
933 -0.15286892418312775
934 -0.1517109029694103
935 -0.15112387190760945
936 -0.14916574608202915
937 -0.15198854702872583
938 -0.1556007556077737
939 -0.16345753875908486
940 -0.16695268758127269
941 -0.16595409030436042
942 -0.17155046336913343
943 -0.17080500725900005
944 -0.16785804381391584
945 -0.17174606102544965
946 -0.17018950366472024
947 -0.16518750249612774
948 -0.16255375838436548
949 -0.16208608364265314
950 -0.171430645912646
951 -0.17458190708955112
952 -0.17116713159364882
953 -0.17448018901332424
954 -0.17659964994527555
955 -0.17348556137635412
956 -0.17261701739904228
957 -0.17562335978141846
958 -0.1815249121158824
959 -0.18776119088372545
960 -0.1937038854661151
961 -0.19607191947939862
962 -0.19806456099708175
963 -0.20023348885050574
964 -0.20298355696451786
965 -0.21313945857795896
966 -0.21635323179374139
967 -0.21954166557863009
968 -0.2294383828656686
969 -0.23111527039394908
970 -0.22879464483176204
971 -0.21706008031202978
972 -0.20725843949608969
973 -0.20784086238212807
974 -0.1999019169947654
975 -0.18793085709039126
976 -0.1725010601761926
977 -0.13802931290836867
978 -0.09354666855607363
979 -0.05075188332978209
980 -0.012915883504475478
981 0.03699964311705528
982 0.09726946323332974
983 0.15663577759309621
984 0.21682931984778397
985 0.26802210174332064
986 0.3291095424555196
987 0.397358974021378
988 0.45733332888124456
989 0.5264278861547914
990 0.5908309554681056
991 0.6524135910830867
992 0.702451369033439
993 0.7487643609988889
994 0.7903184651136538
995 0.8171198957731901
996 0.8484789529305953
997 0.8622128406634547
998 0.8834379859199281
999 0.9045620015539745
1000 0.8989887871899188
1001 0.8783924022043278
1002 0.8649906391285879
1003 0.878659186934016
1004 0.889108694208964
1005 0.883034243151649
1006 0.8695791356756831
1007 0.849296723689121
1008 0.8025951933269192
1009 0.7289774285250251
1010 0.649328818011749
1011 0.5473760008467595
1012 0.4345442553310507
1013 0.3324064216562047
1014 0.22745705829160656
1015 0.13071461687746722
1016 0.034819242439193654
1017 -0.06363553089487484
1018 -0.15374156648692971
1019 -0.22468919041400381
1020 -0.28036039177731276
1021 -0.3280875569650441
1022 -0.3699885960922358
1023 -0.4076782235248898
1024 -0.43468002792043026
1025 -0.43946001094385584
1026 -0.43276786913533705
1027 -0.43118294002587526
1028 -0.4335174321945183
1029 -0.4325200167593098
1030 -0.4180039158006066
1031 -0.3992441625424381
1032 -0.3783189899343887
1033 -0.3588749548398924
1034 -0.33616877928036054
1035 -0.3127418735467786
1036 -0.29320228579547947
1037 -0.28026361076174255
1038 -0.2639261860926825
1039 -0.23770738581721695
1040 -0.21898707668925033
1041 -0.19658388461992754
1042 -0.17340279426805016
1043 -0.16501421195286659
1044 -0.15531405112030117
1045 -0.14788996588220055
1046 -0.14651969260747238
1047 -0.14378486539034674
1048 -0.14571825023053792
1049 -0.1396493346793845
1050 -0.12711550208614614
1051 -0.12424561651564647
1052 -0.12431283394907611
1053 -0.1237064915667
1054 -0.1193010580737699
1055 -0.11979987731314751
1056 -0.12563808107037733
1057 -0.13379727074244657
1058 -0.1410898276067698
1059 -0.13132919172964996
1060 -0.10893314249217023
1061 -0.10336158615552282
1062 -0.10365309682129442
1063 -0.0973456675054385
1064 -0.10363971282729079
1065 -0.10487145577046064
1066 -0.1006582487394092
1067 -0.10207964696301797
1068 -0.09833799857918002
1069 -0.09750431559731776
1070 -0.09374648899448979
1071 -0.09310877907090165
1072 -0.09338412656698869
1073 -0.08857458995312717
1074 -0.08619642088047763
1075 -0.08860282439275391
1076 -0.09328941044854266
1077 -0.09349103621517718
1078 -0.08905399708818273
1079 -0.0902737695451572
1080 -0.08653174575936129
1081 -0.08315847286403721
1082 -0.08702755415695362
1083 -0.08745446205269802
1084 -0.0802414169352933
1085 -0.07521407633580734
1086 -0.07802831451610492
1087 -0.08025155199465961
1088 -0.07914603002025344
1089 -0.07668605263745676
1090 -0.07531868942076725
1091 -0.07612412291369741
1092 -0.07660749968869518
1093 -0.0723066792807251
1094 -0.06640826004784639
1095 -0.060730777902177624
1096 -0.058122510530414506
1097 -0.06176317659263586
1098 -0.06583028941420255
1099 -0.0699643450509877
1100 -0.06359498066570579
1101 -0.053679428243796345
1102 -0.052843088346053335
1103 -0.05476250579604203
1104 -0.06328198437593058
1105 -0.06827879397256142
1106 -0.05790518915724252
1107 -0.04090305067954447
1108 -0.04073012048893554
1109 -0.047791504422936226
1110 -0.054422471957649265
1111 -0.0552209034927984
1112 -0.05224907680252511
1113 -0.05315235951548658
1114 -0.05403067819951224
1115 -0.053528588549443756
1116 -0.04865280834961494
1117 -0.046884713206431616
1118 -0.046613097257434455
1119 -0.0466572718231989
1120 -0.04945243677577338
1121 -0.044759584516814166
1122 -0.040929110815742575
1123 -0.042369582267074546
1124 -0.04001375683283903
1125 -0.040452720949220256
1126 -0.037437455447792645
1127 -0.03313023152754646
1128 -0.029053481308371598
1129 -0.02858023959273981
1130 -0.030645513159360815
1131 -0.029021875674307362
1132 -0.03249252160395821
1133 -0.03379653624341361
1134 -0.031585867696559355
1135 -0.03254958892871618
1136 -0.024721653711841873
1137 -0.018661899372592106
1138 -0.014190820739199306
1139 -0.013679569877227182
1140 -0.015889762238377125
1141 -0.015251591178389812
1142 -0.01902871405248774
1143 -0.013818820914090146
1144 -0.007199909600013821
1145 -0.0026242178816612283
1146 -0.007954303878504043
1147 -0.01828012484076902
1148 -0.02460255696065905
1149 -0.020910223139882556
1150 -0.007978705987294332
1151 -0.010917430493272762
1152 -0.0032373090796603554
1153 0.004064524829618721
1154 -0.002550355278146399
1155 0.006272821070508305
1156 0.018677898038902074
1157 0.011388986987227678
1158 0.005916602586377606
1159 -0.0005227369319613651
1160 0.006159284866496861
1161 0.023629336178759397
1162 0.02021120453772529
1163 0.01902916660888021
1164 0.02421167689531356
1165 0.029801084527664723
1166 0.03494497217294745
1167 0.031458163073612044
1168 0.03298961909629994
1169 0.037012795444954616
1170 0.04022403400465613
1171 0.043997425331664064
1172 0.04209661997299963
1173 0.041929119447204455
1174 0.039260413556245766
1175 0.04534886347152145
1176 0.05068872417507808
1177 0.05073253838819025
1178 0.053602509693131184
1179 0.05364959431693406
1180 0.061516137125653514
1181 0.06063240382611956
1182 0.0554589324917899
1183 0.055338516589797826
1184 0.06659030278003708
1185 0.07593089541008757
1186 0.07509301974473648
1187 0.07498260159300485
1188 0.07320558333076999
1189 0.06954873904955883
1190 0.067947170584708
1191 0.07480908800619679
1192 0.08542569892892848
1193 0.08970987998150959
1194 0.09223574059762096
1195 0.09624008181140475
1196 0.09612920252327406
1197 0.09923315603282945
1198 0.1036760002265954
1199 0.10719975889036781
1200 0.11235028814077885
1201 0.11199626543612995
1202 0.11144954008389807
1203 0.11500574092009153
1204 0.11667295452540483
1205 0.11650185976162553
1206 0.12069866553014019
1207 0.12530887294059567
1208 0.12916095452547072
1209 0.13515746107123305
1210 0.1393629669152523
1211 0.14574150756174353
1212 0.1540337613751983
1213 0.15602883676521528
1214 0.16170618160177852
1215 0.16501877788505492
1216 0.1677819768509129
1217 0.16714993468499073
1218 0.1656403246389585
1219 0.17265787288379364
1220 0.1735692572267552
1221 0.17867758464733707
1222 0.1975935521250508
1223 0.20336155770567688
1224 0.2094868198762836
1225 0.21934564385003397
1226 0.22241693214362135
1227 0.23452698994270071
1228 0.24305346405362216
1229 0.242846894799583
1230 0.24562216503538314
1231 0.254922329696065
1232 0.26142044970619127
1233 0.2655217028179029
1234 0.2709565177327582
1235 0.2717898253126625
1236 0.2714046731596539
1237 0.27553509803309584
1238 0.27685361781482754
1239 0.28996821526669614
1240 0.30249274933892534
1241 0.2968671830363687
1242 0.29831585690144735
1243 0.3080896386797186
1244 0.32064170796232316
1245 0.328633274848797
1246 0.3296555535291945
1247 0.33518508456249585
1248 0.3387628932824931
1249 0.3417335230817571
1250 0.3492489532438665
1251 0.3580937374763249
1252 0.36383686476245625
1253 0.37016496464001225
1254 0.37607012626176606
1255 0.37691526701876044
1256 0.383044636138415
1257 0.3933583643546842
1258 0.3936600501701374
1259 0.4008689883384945
1260 0.40966103523878894
1261 0.4087035802098028
1262 0.4083900862582698
1263 0.4113336935582218
1264 0.4184676880651069
1265 0.41672990088123185
1266 0.41966275962700805
1267 0.431545852228559
1268 0.43961333662396707
1269 0.4458023077244605
1270 0.44791789980021657
1271 0.4457100040022949
1272 0.45091410712322644
1273 0.45648154651912154
1274 0.45985977289355484
1275 0.46078153038873493
1276 0.46334913169827663
1277 0.46379413897428134
1278 0.4633580698666334
1279 0.46804428052046443
1280 0.46844852095050127
1281 0.4691339996778384
1282 0.4643402658810091
1283 0.46083184889786966
1284 0.4651112995148884
1285 0.4661212688324917
1286 0.46945835295899896
1287 0.4754491917470952
1288 0.4753956178765749
1289 0.46929098974230954
1290 0.4647156583766091
1291 0.46393386619684873
1292 0.4569705910517855
1293 0.4482200618013742
1294 0.45104743083351784
1295 0.44729890275169903
1296 0.44453859879457414
1297 0.44535403003776464
1298 0.4383090838916598
1299 0.4311792820682635
1300 0.42030142834875306
1301 0.408317814561984
1302 0.4006200549045099
1303 0.3931052231879054
1304 0.38253941338676123
1305 0.373893958357709
1306 0.3651664569256575
1307 0.35513470276129855
1308 0.34454752316920245
1309 0.33055617932627546
1310 0.3168580442668436
1311 0.3071388102065551
1312 0.30320504257133307
1313 0.2970319965476719
1314 0.2847960781324813
1315 0.2716002557666647
1316 0.25506038384191854
1317 0.24443603164183925
1318 0.22982278069235595
1319 0.21184519501590549
1320 0.2052716551586028
1321 0.2029135181118331
1322 0.19661668499174245
1323 0.19031765609216988
1324 0.17787684149965388
1325 0.1621067912684725
1326 0.1519174485941377
1327 0.14727042892835085
1328 0.13646787922296466
1329 0.12422845230423085
1330 0.11387198450605862
1331 0.10371400937293584
1332 0.09288635832950809
1333 0.08542823358500917
1334 0.0771803773808658
1335 0.06966241256267569
1336 0.060420389857961276
1337 0.044625613690696286
1338 0.033185692938320854
1339 0.024091499086173584
1340 0.0214551195345839
1341 0.023378729668061315
1342 0.016778552705109195
1343 0.011155242875465321
1344 0.0028636882912619344
1345 -0.010130954395013547
1346 -0.012075589016095734
1347 -0.012239083376589854
1348 -0.015599088110962334
1349 -0.021513072068021
1350 -0.0282111347763635
1351 -0.031947231235587736
1352 -0.024493354314198856
1353 -0.028364133724839147
1354 -0.045414056055591345
1355 -0.05264533786236214
1356 -0.04895904720120958
1357 -0.04255795492206327
1358 -0.046966759609430975
1359 -0.05218053665332956
1360 -0.05523357320824529
1361 -0.05465861341638667
1362 -0.05476310424154651
1363 -0.05513233131772288
1364 -0.05611406619569925
1365 -0.06350676884328244
1366 -0.0658716697549806
1367 -0.06708663603365594
1368 -0.07126763898513844
1369 -0.07527525060961304
1370 -0.07608658995306139
1371 -0.07539724236952894
1372 -0.08271949369835063
1373 -0.09490293435028352
1374 -0.09793834771064314
1375 -0.0837492354729279
1376 -0.07165462013822854
1377 -0.07937684259792366
1378 -0.08320118740492999
1379 -0.0837691452390078
1380 -0.08127972147626994
1381 -0.08249833356759384
1382 -0.0968268984096653
1383 -0.0932104971471287
1384 -0.08504602511105586
1385 -0.09155232249391876
1386 -0.09676899454655041
1387 -0.09764937170095234
1388 -0.09955065324532131
1389 -0.09373068617745761
1390 -0.0917572186712442
1391 -0.09098725966857402
1392 -0.0884323280744791
1393 -0.08799045390005944
1394 -0.08762749302705364
1395 -0.08539775125247617
1396 -0.08631057057929914
1397 -0.087236059621569
1398 -0.08518658887198016
1399 -0.08553650462758111
1400 -0.0874121229137631
1401 -0.09500102166316704
1402 -0.09145170052495444
1403 -0.08322495454285661
1404 -0.08175381477956412
1405 -0.0867022420776361
1406 -0.09237659112171959
1407 -0.09679722898617715
1408 -0.09669237780836493
1409 -0.09830312253442486
1410 -0.1018304754361814
1411 -0.09931622495361336
1412 -0.10357323114847139
1413 -0.10326735264952902
1414 -0.09831868725860471
1415 -0.09517055918328499
1416 -0.09328905009589017
1417 -0.09278696044582169
1418 -0.09072168687920068
1419 -0.09321929800637985
1420 -0.09520230212645486
1421 -0.1002359089291115
1422 -0.10096496377670816
1423 -0.10038687088326437
1424 -0.1036270431118439
1425 -0.10172599966032714
1426 -0.10270155406957415
1427 -0.10158687088326424
1428 -0.10223784896780397
1429 -0.10064314515162831
1430 -0.09512568538826927
1431 -0.09869804939414717
1432 -0.09881557028740628
1433 -0.08935408556965885
1434 -0.08617131954243629
1435 -0.0871316846294613
1436 -0.09011221139523928
1437 -0.09525936945121283
1438 -0.09680676560003865
1439 -0.09471288219183316
1440 -0.09259052625114872
1441 -0.09476332296076828
1442 -0.09770691521141484
1443 -0.09386377179489658
1444 -0.08761422486610215
1445 -0.08581765719043977
1446 -0.08768770850270236
1447 -0.0888401627425005
1448 -0.0861521455309665
1449 -0.08976192023768037
1450 -0.09364620590212425
1451 -0.09269140778901863
1452 -0.09761762875778246
1453 -0.10170475212917574
1454 -0.09554365511565677
1455 -0.08710574675306293
1456 -0.08691617720706513
1457 -0.09303940238334918
1458 -0.100896783980165
1459 -0.09554678821724216
1460 -0.08693730890516438
1461 -0.09295698057839197
1462 -0.09864918091817931
1463 -0.09016975490570178
1464 -0.07612533841896885
1465 -0.08545433596478169
1466 -0.10234329859112068
1467 -0.10430881176814433
1468 -0.10114428243028784
1469 -0.09932682114937841
1470 -0.08889000506593092
1471 -0.08178531962988167
1472 -0.08355784554940615
1473 -0.07830573553187381
1474 -0.08183285034077803
1475 -0.0866899327148416
1476 -0.08626629522978801
1477 -0.08735587707805648
1478 -0.08534731048354105
1479 -0.08564402777057967
1480 -0.0901441773819559
1481 -0.08939245506865168
1482 -0.08911443560737842
1483 -0.08650327322688234
1484 -0.08498434961053536
1485 -0.0838883642499908
1486 -0.08607383067505714
1487 -0.08804462621608422
1488 -0.0836516243457488
1489 -0.0822747245151978
1490 -0.08416057864449256
1491 -0.084122569498152
1492 -0.08201264518006213
1493 -0.08283098648129128
1494 -0.08356401096883015
1495 -0.0794201806253313
1496 -0.08069596082515995
1497 -0.0861438058081142
1498 -0.0841952165963954
1499 -0.08189909392674521
1500 -0.08098048458245621
1501 -0.08493390884160035
1502 -0.08848566385214718
1503 -0.09461539332445401
1504 -0.09634617855054828
1505 -0.08483208998162672
1506 -0.0822118521236681
1507 -0.08147990226733848
1508 -0.07980848092923054
1509 -0.085672860655711
1510 -0.08924149311449892
1511 -0.08511033248644684
1512 -0.08365475744733408
1513 -0.08438464883328767
1514 -0.08338978310346545
1515 -0.08451689791236983
1516 -0.08459931971732682
1517 -0.0855466396869472
1518 -0.082517867931716
1519 -0.0846686964048794
1520 -0.0869266726190836
1521 -0.08418194843544413
1522 -0.08743479037947044
1523 -0.0877159429423292
1524 -0.08702695571144903
1525 -0.0893071382549615
1526 -0.09032107721250693
1527 -0.08797778418461244
1528 -0.08567250030305862
1529 -0.08689783973395226
1530 -0.08967033722081952
1531 -0.09256265216417425
1532 -0.09421430104530781
1533 -0.09465266671618444
1534 -0.09396405488726212
1535 -0.09876489142561906
1536 -0.09377242687088805
1537 -0.08565923214210724
1538 -0.08739642088047772
1539 -0.09180222977536545
1540 -0.09279975242106853
1541 -0.08694490930844978
1542 -0.08473807309243186
1543 -0.08186796447838551
1544 -0.0807468777797995
1545 -0.0835918850558045
1546 -0.08732391109133997
1547 -0.09536362218352046
1548 -0.09997382959397594
1549 -0.09990698756250416
1550 -0.1014762146386804
1551 -0.10286265108309312
1552 -0.10480521218449346
1553 -0.10134396555959835
1554 -0.09715923106102597
1555 -0.10253105775129923
1556 -0.10560751257583811
1557 -0.10159060243035423
1558 -0.09214805363122436
1559 -0.09142853539748907
1560 -0.09739487129304869
1561 -0.09437212764813574
1562 -0.09047770692432566
1563 -0.09620030095786236
1564 -0.10025811525841988
1565 -0.10096183067512299
1566 -0.10115102481916294
1567 -0.10003344662412017
1568 -0.10169798826424714
1569 -0.09733986243866688
1570 -0.09735566525569905
1571 -0.1010190138329331
1572 -0.1022119110914056
1573 -0.10739997330245277
1574 -0.11080788414967974
1575 -0.1070876912912343
1576 -0.0998812877789581
1577 -0.10009352479066336
1578 -0.10089895828359341
1579 -0.09990409255377108
1580 -0.1008796469630181
1581 -0.09878276776233275
1582 -0.10144568363582529
1583 -0.09805068059689737
1584 -0.09336363340470977
1585 -0.10368375008394948
1586 -0.10796263878082246
1587 -0.1087521321476147
1588 -0.10104701017970763
1589 -0.09126721534042359
1590 -0.09461537184840063
1591 -0.09516163606423367
1592 -0.0983218203601901
1593 -0.10259127322694817
1594 -0.10558784090261053
1595 -0.1061466375247847
1596 -0.10646229073044067
1597 -0.10685059103434003
1598 -0.10936438038050922
1599 -0.11083889133823943
1600 -0.11009319713525367
1601 -0.11189060134927298
1602 -0.11013517592153632
1603 -0.10337064658367978
1604 -0.10452333891633014
1605 -0.10979671794106738
1606 -0.1151934229258354
1607 -0.11851540346456207
1608 -0.11059528678532227
1609 -0.10822422045420022
1610 -0.10527519853873979
1611 -0.10403405629081408
1612 -0.10735000871922229
1613 -0.10700528453558267
1614 -0.10967955740046065
1615 -0.1128129572899575
1616 -0.11004648791340854
1617 -0.1018705581022038
1618 -0.10314390442969845
1619 -0.10320388181249496
1620 -0.1037086283784443
1621 -0.10807942391947134
1622 -0.10592256733598948
1623 -0.10343748861515156
1624 -0.10241714614533004
1625 -0.10327569237238132
1626 -0.11327436582849915
1627 -0.11154031019171406
1628 -0.10438664401160125
1629 -0.10970850611864413
1630 -0.11362140162467266
1631 -0.11367703396556922
1632 -0.11665803691705173
1633 -0.12132554974511744
1634 -0.11928537751653784
1635 -0.11749507604404602
1636 -0.1134943441175521
1637 -0.11087630203907523
1638 -0.11269880759113593
1639 -0.11357072276288532
1640 -0.11039641871831513
1641 -0.10953114515169415
1642 -0.11503569710675404
1643 -0.11449224216521298
1644 -0.11458985329239219
1645 -0.1144449344978633
1646 -0.1133111780838304
1647 -0.11340276110069125
1648 -0.11483636790334795
1649 -0.1164906737003622
1650 -0.11890974692808526
1651 -0.11957942283839001
1652 -0.11355432150034867
1653 -0.11063339671540934
1654 -0.10962586127014018
1655 -0.11431220923307667
1656 -0.11860095837110446
1657 -0.11284059328407953
1658 -0.10756721425934213
1659 -0.10680352145984262
1660 -0.10606446886198528
1661 -0.11116721425934217
1662 -0.11454581603573333
1663 -0.11850877690873912
1664 -0.11864126408067344
1665 -0.11498769021015304
1666 -0.11392728012361492
1667 -0.10906416963923304
1668 -0.10798398709572055
1669 -0.11280619342502884
1670 -0.11600476226928363
1671 -0.11893821946056432
1672 -0.11943680060708961
1673 -0.11860929809395687
1674 -0.12137622860690478
1675 -0.11771311812252283
1676 -0.11308964255111603
1677 -0.11508577752303673
1678 -0.11764687453655565
1679 -0.11920006070284761
1680 -0.1193771986262509
1681 -0.11943727679279414
1682 -0.11705200497861712
1683 -0.12319416607351857
1684 -0.13160140612415167
1685 -0.12229461490764704
1686 -0.11208837330901755
1687 -0.11065897423915522
1688 -0.11070314880491966
1689 -0.11479546374827437
1690 -0.11934545568308103
1691 -0.12188037672734942
1692 -0.12775453116054353
1693 -0.12748628640598397
1694 -0.11850468500899686
1695 -0.11878629870825447
1696 -0.12069725417559068
1697 -0.11976839393888339
1698 -0.12056766201238939
1699 -0.11835106613896329
1700 -0.11692288900112036
1701 -0.12262547248483058
1702 -0.13339134724399115
1703 -0.1347298625262438
1704 -0.12350584963923239
1705 -0.12258829987684688
1706 -0.11956433429991475
1707 -0.10890574459090041
1708 -0.1083658838873437
1709 -0.11409174833157137
1710 -0.11727100585525085
1711 -0.11812941477319655
1712 -0.12045073956463492
1713 -0.11931698315060213
1714 -0.11691698315060212
1715 -0.1175206535677919
1716 -0.11548674754238297
1717 -0.11613688908856562
1718 -0.12238003250508395
1719 -0.12560394078023235
1720 -0.1272742874871311
1721 -0.12653509758016823
1722 -0.12591610053165075
1723 -0.1306783294781625
1724 -0.13159961078763788
1725 -0.13395220233654148
1726 -0.13586072393154358
1727 -0.12337757020009243
1728 -0.11290924926632728
1729 -0.11381023541606033
1730 -0.11591341734527516
1731 -0.1171638581142102
1732 -0.11618152479072918
1733 -0.11343993370867494
1734 -0.11914672492517958
1735 -0.12283517484045509
1736 -0.11915542500068416
1737 -0.12135052882335867
1738 -0.1228348144878027
1739 -0.12271392240010603
1740 -0.12845160497211822
1741 -0.1298452814671638
1742 -0.12227637821828091
1743 -0.10514464757738151
1744 -0.10165576495836437
1745 -0.11035658919445074
1746 -0.11398412440482608
1747 -0.11634841182171413
1748 -0.11918449597866776
1749 -0.1206085661674629
1750 -0.11880513384312524
1751 -0.12092108627153353
1752 -0.12096863203173552
1753 -0.11995469307419027
1754 -0.12008428523739156
1755 -0.12166015391869633
1756 -0.12380326615552217
1757 -0.12798127331452513
1758 -0.13507145360829798
1759 -0.12369938882517245
1760 -0.11688174675319457
1761 -0.11796613702950143
1762 -0.1164338444684565
1763 -0.12180772962910608
1764 -0.12892316361933154
1765 -0.1287620666058127
1766 -0.11871608548234525
1767 -0.11805351231356792
1768 -0.12326485548513244
1769 -0.12198197254377635
1770 -0.12402130823399898
1771 -0.12932026478248226
1772 -0.13327695945231738
1773 -0.1332265186833823
1774 -0.12834433497127745
1775 -0.12446028739968573
1776 -0.12602697981978134
1777 -0.12567018436619953
1778 -0.12383271253546368
1779 -0.11967377860418388
1780 -0.1139958353221161
1781 -0.119244574145211
1782 -0.12103174251611748
1783 -0.12262293782874978
1784 -0.12372205629087973
1785 -0.12058926989619317
1786 -0.12165037921198257
1787 -0.12311886205939443
1788 -0.12490276001960998
1789 -0.12779820806455006
1790 -0.12950005962176636
1791 -0.1315719747935158
1792 -0.1288910603235094
1793 -0.12300134116613537
1794 -0.12358920876629309
1795 -0.12576513857749794
1796 -0.1251107892985207
1797 -0.12710379116885623
1798 -0.12643144329336514
1799 -0.11928501716388545
1800 -0.11832885980965496
1801 -0.1172613469815893
1802 -0.11821750433581985
1803 -0.12744827725964347
1804 -0.12786832050671276
1805 -0.1232004322766892
1806 -0.11917436091930156
1807 -0.11927607899552856
1808 -0.11823450404386121
1809 -0.11190580572080044
1810 -0.10774724719147855
1811 -0.10920038835825718
1812 -0.1072262216227925
1813 -0.10931346342586967
1814 -0.11071943423440422
1815 -0.10413866937577398
1816 -0.09630685025339858
1817 -0.0932222080644185
1818 -0.09786811300868037
1819 -0.09461527106465395
1820 -0.09231891030215145
1821 -0.09325104094954972
1822 -0.09528784198369178
1823 -0.09293804465977462
1824 -0.09184313393043908
1825 -0.08725499554018645
1826 -0.07803352113737194
1827 -0.08266988946777232
1828 -0.08459991816283163
1829 -0.0810215109973298
1830 -0.07703947689660107
1831 -0.07514819310249254
1832 -0.07521190203237893
1833 -0.07174812075140324
1834 -0.06393247984801775
1835 -0.05970127422045235
1836 -0.06080969120359159
1837 -0.0650377637295716
1838 -0.071321573208311
1839 -0.07156158352324404
1840 -0.06839124911861583
1841 -0.06040221688822256
1842 -0.05554597105251602
1843 -0.05342421355733595
1844 -0.052050584137475875
1845 -0.05415386685043733
1846 -0.053578668965726384
1847 -0.055128722030433064
1848 -0.05920317568637945
1849 -0.05625064526737589
1850 -0.046672476194726364
1851 -0.045454239505360206
1852 -0.04595982260966647
1853 -0.04458885010568703
1854 -0.04443475504994898
1855 -0.038040649679277894
1856 -0.025857944781955466
1857 -0.018987327284961775
1858 -0.014295073471507047
1859 -0.01379625423212949
1860 -0.01687836176502877
1861 -0.014913969736277899
1862 -0.01570370119592257
1863 -0.013682702978812578
1864 -0.013514503223766128
1865 -0.021210326670664026
1866 -0.028868379064073912
1867 -0.02786651137647067
1868 -0.026811307911199567
1869 -0.03360371133603046
1870 -0.041043260514564306
1871 -0.04896918226057567
1872 -0.04861515955592688
1873 -0.04524236284630734
1874 -0.04456711996208318
1875 -0.04296301684115167
1876 -0.04137158343566716
1877 -0.040762584137410074
1878 -0.03750647178269284
1879 -0.0380650303120148
1880 -0.045154511376536366
1881 -0.04764623170250293
1882 -0.04478841740194539
1883 -0.03624312320545875
1884 -0.03324655552979627
1885 -0.03715364596905324
1886 -0.03750393712661193
1887 -0.03620221905038523
1888 -0.04069887520752369
1889 -0.04815759839752731
1890 -0.05627562434561728
1891 -0.06381555740026323
1892 -0.07467808448844615
1893 -0.08570133318818995
1894 -0.09368000731567039
1895 -0.10534156438450692
1896 -0.11340312145334358
1897 -0.1168156254270275
1898 -0.12271452084561058
1899 -0.1281493357604659
1900 -0.12734970733430745
1901 -0.1308479892580805
1902 -0.1377574524397714
1903 -0.14435088701384846
1904 -0.14398419459375278
1905 -0.14194099004733457
1906 -0.1420103667348871
1907 -0.14351059252546877
1908 -0.14818437155670505
1909 -0.14597623766593126
1910 -0.14915597137531533
1911 -0.15676671610137538
1912 -0.15849307055112843
1913 -0.16295147946907423
1914 -0.16766653805734183
1915 -0.16517495504048102
1916 -0.15962996006674657
1917 -0.15400026177413195
1918 -0.15146739920023983
1919 -0.15342772080530187
1920 -0.16377995582966942
1921 -0.16596215184404484
1922 -0.15389469631776292
1923 -0.1528187215070449
1924 -0.15647977352105058
1925 -0.1527335420024603
1926 -0.1553351677690949
1927 -0.15987370192876932
1928 -0.1597316781429735
1929 -0.15408183199142672
1930 -0.15191857189566876
1931 -0.15763779473476797
1932 -0.16152535080990288
1933 -0.16100045638502136
1934 -0.15840402219034833
1935 -0.16397832623491865
1936 -0.16723757169122117
1937 -0.16091467843493218
1938 -0.16049174017912987
1939 -0.1624156034547652
1940 -0.16167304235336472
1941 -0.16223473398427196
1942 -0.1660369732457167
1943 -0.16873369053275517
1944 -0.16805447800858891
1945 -0.16814919412703505
1946 -0.16832922705917136
1947 -0.1696712508449672
1948 -0.17101327463076305
1949 -0.17115529841655897
1950 -0.17100060491531627
1951 -0.16963034668989369
1952 -0.1684083784534376
1953 -0.16790255725627923
1954 -0.17220954308367326
1955 -0.18036653697626054
1956 -0.17910983000415487
1957 -0.17137936860535413
1958 -0.1635386263639273
1959 -0.1628317778456389
1960 -0.16724988105401573
1961 -0.16807981743948253
1962 -0.1698795182167302
1963 -0.17268072632892867
1964 -0.17365895270336196
1965 -0.17675350690816144
1966 -0.18252967481221855
1967 -0.17971230353033568
1968 -0.1776152870205448
1969 -0.1807074073530101
1970 -0.18008817221164042
1971 -0.1817429541943592
1972 -0.18496985826198742
1973 -0.18710382433621509
1974 -0.19995957633828015
1975 -0.20620213635859924
1976 -0.2119060425580755
1977 -0.22477703545702687
1978 -0.24012221122182986
1979 -0.23367646819121463
1980 -0.21792730513853237
1981 -0.22063449636153604
1982 -0.22951778740209267
1983 -0.2378566346043403
1984 -0.24076161926314188
1985 -0.23665976770592567
1986 -0.22815597611001703
1987 -0.2200281754552132
1988 -0.21322719421467778
1989 -0.20189491886510091
1990 -0.18124316753426706
1991 -0.15480462706260084
1992 -0.1259040206391508
1993 -0.07688492713121176
1994 -0.02192055281013794
1995 0.042728164477163766
1996 0.10952421678339141
1997 0.17232510413704416
1998 0.23746998374784278
1999 0.2976950459021538
2000 0.35415877295009346
2001 0.4123821331585643
2002 0.47090510566280674
2003 0.5299961733102329
2004 0.5935369498001001
2005 0.6550151096392266
2006 0.7144977329519374
2007 0.7717965629162952
2008 0.8160494578377805
2009 0.8501069970239176
2010 0.8861204361575427
2011 0.903107303143534
2012 0.9207555920514195
2013 0.9276617848224197
2014 0.9178319246161583
2015 0.9085998781856507
2016 0.8878054124623277
2017 0.8867756556384444
2018 0.8998878406940324
2019 0.9036549872939231
2020 0.8917022498133561
2021 0.8606497703841448
2022 0.8221090812946726
2023 0.759733804162008
2024 0.679618740839039
2025 0.5867823088061997
2026 0.48088330743269914
2027 0.3730351740378054
2028 0.25836537972190954
2029 0.16269900391053027
2030 0.06309343436407189
2031 -0.049093812322110186
2032 -0.12775140448570615
2033 -0.19054058448702588
2034 -0.2595999104207666
2035 -0.3164280333255736
2036 -0.3550206081595469
2037 -0.3972324692730853
2038 -0.4330450183946858
2039 -0.438619600622424
2040 -0.4380599459858396
2041 -0.4375114002560837
2042 -0.43394663665349115
2043 -0.42905587512568166
2044 -0.41558508066573585
2045 -0.3998251654939206
2046 -0.3852096179812089
2047 -0.3661719825708726
2048 -0.3452203959007204
2049 -0.3334248765857723
2050 -0.31626972411029314
2051 -0.2923146900664979
2052 -0.27337647616916005
2053 -0.25041242900728694
2054 -0.21724288599309904
2055 -0.1924460974360525
2056 -0.18472176136635993
2057 -0.1676853667654648
2058 -0.15606096725530616
2059 -0.15570897798002348
2060 -0.15205889756374075
2061 -0.14471891719901558
2062 -0.1435005797259027
2063 -0.14560216432114037
2064 -0.13253197952788842
2065 -0.11848838453020677
2066 -0.11713803607086415
2067 -0.12445218576968564
2068 -0.12316593163389189
2069 -0.12439729917510389
2070 -0.12504851535249573
2071 -0.12048525525673776
2072 -0.11934799033916177
2073 -0.12180170151878772
2074 -0.12688321443429873
2075 -0.12254462297284041
2076 -0.11115081299680546
2077 -0.10513257630743933
2078 -0.10629227059787028
2079 -0.10628889940343278
2080 -0.10651273149937568
2081 -0.10759580905162125
2082 -0.10717300810492458
2083 -0.10501661265784179
2084 -0.09755126291201521
2085 -0.09454202552090596
2086 -0.09721423991540767
2087 -0.09620670447013868
2088 -0.09531258296908085
2089 -0.09666438146159051
2090 -0.0993613368414813
2091 -0.10048472010329568
2092 -0.10391979075894031
2093 -0.11168535124604295
2094 -0.10933349545174964
2095 -0.09576772530445188
2096 -0.08004823167525787
2097 -0.07636327521421982
2098 -0.08359575391200003
2099 -0.08783671919697356
2100 -0.07905071545630271
2101 -0.07597220216138767
2102 -0.07661051053048029
2103 -0.07693873266783646
2104 -0.08133800074134268
2105 -0.07867845606228774
2106 -0.07822283754121206
2107 -0.08552806412098213
2108 -0.08449915888476156
2109 -0.07113455336769958
2110 -0.06397615675202417
2111 -0.06518629181139035
2112 -0.06723589987008483
2113 -0.06798738409053662
2114 -0.0622367937102255
2115 -0.060629420178603066
2116 -0.06154864301770224
2117 -0.06357941594152583
2118 -0.06225608998149523
2119 -0.057692591792884884
2120 -0.05911436541845161
2121 -0.058451554156822016
2122 -0.052754299554178985
2123 -0.053424213557336064
2124 -0.05476623734313191
2125 -0.055504352618885644
2126 -0.06076613655938523
2127 -0.05885601763040593
2128 -0.04731018611831461
2129 -0.04643270397264576
2130 -0.05060803916646228
2131 -0.05192135232692696
2132 -0.0505697919272694
2133 -0.046793130189570764
2134 -0.04433291471392198
2135 -0.04637322425160717
2136 -0.049256601026604896
2137 -0.04432700886340368
2138 -0.03968216350104525
2139 -0.03508196889015602
2140 -0.031488235093326655
2141 -0.033511529873665014
2142 -0.04247662922436868
2143 -0.05142975808887673
2144 -0.04318118117942871
2145 -0.030852583640114672
2146 -0.028481892710950363
2147 -0.03253053075029866
2148 -0.03472529569637439
2149 -0.032950558948062425
2150 -0.024490581565265845
2151 -0.02229617697184272
2152 -0.022719951766001723
2153 -0.02235675280014382
2154 -0.019909207039941812
2155 -0.018500939668178673
2156 -0.01923372606286533
2157 -0.017926340228972326
2158 -0.017279093691522696
2159 -0.01423872685205374
2160 -0.010313399723430594
2161 -0.007274853261485581
2162 -0.014017551671991701
2163 -0.019430520610190793
2164 -0.010903225010217787
2165 -0.008958230036483328
2166 -0.010089689887287867
2167 -0.006019105087536891
2168 -0.002470006992870921
2169 0.0032106082543832404
2170 0.0074451850763860294
2171 0.007024918785770162
2172 0.007264791791597447
2173 0.007574178794082842
2174 0.009942811252870776
2175 0.01122196264713704
2176 0.008811827587771104
2177 0.012357417178893715
2178 0.02256389687037541
2179 0.029170001159899428
2180 0.025521856954192845
2181 0.023245045605117864
2182 0.025172041982338356
2183 0.02552233313989727
2184 0.026264057702941046
2185 0.030397514894221378
2186 0.03367499703989041
2187 0.037505470740961666
2188 0.037531048264707545
2189 0.033210556183509876
2190 0.03246220506464337
2191 0.03965931005591039
2192 0.04242783790283533
2193 0.04711672052185256
2194 0.05316450437490683
2195 0.05047672525622526
2196 0.0486573528057499
2197 0.052368247143186
2198 0.056587021148156724
2199 0.058957950170173135
2200 0.06229527238953303
2201 0.06630264592115542
2202 0.06844080467887181
2203 0.06376109832106402
2204 0.059522890735717815
2205 0.06221587647566651
2206 0.07671026876681919
2207 0.09011494190059799
2208 0.0907740216151377
2209 0.08881599657330397
2210 0.08654582682935763
2211 0.08791319004604714
2212 0.09204061912700945
2213 0.0958200536136411
2214 0.10031563513957054
2215 0.11024700542781729
2216 0.1206518404752428
2217 0.11875973519208294
2218 0.11994740435323492
2219 0.11757527844020954
2220 0.12151243874592244
2221 0.13704970366349856
2222 0.13883337858016742
2223 0.1367227185074672
2224 0.13880380994042585
2225 0.14657565168000475
2226 0.15248323212478698
2227 0.1529784571261803
2228 0.15906387472361727
2229 0.15809061687759884
2230 0.16125454776995063
2231 0.16845189085406975
2232 0.16677431914584362
2233 0.17082475608666248
2234 0.18090792486741902
2235 0.19327669080719634
2236 0.19704612754356754
2237 0.20215828729498597
2238 0.20709681762654408
2239 0.21108489488689675
2240 0.21900465121348422
2241 0.2198786399049154
2242 0.22592872032119815
2243 0.23334013584385205
2244 0.2381422093635338
2245 0.24727730737075437
2246 0.25648505247621833
2247 0.26328012786623545
2248 0.2693175385670715
2249 0.27070361465883164
2250 0.27390228428683294
2251 0.27643768151680603
2252 0.2824814957299182
2253 0.2898168929598911
2254 0.29420243173604654
2255 0.300628142740782
2256 0.3071265008437607
2257 0.3135303809211455
2258 0.3197762970865966
2259 0.322235077578384
2260 0.3311556420106708
2261 0.3430514043276687
2262 0.3452987843461076
2263 0.34801383910625916
2264 0.35367912772218557
2265 0.3583242111773962
2266 0.36188294666967025
2267 0.3638681100438681
2268 0.37078651139391605
2269 0.3861684843647447
2270 0.3900134632080924
2271 0.3938182371256177
2272 0.3988427835001175
2273 0.39566512331041526
2274 0.4006482893441369
2275 0.4057392166137094
2276 0.40491424875665716
2277 0.40867461001556593
2278 0.4163793716308207
2279 0.4273716131420048
2280 0.43366483697480585
2281 0.4332471053402708
2282 0.4369887687734141
2283 0.44528429299755945
2284 0.4524936065678743
2285 0.4559950215932328
2286 0.45408384308235006
2287 0.4602923485469653
2288 0.46459667745847855
2289 0.4657200607202928
2290 0.46769979442967713
2291 0.47164429556976983
2292 0.4735638138035051
2293 0.4735696188702768
2294 0.4796612018871377
2295 0.4815148519368634
2296 0.48182073043580564
2297 0.48063340015125255
2298 0.4800717085203451
2299 0.4781613514985136
2300 0.473112179971677
2301 0.4723700800066756
2302 0.4701816177891297
2303 0.47412297077833176
2304 0.4725315373728468
2305 0.4662757242408818
2306 0.46386351566183415
2307 0.459711122551936
2308 0.45949657392769694
2309 0.45551551367443077
2310 0.44675614703940936
2311 0.43546635170282955
2312 0.43474346227465677
2313 0.4438265436550185
2314 0.43991354736524346
2315 0.4292491525894574
2316 0.4213338270392112
2317 0.4097079825534865
2318 0.39577624069139794
2319 0.3822043266007299
2320 0.37429492837705525
2321 0.36840989956492787
2322 0.35478127850215413
2323 0.3395737564402369
2324 0.32661191627903485
2325 0.31731005350062924
2326 0.3084941021533024
2327 0.29796919650723175
2328 0.2905963885764228
2329 0.28400704590208803
2330 0.27182759636615084
2331 0.2589093172759027
2332 0.2469588814161654
2333 0.22988359461350927
2334 0.2042071531723223
2335 0.18938059057992473
2336 0.20044787297137057
2337 0.20536214492999216
2338 0.18568430503030253
2339 0.1709037916478766
2340 0.15664830999943757
2341 0.13974547720168562
2342 0.12766120492059363
2343 0.11493540543438219
2344 0.11335409203895808
2345 0.10979305998345545
2346 0.09837113782759377
2347 0.086365555804369
2348 0.07751847500868225
2349 0.07004454744715116
2350 0.060713613690762
2351 0.05341042054035816
2352 0.04438560337576347
2353 0.03693015059645066
2354 0.03584162833008597
2355 0.029557941111146402
2356 0.02088654820569613
2357 0.014179922730954364
2358 0.008679700768488896
2359 0.003289759648649526
2360 -0.0040300728571436295
2361 -0.009243114146431974
2362 -0.012494896508554842
2363 -0.02091360938362552
2364 -0.02737106333153072
2365 -0.03169638663203744
2366 -0.0377937747156698
2367 -0.04335167749770341
2368 -0.04513605164362344
2369 -0.042747747511607814
2370 -0.04404176440080276
2371 -0.05652262156902543
2372 -0.05779550676012102
2373 -0.04694722524530881
2374 -0.044897617186614336
2375 -0.053771609706161905
2376 -0.06539214678687277
2377 -0.06798087979451384
2378 -0.06616174543689068
2379 -0.06393561294960315
2380 -0.06427323439171517
2381 -0.06919053224142746
2382 -0.07316265432633673
2383 -0.06994385188870866
2384 -0.07640236541851753
2385 -0.0763078873929236
2386 -0.06982740562665879
2387 -0.07170648084171949
2388 -0.0723285252573811
2389 -0.0780917853531391
2390 -0.0783285252573811
2391 -0.07319006727691213
2392 -0.07622197213372872
2393 -0.07747592140620707
2394 -0.07760840857814144
2395 -0.07675253431627627
2396 -0.07645184738929556
2397 -0.08267315987846335
2398 -0.08860691629249606
2399 -0.08372716645272527
2400 -0.08336757677415707
2401 -0.08423019342489724
2402 -0.0818135540695083
2403 -0.08813561078744048
2404 -0.09464723705137068
2405 -0.09465883213560833
2406 -0.09581792798053479
2407 -0.09608084385402726
2408 -0.08882376147996374
2409 -0.08487660342399017
2410 -0.08785180130870107
2411 -0.0886123610066154
2412 -0.09251197330238692
2413 -0.09490594519206863
2414 -0.09262600074140848
2415 -0.08930991100389452
2416 -0.08971064293038844
2417 -0.09655759407320208
2418 -0.09894805745934054
2419 -0.09179125817764255
2420 -0.09362292494160684
2421 -0.09722100378033627
2422 -0.09293911929098364
2423 -0.08248286962716078
2424 -0.0815196095314028
2425 -0.09225326516168897
2426 -0.09975652327010931
2427 -0.09836078830468742
2428 -0.08588330233090247
2429 -0.08330326939876609
2430 -0.09388994776414716
2431 -0.09524440317253746
2432 -0.0867925123704355
2433 -0.08724813089151118
2434 -0.09101633064655756
2435 -0.08605477249663962
2436 -0.08772763881031342
2437 -0.09223083578883395
2438 -0.10161630221390017
2439 -0.09986957686166831
2440 -0.09327554384208658
2441 -0.09495299329051266
2442 -0.09547705117703731
2443 -0.09935108594906306
2444 -0.10253492660749486
2445 -0.0994435055042806
2446 -0.08880759831027929
2447 -0.08795835060423718
2448 -0.09121773336964545
2449 -0.09464410394978517
2450 -0.09257845498120643
2451 -0.08846973877531505
2452 -0.09291944761775606
2453 -0.09573635776323997
2454 -0.09729267703111721
2455 -0.09633895354922073
2456 -0.09601400182255548
2457 -0.09460886755237785
2458 -0.09244536936376746
2459 -0.09452971615811157
2460 -0.09637756114106577
2461 -0.092730253473716
2462 -0.0882423981758289
2463 -0.08970774792165537
2464 -0.09791565876888242
2465 -0.099092377808365
2466 -0.09780346675669038
2467 -0.1048149718419017
2468 -0.09802837348384241
2469 -0.09280833023677326
2470 -0.09381983532198446
2471 -0.08941743414689307
2472 -0.09149827243769393
2473 -0.09365550442313364
2474 -0.09239215584589944
2475 -0.08959431892813852
2476 -0.08663286539008364
2477 -0.08509173544442838
2478 -0.08341452408885452
2479 -0.09036511446916573
2480 -0.09306823526848051
2481 -0.090866966026382
2482 -0.08811050944939902
2483 -0.08482616265505516
2484 -0.08769024315878327
2485 -0.09539209471599941
2486 -0.09887760614057906
2487 -0.10109154509812435
2488 -0.09781430104530775
2489 -0.08700125592790309
2490 -0.08481325484675606
2491 -0.08925440092279802
2492 -0.08566707063824486
2493 -0.0803640071407139
2494 -0.08223322191461979
2495 -0.09377278722354043
2496 -0.09637792149371815
2497 -0.09156380489107407
2498 -0.10929531420371219
2499 -0.1594550773345862
2500 -0.5363306194415626
2501 -0.5850115265728064
2502 -0.6058373519973916
