0
1
2506
-3 -1.0
-2 -0.975234547837851
-1 -0.9168393796254846
0 -0.4684176853620715
1 -0.3953888118873812
2 -0.35698651997716846
3 -0.3521431740310691
4 -0.3570766718954629
5 -0.35604346151558386
6 -0.3446372912696507
7 -0.3356781303895695
8 -0.3377591477792723
9 -0.33133148021501657
10 -0.326986733758702
11 -0.3326651843379511
12 -0.33577818993850095
13 -0.33514003803162484
14 -0.3268680994865769
15 -0.3200414196271013
16 -0.3209435609975463
17 -0.32413428128651633
18 -0.3270331481613904
19 -0.3260208534339124
20 -0.3150803962626201
21 -0.31004416320112094
22 -0.31521271544359164
23 -0.3201587794566564
24 -0.30990114893888443
25 -0.30268649031589323
26 -0.3111980383343984
27 -0.3183508813439889
28 -0.31441880408923595
29 -0.29869746299105393
30 -0.2917600285013817
31 -0.3011120336882932
32 -0.3022352620825399
33 -0.3041286034914893
34 -0.304742666233483
35 -0.2973771333290317
36 -0.28913852555098907
37 -0.27751084604466336
38 -0.27785712491473824
39 -0.28204910639948155
40 -0.2824356839573927
41 -0.28223806520260497
42 -0.2790429492321216
43 -0.27721049209277016
44 -0.27803869356043975
45 -0.27717823246073003
46 -0.27054508612246286
47 -0.2678035393145407
48 -0.26337241821814117
49 -0.2652786838489066
50 -0.2763478168268877
51 -0.2694788358008078
52 -0.26193897337401006
53 -0.2662269011716004
54 -0.2627517456284618
55 -0.2577775072169357
56 -0.25683506715865456
57 -0.25375088485494
58 -0.2560982849109571
59 -0.25559198232325087
60 -0.24955528799841942
61 -0.25002129189828937
62 -0.2481189800897412
63 -0.24510465245522328
64 -0.24841161381357324
65 -0.24321964092729886
66 -0.23731539719480088
67 -0.23134129879310594
68 -0.22601370180201763
69 -0.22813452839504955
70 -0.2259476219184654
71 -0.23091320037832674
72 -0.23599410818647037
73 -0.23532231506465484
74 -0.23750513630766024
75 -0.23211585511453248
76 -0.22378161147157738
77 -0.22114691309684475
78 -0.2229268158476232
79 -0.21977259983813968
80 -0.2146816308727274
81 -0.22181826435936414
82 -0.23039240830100616
83 -0.2120850170196581
84 -0.1996541173089379
85 -0.19888192153942408
86 -0.1994014391741753
87 -0.19697992017881027
88 -0.19654191164082913
89 -0.21159365416066322
90 -0.23538163406645418
91 -0.24149713383737592
92 -0.20750552663320088
93 -0.18587725777454667
94 -0.18912489548277
95 -0.18669145923710784
96 -0.18451678883855538
97 -0.17964167025235778
98 -0.17783439303555848
99 -0.18188648614533598
100 -0.18002478347255835
101 -0.18402622591200135
102 -0.19081578059612248
103 -0.1951027966726151
104 -0.19072183676204313
105 -0.17332933203638368
106 -0.17066628022661734
107 -0.16772747273705224
108 -0.16528959318466652
109 -0.1616209041203187
110 -0.15932384428670177
111 -0.15846746842057102
112 -0.15383513282031192
113 -0.1557298754348655
114 -0.15241534488252162
115 -0.14813259307618032
116 -0.15228349556335186
117 -0.154144596962966
118 -0.154320810580846
119 -0.15339506953002513
120 -0.14956666719598077
121 -0.13406859463694065
122 -0.12380040044926555
123 -0.1186545035152402
124 -0.11501445871115568
125 -0.11760037748296015
126 -0.11919400545858982
127 -0.11814349479808683
128 -0.11846461336831438
129 -0.12154062520487097
130 -0.1218817280836969
131 -0.12149910434800282
132 -0.12115420706082713
133 -0.10806852368368625
134 -0.10024167338610712
135 -0.09983935616704387
136 -0.09521079535242949
137 -0.09640479013697068
138 -0.0990364940357944
139 -0.09631841549688591
140 -0.09494301148051087
141 -0.09766486480506398
142 -0.09753727975604531
143 -0.09650815460974516
144 -0.08923685636460199
145 -0.081339840949892
146 -0.07573689089289037
147 -0.06717325834761356
148 -0.057020083060286275
149 -0.0471346916448776
150 -0.040703229672272245
151 -0.03754997300909679
152 -0.03686335194722701
153 -0.025445236448491282
154 -0.01855247670546334
155 -0.02218921658570494
156 -0.024243051574087238
157 -0.026054282613103275
158 -0.028913161248075525
159 -0.016889933784240085
160 -0.0015646105053694903
161 0.00013839051755737408
162 0.006351139046401277
163 0.012309027925142546
164 0.01661178366278704
165 0.021804377444929912
166 0.018508581029646587
167 0.027351811288282457
168 0.05125098768356562
169 0.056680878012463465
170 0.04966714306810305
171 0.05269861156937705
172 0.056803748552234135
173 0.0620811843574951
174 0.07433080624774346
175 0.08104137644920129
176 0.08316948141099867
177 0.09132244723348171
178 0.09052322009671432
179 0.09728286072632986
180 0.10921076277318686
181 0.12510815807538123
182 0.13178599878299768
183 0.12918277973056957
184 0.13285617492436463
185 0.1375125996895059
186 0.14359716189616822
187 0.1610384462247556
188 0.1704169337792949
189 0.17848292368852992
190 0.1827609413629181
191 0.17829224485206718
192 0.19264916784036812
193 0.20983121646004488
194 0.22656797817297503
195 0.23127695732668974
196 0.23243746193035797
197 0.24422607687541253
198 0.24877492052283912
199 0.2600604063926688
200 0.2698968587912818
201 0.2731483235586878
202 0.2844709346038723
203 0.29468610454117283
204 0.3033155065220674
205 0.3101292817824324
206 0.31522184401814957
207 0.32232039298312265
208 0.325899243069675
209 0.3227524172176133
210 0.3224012728042238
211 0.3424168410997481
212 0.35803372696748514
213 0.36516721959247334
214 0.37531235582400524
215 0.38354700977983036
216 0.3885366774045742
217 0.39405842881274067
218 0.39511601918273076
219 0.39481521499174077
220 0.40257689712686573
221 0.402712230406451
222 0.40808938731020383
223 0.41221512949752737
224 0.4140096811517884
225 0.4215441885507645
226 0.4281894788011116
227 0.4373176141757178
228 0.44077973370838386
229 0.4439537746125988
230 0.45102367931730947
231 0.4541974097735897
232 0.4583555710068208
233 0.46421574126583853
234 0.45999071983931916
235 0.4532084239012584
236 0.4604022982832101
237 0.4655332554885243
238 0.4664830660815227
239 0.4643825342450234
240 0.47072083269328546
241 0.46693712472859006
242 0.4537680611872732
243 0.45704198260384654
244 0.4617493964897623
245 0.45689126773625444
246 0.4410887279892364
247 0.42463091509129103
248 0.4265336967616411
249 0.43809248094507836
250 0.439829282596812
251 0.4305519976224119
252 0.4251960471962901
253 0.4167109292718749
254 0.4077844782629303
255 0.39680814608782056
256 0.384832264370476
257 0.3671646974041327
258 0.34772198144166877
259 0.34666168742099845
260 0.34103782171159547
261 0.32718986571626973
262 0.32150949179607724
263 0.3080384810325629
264 0.2856150786505205
265 0.26943933580650414
266 0.25257119463620525
267 0.23772415896044707
268 0.22800002181150214
269 0.21049421821883407
270 0.18764393959104475
271 0.15984728650225621
272 0.1433949880459997
273 0.14468178363341222
274 0.13328869702316237
275 0.11976246087122777
276 0.10921531786856775
277 0.09384199529650483
278 0.07375355823317031
279 0.054678817102918
280 0.03844534387907994
281 0.02010267886707795
282 0.004848460428941825
283 -0.006258319859733352
284 -0.023605389151717948
285 -0.04035094222767477
286 -0.041154796356065115
287 -0.05769473924664892
288 -0.07881854858249782
289 -0.0738380630447577
290 -0.07879890737266604
291 -0.09105749966251286
292 -0.09889569393973097
293 -0.11065444245549072
294 -0.12050332959141263
295 -0.12447583694536402
296 -0.12962612956090247
297 -0.13780744881841933
298 -0.1477630053509591
299 -0.15540389132132348
300 -0.16581241574326055
301 -0.17760451464873062
302 -0.18447541901575404
303 -0.19727523793061674
304 -0.21312686772849676
305 -0.2292833869509452
306 -0.23267565181441485
307 -0.22882161931872125
308 -0.22601321231751081
309 -0.22699735226923257
310 -0.2394614037103856
311 -0.24154341309722915
312 -0.24414964624827118
313 -0.25096511353946993
314 -0.24048079777005626
315 -0.2438241039940251
316 -0.25360769155613105
317 -0.2572259089867168
318 -0.26529218972118096
319 -0.2633815480316074
320 -0.2615358758452109
321 -0.26840865127964064
322 -0.27731825224705786
323 -0.27954454569038045
324 -0.2883526532524292
325 -0.2850714730897954
326 -0.27331902397378727
327 -0.27424177054869925
328 -0.28153494379255184
329 -0.28374940377172897
330 -0.28051638231615483
331 -0.28539998181744475
332 -0.28948828838147944
333 -0.29347370033454134
334 -0.29783416682930297
335 -0.29185569236879993
336 -0.28912200558010115
337 -0.28294591236481026
338 -0.28461348024321576
339 -0.29149758003457926
340 -0.2961538733883592
341 -0.3038784303481289
342 -0.2998596876280616
343 -0.29519821828303283
344 -0.294853030170628
345 -0.29787948209452064
346 -0.29875992750282876
347 -0.3022393473161188
348 -0.30542233899722715
349 -0.3018678885234912
350 -0.3046517364980177
351 -0.3081401070882016
352 -0.29904392089770115
353 -0.29495592478160093
354 -0.2943879379918557
355 -0.2925215291896307
356 -0.30390738505632586
357 -0.3047396717575742
358 -0.2897016467974194
359 -0.2854201171601102
360 -0.286960099989497
361 -0.2937580041773481
362 -0.3027921957178753
363 -0.295190047815875
364 -0.2938720637313875
365 -0.3006633300690471
366 -0.29957569423318897
367 -0.295650875724496
368 -0.29950992479757144
369 -0.29937399024482236
370 -0.29523583294289446
371 -0.298060401841848
372 -0.2966142314351784
373 -0.30701912086263305
374 -0.3104216062972388
375 -0.29691173070232524
376 -0.2786875405485806
377 -0.27632580203701596
378 -0.2801274311782035
379 -0.2795899923669599
380 -0.28884418017361857
381 -0.31251287690891016
382 -0.3188703793560351
383 -0.29824436369029483
384 -0.2886144528208575
385 -0.2887064929366978
386 -0.2920658772722585
387 -0.29733574388352535
388 -0.2995550890287221
389 -0.2998348181534435
390 -0.297397268671697
391 -0.3006869297494227
392 -0.3032064778124458
393 -0.30927559118318504
394 -0.3086915739070585
395 -0.3001559367236709
396 -0.29020368511497396
397 -0.29036557990001133
398 -0.29401395458512136
399 -0.28765962565047765
400 -0.29330077201779936
401 -0.29507172399168446
402 -0.2939513586619844
403 -0.2940954636818913
404 -0.2935599155607588
405 -0.30041128585828036
406 -0.30645146414352753
407 -0.3111113532463794
408 -0.31517936505388133
409 -0.31936708226847355
410 -0.3129356399185731
411 -0.30679696270386636
412 -0.29939381513955343
413 -0.2952027930011184
414 -0.2978513076960595
415 -0.2889695706791694
416 -0.28755686245086676
417 -0.2930411782357436
418 -0.3020993275297911
419 -0.3116725511518659
420 -0.3065499630729872
421 -0.30184301904887323
422 -0.30118506186997107
423 -0.3044180833255453
424 -0.2980275409366444
425 -0.2916947289275654
426 -0.29304526346932247
427 -0.2970187301695819
428 -0.3065464791125716
429 -0.30512499914394764
430 -0.30691198160421407
431 -0.3093002816212307
432 -0.3028235436288176
433 -0.3015196863124727
434 -0.28661460142915807
435 -0.2768185791297426
436 -0.28363391500957946
437 -0.2905512337792916
438 -0.2946184456543527
439 -0.2937861589531042
440 -0.29323895640439857
441 -0.29174553901176703
442 -0.2821718259051855
443 -0.2762545461622148
444 -0.2861954537912724
445 -0.2904527348498318
446 -0.28998137592214057
447 -0.29927409010975836
448 -0.31212520859332904
449 -0.3135333421035462
450 -0.30162983966950574
451 -0.2872023934909289
452 -0.27874654072264504
453 -0.27965794331791816
454 -0.27340601950974064
455 -0.2785640407331409
456 -0.3004658707281267
457 -0.3053238680702731
458 -0.29983042247193026
459 -0.2932507422433336
460 -0.289973515902917
461 -0.29784722246248063
462 -0.29507549877732897
463 -0.28920777894702243
464 -0.2925562611622402
465 -0.28749504683746596
466 -0.2922713560462701
467 -0.2998689488528894
468 -0.2957334755789359
469 -0.29963202340740647
470 -0.30847334994780384
471 -0.3079464421556307
472 -0.2965530170949412
473 -0.28756929718817603
474 -0.28650335731445475
475 -0.2883768934513783
476 -0.2950138145752901
477 -0.2964790771921655
478 -0.30131280633285706
479 -0.30138754616807373
480 -0.2983568299740297
481 -0.2945514260471973
482 -0.3007940886305468
483 -0.30956884580288546
484 -0.3028441488332846
485 -0.30022956617851226
486 -0.29593627032497294
487 -0.29196737834279896
488 -0.2879313157194029
489 -0.29216390633991673
490 -0.30761728452960735
491 -0.30788824191400743
492 -0.30669753243060405
493 -0.3046190070041759
494 -0.3023260324041377
495 -0.29905240181279336
496 -0.29782505663854186
497 -0.3036849164496249
498 -0.30567360289825807
499 -0.3025802907810773
500 -0.30801944233480316
501 -0.31657945950830246
502 -0.32047441158770074
503 -0.3212528741061337
504 -0.310168622362869
505 -0.3043510637183898
506 -0.30377490646148686
507 -0.3058869613141978
508 -0.31374336759313726
509 -0.31367242216627056
510 -0.31463924221466344
511 -0.32145080330885556
512 -0.3179180487972568
513 -0.30709669575989107
514 -0.3058496571022705
515 -0.30672302280109087
516 -0.307687158821509
517 -0.3048295023555688
518 -0.29947862916016643
519 -0.3139561051132088
520 -0.3326433046909144
521 -0.3182678116277472
522 -0.30007161683589156
523 -0.3036136325723182
524 -0.31479736221405585
525 -0.3257332446672627
526 -0.3179334780104748
527 -0.31182266474629516
528 -0.3162218366585886
529 -0.3140070662314772
530 -0.3065411437074551
531 -0.30514921972019204
532 -0.312598622273326
533 -0.31737870626777465
534 -0.31216943310087697
535 -0.3129647260381322
536 -0.3102759126553549
537 -0.3111893980054391
538 -0.3205898723473444
539 -0.32327462011924757
540 -0.32424534636464686
541 -0.32272474657069505
542 -0.33251746394626724
543 -0.3349932293610387
544 -0.311757384795184
545 -0.30164524088021794
546 -0.3003168917851048
547 -0.3063199252722918
548 -0.3092548265648507
549 -0.31346663294432486
550 -0.3185020660733834
551 -0.31744827011174226
552 -0.3181650484281362
553 -0.3097974740181758
554 -0.31263465669101087
555 -0.3210972656927208
556 -0.3162331806382275
557 -0.31504704587291
558 -0.32043772827164185
559 -0.3178433285847453
560 -0.31746052581247886
561 -0.3158469135282507
562 -0.3138942614973026
563 -0.3209429401016779
564 -0.3318056825845498
565 -0.33191266242910145
566 -0.3202631079240663
567 -0.3180031732658042
568 -0.3243907211787962
569 -0.3217215816566832
570 -0.31847282053995707
571 -0.31996069084006695
572 -0.3113624577335429
573 -0.31059594046791217
574 -0.32400352272501665
575 -0.3266752148637423
576 -0.3241835307512462
577 -0.3223392597704541
578 -0.3196133212123219
579 -0.3240850318217865
580 -0.3273751823840192
581 -0.32646060627626483
582 -0.3256121100520627
583 -0.3292147192328583
584 -0.3343370164865078
585 -0.3375527376614581
586 -0.3335050402331937
587 -0.3321212867130885
588 -0.33396964292745956
589 -0.3394630885258023
590 -0.3393529351687695
591 -0.3223471394123827
592 -0.3143091448650368
593 -0.32307653150265825
594 -0.3354126874468585
595 -0.33233149961905273
596 -0.329197888814036
597 -0.3282107740091105
598 -0.32487972348587835
599 -0.32352461422603584
600 -0.3267982448173802
601 -0.3315745540261843
602 -0.33073818209135697
603 -0.3306724126557392
604 -0.3304176844169979
605 -0.3280413296527839
606 -0.3304737031432814
607 -0.33944279376926945
608 -0.3429926695249199
609 -0.325821693682358
610 -0.32423197190373454
611 -0.3343736718000613
612 -0.34929545569083653
613 -0.3546929073511219
614 -0.34365712476285115
615 -0.3424512965141643
616 -0.34179333933526224
617 -0.3416078448698494
618 -0.34166149001609225
619 -0.3409320979258167
620 -0.3447691405888206
621 -0.35229217259679624
622 -0.3518771298151947
623 -0.34260375103780116
624 -0.3342031366860646
625 -0.3469403270269579
626 -0.35459440842166223
627 -0.34393672247621043
628 -0.3474631299628469
629 -0.33754880346194616
630 -0.32744300657194236
631 -0.3375566634811695
632 -0.34607547024573504
633 -0.3471407892235874
634 -0.34748768898953086
635 -0.3372972291129811
636 -0.3261547575053879
637 -0.32963904286199275
638 -0.3355440669042268
639 -0.33493377894787757
640 -0.33412209745109633
641 -0.3372803986941587
642 -0.34026217587140717
643 -0.3390676916023593
644 -0.3344424357115878
645 -0.34367882072498823
646 -0.3528407763511062
647 -0.34550987665873534
648 -0.34670826712478964
649 -0.350205297666638
650 -0.3441025234582542
651 -0.34023621563911877
652 -0.3389937516995838
653 -0.335477517158873
654 -0.3327470038826553
655 -0.33624263321889913
656 -0.3438850798087355
657 -0.34411982373887806
658 -0.338416814132945
659 -0.33606483935884246
660 -0.3428259288192729
661 -0.35582601786606505
662 -0.34877593805608553
663 -0.3367316355259814
664 -0.3397180992099721
665 -0.34002287684588406
666 -0.3434110368530694
667 -0.3453959485160576
668 -0.3448393057059518
669 -0.3472310896833837
670 -0.3547176174118727
671 -0.3548448920129571
672 -0.34644427766122055
673 -0.3496816947983077
674 -0.3490646375804053
675 -0.34325402723405196
676 -0.3442631484490488
677 -0.34573358705717316
678 -0.3461981897514388
679 -0.34686938160009095
680 -0.3516043013633887
681 -0.35107710274598647
682 -0.35539209456166276
683 -0.352559176158979
684 -0.35157583613969823
685 -0.34768088406029996
686 -0.33927618447498453
687 -0.347627238914057
688 -0.35244116278272264
689 -0.34906732160837983
690 -0.34928554556763447
691 -0.3542646495224754
692 -0.34914661653897694
693 -0.3408254285291993
694 -0.3374408642710861
695 -0.33888929646913923
696 -0.35463501755743265
697 -0.362771331997666
698 -0.35313533341588177
699 -0.34795166240812747
700 -0.34770905845876143
701 -0.3524070320832765
702 -0.3580982278477689
703 -0.3526172169867351
704 -0.3463986435682679
705 -0.35735970594402733
706 -0.36848961140294945
707 -0.36837019682108874
708 -0.35684931812274223
709 -0.3440523342699212
710 -0.3476308542858342
711 -0.35413659461165514
712 -0.3601726680406181
713 -0.3553140694253083
714 -0.34553110275907073
715 -0.3418048147262631
716 -0.3438432401241325
717 -0.35494809707186403
718 -0.35694373181862293
719 -0.3605257357949515
720 -0.36377589811728206
721 -0.3515588463070085
722 -0.343940779707284
723 -0.35124181297035995
724 -0.3604937866108455
725 -0.3602839121553211
726 -0.3514315520832192
727 -0.3373087241266871
728 -0.3386798638729108
729 -0.3493391907138774
730 -0.36406762012001637
731 -0.3693673531605779
732 -0.3481408002478231
733 -0.33699924036132767
734 -0.3381455659233159
735 -0.34064040392558803
736 -0.34017549078338805
737 -0.33628462393756897
738 -0.3262205269410058
739 -0.33184186803630156
740 -0.3410241184189522
741 -0.33724706792715353
742 -0.34508677519863273
743 -0.34658130297163936
744 -0.35073080425320646
745 -0.35691178263451706
746 -0.35556564377427324
747 -0.3499730783506022
748 -0.3491288463965514
749 -0.36081961131052054
750 -0.36185628602811004
751 -0.3569058263335321
752 -0.36292740189308004
753 -0.35796590866679723
754 -0.3479754411250757
755 -0.3544369289408432
756 -0.35858832091252135
757 -0.3533124783775644
758 -0.35076714911882556
759 -0.35762009965852404
760 -0.35995883976287657
761 -0.34828916953788114
762 -0.3482280866090056
763 -0.34507027485044994
764 -0.3467172375243883
765 -0.35160461181132296
766 -0.35059928500467585
767 -0.36059572187551014
768 -0.36517021530729066
769 -0.37209661626525814
770 -0.3629964762525407
771 -0.35111644208751436
772 -0.35953435671987466
773 -0.35997615966620544
774 -0.3492899412491476
775 -0.34196483844389425
776 -0.3511598340117884
777 -0.36061273133090477
778 -0.3683198565986886
779 -0.3727426281913577
780 -0.36363462815941683
781 -0.35574500290212874
782 -0.3582201670437368
783 -0.36511339664856646
784 -0.3630052956180727
785 -0.35287194522547627
786 -0.3438511001433562
787 -0.342410707001099
788 -0.34220083254557443
789 -0.3440903991688793
790 -0.3463338138562533
791 -0.3497355189811232
792 -0.3527783118393314
793 -0.34559578143701863
794 -0.3544693479867508
795 -0.3624336934565504
796 -0.3509743675488809
797 -0.3375067931205713
798 -0.3230471069326596
799 -0.3185138715350234
800 -0.32377288365115764
801 -0.3272271235418953
802 -0.32445461954700805
803 -0.3310506407099201
804 -0.3383107740119966
805 -0.3345966102685638
806 -0.32141620274760774
807 -0.3144216391512772
808 -0.31046187698256944
809 -0.30295552435934925
810 -0.29705963013058145
811 -0.2954213077856024
812 -0.28995746579383064
813 -0.28796121015120335
814 -0.2801467945909334
815 -0.2697997949571679
816 -0.26721416701059264
817 -0.267625614043122
818 -0.27652813530105147
819 -0.27822874312123314
820 -0.27015741780688174
821 -0.27171374157058426
822 -0.27795231892035477
823 -0.28255587884898936
824 -0.2784502720043307
825 -0.2731338399563088
826 -0.2792156985122912
827 -0.2867511652575757
828 -0.2850212922812627
829 -0.2762351911292853
830 -0.2682316377293197
831 -0.25900360221964946
832 -0.2648057316509107
833 -0.27658664599060945
834 -0.27086589424475627
835 -0.2710340688068402
836 -0.2746258234925032
837 -0.2718920052924425
838 -0.2611781019614301
839 -0.25078232272473655
840 -0.24252846477004852
841 -0.22902771898860097
842 -0.2163213544233109
843 -0.21428828405326283
844 -0.21385641085283913
845 -0.21466620165950956
846 -0.21849476340742147
847 -0.22745659528734963
848 -0.21836949128510474
849 -0.193152039980105
850 -0.1990049514930623
851 -0.21299735095873396
852 -0.21439435217671687
853 -0.22981721503873864
854 -0.24801247010699112
855 -0.2582351896155809
856 -0.2595481291201812
857 -0.25528251818059666
858 -0.2534176419953377
859 -0.2536358659545923
860 -0.25725468465834167
861 -0.26219179789451263
862 -0.2637440364246362
863 -0.258032545903611
864 -0.2573740992402024
865 -0.25816957121403006
866 -0.25528282862853113
867 -0.2542157979971398
868 -0.25889787254663543
869 -0.2635220376797369
870 -0.25990181777038324
871 -0.260120352177572
872 -0.26476543296307464
873 -0.2639737553975968
874 -0.27383050255274255
875 -0.2889822962417077
876 -0.300641323658976
877 -0.3154024545564509
878 -0.3224058095158078
879 -0.3212099436638606
880 -0.33369839471783025
881 -0.3478954926477773
882 -0.35241946682058556
883 -0.3588748192987957
884 -0.36269567206155107
885 -0.37325663138442
886 -0.3783943578512876
887 -0.38377577902519155
888 -0.3862266945880499
889 -0.3760681838956059
890 -0.37211472112665
891 -0.3831670433085138
892 -0.3939873055882094
893 -0.3967854920182834
894 -0.4039782756425654
895 -0.408533386038911
896 -0.40506622192635755
897 -0.39340472216851996
898 -0.39709888198064924
899 -0.4031398405756321
900 -0.4028631059268196
901 -0.4051022563440423
902 -0.4072600963237726
903 -0.4126583282937938
904 -0.40630917535039934
905 -0.40018701810658086
906 -0.3928375156885108
907 -0.38786376676149137
908 -0.39441948923656744
909 -0.39240124680657384
910 -0.39437718806996347
911 -0.39881239439994154
912 -0.3965803236922063
913 -0.39718494617279976
914 -0.4009445845953177
915 -0.4075777309335846
916 -0.40751922024402687
917 -0.4109531653782318
918 -0.4137410985863371
919 -0.4092983426850696
920 -0.4073425171416404
921 -0.4049707370955118
922 -0.4116696528693966
923 -0.41888322073471784
924 -0.4227698233103858
925 -0.4226916191374589
926 -0.4164039713595309
927 -0.41378610340362065
928 -0.41287670328711545
929 -0.4077410595750589
930 -0.41402839690505255
931 -0.422754394097168
932 -0.4183397929716568
933 -0.40889792918424517
934 -0.4073879918207255
935 -0.4066225653127651
936 -0.40406937603480253
937 -0.4077500103519526
938 -0.41245994885197534
939 -0.4227043643227022
940 -0.42726166926251574
941 -0.4259596038757526
942 -0.4332566833166116
943 -0.4322846872769699
944 -0.4284421581747827
945 -0.433511722003287
946 -0.43148213559365467
947 -0.424960054333518
948 -0.42152593016274076
949 -0.4209161316908985
950 -0.4331004540073303
951 -0.4372093657758319
952 -0.43275685916522977
953 -0.4370767361469262
954 -0.4398402893649197
955 -0.4357798467514121
956 -0.4346473571323375
957 -0.43856731009771577
958 -0.4462623110761248
959 -0.4543937599730433
960 -0.4621424060976953
961 -0.46523007236182534
962 -0.46782826645707154
963 -0.4706563193164405
964 -0.4742421177011187
965 -0.4874843408354753
966 -0.491674761700747
967 -0.4958321426242426
968 -0.5087364167695495
969 -0.5109229010095426
970 -0.5078970503588134
971 -0.4925964175179889
972 -0.4798161130499232
973 -0.4805755309833609
974 -0.4702239846340155
975 -0.45461498678800727
976 -0.43449616116003864
977 -0.38954864330032135
978 -0.3315479728980274
979 -0.27574809254044186
980 -0.22641394464607012
981 -0.1613293695339576
982 -0.0827438892265302
983 -0.0053364850059191005
984 0.07314953702574023
985 0.13989951812362333
986 0.2195510893388386
987 0.3085411402459859
988 0.38674136506328316
989 0.47683337063913056
990 0.5608081713850961
991 0.6411054244557715
992 0.7063494023896466
993 0.7667366527756181
994 0.8209188159926917
995 0.8558650510609651
996 0.8967539497493704
997 0.914661488910643
998 0.9423368367274596
999 0.969880322196979
1000 0.9626134392560537
1001 0.9357579284287985
1002 0.9182834447445676
1003 0.9361057875410503
1004 0.949730841450179
1005 0.941810398797088
1006 0.92426635964869
1007 0.8978202364533312
1008 0.8369263730317191
1009 0.7409365825369925
1010 0.63708320615509
1011 0.5041474998571613
1012 0.35702681991866125
1013 0.22384987163156111
1014 0.08700698555600384
1015 -0.03913494103306214
1016 -0.1641723817447428
1017 -0.2925470083172128
1018 -0.4100357625882367
1019 -0.5025439713770385
1020 -0.5751333384928994
1021 -0.6373645214092232
1022 -0.6919990512425305
1023 -0.7411423449953408
1024 -0.7763498462537985
1025 -0.7825824393000786
1026 -0.7738565931420303
1027 -0.7717900129684045
1028 -0.7748339442094936
1029 -0.7735334198194972
1030 -0.7546059572216328
1031 -0.7301452201993912
1032 -0.7028610050358661
1033 -0.6775080367663813
1034 -0.6479015818466867
1035 -0.6173553708966852
1036 -0.5918778120540907
1037 -0.5750071462696847
1038 -0.5537048699043731
1039 -0.5195183233250578
1040 -0.49510901728288614
1041 -0.46589762083619457
1042 -0.4356719271832572
1043 -0.4247341017664017
1044 -0.4120861164793076
1045 -0.402405893389976
1046 -0.4006192017549388
1047 -0.39705327589020223
1048 -0.39957420553612455
1049 -0.3916609805984609
1050 -0.37531818660086347
1051 -0.37157615890690376
1052 -0.37166380334123106
1053 -0.3708731969107183
1054 -0.3651289768958512
1055 -0.3657793845034639
1056 -0.3733917856274329
1057 -0.38403050726393273
1058 -0.3935392312446323
1059 -0.38081239288623725
1060 -0.3516103099379112
1061 -0.3443455888896215
1062 -0.3447256880112085
1063 -0.3365014663139242
1064 -0.34470823669651773
1065 -0.3463142994094567
1066 -0.3408207223997519
1067 -0.34267407556879936
1068 -0.3377953612335294
1069 -0.33670832667083483
1070 -0.33180851764659114
1071 -0.3309770112550787
1072 -0.331336035310397
1073 -0.32506490750335704
1074 -0.321964026192182
1075 -0.3251017222307777
1076 -0.33121253549495744
1077 -0.33147543420085623
1078 -0.32569000377705526
1079 -0.32728045824020413
1080 -0.32240125442042733
1081 -0.31800286281786994
1082 -0.3230477362083285
1083 -0.32360437901843453
1084 -0.31419932995844346
1085 -0.3076442087565311
1086 -0.3113136781306145
1087 -0.3142125450054887
1088 -0.3127710611055614
1089 -0.30956351039776886
1090 -0.3077806131710815
1091 -0.3088308133836505
1092 -0.30946108564859787
1093 -0.30385327004828133
1094 -0.29616235430345106
1095 -0.2887595171870724
1096 -0.2853586119946434
1097 -0.2901056560473162
1098 -0.2954087416369313
1099 -0.30079911358772904
1100 -0.2924941351009053
1101 -0.27956530192891405
1102 -0.27847480302850913
1103 -0.2809775206727101
1104 -0.29208602099472447
1105 -0.2986013329933074
1106 -0.28507524787544014
1107 -0.2629062549044041
1108 -0.26268077219908925
1109 -0.27188807109293067
1110 -0.2805341524585804
1111 -0.281575222857683
1112 -0.27770027470958825
1113 -0.27887805997117565
1114 -0.2800232947754937
1115 -0.2793686228977297
1116 -0.2730111204506048
1117 -0.2707057111132577
1118 -0.2703515526012542
1119 -0.27040915156971423
1120 -0.2740537514691793
1121 -0.2679347677378421
1122 -0.2629402345697831
1123 -0.2648184572134491
1124 -0.2617467096470437
1125 -0.26231907249559705
1126 -0.25838748472535045
1127 -0.25277131962130384
1128 -0.24745566788301776
1129 -0.24683861066511514
1130 -0.24953150928147128
1131 -0.24741445747408397
1132 -0.2519398132297913
1133 -0.2536401106020386
1134 -0.2507576322866909
1135 -0.2520142229943685
1136 -0.24180742218350326
1137 -0.23390614249864206
1138 -0.22807632815342593
1139 -0.22740971102285956
1140 -0.2302915684423389
1141 -0.22945946077766277
1142 -0.23438443010175414
1143 -0.22759127966856096
1144 -0.21896091834135833
1145 -0.21299469958159212
1146 -0.21994456880857327
1147 -0.23340834882853345
1148 -0.24165213259782503
1149 -0.2368377192446528
1150 -0.21997638658131757
1151 -0.22380817297702904
1152 -0.21379410575493174
1153 -0.2042732854873628
1154 -0.21289839054727322
1155 -0.20139390040845273
1156 -0.18521899014771026
1157 -0.1947229603737518
1158 -0.20185837169135668
1159 -0.21025459036158
1160 -0.20154193962787148
1161 -0.17876283773705903
1162 -0.18321972040646894
1163 -0.18476097303009853
1164 -0.17800352694395072
1165 -0.17071552969134718
1166 -0.16400844345030452
1167 -0.16855487427228055
1168 -0.16655801735649
1169 -0.16131222028740044
1170 -0.15712510434597204
1171 -0.1522050005651956
1172 -0.15468345000794148
1173 -0.15490185300376869
1174 -0.15838156364228806
1175 -0.15044286795684236
1176 -0.1434802535446178
1177 -0.14342312443795935
1178 -0.13968098495534254
1179 -0.139619591578533
1180 -0.12936245054526774
1181 -0.13051474543636843
1182 -0.137260405683581
1183 -0.13741741530259832
1184 -0.12274627441698505
1185 -0.11056712809180258
1186 -0.1116596294709753
1187 -0.11180360307952009
1188 -0.11412064722173565
1189 -0.1188887859633817
1190 -0.1209770620991445
1191 -0.11202984647186587
1192 -0.09818690705392219
1193 -0.09260078741574274
1194 -0.08930733192966722
1195 -0.08408609388726174
1196 -0.08423066876897012
1197 -0.08018344120250742
1198 -0.0743904415847122
1199 -0.06979583243297127
1200 -0.06308008624026429
1201 -0.06354169445862135
1202 -0.06425456657800876
1203 -0.059617656259663976
1204 -0.05744378579355247
1205 -0.0576668752961218
1206 -0.05219468380061987
1207 -0.046183460223569894
1208 -0.041160752657050104
1209 -0.03334194141526714
1210 -0.02785840594012634
1211 -0.019541462577794766
1212 -0.008729239353895135
1213 -0.006127871746168023
1214 0.0012747863336382004
1215 0.005594062042171277
1216 0.009196981670900994
1217 0.008372865436810484
1218 0.006404493367414998
1219 0.015554635152092322
1220 0.01674298408358288
1221 0.023403703547147936
1222 0.04806812741381905
1223 0.055588997529159245
1224 0.06357569250779682
1225 0.0764305577745068
1226 0.08043519334913629
1227 0.09622542977020654
1228 0.10734305152588663
1229 0.10707370703449604
1230 0.11069236632437773
1231 0.12281879884712055
1232 0.13129166107079904
1233 0.1366392619931911
1234 0.14372568666878993
1235 0.14481223174697777
1236 0.14431003401555542
1237 0.14969567183440025
1238 0.151414882380281
1239 0.16851493241868098
1240 0.1848456021269036
1241 0.1775104577870863
1242 0.17939937551201712
1243 0.19214335473716893
1244 0.20850992745171437
1245 0.21893008667851932
1246 0.22026303011442305
1247 0.22747295460546146
1248 0.23213803932226762
1249 0.23601142685089038
1250 0.24581075407414898
1251 0.2573434186114305
1252 0.2648318500581581
1253 0.2730830239848716
1254 0.280782731092728
1255 0.2818847053841338
1256 0.289876755390593
1257 0.30332476774689554
1258 0.3037181341890649
1259 0.3131178282212348
1260 0.3245817288469892
1261 0.3233333086064696
1262 0.3229245456019145
1263 0.32676269864529384
1264 0.3360646740577393
1265 0.33379878309849254
1266 0.337622921162386
1267 0.3531172189357812
1268 0.3636363665765523
1269 0.37170613127143226
1270 0.3744646399095386
1271 0.37158577696596806
1272 0.37837137782787167
1273 0.3856307308202127
1274 0.39003558123638893
1275 0.3912374556628593
1276 0.39458533660491346
1277 0.39516557909539496
1278 0.39459699103248624
1279 0.4007073148121596
1280 0.40123440164090485
1281 0.40212819350761997
1282 0.3958776709050471
1283 0.39130306568460904
1284 0.3968830173343987
1285 0.3981999106612164
1286 0.4025511159311497
1287 0.41036253701551106
1288 0.4102926823463142
1289 0.40233289197189515
1290 0.3963671430739306
1291 0.39534776863696464
1292 0.3862683932425819
1293 0.3748586272475767
1294 0.3785452178657116
1295 0.37365753313084293
1296 0.3700583882877577
1297 0.37112162451079933
1298 0.3619357587563712
1299 0.35263925016040387
1300 0.33845567772543594
1301 0.32283031094260584
1302 0.3127932453132962
1303 0.3029946983997742
1304 0.2892179982792502
1305 0.2779452379719587
1306 0.26656549782011574
1307 0.25348514984809123
1308 0.23968058577703966
1309 0.22143735103830053
1310 0.20357642958732058
1311 0.19090357482560805
1312 0.18577435727633818
1313 0.17772535719979277
1314 0.16177101182751263
1315 0.14456505307952594
1316 0.12299880687335008
1317 0.10914577364730493
1318 0.09009163772151996
1319 0.06665076462075037
1320 0.05807956288147964
1321 0.05500480121646034
1322 0.046794395839384606
1323 0.03858112739776187
1324 0.02235961904943151
1325 0.0017971390304309942
1326 -0.01148868771560485
1327 -0.01754791058584715
1328 -0.031633294539289536
1329 -0.04759221462965546
1330 -0.06109595488701203
1331 -0.07434088167204822
1332 -0.08845899511933264
1333 -0.09818360213007926
1334 -0.1089379355602893
1335 -0.11874056770739072
1336 -0.13079118925995148
1337 -0.1513859092882871
1338 -0.16630235777394597
1339 -0.17816022611503401
1340 -0.18159778662101622
1341 -0.1790896021603372
1342 -0.18769553587221754
1343 -0.19502773800966378
1344 -0.20583904951246557
1345 -0.2227826912050116
1346 -0.22531828937712117
1347 -0.22553146875648877
1348 -0.2299125600784221
1349 -0.23762377057978512
1350 -0.24635733696589457
1351 -0.2512288121778098
1352 -0.24150974387978408
1353 -0.2465568314364156
1354 -0.2687881295053589
1355 -0.2782169572822979
1356 -0.2734104235710544
1357 -0.26506407526142917
1358 -0.27081269095780947
1359 -0.2776109055935948
1360 -0.28159174282857113
1361 -0.28084205598176293
1362 -0.2809783009824459
1363 -0.2814597340955338
1364 -0.2827398126949304
1365 -0.29237911620055745
1366 -0.29546269723110863
1367 -0.29704688494533815
1368 -0.3024984712363731
1369 -0.3077239735489298
1370 -0.3087818743668548
1371 -0.3078830379202526
1372 -0.3174304803466118
1373 -0.3333164002578054
1374 -0.33727425870827443
1375 -0.3187731548691449
1376 -0.3030030537907401
1377 -0.313072016330618
1378 -0.31805855806809125
1379 -0.31879911510143333
1380 -0.31555316942404354
1381 -0.3171421108929309
1382 -0.33582504620048537
1383 -0.33110964088398465
1384 -0.3204640316026971
1385 -0.32894755625680794
1386 -0.335749545678238
1387 -0.3368974645105306
1388 -0.339376534849145
1389 -0.33178791244212413
1390 -0.32921471923285817
1391 -0.3282107740091105
1392 -0.3248794130379442
1393 -0.32430325578104136
1394 -0.3238299931351112
1395 -0.32092264534514514
1396 -0.3221128653440416
1397 -0.3233196053138262
1398 -0.32064731190193707
1399 -0.3211035650924724
1400 -0.3235491732527198
1401 -0.3334442957547581
1402 -0.3288163558360121
1403 -0.31808954790588884
1404 -0.31617133702232125
1405 -0.32262356361326094
1406 -0.33002231549606076
1407 -0.3357863604056587
1408 -0.335649645543174
1409 -0.33774988655444416
1410 -0.3423491822129272
1411 -0.33907086511484064
1412 -0.3446215516084987
1413 -0.34422271834985074
1414 -0.3377701813109768
1415 -0.3336653547760542
1416 -0.33121206563315553
1417 -0.3305573937553915
1418 -0.3278644951390355
1419 -0.3311211162749852
1420 -0.33370674422156044
1421 -0.34027003589063076
1422 -0.34122064641606964
1423 -0.3404668743356827
1424 -0.3446917167256296
1425 -0.34221295683494934
1426 -0.3434849767558451
1427 -0.34203154760311527
1428 -0.3428803542752519
1429 -0.34080102891638264
1430 -0.33360684408649643
1431 -0.3382648294711097
1432 -0.3384180643044825
1433 -0.3260812874644138
1434 -0.3219312966983403
1435 -0.32318351134721
1436 -0.32706980347494374
1437 -0.3337811539861377
1438 -0.33579879514296784
1439 -0.33306859231468444
1440 -0.3303012643110461
1441 -0.3331343617503024
1442 -0.3369724951709764
1443 -0.3319614420320296
1444 -0.3238126928544872
1445 -0.32147015834178505
1446 -0.32390850775597224
1447 -0.325411186373432
1448 -0.3219062958123601
1449 -0.3266130607999017
1450 -0.33167775908509123
1451 -0.33043280318228163
1452 -0.33685607506502435
1453 -0.3421852522982898
1454 -0.33415183246902924
1455 -0.3231496910956979
1456 -0.3229025124282462
1457 -0.330886551381415
1458 -0.3411317471618779
1459 -0.3341559177026082
1460 -0.32293006593083895
1461 -0.3307790820523566
1462 -0.3382011101394705
1463 -0.32714483413538953
1464 -0.3088323982741543
1465 -0.3209964258340533
1466 -0.34301784944747227
1467 -0.3455806710515352
1468 -0.3414544590024098
1469 -0.339084681435049
1470 -0.32547617549931396
1471 -0.31621241601989325
1472 -0.3185236026216529
1473 -0.3116754058366126
1474 -0.31627439104716126
1475 -0.3226075135041745
1476 -0.32205513496421967
1477 -0.3234758346231077
1478 -0.32085687590952716
1479 -0.32124376391537257
1480 -0.32711148374567933
1481 -0.32613131723887945
1482 -0.3257688092231459
1483 -0.3223641292450724
1484 -0.3203836132635971
1485 -0.318954564100979
1486 -0.3218041815111232
1487 -0.3243738907599738
1488 -0.3186458802680606
1489 -0.31685054830406423
1490 -0.3193095029227184
1491 -0.3192599430100542
1492 -0.3165088245293698
1493 -0.3175758551607609
1494 -0.31853164167744896
1495 -0.31312852454140794
1496 -0.31479200718623446
1497 -0.3218954216945228
1498 -0.3193546671538693
1499 -0.316360765687246
1500 -0.31516299611706033
1501 -0.32031784382797934
1502 -0.3249489572592067
1503 -0.33294147712746747
1504 -0.33519823827324835
1505 -0.32018508278771163
1506 -0.31676856934549247
1507 -0.315814184034409
1508 -0.31363482712911395
1509 -0.3212813589525292
1510 -0.32593447879382764
1511 -0.32054788162867454
1512 -0.3186499655016396
1513 -0.31960166678474866
1514 -0.31830446694130055
1515 -0.31977410561698405
1516 -0.3198815749460422
1517 -0.3211167801395174
1518 -0.3171675816407128
1519 -0.31997203481970604
1520 -0.32291619733709287
1521 -0.31933736687324554
1522 -0.3235787292340804
1523 -0.32394532248339314
1524 -0.32304695589859256
1525 -0.32602007312417647
1526 -0.32734214244224313
1527 -0.3242867358101531
1528 -0.3212808890907275
1529 -0.32287860229993626
1530 -0.3264936462180409
1531 -0.3302649194454269
1532 -0.332418495155006
1533 -0.3329900776938234
1534 -0.3320922005935294
1535 -0.3383519844209305
1536 -0.331842337898103
1537 -0.32126358881010364
1538 -0.3235286994596148
1539 -0.32927340895898827
1540 -0.33057407314014686
1541 -0.322939976054041
1542 -0.32006249469336967
1543 -0.31632017617418073
1544 -0.3148583975177208
1545 -0.31856798654306795
1546 -0.3234341543523723
1547 -0.3339170885388866
1548 -0.33992831211593644
1549 -0.33984115716611574
1550 -0.34188726354663623
1551 -0.3436950302479421
1552 -0.3462279247693719
1553 -0.34171482471440096
1554 -0.33625837288005134
1555 -0.3432626675630114
1556 -0.3472740397483617
1557 -0.3420364131464302
1558 -0.3297243267444073
1559 -0.3287861509562774
1560 -0.3365656228565327
1561 -0.33262428437695146
1562 -0.32754637104471684
1563 -0.33500802929858753
1564 -0.34029899059882796
1565 -0.3412165611824909
1566 -0.341463250365436
1567 -0.3400060464270618
1568 -0.3421764329327578
1569 -0.33649389711992983
1570 -0.33651450232439684
1571 -0.341291121981135
1572 -0.34284653402373977
1573 -0.34961121923324256
1574 -0.3540547750669508
1575 -0.3492040364708645
1576 -0.339807647362538
1577 -0.3400843820113505
1578 -0.34113458222391935
1579 -0.3398373823804711
1580 -0.3411094023013669
1581 -0.33837529327607685
1582 -0.3418474543433069
1583 -0.3374207289284207
1584 -0.3313093143910778
1585 -0.3447656566284052
1586 -0.35034487559366945
1587 -0.35137429156519884
1588 -0.3413276262606215
1589 -0.3285758066389515
1590 -0.33294144912496193
1591 -0.3336537199711861
1592 -0.3377742665445559
1593 -0.3433411821838728
1594 -0.34724838996400764
1595 -0.3479770017445474
1596 -0.34838858018843843
1597 -0.34889488277614455
1598 -0.352172598601068
1599 -0.3540952051661489
1600 -0.3531228986785727
1601 -0.3554665239489452
1602 -0.35317763458248586
1603 -0.3443574027310622
1604 -0.345860391796456
1605 -0.35273632112066167
1606 -0.3597730544722345
1607 -0.36410456625879895
1608 -0.35377757055633685
1609 -0.35068595046998985
1610 -0.3468407373398281
1611 -0.34522241892615246
1612 -0.3495460706934932
1613 -0.34909658676451116
1614 -0.35258355614909054
1615 -0.3566691786851508
1616 -0.35306199478626965
1617 -0.3424014457762712
1618 -0.34406175490861657
1619 -0.3441399590815435
1620 -0.344798095297018
1621 -0.35049715108073387
1622 -0.3476848378825169
1623 -0.3444445576808828
1624 -0.34311413885908615
1625 -0.34423359246768814
1626 -0.35727080668983524
1627 -0.35500978127390304
1628 -0.34568215607710306
1629 -0.35262130222031407
1630 -0.3577233047174311
1631 -0.35779584341460235
1632 -0.3616827564382046
1633 -0.367768700227766
1634 -0.36510853110525165
1635 -0.3627741670597072
1636 -0.3575576351467492
1637 -0.35414398476907694
1638 -0.3565203395332912
1639 -0.35765722483387885
1640 -0.3535182675995101
1641 -0.3523900422505868
1642 -0.3595673966616507
1643 -0.3588587888124144
1644 -0.3589860634134988
1645 -0.3587971046103756
1646 -0.35731880598302757
1647 -0.3574382205648884
1648 -0.3593074924316606
1649 -0.36146453247894983
1650 -0.36461874848843356
1651 -0.36549193515068146
1652 -0.35763583931967624
1653 -0.35382726188036273
1654 -0.35251354206602636
1655 -0.35862404488227173
1656 -0.36421612082143606
1657 -0.35670521310283554
1658 -0.34982928377862976
1659 -0.3488335090220399
1660 -0.3478698624861283
1661 -0.354523303580928
1662 -0.35892864348161124
1663 -0.3640959259298395
1664 -0.36426867521000894
1665 -0.359504800738514
1666 -0.35812213797607884
1667 -0.3517811554998421
1668 -0.3503727115416909
1669 -0.3566603593196188
1670 -0.3608309552901594
1671 -0.3646558736637886
1672 -0.36530597082346705
1673 -0.3642269949392736
1674 -0.3678347801113181
1675 -0.363058470902514
1676 -0.35702994704484037
1677 -0.3596326962354669
1678 -0.3629720962624292
1679 -0.3649972869905487
1680 -0.3652282561350467
1681 -0.36530659171933555
1682 -0.3621964491833326
1683 -0.37020517857454727
1684 -0.38116733170797656
1685 -0.36903225885627466
1686 -0.35572439769766195
1687 -0.3538606122700729
1688 -0.35391821123853295
1689 -0.3592541577333518
1690 -0.3651868666895405
1691 -0.36849213601705655
1692 -0.3761514130257151
1693 -0.3758016501952247
1694 -0.36409059052472303
1695 -0.36445778504719906
1696 -0.3669494691596952
1697 -0.3657383335083976
1698 -0.3667804946651704
1699 -0.36389028774196075
1700 -0.3620280955846763
1701 -0.3694636621948968
1702 -0.3835012258917194
1703 -0.38524650845854513
1704 -0.3706115810271894
1705 -0.3694151930399028
1706 -0.3654722612900174
1707 -0.3515745859681606
1708 -0.35087066462566685
1709 -0.35833658714968886
1710 -0.36248200319767687
1711 -0.3636012777697064
1712 -0.3666280401415335
1713 -0.36514974151418556
1714 -0.36202039497932015
1715 -0.3628075174494175
1716 -0.36015551879406105
1717 -0.36100323470852724
1718 -0.36914363438233955
1719 -0.373347270294656
1720 -0.3755252259943467
1721 -0.3745614004218626
1722 -0.3737542936431667
1723 -0.3799637372481677
1724 -0.381164990778769
1725 -0.3842325217002336
1726 -0.38672103230024846
1727 -0.37044431818620305
1728 -0.3567947332528959
1729 -0.3579695240385746
1730 -0.36071185115623294
1731 -0.3623422938592835
1732 -0.36106143495015086
1733 -0.3574866897198824
1734 -0.3649277427692863
1735 -0.36973709191986626
1736 -0.36493908674892517
1737 -0.36780127030774024
1738 -0.36973662205806457
1739 -0.36957899154317864
1740 -0.3770603236577137
1741 -0.3788775306204196
1742 -0.36900848013932663
1743 -0.3466705126737656
1744 -0.34212137820111
1745 -0.35346633410680584
1746 -0.3581962569154268
1747 -0.361279038013537
1748 -0.36497699223401603
1749 -0.3668338293634791
1750 -0.364482344073883
1751 -0.36724132257379116
1752 -0.3673033172237644
1753 -0.36598124790569797
1754 -0.3661502224002229
1755 -0.3682049887324079
1756 -0.3709993807541323
1757 -0.37644706084816104
1758 -0.3856919071539482
1759 -0.37086393568589027
1760 -0.36197445043843324
1761 -0.36338838083576774
1762 -0.3613904331623069
1763 -0.3683974118732417
1764 -0.37767518633214825
1765 -0.37746513284005134
1766 -0.36436623441586546
1767 -0.3635023089784454
1768 -0.3702973501017496
1769 -0.36862460623209514
1770 -0.37128368459693906
1771 -0.37819296431085514
1772 -0.3833520762919256
1773 -0.3832863068563077
1774 -0.3769204549054528
1775 -0.3718560670681974
1776 -0.37389886852487497
1777 -0.37343364493474085
1778 -0.37103777572373
1779 -0.3656149651043197
1780 -0.3582115267147775
1781 -0.36505532781830485
1782 -0.3673856066302704
1783 -0.36946035727105375
1784 -0.37089349166725083
1785 -0.36680866906363163
1786 -0.3681922435471645
1787 -0.37010699009302184
1788 -0.3724330046348361
1789 -0.3762083630958011
1790 -0.37842739779306367
1791 -0.3811289563610841
1792 -0.3776333270248403
1793 -0.36995375525964913
1794 -0.3707202725252797
1795 -0.3735574551981148
1796 -0.3727042528444652
1797 -0.37530291680151295
1798 -0.37442624617884956
1799 -0.36510806124344997
1800 -0.36386133303376367
1801 -0.3624694090465005
1802 -0.3637161372561869
1803 -0.3757520902825606
1804 -0.3762997823157731
1805 -0.370213349041705
1806 -0.36496377718697093
1807 -0.36509640681587685
1808 -0.36373830308012567
1809 -0.35548634884367614
1810 -0.35006402770877254
1811 -0.35195877032332634
1812 -0.34938466539296253
1813 -0.3521062082695816
1814 -0.353939445718669
1815 -0.3453588233407029
1816 -0.3351469583272453
1817 -0.33112491068333505
1818 -0.3371826800744351
1819 -0.3329413177136
1820 -0.3299471057990425
1821 -0.33116250572049155
1822 -0.33381827916149265
1823 -0.33075439161431097
1824 -0.3293267436572971
1825 -0.32334429575187207
1826 -0.31132046701487304
1827 -0.3173658016686639
1828 -0.31988235525577835
1829 -0.31521649022923637
1830 -0.31002433830639
1831 -0.307558303978248
1832 -0.30764137369448963
1833 -0.30312496871567596
1834 -0.29293419839119184
1835 -0.2874171531124732
1836 -0.28886241179804517
1837 -0.29437537184318485
1838 -0.3025687957673713
1839 -0.3028817438704412
1840 -0.2987479626273212
1841 -0.28833110832435893
1842 -0.2819990766250161
1843 -0.2792325289311134
1844 -0.2774414612372683
1845 -0.2801839197662884
1846 -0.27943392247154586
1847 -0.28145502796608646
1848 -0.28676768522846374
1849 -0.28291789738021644
1850 -0.2704289764644452
1851 -0.26884052448006435
1852 -0.26949975145320915
1853 -0.2677121480970742
1854 -0.26751122441844344
1855 -0.25917398629957933
1856 -0.24328902573469435
1857 -0.23433046612777642
1858 -0.2282122627061749
1859 -0.2275618550985622
1860 -0.23158059781862927
1861 -0.229019238073509
1862 -0.23004896449297285
1863 -0.22741379625643854
1864 -0.2271944815395136
1865 -0.23722902255471612
1866 -0.24721431410518901
1867 -0.24590798444827455
1868 -0.24453211057009783
1869 -0.2533886872871406
1870 -0.26308907372164303
1871 -0.2734236386180994
1872 -0.27296203039974254
1873 -0.26856425969305353
1874 -0.2676838142847455
1875 -0.2655922332251397
1876 -0.26351717213642223
1877 -0.26272310136819876
1878 -0.2584774747372126
1879 -0.2592057760698181
1880 -0.2684497106545075
1881 -0.2716986508078063
1882 -0.2679723627749986
1883 -0.25683020161533976
1884 -0.2529229938352048
1885 -0.25801742713832754
1886 -0.25847416981336924
1887 -0.25677686691703105
1888 -0.26264003165195715
1889 -0.2723654189724397
1890 -0.2829504674601909
1891 -0.29278174386755496
1892 -0.3069453319939245
1893 -0.3213184841278841
1894 -0.3317218325585721
1895 -0.3469272713937801
1896 -0.35743869042668996
1897 -0.3618882352122159
1898 -0.36957977185291446
1899 -0.3766661965285134
1900 -0.3756235655099389
1901 -0.3801849556833312
1902 -0.3891941659605831
1903 -0.3977913083094373
1904 -0.39731318012019234
1905 -0.39464905717546106
1906 -0.3947395170491248
1907 -0.39669565304048826
1908 -0.4027897672972075
1909 -0.3999105939057025
1910 -0.4040566308495591
1911 -0.413980238197993
1912 -0.41623122207936136
1913 -0.42204451645368923
1914 -0.42819245489322366
1915 -0.42494369377649743
1916 -0.4177136059402883
1917 -0.4103730739218169
1918 -0.40707048862227535
1919 -0.4096265409647848
1920 -0.42312476213212524
1921 -0.42597011527211814
1922 -0.41023542771552934
1923 -0.40883247019656155
1924 -0.413606095377391
1925 -0.4087214051184309
1926 -0.41211365035919534
1927 -0.41803141958667267
1928 -0.4178462355691941
1929 -0.41047943287050004
1930 -0.407658770168553
1931 -0.4151160327409107
1932 -0.42018499529625164
1933 -0.4195005884005545
1934 -0.4161151124213436
1935 -0.42338341619057795
1936 -0.4276331280551431
1937 -0.41938874301268814
1938 -0.41883727619383104
1939 -0.42134579072514944
1940 -0.4203775694711521
1941 -0.4211099560373366
1942 -0.42606767447797467
1943 -0.42958390901868526
1944 -0.4286982876191282
1945 -0.4288217874345679
1946 -0.42905653136471056
1947 -0.43080638864962195
1948 -0.43255624593453323
1949 -0.43274142995201204
1950 -0.4325397259636453
1951 -0.43075305395131325
1952 -0.4291597364236176
1953 -0.4285001990025389
1954 -0.43411605365865136
1955 -0.44475191223060406
1956 -0.44311329906039565
1957 -0.4330335938140424
1958 -0.42281009399571645
1959 -0.42188843817847455
1960 -0.42764917816422954
1961 -0.42873132756090426
1962 -0.4310779473071853
1963 -0.4347304268485791
1964 -0.43600593072989025
1965 -0.44004090259561635
1966 -0.44757241551868376
1967 -0.4438988609110215
1968 -0.4411645728491591
1969 -0.44519637120240385
1970 -0.4443889539757738
1971 -0.44654661491893166
1972 -0.4507541570282547
1973 -0.45353662341988166
1974 -0.4702991663285282
1975 -0.47843880531530936
1976 -0.4858760966071962
1977 -0.5026585120357842
1978 -0.5226670006218204
1979 -0.5142624324478668
1980 -0.49372718710372443
1981 -0.4972570785507763
1982 -0.5088399518990958
1983 -0.5197129279812317
1984 -0.5235007211795057
1985 -0.518152339947378
1986 -0.5070642937957637
1987 -0.49646650012276883
1988 -0.48759873883995464
1989 -0.47282264859106327
1990 -0.44589494589687684
1991 -0.4114218813085819
1992 -0.3737385427391099
1993 -0.3098228217343961
1994 -0.23815508243327177
1995 -0.15385998267222512
1996 -0.06676498482756554
1997 0.015120739850195797
1998 0.1000627828811449
1999 0.17858990353308157
2000 0.25221264044268854
2001 0.32812975315793835
2002 0.40443752866467797
2003 0.481486040241333
2004 0.5643365022126765
2005 0.6444975299053737
2006 0.7220565887171806
2007 0.796768211634183
2008 0.8544693130426473
2009 0.8988767473085559
2010 0.9458344685424711
2011 0.9679835491011515
2012 0.9909950539928996
2013 1.0
2014 0.9871829004272188
2015 0.9751452868826245
2016 0.9480314996927668
2017 0.9466888055475282
2018 0.9637857100759522
2019 0.9686976713920765
2020 0.9531125640516733
2021 0.912623410343014
2022 0.8623704220707364
2023 0.781039648172247
2024 0.6765780665888068
2025 0.5555291637174589
2026 0.41744804997001195
2027 0.27682547391542234
2028 0.1273081724586811
2029 0.0025693217718172345
2030 -0.1273058215254772
2031 -0.27358614305610063
2032 -0.37614733617193674
2033 -0.45801779569867473
2034 -0.5480638633282136
2035 -0.6221617339511571
2036 -0.6724823757545857
2037 -0.7275221846320323
2038 -0.7742179665063567
2039 -0.7814866329970629
2040 -0.7807569024563475
2041 -0.7800416567569197
2042 -0.7753935814955083
2043 -0.7690165449788817
2044 -0.7514520516600836
2045 -0.7309027866881281
2046 -0.7118456562864341
2047 -0.6870225902850311
2048 -0.6597039339741256
2049 -0.6443238225178043
2050 -0.6219553154535424
2051 -0.5907204809629033
2052 -0.5660270501144973
2053 -0.5360843578592915
2054 -0.49283477681990884
2055 -0.46050238334208216
2056 -0.4504306648779869
2057 -0.4282170055401072
2058 -0.413060016237188
2059 -0.41260105939597314
2060 -0.40784174001985873
2061 -0.39827118080305335
2062 -0.3966825974073106
2063 -0.39942284177015797
2064 -0.38238070114815226
2065 -0.364069336421882
2066 -0.36230862464183844
2067 -0.37184550339829425
2068 -0.3701683638471266
2069 -0.37177393707555884
2070 -0.37262305419562947
2071 -0.36667304495881703
2072 -0.3651901716133835
2073 -0.3683895518540181
2074 -0.37501530803486327
2075 -0.3693582429698169
2076 -0.35450191806672515
2077 -0.3466547730126135
2078 -0.3481668918914732
2079 -0.3481624962099602
2080 -0.3484543496240563
2081 -0.3498665683678521
2082 -0.3493152805855676
2083 -0.34650356866051424
2084 -0.33676954101107215
2085 -0.33284581326004914
2086 -0.33633009861665397
2087 -0.3350163788023178
2088 -0.3338505387935329
2089 -0.3356131412636876
2090 -0.33912968625233253
2091 -0.3405944593847011
2092 -0.34507342874022595
2093 -0.35519889949089367
2094 -0.35213232791573745
2095 -0.3344439963310595
2096 -0.31394743678174386
2097 -0.3091426427265441
2098 -0.3185730311229552
2099 -0.32410280196421204
2100 -0.3126467809803858
2101 -0.30863272476706105
2102 -0.3094650114683092
2103 -0.3098929784717266
2104 -0.3156291594307977
2105 -0.3121613940450809
2106 -0.3115673156116856
2107 -0.3210925595632732
2108 -0.31975097579840994
2109 -0.30232494164646784
2110 -0.2929911484612777
2111 -0.2945690367757555
2112 -0.2972415092242171
2113 -0.2982213652830824
2114 -0.2907232027497254
2115 -0.28862735741996826
2116 -0.289825926922595
2117 -0.2924738403443724
2118 -0.29074836304957274
2119 -0.28479804336482595
2120 -0.2866518860183802
2121 -0.2857876501330259
2122 -0.27835903182093125
2123 -0.2792325289311135
2124 -0.2809823862160249
2125 -0.28194481058290455
2126 -0.2888056211418266
2127 -0.2863150277870007
2128 -0.2712604828559577
2129 -0.27011633880930985
2130 -0.2755605349429229
2131 -0.2772729566045451
2132 -0.2755106645823244
2133 -0.2705862965313969
2134 -0.2673784353756703
2135 -0.27003878353475697
2136 -0.27379840233456965
2137 -0.26737073477031403
2138 -0.2613143469621132
2139 -0.2553161790182412
2140 -0.25063032968310084
2141 -0.25326849239554383
2142 -0.2649580351404809
2143 -0.2766319696356274
2144 -0.2658766964818141
2145 -0.24980150731956297
2146 -0.24671037671772245
2147 -0.2519893731424553
2148 -0.25485111484197454
2149 -0.25253704555296275
2150 -0.2415061285080068
2151 -0.23864485667028945
2152 -0.2391974142468165
2153 -0.2387238411529523
2154 -0.23553249996811365
2155 -0.23369626804311738
2156 -0.23465174411187117
2157 -0.23294705105811075
2158 -0.23210310992928918
2159 -0.22813879266520087
2160 -0.22302058064513008
2161 -0.21905863696108208
2162 -0.22785040358881536
2163 -0.23490834341801847
2164 -0.2237896505273732
2165 -0.22125358249346205
2166 -0.22272888664490142
2167 -0.21742127396241118
2168 -0.21279362486889442
2169 -0.20538670251893665
2170 -0.1998652615587051
2171 -0.20041324441714647
2172 -0.20010047535064934
2173 -0.1996970673739159
2174 -0.19660862080005015
2175 -0.1949407424737104
2176 -0.19808330405562058
2177 -0.1934602296801896
2178 -0.18015205807364265
2179 -0.1715383957539004
2180 -0.17629519051590758
2181 -0.17926391205997838
2182 -0.17675131229508123
2183 -0.1762945696200392
2184 -0.17532743912371185
2185 -0.16993784748265028
2186 -0.16566435690113668
2187 -0.16066982373307814
2188 -0.16063647334336795
2189 -0.16626993872803852
2190 -0.16724570955332496
2191 -0.15786144473437325
2192 -0.1542515768075179
2193 -0.14813776906742948
2194 -0.14025209763235846
2195 -0.14375667774549583
2196 -0.14612894727613113
2197 -0.14129033296941973
2198 -0.13578949721365496
2199 -0.13269805616388042
2200 -0.12834654044601235
2201 -0.1231213485813899
2202 -0.1203334153732849
2203 -0.1264352582378655
2204 -0.13196143333005028
2205 -0.12845006433265427
2206 -0.10955090754461316
2207 -0.0920726294520322
2208 -0.09121325910999267
2209 -0.09376631697659354
2210 -0.09672637856899968
2211 -0.09494348134231234
2212 -0.08956174972047393
2213 -0.08463376629776909
2214 -0.0787720027684472
2215 -0.06582254476928462
2216 -0.05225573872698985
2217 -0.054722844190096875
2218 -0.05317424903425627
2219 -0.05626725070350225
2220 -0.05113360947021384
2221 -0.03087465691558755
2222 -0.028548933199002535
2223 -0.031301011025995584
2224 -0.02858748758246754
2225 -0.018453826741936852
2226 -0.010750965744304342
2227 -0.010105244643433986
2228 -0.0021705027802054744
2229 -0.0034395282251922232
2230 0.0006859035141972836
2231 0.010070478781083025
2232 0.007883102442697298
2233 0.013164444444965007
2234 0.026311831646849804
2235 0.04243939616110137
2236 0.04735434357333368
2237 0.05402005999157522
2238 0.06045938198340406
2239 0.06565941354817917
2240 0.07598593938883957
2241 0.07712552834010689
2242 0.0850141942510867
2243 0.09467789736953036
2244 0.10093929408994096
2245 0.11285049712933737
2246 0.12485642431254895
2247 0.133716484990007
2248 0.1415886309300991
2249 0.14339592776960286
2250 0.14756665515150513
2251 0.15087254537489003
2252 0.1587530408187121
2253 0.16831762411182738
2254 0.17403590351711085
2255 0.18241435204490886
2256 0.19088752471652182
2257 0.19923750802062923
2258 0.2073815230662186
2259 0.21058751315453916
2260 0.2222189870692144
2261 0.2377298048134977
2262 0.24066015101067606
2263 0.24420029567969692
2264 0.25158723372105607
2265 0.25764393197719104
2266 0.26228414721937865
2267 0.2648725906052902
2268 0.27389345531011555
2269 0.29394992356663896
2270 0.29896336990833117
2271 0.3039243932728122
2272 0.3104758711004416
2273 0.306332537807265
2274 0.31283006004071745
2275 0.3194680915450041
2276 0.3183924205846538
2277 0.3232955345327406
2278 0.33334172997551614
2279 0.34767445201027747
2280 0.35588015125790595
2281 0.35533547332330806
2282 0.36021420728128284
2283 0.37103069477533346
2284 0.3804308782920094
2285 0.3849963536989809
2286 0.38250437876125587
2287 0.3905996142039172
2288 0.396212004522319
2289 0.3976767776546877
2290 0.4002581413311119
2291 0.4054013542371626
2292 0.40790420329272514
2293 0.4079117724867196
2294 0.4158545534057443
2295 0.41827151730572854
2296 0.41867035056437607
2297 0.41712219726783184
2298 0.41638981070164727
2299 0.41389890689888675
2300 0.407315320473284
2301 0.4063477004924503
2302 0.40349417688529976
2303 0.4086332849350669
2304 0.40655822384634854
2305 0.39840130420164876
2306 0.3952560389690587
2307 0.38984175688995104
2308 0.38956200814252506
2309 0.3843711260139211
2310 0.37294983700270423
2311 0.35822913620442676
2312 0.35728656473478404
2313 0.36912994358625695
2314 0.3640278096777787
2315 0.3501225651619273
2316 0.3398018165856793
2317 0.32464294318722664
2318 0.3064774231369074
2319 0.28878108049893925
2320 0.27846806053055295
2321 0.27079460448021386
2322 0.2530243219394701
2323 0.23319531924432413
2324 0.21629444858018365
2325 0.2041658018912682
2326 0.1926707323911434
2327 0.1789473669689281
2328 0.16933400407288413
2329 0.1607421971291465
2330 0.14486148121170772
2331 0.12801740958358576
2332 0.11243530331366891
2333 0.09017093265211673
2334 0.05669156471392789
2335 0.037359292933726085
2336 0.05178986035124611
2337 0.058197551986703955
2338 0.03253972694348284
2339 0.013267498469805128
2340 -0.0053201440716033055
2341 -0.027359652923709454
2342 -0.04311626775254507
2343 -0.05970936630486501
2344 -0.061771231969242835
2345 -0.06641444168733945
2346 -0.08130742190398454
2347 -0.09696143294707671
2348 -0.10849709196026702
2349 -0.11824230417548054
2350 -0.13040885634948685
2351 -0.1399314489239324
2352 -0.1516988573913567
2353 -0.16141998044168804
2354 -0.16283929851767653
2355 -0.17103256302799597
2356 -0.18233914358679904
2357 -0.19108387491597545
2358 -0.19825558347398875
2359 -0.2052834974600296
2360 -0.21482778599661256
2361 -0.22162504128608962
2362 -0.22586502206402526
2363 -0.23684213454887082
2364 -0.24526197252217508
2365 -0.25090173730659737
2366 -0.25885208741961596
2367 -0.2660990056746475
2368 -0.26842564111233014
2369 -0.26531154475411023
2370 -0.266998806115885
2371 -0.2832725257540216
2372 -0.2849322336132035
2373 -0.27078722021002755
2374 -0.26811474776156596
2375 -0.2796854968205109
2376 -0.2948374499233434
2377 -0.29821288436799054
2378 -0.2958409252852894
2379 -0.2929382836247708
2380 -0.2933785063289248
2381 -0.2997901434067991
2382 -0.3049693711078296
2383 -0.3007723926684097
2384 -0.3091936122246134
2385 -0.30907042285710784
2386 -0.30062055904064144
2387 -0.30307067467105886
2388 -0.30388175489467684
2389 -0.311396437398922
2390 -0.31170512123184035
2391 -0.30500511470028535
2392 -0.3089583984326689
2393 -0.3105934158538052
2394 -0.3107661651339748
2395 -0.309650195485788
2396 -0.30925813148869363
2397 -0.31737006593881545
2398 -0.3251070576358941
2399 -0.3187443791975204
2400 -0.31827551223310335
2401 -0.3194002732443163
2402 -0.3162492307473138
2403 -0.3244925250320988
2404 -0.3329829979843357
2405 -0.3329981167496192
2406 -0.3345094553187432
2407 -0.3348522698511077
2408 -0.3253898008592291
2409 -0.3202431236154679
2410 -0.3241224674450758
2411 -0.3251141569680869
2412 -0.3301988395618748
2413 -0.3333203260775168
2414 -0.33034751929986717
2415 -0.32602368849595387
2416 -0.32654620060661366
2417 -0.3354739017870957
2418 -0.33859081358465193
2419 -0.3292591031542732
2420 -0.3316474031712898
2421 -0.33633891798218585
2422 -0.3307557928199152
2423 -0.31712194754776024
2424 -0.3158659581132459
2425 -0.3298615114686937
2426 -0.33964496761943797
2427 -0.33782507662875727
2428 -0.321555752672134
2429 -0.3181916622071258
2430 -0.33199557273147584
2431 -0.3337616395393408
2432 -0.32274126654158297
2433 -0.3233353449749783
2434 -0.32824867949420133
2435 -0.32177933165921
2436 -0.3239605726600384
2437 -0.3298322659352675
2438 -0.3420699229500078
2439 -0.3397923775631876
2440 -0.33119445490459754
2441 -0.3333816718291158
2442 -0.3340649879671429
2443 -0.33911632017122073
2444 -0.34326771214289875
2445 -0.3392368255107515
2446 -0.3253687257929606
2447 -0.3242613964737334
2448 -0.3285112873748711
2449 -0.33297891275075653
2450 -0.3302855246498939
2451 -0.32492819264087247
2452 -0.33073014303556114
2453 -0.33440309637006005
2454 -0.33643237233175827
2455 -0.3351888176345531
2456 -0.334765114901287
2457 -0.33293296820986995
2458 -0.33011199505998845
2459 -0.3328297631509629
2460 -0.335239157856953
2461 -0.3304834538526159
2462 -0.3246317645086907
2463 -0.32654242582096904
2464 -0.33724467472440833
2465 -0.3387789920780395
2466 -0.3370983881891614
2467 -0.3462406503319102
2468 -0.3373916428088618
2469 -0.33058525770591873
2470 -0.3319041535115038
2471 -0.32616388731885393
2472 -0.3288770806917427
2473 -0.33168988337446625
2474 -0.3300426102525934
2475 -0.3263945263927127
2476 -0.3225331037395972
2477 -0.3205236330499249
2478 -0.3183367265733408
2479 -0.3273995623741307
2480 -0.3309241464185717
2481 -0.3280539238039605
2482 -0.3244597955382569
2483 -0.32017735417985005
2484 -0.3239118126798155
2485 -0.3339542137142415
2486 -0.3384989525053841
2487 -0.3413856950908831
2488 -0.337112514957304
2489 -0.3230134460950149
2490 -0.32016052376102777
2491 -0.3259513092126499
2492 -0.32127380938123984
2493 -0.31435917463950236
2494 -0.3167964332960197
2495 -0.3318428077599047
2496 -0.3352396277187547
2497 -0.328962528090037
2498 -0.3520825436006362
2499 -0.4174855773269991
2500 -0.9088914822303301
2501 -0.9723662439158566
2502 -0.9995209208442474
