0
1
2506
-3 0.1158880331802834
-2 0.11565021583566136
-1 0.11510321317225489
0 0.11430652502030425
1 0.11328825213478233
2 0.11206986415212335
3 0.11067425961986514
4 0.1091895228526226
5 0.10757294007159944
6 0.10583069618883083
7 0.10396785463208066
8 0.10200704495727785
9 0.09997584236172193
10 0.09789157438212574
11 0.09577000336575327
12 0.0936265815479145
13 0.09148287278150968
14 0.08935880915944558
15 0.08726951781713274
16 0.08523172952473489
17 0.08326087857281492
18 0.0813708365957266
19 0.07957435773342288
20 0.07787932489393316
21 0.07629037211726566
22 0.07481304281602488
23 0.07345483913007236
24 0.07222349490949875
25 0.07111647270083683
26 0.07012666041418246
27 0.06925275873728799
28 0.0684962624494586
29 0.0678558282020917
30 0.0673187811581829
31 0.06687494062967098
32 0.06651868993814397
33 0.06623840031101935
34 0.06602151476125596
35 0.06585474191904268
36 0.06573338357643413
37 0.0656518117173682
38 0.06559818762145385
39 0.06556488430296122
40 0.0655453556585974
41 0.06553141727502561
42 0.06551403168072599
43 0.06548626812663874
44 0.06544161699949845
45 0.06537710752989746
46 0.06528944667345216
47 0.0651785923667357
48 0.06504442893891539
49 0.06488390302856611
50 0.0646980858747602
51 0.06448851795347399
52 0.06425645148902677
53 0.0639977980680766
54 0.06371203370628338
55 0.0634044268107152
56 0.06307929004774895
57 0.06273544002819438
58 0.062375318884461926
59 0.062003539782702115
60 0.06161940696040813
61 0.061224970068625616
62 0.06082352161017429
63 0.06042020767455253
64 0.06001374883944429
65 0.059605240873446715
66 0.05920067213679916
67 0.05879878541070628
68 0.05839610834125648
69 0.05799843479872606
70 0.05761058140849397
71 0.057228282018861494
72 0.05684715907710122
73 0.05646422636439623
74 0.05608415762218236
75 0.05570710089805809
76 0.05533130484621195
77 0.05495920607831483
78 0.05459253719742967
79 0.0542363851547613
80 0.053886145331964876
81 0.05353287500050375
82 0.053178740788652
83 0.05283082987218732
84 0.05249119020792343
85 0.05215314507201327
86 0.05181815284368552
87 0.051495612598713776
88 0.05118482562485855
89 0.05088098503119473
90 0.0505765473534049
91 0.050273817959683345
92 0.04997876844296587
93 0.049687424640450006
94 0.04939528958932985
95 0.04910474642268077
96 0.04882616282300355
97 0.048560600598105914
98 0.048305535894021825
99 0.04806295848337789
100 0.04783008333346756
101 0.04760687928367687
102 0.047394293732751086
103 0.047191325086168086
104 0.046998553824554784
105 0.04681268151938311
106 0.046636067146466925
107 0.04647260514732545
108 0.04632141166164756
109 0.04618166538629589
110 0.04605183802038569
111 0.04593281015732104
112 0.04582380084982322
113 0.04572062847667217
114 0.045622524154982094
115 0.04553161974253545
116 0.04544570177102005
117 0.045362301455896044
118 0.04527954661683627
119 0.04519737546486601
120 0.04511674718240969
121 0.04503409468193458
122 0.04494843157781956
123 0.04486309558597562
124 0.04478063919415014
125 0.04470340485888005
126 0.04462707540440487
127 0.04454723983645812
128 0.04446548540898932
129 0.04438069023163639
130 0.04428913157249259
131 0.04418633599960831
132 0.04407411139323064
133 0.04395362318202599
134 0.04382298964704988
135 0.04368359926703007
136 0.04353702565188905
137 0.04338536176752073
138 0.043229754813602896
139 0.043071459073128836
140 0.04291109939952753
141 0.04274737073295299
142 0.042578084197033995
143 0.042404121408129734
144 0.04222640984024085
145 0.042043623354403516
146 0.04185788854759331
147 0.04166997731966143
148 0.04148237508436003
149 0.041296149292326036
150 0.04110891053535021
151 0.040922199774936475
152 0.04073834307206874
153 0.04055938013066968
154 0.040383224594648735
155 0.04020400591775221
156 0.040021753850600514
157 0.039836816989439465
158 0.03964859740882539
159 0.039454080427329126
160 0.039250697179082084
161 0.03904808411342485
162 0.038849910415943746
163 0.03865279904807072
164 0.038454956907658884
165 0.038255323040875644
166 0.038055705199170876
167 0.03785527795166081
168 0.037654634040497084
169 0.037458601238188574
170 0.037269123350693996
171 0.037087644100600406
172 0.03691485772529098
173 0.03674741196985689
174 0.03658147635356782
175 0.03641529116765381
176 0.036251783786173254
177 0.03609258061933643
178 0.03593712514039843
179 0.03578229602213264
180 0.035630289219833904
181 0.03548445910476264
182 0.0353412675688607
183 0.03520059405094224
184 0.03506516691938909
185 0.034937761493500155
186 0.03481643694662584
187 0.034695595939172784
188 0.034575095809296394
189 0.034457601526859546
190 0.0343405117472389
191 0.0342222943398533
192 0.03410470341373823
193 0.03399190899426468
194 0.03388495241802201
195 0.03378050752732264
196 0.033680668801509994
197 0.033588395586199034
198 0.03350331100725944
199 0.033424859978983174
200 0.033351145629272626
201 0.033283665258935544
202 0.03322433799728879
203 0.03317513228963442
204 0.0331376207301662
205 0.033109140037378144
206 0.033091761264414786
207 0.03308752418987697
208 0.03309523875907011
209 0.03310948085080307
210 0.03313066475529869
211 0.03316146009744171
212 0.03319745663877145
213 0.033239254354766205
214 0.033290211136628486
215 0.03335434675993963
216 0.03342883600805058
217 0.03350944717357765
218 0.0335964838361248
219 0.03369147045272392
220 0.03379261678955211
221 0.03389815028238502
222 0.03400661219549255
223 0.034118075395938884
224 0.034234178735565286
225 0.034350278365744696
226 0.03446861030220745
227 0.03459083336334813
228 0.034718334039203644
229 0.034853931967196994
230 0.034994682974529824
231 0.035140845832323665
232 0.03529105239021786
233 0.035445575967732595
234 0.03560260244540017
235 0.035758889612627326
236 0.03591892797173908
237 0.036084486104234606
238 0.036248977371496655
239 0.036414389455357396
240 0.03658629224758493
241 0.03676179960549607
242 0.036939185589470305
243 0.037116893200079125
244 0.037299804107048654
245 0.03748886702403184
246 0.03767719608343241
247 0.03786469865895
248 0.03805408455203365
249 0.03824553225150264
250 0.03843640996861461
251 0.038626183304981694
252 0.03882006658646713
253 0.03902265772737108
254 0.0392331900587672
255 0.039450595685519486
256 0.03967311338115026
257 0.03989432664555949
258 0.04011379801968399
259 0.04033008045936742
260 0.04054307304767972
261 0.040753371354029906
262 0.04096251396507889
263 0.04117675893184323
264 0.04139275221820479
265 0.04160667605508784
266 0.041816780740012265
267 0.04202488782003838
268 0.042229919987652034
269 0.04242910755943425
270 0.04262056649196865
271 0.042802442439414945
272 0.04298097690686213
273 0.04315416087893563
274 0.043319958772626996
275 0.043476443489750015
276 0.04362536257554191
277 0.04377469084221441
278 0.04391820309968669
279 0.04405333778419214
280 0.04418028037331357
281 0.04429682965520527
282 0.04440585715039088
283 0.04450483000908241
284 0.04459137377548124
285 0.044668446103409296
286 0.04473557466586713
287 0.044786427839583746
288 0.04481617027820028
289 0.044824594464747805
290 0.04481710731244038
291 0.0447970894880994
292 0.04476422584157818
293 0.04471938070814187
294 0.04465896232373606
295 0.0445819366759956
296 0.04449063399744689
297 0.04438242308714114
298 0.04425831074858021
299 0.04412358634553101
300 0.04398021383915496
301 0.04382812759389475
302 0.04366421389020946
303 0.04348845733641757
304 0.043301091075214994
305 0.04310024274556937
306 0.0428881839898698
307 0.04266619169581421
308 0.04243451320760611
309 0.04219268552825476
310 0.041942734272785304
311 0.04168883303182373
312 0.04142805380967825
313 0.04116123066502213
314 0.04089223133596415
315 0.04062379614153014
316 0.04035459576532424
317 0.04008184306659924
318 0.03981052001605091
319 0.039543728431028005
320 0.03928334544987062
321 0.039027929866288655
322 0.03877727538639932
323 0.03853444308400601
324 0.03829809231112775
325 0.03806531735527373
326 0.03783594152625355
327 0.03761271756830658
328 0.03739898335332092
329 0.03719895252516711
330 0.03701212851196873
331 0.03683577803731137
332 0.036668810206314684
333 0.03651199827458677
334 0.03636489191807317
335 0.03622189444800095
336 0.036087203570277435
337 0.035965081439636386
338 0.03585641540773307
339 0.03576214381264863
340 0.03567781073355348
341 0.03560631809758312
342 0.035546293281502536
343 0.03549620366206957
344 0.03545614159268433
345 0.03542586191320414
346 0.035408098727217126
347 0.035401822038723225
348 0.03540696442909572
349 0.035420701532471066
350 0.03544051352660861
351 0.03546635487161195
352 0.03550060984693074
353 0.03554491286491002
354 0.03559689575233268
355 0.03565198315508444
356 0.03571206419815101
357 0.0357808271853773
358 0.03585714533989462
359 0.03594094324016797
360 0.03603132931336027
361 0.0361292305668189
362 0.03623751020902904
363 0.03635549311422292
364 0.03647912785888725
365 0.03660465160204191
366 0.03673108610260297
367 0.036860784247990094
368 0.03699478037087186
369 0.03713470419616414
370 0.037282319952180856
371 0.03743696700681242
372 0.03759428209606388
373 0.03775255207133772
374 0.0379131532469004
375 0.03807732951182573
376 0.038246109082264536
377 0.0384172096856714
378 0.038593305980913914
379 0.03878188074527952
380 0.03898127919496295
381 0.03918225077990993
382 0.0393819317394292
383 0.039581592263697424
384 0.03978116274586224
385 0.039977715989859504
386 0.04017582156022219
387 0.04038035811917355
388 0.04058919740605908
389 0.040800518295164304
390 0.041010266297127444
391 0.04122017063897981
392 0.041431353090888134
393 0.04164095954135334
394 0.04184460807463335
395 0.042041811735788436
396 0.0422362755250508
397 0.0424293506617509
398 0.04262403199578474
399 0.042817963263014486
400 0.04301138421123219
401 0.04320490419429435
402 0.04340010470593391
403 0.04359791366727353
404 0.04379245270086823
405 0.0439834683506775
406 0.04417252168257275
407 0.04435739262881805
408 0.044532898402261586
409 0.044698090259618996
410 0.044855037805749294
411 0.04500726501575642
412 0.045156247223555296
413 0.04530256251590538
414 0.04545148035404748
415 0.04560139386676469
416 0.045751541507887065
417 0.045902145756345554
418 0.046049581872458924
419 0.046193434124608974
420 0.046331558449955186
421 0.04646523814516707
422 0.04659402347404375
423 0.04671682881704296
424 0.046834733989176626
425 0.04694866996832764
426 0.047058662296437265
427 0.04715896941220601
428 0.04725000853446248
429 0.047335661543418915
430 0.04741569646021983
431 0.047486432693404405
432 0.047545199132901256
433 0.04759745422453389
434 0.04764590425698741
435 0.0476871375189051
436 0.0477219359842475
437 0.04775266700616917
438 0.04778123206663601
439 0.04780303461927649
440 0.047815234857127624
441 0.04782240323548774
442 0.04782719788976141
443 0.04783342317067297
444 0.047843981287401444
445 0.047858551692994154
446 0.04787393962849224
447 0.04788767330474806
448 0.0478945477030929
449 0.047888481862603735
450 0.04786944417364098
451 0.04783890798823283
452 0.04779686789228912
453 0.047748509352715116
454 0.04770067754826167
455 0.04765037253375137
456 0.04759168378237357
457 0.04752017440511361
458 0.04743717905593356
459 0.04734025747490043
460 0.04721854990876294
461 0.04707340595530376
462 0.046907120348117816
463 0.04671582537970412
464 0.04649875830992368
465 0.04625794912385937
466 0.04599704323175925
467 0.045711945919968085
468 0.045403289784755045
469 0.045075638450213944
470 0.04472476369573744
471 0.044351493863814304
472 0.043964959906316624
473 0.043577953041857014
474 0.043195203986002295
475 0.04282244912521175
476 0.04247262352217665
477 0.04214877840210014
478 0.04185530418162329
479 0.04159061772351336
480 0.04135175947538217
481 0.04113263141549678
482 0.040920553126261916
483 0.04071525864968663
484 0.04051020577980726
485 0.040307019500826914
486 0.04010667813273825
487 0.03991295953375397
488 0.03974202288425539
489 0.039590688949154476
490 0.039459742428333194
491 0.03934694519126745
492 0.039249894580395676
493 0.03916926832349556
494 0.0391001063633104
495 0.039042846167997886
496 0.03899297683423962
497 0.03894747916142547
498 0.03890804948490844
499 0.038874254435987216
500 0.038843493331018095
501 0.03881467201205606
502 0.03878980642679319
503 0.03877063318499727
504 0.038752125592334014
505 0.03873011304944842
506 0.03870069756618879
507 0.03866234504031032
508 0.038614570438463634
509 0.03855363789663555
510 0.038476329474461786
511 0.03838520518211381
512 0.03828727132525739
513 0.03818424755783111
514 0.038074789648800275
515 0.03795876279542687
516 0.03784101383301105
517 0.03772907491000146
518 0.03762454285521637
519 0.03751709855304057
520 0.037404405012744044
521 0.037294522116781005
522 0.03719071239630744
523 0.037087798005381985
524 0.03697605517850357
525 0.0368660655104587
526 0.036764796668298017
527 0.03666658239938109
528 0.03656854866543869
529 0.03647176463214622
530 0.03638417040237758
531 0.03630308998086094
532 0.03622121285324837
533 0.03613935283165743
534 0.03605824927650405
535 0.03597976500876031
536 0.035904794298902344
537 0.03583238973670174
538 0.03576406751152949
539 0.03569933081843585
540 0.035643648667165594
541 0.0355955957074544
542 0.03554497069826199
543 0.035491632442579864
544 0.03543796519432886
545 0.0353850831835744
546 0.03533162688630877
547 0.03527896842812418
548 0.035231299254088654
549 0.03518877512469367
550 0.035149316271351844
551 0.03510682888650571
552 0.03506326305204639
553 0.035020927710566925
554 0.03497834033620807
555 0.03493669086548442
556 0.03489627942918795
557 0.034857117137699824
558 0.03481985769590558
559 0.034782745420548856
560 0.03474645498601952
561 0.034714258644555
562 0.03468356196638988
563 0.0346522163818844
564 0.03461916887635488
565 0.03458711316658886
566 0.03455605408744246
567 0.03451958112505954
568 0.034480306316871635
569 0.03444239321000248
570 0.034404129884271384
571 0.03436550778971729
572 0.03432852230525081
573 0.034294824454944514
574 0.03426034276917957
575 0.03422381024568855
576 0.034190087721079176
577 0.03415726968626602
578 0.034120595939497754
579 0.03408070824254878
580 0.0340412571998131
581 0.03400450822234855
582 0.03396901933075381
583 0.03393458760604747
584 0.033900357636157105
585 0.03386633270068297
586 0.033831978496817273
587 0.033793497967230086
588 0.033750514322225415
589 0.033703751851960805
590 0.03365603823344041
591 0.03360960285877772
592 0.033563796769196484
593 0.03351834243733185
594 0.03347553066706365
595 0.03343657641350932
596 0.03339970292509524
597 0.03336119581285486
598 0.03332053390524202
599 0.033279790084192
600 0.03324038416029009
601 0.03320198283132028
602 0.03315972348970707
603 0.03311078251124498
604 0.03305654260922021
605 0.032999572702201906
606 0.03293931242011734
607 0.032870525417930375
608 0.03279754923942441
609 0.0327263272321045
610 0.032657723064097595
611 0.03259077144696142
612 0.032522578216182936
613 0.03245697306949419
614 0.032394197166089975
615 0.03233244099292879
616 0.03226901502170726
617 0.03220282260738683
618 0.0321345899153425
619 0.03206577772237589
620 0.03199647905834392
621 0.03192483274685045
622 0.0318535877546266
623 0.031788349674354045
624 0.03172762068639282
625 0.0316657153417066
626 0.03160430944174464
627 0.03154057109063282
628 0.03147431495583124
629 0.031405856806909604
630 0.03133754790535027
631 0.031271796024105875
632 0.03120547637198776
633 0.0311418892112706
634 0.031083408989617037
635 0.0310294294554889
636 0.030979487321955133
637 0.030935086979512427
638 0.03089656069723455
639 0.030867168116213206
640 0.030847314097716263
641 0.03083288067909328
642 0.03082437273187857
643 0.03082377299308484
644 0.030828750539689444
645 0.03083497516165811
646 0.030841681463799203
647 0.030848602846183567
648 0.030857874396898608
649 0.03086914089879844
650 0.030881598954747833
651 0.030897418850122003
652 0.03091574339395012
653 0.030936594489543865
654 0.030962147157811686
655 0.030992320317701584
656 0.031028909724585056
657 0.03107510400584166
658 0.031131421769859974
659 0.031195204609631298
660 0.03125938468351658
661 0.03132549651393066
662 0.03139743849747496
663 0.031476059817825745
664 0.0315627700336475
665 0.03165740991397073
666 0.03176456841527886
667 0.031884941145659006
668 0.03201585298329254
669 0.032156012145662334
670 0.03230145793082562
671 0.03245304584366492
672 0.032615977872668116
673 0.03278868647798963
674 0.0329687846323773
675 0.03315700626838543
676 0.0333552262464412
677 0.03356339283283912
678 0.033780165987049186
679 0.034005928823867555
680 0.03423993275344136
681 0.0344829143490047
682 0.034736296458875784
683 0.034998948703162114
684 0.03526781214425932
685 0.03554609014767625
686 0.03583375045017308
687 0.036127133526757664
688 0.03642693029942298
689 0.036733799280497435
690 0.037046129283741534
691 0.037361283746913214
692 0.037681456021895085
693 0.038008228114050656
694 0.038338817694916205
695 0.038668439703329484
696 0.038998402794233666
697 0.03933114532186985
698 0.03966475948297509
699 0.039999348851031784
700 0.04033328524052867
701 0.04066768271365836
702 0.04100518953809176
703 0.041346400802523726
704 0.04168862483303754
705 0.042027369174544894
706 0.042362182216495056
707 0.04269495757094864
708 0.043026662288606556
709 0.04335435127402482
710 0.043676340900035554
711 0.04399002965243937
712 0.044297746472728994
713 0.04460401301016251
714 0.04490593189220656
715 0.045202930358480144
716 0.04549284374772856
717 0.04577778278739539
718 0.04606022348289878
719 0.046334533117112775
720 0.04659985840539936
721 0.04685527679195448
722 0.04710155799969689
723 0.047338644509901794
724 0.04756338518033426
725 0.04777721671538136
726 0.04798130934677681
727 0.04817356553061709
728 0.048353603855092506
729 0.048520865466505865
730 0.04867116037405114
731 0.048807406926174114
732 0.04893084815420361
733 0.04903851447964622
734 0.049125467064264954
735 0.04919077914982696
736 0.049242125002865476
737 0.04928047126741287
738 0.04930399865386632
739 0.04931151808877443
740 0.04930281621305558
741 0.04927908099720585
742 0.04923977182017453
743 0.049180995321345754
744 0.04909937947583287
745 0.04899758537474832
746 0.048878465935792745
747 0.04874381991906776
748 0.04859188527844948
749 0.048421510871088896
750 0.04823578871939267
751 0.04803383674552995
752 0.047815525498197974
753 0.04758077541572741
754 0.04733352609277242
755 0.047081007923269774
756 0.046823542217085304
757 0.046561777748249954
758 0.046292126542708464
759 0.04601137686522966
760 0.045722727811373584
761 0.04542677312167792
762 0.04512686907487861
763 0.04482316362280235
764 0.04451646898742501
765 0.04421357882018443
766 0.04391399986215799
767 0.04361584611397552
768 0.04331320486849971
769 0.04300878011257456
770 0.04271000107926176
771 0.042412128913295016
772 0.04211277935880851
773 0.041812638480568
774 0.041517693530262995
775 0.04122933139047146
776 0.040942528462518946
777 0.04065661350790005
778 0.04037363621547642
779 0.040094301795581586
780 0.039817432104840636
781 0.039545753059142784
782 0.039278026602040376
783 0.039013056365208125
784 0.038755603257420626
785 0.038506441534232806
786 0.038263509323337365
787 0.038027462073348776
788 0.03779945134640884
789 0.03758016701473043
790 0.03736894154856466
791 0.03716513613762336
792 0.03697150974848444
793 0.036786222572318145
794 0.03660776933495267
795 0.036434103073347504
796 0.036261151422216094
797 0.03609121933134697
798 0.03592747715263107
799 0.035770970618217435
800 0.03562299447809778
801 0.035489858677408385
802 0.035372461972131654
803 0.035266334344903096
804 0.03516851451112607
805 0.035076363253434335
806 0.03498973603559695
807 0.03490641738371924
808 0.03482557324774546
809 0.03474961347288319
810 0.03467993373935878
811 0.034619511560026114
812 0.034570232302197836
813 0.03453057533606039
814 0.034497740696123186
815 0.03447197129263337
816 0.034455265696921276
817 0.034444391120075656
818 0.03443696126194612
819 0.03443408098828739
820 0.03443878612858329
821 0.034449819642442286
822 0.03446292160987923
823 0.03447909777063335
824 0.034500373204529686
825 0.03452593699476543
826 0.03455405559055932
827 0.03458352381863785
828 0.034613005163454565
829 0.03464250938348742
830 0.03467637013488252
831 0.03471620283005669
832 0.03476055771713412
833 0.03481228374642979
834 0.034869051969862924
835 0.03492773787280083
836 0.03498504623538946
837 0.03503980500548359
838 0.03509596271975614
839 0.03515039189911999
840 0.03520478790498698
841 0.03526373447909549
842 0.03532596086993411
843 0.035390887421365695
844 0.035460241662275696
845 0.03553760465797393
846 0.03561850578180962
847 0.03569534251123683
848 0.03577491472975561
849 0.035859444232986176
850 0.03594478707753995
851 0.03603183560545648
852 0.03612251278367787
853 0.03621953453716967
854 0.0363166058842404
855 0.03640926424150678
856 0.03649878759421315
857 0.03658589845531471
858 0.03667218217680104
859 0.036757990753819254
860 0.03684332859196467
861 0.0369296836780168
862 0.03701971177167009
863 0.03711179692949193
864 0.037204726841978585
865 0.037297612160511424
866 0.03738986795656709
867 0.03748071935461688
868 0.03756860267560257
869 0.037654405315666085
870 0.03773932121221147
871 0.037821375950273343
872 0.037900132522609625
873 0.037979767878740904
874 0.03806121615810738
875 0.03814231944729178
876 0.03821773172582344
877 0.03828597749059645
878 0.0383502278421182
879 0.03840897319555583
880 0.03846121389251714
881 0.03850716016492759
882 0.03854564477901875
883 0.03858047172564536
884 0.038609023406508375
885 0.03863321078865786
886 0.038655635368508925
887 0.038672942089894344
888 0.038687290262724584
889 0.03870184982496439
890 0.038721861443950976
891 0.038744067878939185
892 0.03876706621869651
893 0.0387897989565287
894 0.03881135919567872
895 0.03883172928519861
896 0.03885126634012466
897 0.038873888898287176
898 0.03889987605277923
899 0.03892920933651668
900 0.0389628801612573
901 0.03900254001374306
902 0.03904589838068305
903 0.03909487564448564
904 0.03914956269641363
905 0.03920888154626922
906 0.039275392720583356
907 0.039348507212867874
908 0.03943004321361364
909 0.039521543605469424
910 0.039621353648514775
911 0.03972763120083839
912 0.039837979911676674
913 0.03995394456854189
914 0.04007792043373357
915 0.040205691656867444
916 0.040335120365403286
917 0.040467057954432825
918 0.04060232436135992
919 0.04074264648587784
920 0.040886428074048645
921 0.041031881503409855
922 0.04118243383961011
923 0.04133636362382368
924 0.04148880393503472
925 0.04163979196521578
926 0.04179175632463653
927 0.04194417177619936
928 0.042098427248455965
929 0.04225747483989621
930 0.042419620125911855
931 0.04258453052111447
932 0.04275178963845179
933 0.042922359385702
934 0.04309336923195356
935 0.04326343494407914
936 0.04343752541574871
937 0.04361682208870219
938 0.04379917699231666
939 0.04398554456099719
940 0.044180774623242346
941 0.044382412017506485
942 0.04458271644298816
943 0.0447794882257389
944 0.0449764766666879
945 0.045172690614273064
946 0.04536520397526523
947 0.04555700003228672
948 0.04574992593855195
949 0.04594118876073131
950 0.046127681674027386
951 0.04630837674603602
952 0.04648347875149245
953 0.0466523934999448
954 0.04681337714520911
955 0.04696725804748829
956 0.04711572666705124
957 0.04725738098756614
958 0.04738972598124882
959 0.047512066937664535
960 0.04762368623397492
961 0.04772523472332844
962 0.047816004375682286
963 0.047897281896508215
964 0.047970594798401045
965 0.04803691452554481
966 0.048098260152294445
967 0.04815289510735545
968 0.048203672204922145
969 0.04825310070124006
970 0.04830583110976539
971 0.04836704217369239
972 0.048438387145691
973 0.04852518215609278
974 0.04863197902234299
975 0.04876168350800009
976 0.04891565343392943
977 0.0490972199766915
978 0.0493121606364605
979 0.04956498372333462
980 0.049861114203490674
981 0.050207727290307765
982 0.050610192890990745
983 0.051071244952022296
984 0.051592054025939596
985 0.05217515990242372
986 0.05282259279646533
987 0.053531258581365065
988 0.054298975526218006
989 0.05512189586893948
990 0.05600211648807729
991 0.05693932117224089
992 0.05792962036860399
993 0.05897384034938003
994 0.06006237896913064
995 0.061189999431381425
996 0.06234190187424032
997 0.06350735710696605
998 0.06468098686301059
999 0.06585060845026514
1000 0.06700883611687725
1001 0.06813606954239226
1002 0.06922427649399135
1003 0.07026692029480253
1004 0.07124715536456418
1005 0.07215290934438999
1006 0.0729847604680003
1007 0.0737504719204901
1008 0.07444337393621127
1009 0.07505633531195821
1010 0.07558377227650334
1011 0.07601357182423385
1012 0.0763340965954956
1013 0.07653749619094236
1014 0.07662437461223268
1015 0.07659261371087209
1016 0.07644116703225382
1017 0.07617549493335385
1018 0.07579956487326947
1019 0.07532242714397466
1020 0.07475181137569174
1021 0.07409563115838878
1022 0.07336524668754181
1023 0.07257001758331545
1024 0.07172220561552252
1025 0.07083660713851407
1026 0.06992447428453279
1027 0.06899836191394719
1028 0.06806833386843267
1029 0.06714613927423169
1030 0.06623965571021223
1031 0.06535180969824457
1032 0.06448716883772788
1033 0.06365251397474814
1034 0.06286332216034927
1035 0.06212844512130941
1036 0.061445742473943805
1037 0.06081521050973183
1038 0.06024686906965184
1039 0.05973912448637034
1040 0.05928361357347362
1041 0.05888066043553828
1042 0.05853349983241084
1043 0.05824633574663609
1044 0.058013369113687846
1045 0.057829468061535085
1046 0.0576914333310718
1047 0.057589729724777716
1048 0.05751618672116988
1049 0.05746496617498557
1050 0.057431306157101715
1051 0.05741250161841712
1052 0.057404851827009
1053 0.057406127530938635
1054 0.05741582792429772
1055 0.05742696140814748
1056 0.057430975936568644
1057 0.0574225380894118
1058 0.05739756048473861
1059 0.057355672441463224
1060 0.05729540356196092
1061 0.057213605416337056
1062 0.05711390741488208
1063 0.05699921332806578
1064 0.05687284059081974
1065 0.056735861865841196
1066 0.05658365955824967
1067 0.056416489756689635
1068 0.05623238843775294
1069 0.05603286494239856
1070 0.055820377225381725
1071 0.055594062427438105
1072 0.05535762995332634
1073 0.05511265978150129
1074 0.05485733426917695
1075 0.054593193711741136
1076 0.054322245163165285
1077 0.054046611126573295
1078 0.053766031991210446
1079 0.05347986965399381
1080 0.053192080654602944
1081 0.05290335590150542
1082 0.05261354275268556
1083 0.05232193740164407
1084 0.05203197562928106
1085 0.051742526770309084
1086 0.05145005022839299
1087 0.051157171426956506
1088 0.05086292653451468
1089 0.05056804204384833
1090 0.05027043082511918
1091 0.049968156759644285
1092 0.049664329919816536
1093 0.04936154343828141
1094 0.04906376999550334
1095 0.04877104225725086
1096 0.048481308815253615
1097 0.048195244668623946
1098 0.04791278641849813
1099 0.04763335833930052
1100 0.047357295344519136
1101 0.047081439184403225
1102 0.04680823862628144
1103 0.04654017947698997
1104 0.04627472704665242
1105 0.046011892236402965
1106 0.04575399696199862
1107 0.04550080888208802
1108 0.04525161818914063
1109 0.04500920158158566
1110 0.04477523225844883
1111 0.044549904915899816
1112 0.04432740015896338
1113 0.04410538534462234
1114 0.043885592297920634
1115 0.04367046302385158
1116 0.04345911651936585
1117 0.04325304788190484
1118 0.04305695372566777
1119 0.042869611589109013
1120 0.04268703694914149
1121 0.042509538222239705
1122 0.04234448935259822
1123 0.0421909196431516
1124 0.042043862840905964
1125 0.04190318410059998
1126 0.041768862305125116
1127 0.04164119087146319
1128 0.041516948939476744
1129 0.04139457198746231
1130 0.04128076864336794
1131 0.041179556824045185
1132 0.041087791815467616
1133 0.04099991637242483
1134 0.04091476602133944
1135 0.04083477603213809
1136 0.04075929046902797
1137 0.0406898798538395
1138 0.04062690053800318
1139 0.04056810146852645
1140 0.04051637688862865
1141 0.04047245753675815
1142 0.040434142342624275
1143 0.04039740431142245
1144 0.04036080376519035
1145 0.040328954580682225
1146 0.040302984669215246
1147 0.04027959331763397
1148 0.040255580954621645
1149 0.04023307282475377
1150 0.04021212380159561
1151 0.040192149581223295
1152 0.04017289309728629
1153 0.04015138918528871
1154 0.04013121800287413
1155 0.04011557381380297
1156 0.040106366901540694
1157 0.040102955188433896
1158 0.04009868244793196
1159 0.040097129942382195
1160 0.040101082685085006
1161 0.04010330519756699
1162 0.040104397777065835
1163 0.04010348131480323
1164 0.04010526178276337
1165 0.04011469560996545
1166 0.04012493437471829
1167 0.04013773473699473
1168 0.0401541430241521
1169 0.040171374169037176
1170 0.04019007077594412
1171 0.04020847199896523
1172 0.04022558721097676
1173 0.04023830547068893
1174 0.0402477928083779
1175 0.04025689847538729
1176 0.04026305719438912
1177 0.04026787618898848
1178 0.04026982680688076
1179 0.040269940520343835
1180 0.04026858645521251
1181 0.040261994575584076
1182 0.04024595987711245
1183 0.04022172885268032
1184 0.040194887542023536
1185 0.040167182404614366
1186 0.04013932582175909
1187 0.04011069642729635
1188 0.04008262086326049
1189 0.04005141258768767
1190 0.04001325338878684
1191 0.039967811367398014
1192 0.039915093157206004
1193 0.039854609560568265
1194 0.03978844522174949
1195 0.03972013506371769
1196 0.039647982220554136
1197 0.03956922134185925
1198 0.03948402339619328
1199 0.0393942238249802
1200 0.039300198296648665
1201 0.03920483460648427
1202 0.03910906903646929
1203 0.039012413539034924
1204 0.03891523052656187
1205 0.03881378848828548
1206 0.03870736798088759
1207 0.038595700848604184
1208 0.03847971795401943
1209 0.03835941722199595
1210 0.03823614481161115
1211 0.03811681203089052
1212 0.03800021665086193
1213 0.03788493671327178
1214 0.03777372980085188
1215 0.037668075687555196
1216 0.03756668305332456
1217 0.03746466536409905
1218 0.037363250551906535
1219 0.037263187658299786
1220 0.037160647740061566
1221 0.037058275526327136
1222 0.03695628188989058
1223 0.036855506400093885
1224 0.036758421450384764
1225 0.03666511380702141
1226 0.036580752448617374
1227 0.03650255301431274
1228 0.03642938540509986
1229 0.03636206144105284
1230 0.03630030766439515
1231 0.03624709272571709
1232 0.03619781837483354
1233 0.036150193527814845
1234 0.036107207009771394
1235 0.03606853572742069
1236 0.036032722807065154
1237 0.03599494833788624
1238 0.03595989934130918
1239 0.03593147809691481
1240 0.0359043317676063
1241 0.03587958752376303
1242 0.03585489339950306
1243 0.035835937997831274
1244 0.035823886538418385
1245 0.03580984884005287
1246 0.035796264968872095
1247 0.03578683806420878
1248 0.035783446205708655
1249 0.03578373554926067
1250 0.035783754332184
1251 0.03578373554926071
1252 0.0357834462057085
1253 0.03578683806420884
1254 0.03579626496887202
1255 0.03580984884005294
1256 0.035823886538418406
1257 0.03583593799783126
1258 0.035854893399503054
1259 0.03587958752376303
1260 0.035904331767606136
1261 0.03593147809691474
1262 0.03595989934130916
1263 0.035994948337886364
1264 0.03603272280706525
1265 0.03606853572742069
1266 0.03610720700977138
1267 0.03615019352781489
1268 0.036197818374833574
1269 0.03624709272571696
1270 0.03630030766439515
1271 0.03636206144105284
1272 0.036429385405099934
1273 0.036502553014312725
1274 0.03658075244861741
1275 0.03666511380702141
1276 0.036758421450384854
1277 0.03685550640009391
1278 0.03695628188989067
1279 0.037058275526327074
1280 0.037160647740061656
1281 0.037263187658299765
1282 0.03736325055190638
1283 0.037464665364099044
1284 0.037566683053324494
1285 0.03766807568755518
1286 0.03777372980085184
1287 0.037884936713271734
1288 0.038000216650861805
1289 0.03811681203089057
1290 0.038236144811611215
1291 0.03835941722199604
1292 0.03847971795401936
1293 0.03859570084860404
1294 0.038707367980887544
1295 0.03881378848828544
1296 0.03891523052656188
1297 0.03901241353903503
1298 0.03910906903646928
1299 0.039204834606484266
1300 0.03930019829664864
1301 0.03939422382498006
1302 0.039484023396193196
1303 0.03956922134185929
1304 0.0396479822205541
1305 0.03972013506371775
1306 0.039788445221749555
1307 0.039854609560568265
1308 0.03991509315720611
1309 0.03996781136739814
1310 0.04001325338878679
1311 0.04005141258768776
1312 0.04008262086326042
1313 0.04011069642729625
1314 0.04013932582175891
1315 0.04016718240461437
1316 0.04019488754202355
1317 0.04022172885268036
1318 0.040245959877112596
1319 0.04026199457558416
1320 0.04026858645521236
1321 0.0402699405203438
1322 0.040269826806880855
1323 0.04026787618898848
1324 0.04026305719438915
1325 0.04025689847538731
1326 0.040247792808377786
1327 0.040238305470688907
1328 0.04022558721097675
1329 0.040208471998965274
1330 0.04019007077594414
1331 0.040171374169037155
1332 0.04015414302415203
1333 0.04013773473699485
1334 0.040124934374718264
1335 0.04011469560996549
1336 0.0401052617827634
1337 0.04010348131480321
1338 0.040104397777065974
1339 0.04010330519756712
1340 0.04010108268508498
1341 0.04009712994238224
1342 0.040098682447932
1343 0.040102955188434056
1344 0.040106366901540645
1345 0.04011557381380309
1346 0.0401312180028741
1347 0.04015138918528881
1348 0.040172893097286215
1349 0.04019214958122333
1350 0.040212123801595605
1351 0.0402330728247538
1352 0.040255580954621575
1353 0.04027959331763404
1354 0.04030298466921514
1355 0.040328954580682225
1356 0.040360803765190266
1357 0.04039740431142248
1358 0.04043414234262433
1359 0.04047245753675812
1360 0.040516376888628594
1361 0.04056810146852656
1362 0.04062690053800319
1363 0.04068987985383948
1364 0.040759290469028
1365 0.040834776032138156
1366 0.040914766021339484
1367 0.04099991637242492
1368 0.041087791815467664
1369 0.04117955682404523
1370 0.041280768643367854
1371 0.041394571987462284
1372 0.04151694893947672
1373 0.041641190871463195
1374 0.041768862305125186
1375 0.041903184100600045
1376 0.042043862840905874
1377 0.042190919643151546
1378 0.042344489352598325
1379 0.04250953822223967
1380 0.04268703694914156
1381 0.042869611589109013
1382 0.04305695372566795
1383 0.043253047881904885
1384 0.04345911651936594
1385 0.0436704630238515
1386 0.043885592297920585
1387 0.044105385344622425
1388 0.044327400158963276
1389 0.044549904915899795
1390 0.044775232258448795
1391 0.04500920158158572
1392 0.04525161818914067
1393 0.04550080888208804
1394 0.04575399696199861
1395 0.046011892236402945
1396 0.04627472704665244
1397 0.046540179476990046
1398 0.046808238626281334
1399 0.047081439184403225
1400 0.04735729534451919
1401 0.04763335833930052
1402 0.04791278641849823
1403 0.04819524466862403
1404 0.048481308815253595
1405 0.048771042257250936
1406 0.049063769995503284
1407 0.049361543438281384
1408 0.04966432991981648
1409 0.04996815675964428
1410 0.0502704308251192
1411 0.050568042043848294
1412 0.05086292653451477
1413 0.05115717142695655
1414 0.05145005022839292
1415 0.051742526770309195
1416 0.05203197562928083
1417 0.05232193740164414
1418 0.052613542752685497
1419 0.05290335590150527
1420 0.05319208065460293
1421 0.05347986965399376
1422 0.05376603199121035
1423 0.0540466111265734
1424 0.054322245163165264
1425 0.05459319371174123
1426 0.054857334269176966
1427 0.05511265978150113
1428 0.055357629953326506
1429 0.05559406242743806
1430 0.05582037722538155
1431 0.056032864942398584
1432 0.05623238843775305
1433 0.056416489756689434
1434 0.05658365955824951
1435 0.05673586186584121
1436 0.05687284059081954
1437 0.05699921332806569
1438 0.05711390741488226
1439 0.05721360541633719
1440 0.057295403561960806
1441 0.05735567244146323
1442 0.05739756048473854
1443 0.05742253808941165
1444 0.057430975936568714
1445 0.05742696140814743
1446 0.05741582792429782
1447 0.057406127530938725
1448 0.05740485182700895
1449 0.05741250161841703
1450 0.05743130615710166
1451 0.05746496617498565
1452 0.05751618672116988
1453 0.057589729724777876
1454 0.05769143333107173
1455 0.05782946806153505
1456 0.05801336911368796
1457 0.058246335746635874
1458 0.058533499832410886
1459 0.058880660435538246
1460 0.059283613573473545
1461 0.05973912448637023
1462 0.060246869069651876
1463 0.06081521050973179
1464 0.06144574247394366
1465 0.06212844512130947
1466 0.06286332216034925
1467 0.06365251397474832
1468 0.06448716883772773
1469 0.06535180969824425
1470 0.06623965571021247
1471 0.06714613927423176
1472 0.06806833386843261
1473 0.06899836191394709
1474 0.06992447428453252
1475 0.07083660713851417
1476 0.07172220561552267
1477 0.0725700175833153
1478 0.07336524668754181
1479 0.07409563115838876
1480 0.07475181137569187
1481 0.07532242714397468
1482 0.07579956487326946
1483 0.07617549493335382
1484 0.07644116703225388
1485 0.07659261371087202
1486 0.07662437461223268
1487 0.07653749619094238
1488 0.07633409659549562
1489 0.07601357182423386
1490 0.07558377227650316
1491 0.07505633531195827
1492 0.07444337393621131
1493 0.07375047192048968
1494 0.0729847604680005
1495 0.07215290934439
1496 0.07124715536456429
1497 0.07026692029480273
1498 0.06922427649399145
1499 0.06813606954239244
1500 0.0670088361168772
1501 0.06585060845026493
1502 0.0646809868630106
1503 0.06350735710696599
1504 0.062341901874240324
1505 0.06118999943138152
1506 0.06006237896913062
1507 0.058973840349380066
1508 0.057929620368603975
1509 0.0569393211722409
1510 0.056002116488077354
1511 0.055121895868939584
1512 0.05429897552621802
1513 0.05353125858136503
1514 0.05282259279646533
1515 0.05217515990242372
1516 0.05159205402593963
1517 0.05107124495202229
1518 0.05061019289099075
1519 0.05020772729030787
1520 0.04986111420349062
1521 0.04956498372333476
1522 0.04931216063646046
1523 0.04909721997669144
1524 0.04891565343392948
1525 0.048761683508000024
1526 0.04863197902234308
1527 0.048525182156092736
1528 0.04843838714569108
1529 0.04836704217369241
1530 0.048305831109765315
1531 0.048253100701240025
1532 0.04820367220492213
1533 0.04815289510735546
1534 0.04809826015229439
1535 0.048036914525544774
1536 0.04797059479840093
1537 0.04789728189650824
1538 0.04781600437568228
1539 0.04772523472332843
1540 0.04762368623397489
1541 0.04751206693766445
1542 0.04738972598124881
1543 0.04725738098756615
1544 0.04711572666705122
1545 0.04696725804748839
1546 0.04681337714520899
1547 0.04665239349994473
1548 0.04648347875149245
1549 0.0463083767460358
1550 0.046127681674027504
1551 0.04594118876073132
1552 0.04574992593855187
1553 0.04555700003228674
1554 0.045365203975265306
1555 0.04517269061427321
1556 0.04497647666668778
1557 0.044779488225738955
1558 0.04458271644298816
1559 0.04438241201750644
1560 0.044180774623242436
1561 0.04398554456099725
1562 0.043799176992316606
1563 0.04361682208870219
1564 0.04343752541574888
1565 0.043263434944079054
1566 0.04309336923195351
1567 0.042922359385702026
1568 0.042751789638451936
1569 0.04258453052111465
1570 0.04241962012591177
1571 0.04225747483989631
1572 0.042098427248455784
1573 0.04194417177619946
1574 0.041791756324636345
1575 0.041639791965215854
1576 0.04148880393503484
1577 0.04133636362382382
1578 0.04118243383961016
1579 0.0410318815034097
1580 0.04088642807404856
1581 0.040742646485877845
1582 0.04060232436135988
1583 0.04046705795443286
1584 0.040335120365403244
1585 0.04020569165686751
1586 0.04007792043373357
1587 0.03995394456854195
1588 0.03983797991167664
1589 0.039727631200838324
1590 0.03962135364851472
1591 0.03952154360546934
1592 0.039430043213613666
1593 0.03934850721286788
1594 0.03927539272058329
1595 0.03920888154626929
1596 0.03914956269641356
1597 0.03909487564448568
1598 0.039045898380683036
1599 0.039002540013743016
1600 0.038962880161257575
1601 0.03892920933651681
1602 0.03889987605277929
1603 0.03887388889828711
1604 0.03885126634012477
1605 0.03883172928519861
1606 0.03881135919567857
1607 0.038789798956528836
1608 0.038767066218696515
1609 0.03874406787893917
1610 0.03872186144395107
1611 0.03870184982496442
1612 0.03868729026272454
1613 0.038672942089894274
1614 0.038655635368508946
1615 0.038633210788657786
1616 0.03860902340650844
1617 0.038580471725645334
1618 0.0385456447790188
1619 0.03850716016492744
1620 0.03846121389251707
1621 0.038408973195555855
1622 0.038350227842118216
1623 0.03828597749059643
1624 0.038217731725823385
1625 0.03814231944729178
1626 0.03806121615810738
1627 0.03797976787874079
1628 0.037900132522609556
1629 0.03782137595027331
1630 0.03773932121221148
1631 0.03765440531566616
1632 0.03756860267560239
1633 0.03748071935461681
1634 0.03738986795656707
1635 0.037297612160511445
1636 0.03720472684197852
1637 0.037111796929491916
1638 0.037019711771670155
1639 0.036929683678016835
1640 0.03684332859196469
1641 0.036757990753819234
1642 0.036672182176801
1643 0.03658589845531476
1644 0.03649878759421316
1645 0.0364092642415069
1646 0.036316605884240453
1647 0.03621953453716964
1648 0.03612251278367779
1649 0.036031835605456454
1650 0.03594478707754005
1651 0.03585944423298615
1652 0.035774914729755566
1653 0.03569534251123688
1654 0.03561850578180963
1655 0.035537604657973926
1656 0.03546024166227574
1657 0.03539088742136571
1658 0.03532596086993411
1659 0.035263734479095414
1660 0.03520478790498711
1661 0.03515039189911989
1662 0.03509596271975613
1663 0.03503980500548347
1664 0.034985046235389394
1665 0.03492773787280087
1666 0.034869051969862966
1667 0.03481228374642977
1668 0.03476055771713402
1669 0.03471620283005666
1670 0.03467637013488242
1671 0.034642509383487424
1672 0.03461300516345446
1673 0.03458352381863779
1674 0.03455405559055938
1675 0.03452593699476538
1676 0.03450037320452974
1677 0.03447909777063332
1678 0.03446292160987924
1679 0.034449819642442404
1680 0.03443878612858324
1681 0.03443408098828734
1682 0.03443696126194608
1683 0.03444439112007568
1684 0.034455265696921346
1685 0.03447197129263344
1686 0.03449774069612321
1687 0.03453057533606038
1688 0.03457023230219792
1689 0.034619511560026094
1690 0.0346799337393587
1691 0.03474961347288318
1692 0.034825573247745614
1693 0.03490641738371923
1694 0.03498973603559699
1695 0.03507636325343443
1696 0.03516851451112605
1697 0.035266334344903116
1698 0.03537246197213167
1699 0.03548985867740828
1700 0.03562299447809792
1701 0.0357709706182176
1702 0.035927477152631004
1703 0.03609121933134701
1704 0.03626115142221609
1705 0.03643410307334745
1706 0.03660776933495273
1707 0.03678622257231818
1708 0.03697150974848434
1709 0.03716513613762332
1710 0.03736894154856478
1711 0.037580167014730353
1712 0.03779945134640887
1713 0.03802746207334867
1714 0.03826350932333732
1715 0.03850644153423274
1716 0.03875560325742061
1717 0.03901305636520811
1718 0.03927802660204035
1719 0.03954575305914274
1720 0.039817432104840664
1721 0.04009430179558158
1722 0.04037363621547638
1723 0.04065661350789995
1724 0.040942528462518904
1725 0.0412293313904713
1726 0.041517693530263036
1727 0.04181263848056792
1728 0.042112779358808604
1729 0.04241212891329519
1730 0.042710001079261845
1731 0.04300878011257459
1732 0.043313204868499766
1733 0.04361584611397559
1734 0.04391399986215797
1735 0.04421357882018448
1736 0.04451646898742491
1737 0.04482316362280241
1738 0.0451268690748787
1739 0.045426773121678005
1740 0.04572272781137363
1741 0.04601137686522965
1742 0.046292126542708464
1743 0.04656177774824993
1744 0.0468235422170853
1745 0.04708100792326988
1746 0.04733352609277254
1747 0.047580775415727354
1748 0.04781552549819798
1749 0.04803383674552993
1750 0.048235788719392686
1751 0.048421510871088945
1752 0.04859188527844942
1753 0.04874381991906774
1754 0.04887846593579272
1755 0.04899758537474834
1756 0.049099379475832795
1757 0.049180995321345844
1758 0.049239771820174555
1759 0.04927908099720588
1760 0.04930281621305546
1761 0.04931151808877455
1762 0.04930399865386638
1763 0.049280471267412855
1764 0.04924212500286553
1765 0.049190779149827044
1766 0.04912546706426491
1767 0.04903851447964627
1768 0.048930848154203566
1769 0.0488074069261741
1770 0.04867116037405114
1771 0.04852086546650585
1772 0.04835360385509244
1773 0.04817356553061718
1774 0.04798130934677699
1775 0.04777721671538144
1776 0.04756338518033422
1777 0.047338644509901884
1778 0.047101557999696946
1779 0.04685527679195444
1780 0.046599858405399264
1781 0.04633453311711274
1782 0.04606022348289883
1783 0.045777782787395443
1784 0.0454928437477286
1785 0.04520293035848017
1786 0.04490593189220664
1787 0.04460401301016251
1788 0.04429774647272899
1789 0.04399002965243928
1790 0.04367634090003552
1791 0.04335435127402489
1792 0.04302666228860659
1793 0.042694957570948745
1794 0.042362182216495084
1795 0.04202736917454487
1796 0.041688624833037556
1797 0.041346400802523595
1798 0.041005189538091805
1799 0.04066768271365841
1800 0.04033328524052872
1801 0.039999348851031735
1802 0.0396647594829751
1803 0.03933114532186997
1804 0.038998402794233555
1805 0.038668439703329484
1806 0.038338817694916254
1807 0.038008228114050746
1808 0.037681456021894946
1809 0.03736128374691324
1810 0.03704612928374162
1811 0.03673379928049743
1812 0.03642693029942295
1813 0.03612713352675766
1814 0.03583375045017308
1815 0.03554609014767628
1816 0.03526781214425933
1817 0.034998948703162114
1818 0.034736296458875784
1819 0.03448291434900466
1820 0.03423993275344134
1821 0.034005928823867645
1822 0.0337801659870492
1823 0.03356339283283905
1824 0.033355226246441105
1825 0.03315700626838541
1826 0.032968784632377346
1827 0.03278868647798972
1828 0.03261597787266814
1829 0.03245304584366495
1830 0.032301457930825624
1831 0.03215601214566226
1832 0.032015852983292604
1833 0.03188494114565899
1834 0.03176456841527884
1835 0.03165740991397075
1836 0.031562770033647505
1837 0.031476059817825766
1838 0.031397438497475005
1839 0.031325496513930656
1840 0.031259384683516654
1841 0.03119520460963135
1842 0.031131421769859967
1843 0.03107510400584167
1844 0.031028909724584948
1845 0.03099232031770159
1846 0.03096214715781174
1847 0.030936594489543813
1848 0.03091574339395006
1849 0.03089741885012203
1850 0.03088159895474788
1851 0.030869140898798494
1852 0.030857874396898615
1853 0.030848602846183605
1854 0.03084168146379917
1855 0.03083497516165821
1856 0.0308287505396895
1857 0.030823772993084853
1858 0.03082437273187858
1859 0.030832880679093358
1860 0.03084731409771632
1861 0.03086716811621327
1862 0.030896560697234576
1863 0.03093508697951245
1864 0.030979487321955195
1865 0.031029429455488883
1866 0.031083408989616958
1867 0.03114188921127066
1868 0.031205476371987718
1869 0.031271796024105916
1870 0.03133754790535024
1871 0.03140585680690956
1872 0.03147431495583135
1873 0.03154057109063281
1874 0.0316043094417446
1875 0.03166571534170665
1876 0.03172762068639276
1877 0.03178834967435405
1878 0.03185358775462667
1879 0.03192483274685037
1880 0.031996479058343935
1881 0.03206577772237592
1882 0.032134589915342515
1883 0.03220282260738686
1884 0.03226901502170732
1885 0.03233244099292873
1886 0.032394197166089905
1887 0.0324569730694942
1888 0.032522578216182936
1889 0.03259077144696131
1890 0.03265772306409773
1891 0.0327263272321045
1892 0.0327975492394244
1893 0.032870525417930424
1894 0.03293931242011725
1895 0.032999572702201885
1896 0.03305654260922025
1897 0.033110782511244954
1898 0.03315972348970703
1899 0.03320198283132031
1900 0.03324038416028996
1901 0.033279790084191914
1902 0.03332053390524192
1903 0.03336119581285483
1904 0.03339970292509532
1905 0.033436576413509306
1906 0.033475530667063616
1907 0.03351834243733186
1908 0.033563796769196456
1909 0.03360960285877774
1910 0.03365603823344044
1911 0.033703751851960895
1912 0.03375051432222537
1913 0.03379349796723013
1914 0.033831978496817294
1915 0.03386633270068307
1916 0.03390035763615723
1917 0.03393458760604749
1918 0.0339690193307538
1919 0.0340045082223485
1920 0.03404125719981305
1921 0.034080708242548836
1922 0.034120595939497754
1923 0.034157269686265965
1924 0.03419008772107909
1925 0.03422381024568854
1926 0.034260342769179636
1927 0.03429482445494457
1928 0.03432852230525088
1929 0.034365507789717295
1930 0.034404129884271446
1931 0.03444239321000249
1932 0.034480306316871684
1933 0.03451958112505956
1934 0.03455605408744249
1935 0.03458711316658889
1936 0.03461916887635493
1937 0.03465221638188431
1938 0.03468356196638981
1939 0.034714258644555025
1940 0.03474645498601948
1941 0.03478274542054888
1942 0.03481985769590569
1943 0.03485711713769985
1944 0.03489627942918805
1945 0.03493669086548447
1946 0.03497834033620808
1947 0.03502092771056689
1948 0.035063263052046365
1949 0.03510682888650579
1950 0.03514931627135186
1951 0.03518877512469368
1952 0.0352312992540887
1953 0.035278968428124016
1954 0.03533162688630882
1955 0.03538508318357433
1956 0.03543796519432895
1957 0.035491632442579905
1958 0.03554497069826201
1959 0.035595595707454415
1960 0.03564364866716556
1961 0.035699330818435765
1962 0.03576406751152948
1963 0.03583238973670178
1964 0.03590479429890238
1965 0.03597976500876043
1966 0.03605824927650403
1967 0.036139352831657416
1968 0.036221212853248405
1969 0.036303089980861014
1970 0.0363841704023776
1971 0.03647176463214611
1972 0.03656854866543871
1973 0.03666658239938111
1974 0.03676479666829808
1975 0.03686606551045876
1976 0.03697605517850344
1977 0.037087798005381915
1978 0.037190712396307495
1979 0.037294522116781026
1980 0.037404405012744044
1981 0.037517098553040536
1982 0.03762454285521646
1983 0.037729074910001485
1984 0.037841013833011104
1985 0.037958762795426905
1986 0.0380747896488003
1987 0.038184247557831195
1988 0.038287271325257465
1989 0.038385205182113774
1990 0.038476329474461786
1991 0.03855363789663557
1992 0.03861457043846374
1993 0.038662345040310304
1994 0.03870069756618876
1995 0.03873011304944842
1996 0.038752125592334076
1997 0.038770633184997266
1998 0.038789806426793305
1999 0.03881467201205606
2000 0.038843493331018185
2001 0.038874254435987195
2002 0.038908049484908475
2003 0.03894747916142545
2004 0.0389929768342396
2005 0.039042846167997906
2006 0.03910010636331038
2007 0.03916926832349564
2008 0.03924989458039578
2009 0.039346945191267475
2010 0.03945974242833328
2011 0.039590688949154414
2012 0.039742022884255275
2013 0.03991295953375399
2014 0.04010667813273832
2015 0.04030701950082692
2016 0.040510205779807094
2017 0.04071525864968672
2018 0.04092055312626187
2019 0.04113263141549678
2020 0.04135175947538212
2021 0.041590617723513336
2022 0.04185530418162326
2023 0.04214877840210019
2024 0.04247262352217664
2025 0.04282244912521188
2026 0.04319520398600223
2027 0.043577953041857055
2028 0.04396495990631652
2029 0.04435149386381422
2030 0.04472476369573737
2031 0.04507563845021394
2032 0.04540328978475508
2033 0.045711945919968015
2034 0.04599704323175913
2035 0.046257949123859374
2036 0.04649875830992367
2037 0.046715825379704076
2038 0.046907120348117864
2039 0.04707340595530391
2040 0.04721854990876288
2041 0.04734025747490056
2042 0.04743717905593358
2043 0.04752017440511366
2044 0.04759168378237348
2045 0.047650372533751505
2046 0.047700677548261586
2047 0.04774850935271517
2048 0.047796867892289034
2049 0.047838907988232864
2050 0.04786944417364106
2051 0.04788848186260375
2052 0.04789454770309296
2053 0.04788767330474803
2054 0.04787393962849226
2055 0.04785855169299405
2056 0.04784398128740144
2057 0.04783342317067303
2058 0.047827197889761495
2059 0.04782240323548764
2060 0.047815234857127624
2061 0.04780303461927645
2062 0.04778123206663599
2063 0.047752667006169244
2064 0.04772193598424739
2065 0.04768713751890513
2066 0.04764590425698736
2067 0.047597454224533764
2068 0.0475451991329013
2069 0.047486432693404385
2070 0.047415696460219925
2071 0.04733566154341886
2072 0.0472500085344625
2073 0.047158969412206
2074 0.04705866229643718
2075 0.04694866996832756
2076 0.046834733989176605
2077 0.04671682881704302
2078 0.04659402347404386
2079 0.046465238145167106
2080 0.046331558449955235
2081 0.04619343412460899
2082 0.04604958187245888
2083 0.04590214575634545
2084 0.0457515415078871
2085 0.04560139386676466
2086 0.045451480354047495
2087 0.04530256251590533
2088 0.04515624722355531
2089 0.04500726501575643
2090 0.04485503780574933
2091 0.04469809025961906
2092 0.044532898402261545
2093 0.04435739262881808
2094 0.04417252168257273
2095 0.04398346835067756
2096 0.04379245270086818
2097 0.043597913667273586
2098 0.04340010470593386
2099 0.04320490419429448
2100 0.0430113842112323
2101 0.04281796326301446
2102 0.04262403199578471
2103 0.042429350661750895
2104 0.04223627552505082
2105 0.04204181173578835
2106 0.04184460807463347
2107 0.04164095954135332
2108 0.04143135309088807
2109 0.04122017063897978
2110 0.04101026629712751
2111 0.04080051829516424
2112 0.04058919740605905
2113 0.04038035811917348
2114 0.04017582156022224
2115 0.03997771598985956
2116 0.0397811627458623
2117 0.03958159226369744
2118 0.039381931739429214
2119 0.03918225077990994
2120 0.03898127919496292
2121 0.03878188074527947
2122 0.03859330598091393
2123 0.03841720968567145
2124 0.03824610908226448
2125 0.03807732951182564
2126 0.03791315324690038
2127 0.03775255207133766
2128 0.03759428209606386
2129 0.037436967006812434
2130 0.037282319952180884
2131 0.03713470419616418
2132 0.036994780370871894
2133 0.036860784247990074
2134 0.036731086102602936
2135 0.03660465160204191
2136 0.03647912785888725
2137 0.036355493114222974
2138 0.03623751020902902
2139 0.03612923056681885
2140 0.03603132931336032
2141 0.035940943240167986
2142 0.03585714533989465
2143 0.03578082718537727
2144 0.03571206419815106
2145 0.03565198315508442
2146 0.03559689575233267
2147 0.035544912864909954
2148 0.0355006098469307
2149 0.03546635487161192
2150 0.03544051352660864
2151 0.03542070153247102
2152 0.035406964429095675
2153 0.03540182203872324
2154 0.0354080987272171
2155 0.03542586191320411
2156 0.03545614159268431
2157 0.035496203662069584
2158 0.03554629328150256
2159 0.03560631809758313
2160 0.035677810733553514
2161 0.03576214381264867
2162 0.03585641540773309
2163 0.03596508143963641
2164 0.03608720357027749
2165 0.03622189444800094
2166 0.03636489191807314
2167 0.03651199827458673
2168 0.03666881020631465
2169 0.036835778037311376
2170 0.03701212851196871
2171 0.03719895252516717
2172 0.03739898335332095
2173 0.03761271756830662
2174 0.037835941526253566
2175 0.038065317355273756
2176 0.038298092311127754
2177 0.03853444308400602
2178 0.03877727538639936
2179 0.03902792986628872
2180 0.03928334544987063
2181 0.039543728431028005
2182 0.03981052001605085
2183 0.04008184306659925
2184 0.0403545957653242
2185 0.04062379614153019
2186 0.04089223133596417
2187 0.041161230665022155
2188 0.04142805380967816
2189 0.04168883303182374
2190 0.04194273427278533
2191 0.042192685528254774
2192 0.04243451320760612
2193 0.04266619169581423
2194 0.042888183989869794
2195 0.04310024274556934
2196 0.04330109107521494
2197 0.043488457336417596
2198 0.04366421389020947
2199 0.04382812759389476
2200 0.043980213839154986
2201 0.044123586345530943
2202 0.04425831074858016
2203 0.04438242308714114
2204 0.04449063399744685
2205 0.044581936675995554
2206 0.044658962323736055
2207 0.0447193807081419
2208 0.044764225841578124
2209 0.044797089488099406
2210 0.04481710731244044
2211 0.04482459446474778
2212 0.044816170278200285
2213 0.04478642783958376
2214 0.044735574665867195
2215 0.044668446103409254
2216 0.044591373775481266
2217 0.0445048300090823
2218 0.04440585715039085
2219 0.044296829655205205
2220 0.04418028037331356
2221 0.0440533377841922
2222 0.043918203099686685
2223 0.043774690842214345
2224 0.04362536257554187
2225 0.04347644348975
2226 0.04331995877262707
2227 0.04315416087893565
2228 0.042980976906862055
2229 0.0428024424394149
2230 0.04262056649196871
2231 0.04242910755943418
2232 0.042229919987652145
2233 0.04202488782003839
2234 0.04181678074001233
2235 0.041606676055087846
2236 0.04139275221820481
2237 0.04117675893184329
2238 0.04096251396507886
2239 0.04075337135402995
2240 0.04054307304767968
2241 0.040330080459367396
2242 0.040113798019684066
2243 0.03989432664555944
2244 0.03967311338115028
2245 0.039450595685519514
2246 0.039233190058767235
2247 0.03902265772737104
2248 0.03882006658646714
2249 0.0386261833049817
2250 0.03843640996861465
2251 0.0382455322515027
2252 0.03805408455203369
2253 0.03786469865895003
2254 0.037677196083432445
2255 0.03748886702403177
2256 0.03729980410704862
2257 0.037116893200079194
2258 0.03693918558947031
2259 0.03676179960549607
2260 0.03658629224758491
2261 0.036414389455357424
2262 0.03624897737149667
2263 0.03608448610423459
2264 0.03591892797173906
2265 0.03575888961262741
2266 0.03560260244540015
2267 0.03544557596773266
2268 0.03529105239021786
2269 0.03514084583232368
2270 0.034994682974529824
2271 0.034853931967197015
2272 0.03471833403920368
2273 0.0345908333633482
2274 0.034468610302207416
2275 0.03435027836574471
2276 0.03423417873556525
2277 0.03411807539593893
2278 0.034006612195492524
2279 0.03389815028238501
2280 0.03379261678955214
2281 0.03369147045272386
2282 0.03359648383612484
2283 0.03350944717357763
2284 0.03342883600805049
2285 0.03335434675993962
2286 0.03329021113662847
2287 0.03323925435476614
2288 0.03319745663877152
2289 0.033161460097441746
2290 0.03313066475529865
2291 0.03310948085080308
2292 0.033095238759070125
2293 0.033087524189876975
2294 0.03309176126441483
2295 0.03310914003737817
2296 0.03313762073016616
2297 0.03317513228963449
2298 0.03322433799728878
2299 0.03328366525893553
2300 0.033351145629272605
2301 0.03342485997898322
2302 0.03350331100725945
2303 0.033588395586199
2304 0.03368066880150996
2305 0.03378050752732262
2306 0.03388495241802201
2307 0.033991908994264644
2308 0.034104703413738224
2309 0.034222294339853285
2310 0.03434051174723889
2311 0.034457601526859546
2312 0.03457509580929641
2313 0.034695595939172756
2314 0.03481643694662581
2315 0.034937761493500134
2316 0.03506516691938908
2317 0.0352005940509423
2318 0.035341267568860704
2319 0.035484459104762646
2320 0.035630289219833904
2321 0.03578229602213265
2322 0.03593712514039843
2323 0.03609258061933643
2324 0.03625178378617331
2325 0.03641529116765379
2326 0.03658147635356782
2327 0.036747411969856876
2328 0.036914857725290955
2329 0.03708764410060043
2330 0.03726912335069393
2331 0.037458601238188546
2332 0.0376546340404971
2333 0.037855277951660805
2334 0.03805570519917086
2335 0.03825532304087565
2336 0.03845495690765887
2337 0.03865279904807079
2338 0.03884991041594379
2339 0.03904808411342484
2340 0.0392506971790821
2341 0.039454080427329175
2342 0.03964859740882542
2343 0.039836816989439416
2344 0.040021753850600465
2345 0.0402040059177522
2346 0.04038322459464872
2347 0.04055938013066974
2348 0.04073834307206878
2349 0.04092219977493646
2350 0.041108910535350235
2351 0.04129614929232602
2352 0.04148237508436004
2353 0.04166997731966146
2354 0.04185788854759328
2355 0.04204362335440351
2356 0.04222640984024084
2357 0.042404121408129734
2358 0.04257808419703393
2359 0.04274737073295294
2360 0.04291109939952753
2361 0.043071459073128864
2362 0.043229754813602916
2363 0.04338536176752077
2364 0.04353702565188908
2365 0.04368359926703012
2366 0.043822989647049865
2367 0.04395362318202602
2368 0.04407411139323069
2369 0.04418633599960833
2370 0.044289131572492514
2371 0.04438069023163637
2372 0.044465485408989376
2373 0.04454723983645807
2374 0.04462707540440487
2375 0.044703404858880066
2376 0.04478063919415009
2377 0.044863095585975656
2378 0.04494843157781955
2379 0.045034094681934596
2380 0.04511674718240966
2381 0.045197375464866005
2382 0.04527954661683622
2383 0.04536230145589603
2384 0.045445701771019975
2385 0.0455316197425355
2386 0.0456225241549821
2387 0.04572062847667221
2388 0.04582380084982314
2389 0.04593281015732095
2390 0.04605183802038566
2391 0.04618166538629592
2392 0.04632141166164759
2393 0.04647260514732544
2394 0.046636067146466835
2395 0.046812681519383136
2396 0.04699855382455479
2397 0.04719132508616806
2398 0.047394293732751155
2399 0.04760687928367686
2400 0.047830083333467534
2401 0.04806295848337786
2402 0.048305535894021825
2403 0.04856060059810594
2404 0.04882616282300354
2405 0.04910474642268082
2406 0.04939528958932978
2407 0.049687424640450006
2408 0.049978768442965865
2409 0.05027381795968337
2410 0.05057654735340494
2411 0.05088098503119464
2412 0.0511848256248584
2413 0.05149561259871371
2414 0.05181815284368555
2415 0.05215314507201325
2416 0.0524911902079235
2417 0.05283082987218741
2418 0.053178740788652035
2419 0.05353287500050375
2420 0.05388614533196494
2421 0.05423638515476123
2422 0.0545925371974298
2423 0.054959206078314816
2424 0.05533130484621204
2425 0.05570710089805803
2426 0.05608415762218244
2427 0.0564642263643962
2428 0.05684715907710102
2429 0.05722828201886154
2430 0.057610581408494
2431 0.05799843479872607
2432 0.05839610834125648
2433 0.05879878541070628
2434 0.059200672136799144
2435 0.05960524087344679
2436 0.06001374883944431
2437 0.060420207674552535
2438 0.060823521610174285
2439 0.06122497006862562
2440 0.06161940696040815
2441 0.06200353978270216
2442 0.0623753188844619
2443 0.06273544002819438
2444 0.06307929004774888
2445 0.06340442681071524
2446 0.06371203370628344
2447 0.06399779806807654
2448 0.0642564514890268
2449 0.06448851795347406
2450 0.06469808587476027
2451 0.06488390302856603
2452 0.06504442893891547
2453 0.06517859236673566
2454 0.06528944667345213
2455 0.06537710752989744
2456 0.06544161699949849
2457 0.06548626812663876
2458 0.06551403168072596
2459 0.06553141727502561
2460 0.06554535565859738
2461 0.06556488430296117
2462 0.06559818762145381
2463 0.06565181171736818
2464 0.06573338357643413
2465 0.06585474191904268
2466 0.06602151476125592
2467 0.06623840031101934
2468 0.0665186899381439
2469 0.06687494062967096
2470 0.06731878115818288
2471 0.06785582820209175
2472 0.06849626244945861
2473 0.06925275873728799
2474 0.07012666041418243
2475 0.07111647270083686
2476 0.0722234949094987
2477 0.07345483913007232
2478 0.07481304281602494
2479 0.0762903721172657
2480 0.07787932489393319
2481 0.07957435773342289
2482 0.0813708365957266
2483 0.08326087857281494
2484 0.08523172952473487
2485 0.08726951781713271
2486 0.08935880915944554
2487 0.09148287278150972
2488 0.0936265815479145
2489 0.09577000336575327
2490 0.09789157438212576
2491 0.09997584236172193
2492 0.10200704495727782
2493 0.10396785463208066
2494 0.1058306961888309
2495 0.10757294007159937
2496 0.10918952285262266
2497 0.11067425961986511
2498 0.1120698641521233
2499 0.11328825213478232
2500 0.11430652502030429
2501 0.11510321317225485
2502 0.11565021583566143
