0
1
200
0 0.1158880331802834
1 0.11565021583566136
2 0.11510321317225489
3 0.11430652502030425
4 0.11328825213478233
5 0.11206986415212335
6 0.11067425961986514
7 0.1091895228526226
8 0.10757294007159944
9 0.10583069618883083
10 0.10396785463208066
11 0.10200704495727785
12 0.09997584236172193
13 0.09789157438212574
14 0.09577000336575327
15 0.0936265815479145
16 0.09148287278150968
17 0.08935880915944558
18 0.08726951781713274
19 0.08523172952473489
20 0.08326087857281492
21 0.0813708365957266
22 0.07957435773342288
23 0.07787932489393316
24 0.07629037211726566
25 0.07481304281602488
26 0.07345483913007236
27 0.07222349490949875
28 0.07111647270083683
29 0.07012666041418246
30 0.06925275873728799
31 0.0684962624494586
32 0.0678558282020917
33 0.0673187811581829
34 0.06687494062967098
35 0.06651868993814397
36 0.06623840031101935
37 0.06602151476125596
38 0.06585474191904268
39 0.06573338357643413
40 0.0656518117173682
41 0.06559818762145385
42 0.06556488430296122
43 0.0655453556585974
44 0.06553141727502561
45 0.06551403168072599
46 0.06548626812663874
47 0.06544161699949845
48 0.06537710752989746
49 0.06528944667345216
50 0.0651785923667357
51 0.06504442893891539
52 0.06488390302856611
53 0.0646980858747602
54 0.06448851795347399
55 0.06425645148902677
56 0.0639977980680766
57 0.06371203370628338
58 0.0634044268107152
59 0.06307929004774895
60 0.06273544002819438
61 0.062375318884461926
62 0.062003539782702115
63 0.06161940696040813
64 0.061224970068625616
65 0.06082352161017429
66 0.06042020767455253
67 0.06001374883944429
68 0.059605240873446715
69 0.05920067213679916
70 0.05879878541070628
71 0.05839610834125648
72 0.05799843479872606
73 0.05761058140849397
74 0.057228282018861494
75 0.05684715907710122
76 0.05646422636439623
77 0.05608415762218236
78 0.05570710089805809
79 0.05533130484621195
80 0.05495920607831483
81 0.05459253719742967
82 0.0542363851547613
83 0.053886145331964876
84 0.05353287500050375
85 0.053178740788652
86 0.05283082987218732
87 0.05249119020792343
88 0.05215314507201327
89 0.05181815284368552
90 0.051495612598713776
91 0.05118482562485855
92 0.05088098503119473
93 0.0505765473534049
94 0.050273817959683345
95 0.04997876844296587
96 0.049687424640450006
97 0.04939528958932985
98 0.04910474642268077
99 0.04882616282300355
100 0.048560600598105914
101 0.048305535894021825
102 0.04806295848337789
103 0.04783008333346756
104 0.04760687928367687
105 0.047394293732751086
106 0.047191325086168086
107 0.046998553824554784
108 0.04681268151938311
109 0.046636067146466925
110 0.04647260514732545
111 0.04632141166164756
112 0.04618166538629589
113 0.04605183802038569
114 0.04593281015732104
115 0.04582380084982322
116 0.04572062847667217
117 0.045622524154982094
118 0.04553161974253545
119 0.04544570177102005
120 0.045362301455896044
121 0.04527954661683627
122 0.04519737546486601
123 0.04511674718240969
124 0.04503409468193458
125 0.04494843157781956
126 0.04486309558597562
127 0.04478063919415014
128 0.04470340485888005
129 0.04462707540440487
130 0.04454723983645812
131 0.04446548540898932
132 0.04438069023163639
133 0.04428913157249259
134 0.04418633599960831
135 0.04407411139323064
136 0.04395362318202599
137 0.04382298964704988
138 0.04368359926703007
139 0.04353702565188905
140 0.04338536176752073
141 0.043229754813602896
142 0.043071459073128836
143 0.04291109939952753
144 0.04274737073295299
145 0.042578084197033995
146 0.042404121408129734
147 0.04222640984024085
148 0.042043623354403516
149 0.04185788854759331
150 0.04166997731966143
151 0.04148237508436003
152 0.041296149292326036
153 0.04110891053535021
154 0.040922199774936475
155 0.04073834307206874
156 0.04055938013066968
157 0.040383224594648735
158 0.04020400591775221
159 0.040021753850600514
160 0.039836816989439465
161 0.03964859740882539
162 0.039454080427329126
163 0.039250697179082084
164 0.03904808411342485
165 0.038849910415943746
166 0.03865279904807072
167 0.038454956907658884
168 0.038255323040875644
169 0.038055705199170876
170 0.03785527795166081
171 0.037654634040497084
172 0.037458601238188574
173 0.037269123350693996
174 0.037087644100600406
175 0.03691485772529098
176 0.03674741196985689
177 0.03658147635356782
178 0.03641529116765381
179 0.036251783786173254
180 0.03609258061933643
181 0.03593712514039843
182 0.03578229602213264
183 0.035630289219833904
184 0.03548445910476264
185 0.0353412675688607
186 0.03520059405094224
187 0.03506516691938909
188 0.034937761493500155
189 0.03481643694662584
190 0.034695595939172784
191 0.034575095809296394
192 0.034457601526859546
193 0.0343405117472389
194 0.0342222943398533
195 0.03410470341373823
196 0.03399190899426468
197 0.03388495241802201
198 0.03378050752732264
199 0.033680668801509994
