0
1
44
0 0.8112777580046286
1 0.8112777580046286
2 0.1718188799948424
3 0.10047847005090792
4 0.01945243588741016
5 0.07978036981641158
6 0.05440343966451808
7 0.03662747238315791
8 0.02977850955225075
9 0.026744259872403947
10 0.02466444047896063
11 0.023014255811753634
12 0.02186046410379812
13 0.02071242810108768
14 0.019824325196977063
15 0.019052225540747345
16 0.01828657901489249
17 0.017735344556251174
18 0.017191954050236782
19 0.01667722016194149
20 0.016215300805069045
21 0.015816529792562303
22 0.01540789161366727
23 0.015082610278047002
24 0.014711121646233137
25 0.014388379871920702
26 0.014076809408664273
27 0.013785985545745911
28 0.013517002252968188
29 0.013234433877453395
30 0.012967635874375872
31 0.01271339036376809
32 0.012455483928754183
33 0.012215852797748067
34 0.01197912835325064
35 0.011747040586294225
36 0.011519535223635406
37 0.011296936761681552
38 0.011073375164867297
39 0.01085720871899974
40 0.010636835772557177
41 0.010426041795124826
42 0.010210891480907126
43 0.010005215339683175
