0
1
2500
0 0.321
1 0.321
2 0.322
3 0.325
4 0.326
5 0.321
6 0.319
7 0.319
8 0.32
9 0.315
10 0.316
11 0.317
12 0.313
13 0.317
14 0.314
15 0.311
16 0.318
17 0.314
18 0.311
19 0.317
20 0.318
21 0.318
22 0.321
23 0.323
24 0.323
25 0.32
26 0.315
27 0.316
28 0.323
29 0.324
30 0.318
31 0.318
32 0.319
33 0.322
34 0.324
35 0.322
36 0.323
37 0.322
38 0.318
39 0.32
40 0.325
41 0.322
42 0.32
43 0.317
44 0.316
45 0.32
46 0.32
47 0.321
48 0.32
49 0.319
50 0.322
51 0.325
52 0.319
53 0.319
54 0.321
55 0.32
56 0.321
57 0.319
58 0.316
59 0.319
60 0.321
61 0.322
62 0.324
63 0.322
64 0.321
65 0.319
66 0.319
67 0.317
68 0.318
69 0.322
70 0.317
71 0.315
72 0.315
73 0.315
74 0.313
75 0.313
76 0.316
77 0.318
78 0.317
79 0.319
80 0.311
81 0.307
82 0.315
83 0.314
84 0.313
85 0.312
86 0.31
87 0.314
88 0.316
89 0.315
90 0.318
91 0.317
92 0.313
93 0.309
94 0.308
95 0.31
96 0.316
97 0.316
98 0.311
99 0.315
100 0.319
101 0.318
102 0.314
103 0.314
104 0.317
105 0.32
106 0.316
107 0.314
108 0.313
109 0.313
110 0.313
111 0.311
112 0.315
113 0.316
114 0.319
115 0.321
116 0.318
117 0.314
118 0.315
119 0.313
120 0.312
121 0.313
122 0.311
123 0.313
124 0.309
125 0.311
126 0.315
127 0.313
128 0.311
129 0.313
130 0.31
131 0.308
132 0.309
133 0.313
134 0.314
135 0.314
136 0.317
137 0.315
138 0.313
139 0.31
140 0.303
141 0.3
142 0.303
143 0.306
144 0.305
145 0.302
146 0.303
147 0.305
148 0.308
149 0.306
150 0.304
151 0.298
152 0.299
153 0.302
154 0.3
155 0.302
156 0.298
157 0.296
158 0.298
159 0.301
160 0.303
161 0.302
162 0.307
163 0.296
164 0.291
165 0.296
166 0.291
167 0.292
168 0.291
169 0.29
170 0.289
171 0.289
172 0.293
173 0.291
174 0.296
175 0.299
176 0.295
177 0.292
178 0.294
179 0.297
180 0.297
181 0.296
182 0.296
183 0.292
184 0.294
185 0.295
186 0.294
187 0.297
188 0.298
189 0.297
190 0.297
191 0.298
192 0.296
193 0.294
194 0.297
195 0.295
196 0.291
197 0.295
198 0.295
199 0.295
200 0.295
201 0.29
202 0.294
203 0.291
204 0.287
205 0.289
206 0.287
207 0.288
208 0.293
209 0.292
210 0.288
211 0.284
212 0.287
213 0.292
214 0.293
215 0.293
216 0.291
217 0.293
218 0.295
219 0.296
220 0.299
221 0.295
222 0.295
223 0.298
224 0.296
225 0.296
226 0.298
227 0.3
228 0.301
229 0.299
230 0.292
231 0.291
232 0.295
233 0.298
234 0.297
235 0.291
236 0.293
237 0.295
238 0.294
239 0.296
240 0.299
241 0.296
242 0.293
243 0.292
244 0.286
245 0.29
246 0.295
247 0.294
248 0.297
249 0.301
250 0.301
251 0.304
252 0.309
253 0.308
254 0.312
255 0.318
256 0.322
257 0.329
258 0.327
259 0.328
260 0.334
261 0.336
262 0.338
263 0.337
264 0.334
265 0.331
266 0.33
267 0.331
268 0.334
269 0.336
270 0.338
271 0.342
272 0.341
273 0.344
274 0.343
275 0.339
276 0.342
277 0.344
278 0.339
279 0.342
280 0.35
281 0.348
282 0.349
283 0.354
284 0.357
285 0.362
286 0.367
287 0.372
288 0.374
289 0.371
290 0.37
291 0.382
292 0.391
293 0.395
294 0.4
295 0.391
296 0.39
297 0.391
298 0.384
299 0.379
300 0.377
301 0.374
302 0.37
303 0.376
304 0.373
305 0.366
306 0.365
307 0.366
308 0.367
309 0.362
310 0.359
311 0.356
312 0.351
313 0.34
314 0.334
315 0.334
316 0.33
317 0.325
318 0.326
319 0.322
320 0.315
321 0.311
322 0.309
323 0.31
324 0.305
325 0.303
326 0.301
327 0.3
328 0.301
329 0.299
330 0.293
331 0.283
332 0.28
333 0.28
334 0.277
335 0.274
336 0.273
337 0.274
338 0.277
339 0.277
340 0.279
341 0.281
342 0.278
343 0.281
344 0.279
345 0.278
346 0.281
347 0.284
348 0.288
349 0.285
350 0.28
351 0.28
352 0.28
353 0.281
354 0.285
355 0.282
356 0.279
357 0.28
358 0.285
359 0.285
360 0.282
361 0.278
362 0.272
363 0.273
364 0.275
365 0.276
366 0.275
367 0.273
368 0.278
369 0.28
370 0.276
371 0.272
372 0.275
373 0.281
374 0.285
375 0.285
376 0.28
377 0.272
378 0.276
379 0.282
380 0.281
381 0.28
382 0.277
383 0.275
384 0.273
385 0.27
386 0.271
387 0.271
388 0.274
389 0.277
390 0.277
391 0.277
392 0.275
393 0.277
394 0.277
395 0.278
396 0.281
397 0.28
398 0.279
399 0.281
400 0.283
401 0.28
402 0.277
403 0.278
404 0.283
405 0.283
406 0.284
407 0.284
408 0.286
409 0.289
410 0.285
411 0.284
412 0.284
413 0.282
414 0.28
415 0.283
416 0.284
417 0.279
418 0.274
419 0.275
420 0.278
421 0.285
422 0.287
423 0.282
424 0.286
425 0.287
426 0.29
427 0.301
428 0.316
429 0.328
430 0.349
431 0.374
432 0.395
433 0.423
434 0.452
435 0.48
436 0.507
437 0.539
438 0.574
439 0.605
440 0.642
441 0.67
442 0.693
443 0.731
444 0.764
445 0.788
446 0.807
447 0.82
448 0.828
449 0.834
450 0.827
451 0.793
452 0.744
453 0.688
454 0.621
455 0.55
456 0.478
457 0.408
458 0.343
459 0.291
460 0.248
461 0.203
462 0.166
463 0.136
464 0.111
465 0.098
466 0.09
467 0.059
468 0.013
469 -0.007
470 -0.018
471 -0.028
472 -0.032
473 -0.035
474 -0.038
475 -0.032
476 -0.022
477 -0.01
478 0.007
479 0.023
480 0.037
481 0.053
482 0.067
483 0.083
484 0.102
485 0.117
486 0.133
487 0.151
488 0.171
489 0.185
490 0.194
491 0.209
492 0.221
493 0.231
494 0.246
495 0.254
496 0.259
497 0.267
498 0.273
499 0.279
500 0.282
501 0.285
502 0.289
503 0.29
504 0.288
505 0.289
506 0.289
507 0.29
508 0.29
509 0.291
510 0.294
511 0.294
512 0.295
513 0.295
514 0.295
515 0.296
516 0.294
517 0.293
518 0.293
519 0.298
520 0.301
521 0.301
522 0.303
523 0.306
524 0.305
525 0.301
526 0.3
527 0.303
528 0.307
529 0.304
530 0.304
531 0.307
532 0.307
533 0.312
534 0.314
535 0.311
536 0.311
537 0.311
538 0.308
539 0.31
540 0.313
541 0.319
542 0.322
543 0.319
544 0.325
545 0.325
546 0.325
547 0.324
548 0.323
549 0.326
550 0.323
551 0.324
552 0.328
553 0.329
554 0.327
555 0.324
556 0.324
557 0.327
558 0.328
559 0.326
560 0.324
561 0.332
562 0.331
563 0.325
564 0.328
565 0.329
566 0.329
567 0.33
568 0.331
569 0.33
570 0.326
571 0.326
572 0.327
573 0.33
574 0.335
575 0.334
576 0.336
577 0.341
578 0.344
579 0.344
580 0.348
581 0.347
582 0.344
583 0.349
584 0.349
585 0.349
586 0.348
587 0.345
588 0.348
589 0.348
590 0.35
591 0.352
592 0.35
593 0.35
594 0.349
595 0.352
596 0.355
597 0.359
598 0.365
599 0.363
600 0.363
601 0.365
602 0.367
603 0.369
604 0.369
605 0.375
606 0.377
607 0.375
608 0.375
609 0.375
610 0.377
611 0.381
612 0.381
613 0.386
614 0.389
615 0.387
616 0.388
617 0.39
618 0.388
619 0.386
620 0.389
621 0.393
622 0.394
623 0.394
624 0.395
625 0.401
626 0.406
627 0.409
628 0.413
629 0.411
630 0.408
631 0.406
632 0.411
633 0.417
634 0.418
635 0.417
636 0.413
637 0.412
638 0.416
639 0.421
640 0.425
641 0.422
642 0.423
643 0.427
644 0.427
645 0.428
646 0.428
647 0.428
648 0.43
649 0.433
650 0.439
651 0.442
652 0.444
653 0.445
654 0.443
655 0.444
656 0.45
657 0.453
658 0.451
659 0.452
660 0.456
661 0.462
662 0.467
663 0.468
664 0.469
665 0.469
666 0.474
667 0.475
668 0.47
669 0.472
670 0.474
671 0.476
672 0.479
673 0.478
674 0.479
675 0.476
676 0.476
677 0.48
678 0.484
679 0.481
680 0.476
681 0.48
682 0.482
683 0.484
684 0.485
685 0.483
686 0.478
687 0.476
688 0.479
689 0.482
690 0.486
691 0.49
692 0.497
693 0.498
694 0.494
695 0.493
696 0.492
697 0.493
698 0.495
699 0.495
700 0.491
701 0.491
702 0.493
703 0.489
704 0.487
705 0.489
706 0.488
707 0.483
708 0.481
709 0.485
710 0.487
711 0.482
712 0.475
713 0.47
714 0.467
715 0.466
716 0.464
717 0.463
718 0.462
719 0.456
720 0.45
721 0.443
722 0.438
723 0.438
724 0.434
725 0.431
726 0.427
727 0.422
728 0.419
729 0.416
730 0.414
731 0.409
732 0.404
733 0.398
734 0.391
735 0.387
736 0.383
737 0.38
738 0.377
739 0.37
740 0.367
741 0.363
742 0.361
743 0.357
744 0.358
745 0.358
746 0.352
747 0.35
748 0.342
749 0.34
750 0.339
751 0.336
752 0.339
753 0.336
754 0.335
755 0.331
756 0.327
757 0.326
758 0.321
759 0.323
760 0.326
761 0.325
762 0.321
763 0.321
764 0.322
765 0.317
766 0.314
767 0.315
768 0.314
769 0.314
770 0.313
771 0.31
772 0.31
773 0.309
774 0.307
775 0.305
776 0.304
777 0.305
778 0.306
779 0.305
780 0.303
781 0.303
782 0.301
783 0.303
784 0.304
785 0.306
786 0.308
787 0.303
788 0.302
789 0.303
790 0.306
791 0.306
792 0.3
793 0.302
794 0.307
795 0.31
796 0.31
797 0.309
798 0.307
799 0.306
800 0.306
801 0.31
802 0.315
803 0.314
804 0.311
805 0.309
806 0.305
807 0.303
808 0.304
809 0.304
810 0.304
811 0.301
812 0.3
813 0.3
814 0.304
815 0.307
816 0.306
817 0.306
818 0.308
819 0.308
820 0.306
821 0.304
822 0.302
823 0.302
824 0.306
825 0.305
826 0.307
827 0.31
828 0.309
829 0.305
830 0.301
831 0.301
832 0.301
833 0.301
834 0.305
835 0.307
836 0.307
837 0.308
838 0.304
839 0.304
840 0.305
841 0.308
842 0.309
843 0.31
844 0.314
845 0.314
846 0.313
847 0.31
848 0.307
849 0.31
850 0.31
851 0.31
852 0.311
853 0.309
854 0.307
855 0.305
856 0.305
857 0.307
858 0.308
859 0.31
860 0.314
861 0.316
862 0.313
863 0.313
864 0.309
865 0.304
866 0.304
867 0.303
868 0.303
869 0.304
870 0.301
871 0.3
872 0.3
873 0.3
874 0.303
875 0.305
876 0.304
877 0.304
878 0.302
879 0.303
880 0.306
881 0.303
882 0.302
883 0.302
884 0.298
885 0.298
886 0.298
887 0.3
888 0.3
889 0.3
890 0.299
891 0.298
892 0.3
893 0.298
894 0.298
895 0.298
896 0.297
897 0.295
898 0.289
899 0.288
900 0.289
901 0.293
902 0.297
903 0.296
904 0.294
905 0.294
906 0.295
907 0.293
908 0.291
909 0.293
910 0.294
911 0.294
912 0.29
913 0.288
914 0.293
915 0.293
916 0.294
917 0.296
918 0.294
919 0.293
920 0.294
921 0.293
922 0.293
923 0.292
924 0.292
925 0.296
926 0.294
927 0.29
928 0.291
929 0.291
930 0.292
931 0.293
932 0.294
933 0.295
934 0.295
935 0.295
936 0.296
937 0.295
938 0.296
939 0.297
940 0.295
941 0.296
942 0.297
943 0.296
944 0.295
945 0.297
946 0.295
947 0.295
948 0.296
949 0.297
950 0.299
951 0.295
952 0.294
953 0.297
954 0.297
955 0.296
956 0.295
957 0.297
958 0.292
959 0.291
960 0.295
961 0.295
962 0.294
963 0.295
964 0.297
965 0.298
966 0.294
967 0.295
968 0.297
969 0.295
970 0.297
971 0.296
972 0.295
973 0.296
974 0.294
975 0.295
976 0.295
977 0.292
978 0.287
979 0.289
980 0.288
981 0.286
982 0.286
983 0.289
984 0.291
985 0.293
986 0.292
987 0.294
988 0.296
989 0.294
990 0.295
991 0.294
992 0.292
993 0.291
994 0.291
995 0.293
996 0.292
997 0.292
998 0.293
999 0.29
1000 0.289
1001 0.292
1002 0.293
1003 0.295
1004 0.294
1005 0.292
1006 0.293
1007 0.294
1008 0.291
1009 0.288
1010 0.287
1011 0.286
1012 0.289
1013 0.289
1014 0.288
1015 0.286
1016 0.284
1017 0.286
1018 0.287
1019 0.288
1020 0.289
1021 0.294
1022 0.296
1023 0.295
1024 0.294
1025 0.292
1026 0.294
1027 0.295
1028 0.293
1029 0.292
1030 0.295
1031 0.294
1032 0.296
1033 0.299
1034 0.298
1035 0.3
1036 0.303
1037 0.304
1038 0.305
1039 0.308
1040 0.308
1041 0.309
1042 0.311
1043 0.316
1044 0.322
1045 0.321
1046 0.325
1047 0.328
1048 0.33
1049 0.333
1050 0.335
1051 0.339
1052 0.336
1053 0.333
1054 0.333
1055 0.334
1056 0.333
1057 0.331
1058 0.333
1059 0.336
1060 0.335
1061 0.333
1062 0.333
1063 0.335
1064 0.34
1065 0.341
1066 0.34
1067 0.344
1068 0.348
1069 0.346
1070 0.344
1071 0.347
1072 0.351
1073 0.356
1074 0.364
1075 0.367
1076 0.365
1077 0.367
1078 0.37
1079 0.374
1080 0.383
1081 0.39
1082 0.391
1083 0.387
1084 0.385
1085 0.385
1086 0.383
1087 0.38
1088 0.374
1089 0.371
1090 0.37
1091 0.371
1092 0.371
1093 0.369
1094 0.366
1095 0.368
1096 0.37
1097 0.364
1098 0.36
1099 0.359
1100 0.355
1101 0.35
1102 0.342
1103 0.336
1104 0.332
1105 0.328
1106 0.324
1107 0.321
1108 0.317
1109 0.314
1110 0.312
1111 0.309
1112 0.311
1113 0.31
1114 0.307
1115 0.304
1116 0.302
1117 0.301
1118 0.295
1119 0.29
1120 0.286
1121 0.281
1122 0.279
1123 0.277
1124 0.281
1125 0.281
1126 0.281
1127 0.283
1128 0.28
1129 0.279
1130 0.281
1131 0.281
1132 0.281
1133 0.283
1134 0.285
1135 0.284
1136 0.284
1137 0.282
1138 0.282
1139 0.283
1140 0.284
1141 0.282
1142 0.28
1143 0.281
1144 0.285
1145 0.287
1146 0.286
1147 0.285
1148 0.282
1149 0.279
1150 0.277
1151 0.277
1152 0.277
1153 0.28
1154 0.278
1155 0.276
1156 0.275
1157 0.275
1158 0.275
1159 0.272
1160 0.269
1161 0.264
1162 0.265
1163 0.269
1164 0.27
1165 0.27
1166 0.27
1167 0.27
1168 0.269
1169 0.27
1170 0.267
1171 0.266
1172 0.267
1173 0.268
1174 0.267
1175 0.268
1176 0.27
1177 0.271
1178 0.267
1179 0.267
1180 0.267
1181 0.267
1182 0.267
1183 0.266
1184 0.267
1185 0.272
1186 0.272
1187 0.267
1188 0.265
1189 0.267
1190 0.267
1191 0.267
1192 0.272
1193 0.274
1194 0.275
1195 0.274
1196 0.274
1197 0.276
1198 0.278
1199 0.278
1200 0.276
1201 0.273
1202 0.276
1203 0.275
1204 0.272
1205 0.27
1206 0.263
1207 0.259
1208 0.263
1209 0.268
1210 0.267
1211 0.264
1212 0.267
1213 0.275
1214 0.283
1215 0.293
1216 0.305
1217 0.319
1218 0.342
1219 0.368
1220 0.394
1221 0.416
1222 0.443
1223 0.472
1224 0.504
1225 0.54
1226 0.571
1227 0.605
1228 0.644
1229 0.668
1230 0.7
1231 0.737
1232 0.768
1233 0.799
1234 0.817
1235 0.837
1236 0.853
1237 0.861
1238 0.854
1239 0.821
1240 0.774
1241 0.715
1242 0.644
1243 0.573
1244 0.509
1245 0.443
1246 0.373
1247 0.317
1248 0.271
1249 0.228
1250 0.187
1251 0.152
1252 0.134
1253 0.121
1254 0.114
1255 0.092
1256 0.042
1257 0.011
1258 0.004
1259 -0.001
1260 -0.01
1261 -0.025
1262 -0.035
1263 -0.034
1264 -0.019
1265 -0.005
1266 0.006
1267 0.021
1268 0.035
1269 0.051
1270 0.065
1271 0.077
1272 0.095
1273 0.113
1274 0.132
1275 0.151
1276 0.17
1277 0.184
1278 0.193
1279 0.203
1280 0.216
1281 0.228
1282 0.234
1283 0.241
1284 0.248
1285 0.259
1286 0.269
1287 0.273
1288 0.278
1289 0.281
1290 0.28
1291 0.279
1292 0.281
1293 0.283
1294 0.287
1295 0.286
1296 0.284
1297 0.287
1298 0.289
1299 0.288
1300 0.289
1301 0.29
1302 0.295
1303 0.299
1304 0.299
1305 0.3
1306 0.299
1307 0.297
1308 0.295
1309 0.296
1310 0.295
1311 0.294
1312 0.294
1313 0.297
1314 0.299
1315 0.301
1316 0.303
1317 0.301
1318 0.3
1319 0.298
1320 0.299
1321 0.3
1322 0.303
1323 0.304
1324 0.302
1325 0.304
1326 0.306
1327 0.307
1328 0.308
1329 0.306
1330 0.307
1331 0.309
1332 0.309
1333 0.312
1334 0.313
1335 0.311
1336 0.311
1337 0.313
1338 0.316
1339 0.318
1340 0.317
1341 0.315
1342 0.316
1343 0.318
1344 0.322
1345 0.32
1346 0.319
1347 0.323
1348 0.321
1349 0.32
1350 0.323
1351 0.324
1352 0.326
1353 0.328
1354 0.327
1355 0.324
1356 0.323
1357 0.323
1358 0.327
1359 0.326
1360 0.324
1361 0.324
1362 0.325
1363 0.328
1364 0.33
1365 0.33
1366 0.329
1367 0.331
1368 0.334
1369 0.337
1370 0.336
1371 0.336
1372 0.338
1373 0.337
1374 0.337
1375 0.335
1376 0.335
1377 0.339
1378 0.339
1379 0.338
1380 0.342
1381 0.342
1382 0.342
1383 0.343
1384 0.343
1385 0.345
1386 0.349
1387 0.352
1388 0.35
1389 0.35
1390 0.351
1391 0.35
1392 0.351
1393 0.354
1394 0.358
1395 0.361
1396 0.361
1397 0.363
1398 0.365
1399 0.367
1400 0.368
1401 0.37
1402 0.37
1403 0.37
1404 0.373
1405 0.376
1406 0.374
1407 0.376
1408 0.379
1409 0.38
1410 0.384
1411 0.388
1412 0.388
1413 0.385
1414 0.386
1415 0.39
1416 0.394
1417 0.397
1418 0.397
1419 0.397
1420 0.401
1421 0.403
1422 0.402
1423 0.404
1424 0.406
1425 0.406
1426 0.41
1427 0.413
1428 0.415
1429 0.42
1430 0.421
1431 0.423
1432 0.427
1433 0.429
1434 0.431
1435 0.432
1436 0.432
1437 0.434
1438 0.436
1439 0.439
1440 0.443
1441 0.444
1442 0.447
1443 0.449
1444 0.45
1445 0.452
1446 0.451
1447 0.452
1448 0.45
1449 0.451
1450 0.457
1451 0.461
1452 0.465
1453 0.465
1454 0.468
1455 0.469
1456 0.469
1457 0.469
1458 0.471
1459 0.474
1460 0.476
1461 0.477
1462 0.474
1463 0.474
1464 0.476
1465 0.476
1466 0.477
1467 0.475
1468 0.476
1469 0.476
1470 0.476
1471 0.476
1472 0.476
1473 0.478
1474 0.476
1475 0.478
1476 0.48
1477 0.479
1478 0.482
1479 0.481
1480 0.482
1481 0.481
1482 0.48
1483 0.477
1484 0.474
1485 0.475
1486 0.475
1487 0.476
1488 0.476
1489 0.474
1490 0.472
1491 0.469
1492 0.469
1493 0.468
1494 0.466
1495 0.465
1496 0.461
1497 0.457
1498 0.456
1499 0.458
1500 0.46
1501 0.458
1502 0.451
1503 0.45
1504 0.449
1505 0.444
1506 0.439
1507 0.434
1508 0.429
1509 0.426
1510 0.426
1511 0.423
1512 0.42
1513 0.413
1514 0.408
1515 0.405
1516 0.398
1517 0.394
1518 0.392
1519 0.389
1520 0.383
1521 0.38
1522 0.378
1523 0.376
1524 0.373
1525 0.367
1526 0.359
1527 0.356
1528 0.353
1529 0.346
1530 0.344
1531 0.343
1532 0.341
1533 0.336
1534 0.332
1535 0.329
1536 0.326
1537 0.323
1538 0.319
1539 0.318
1540 0.315
1541 0.315
1542 0.31
1543 0.309
1544 0.311
1545 0.306
1546 0.305
1547 0.303
1548 0.304
1549 0.302
1550 0.298
1551 0.294
1552 0.292
1553 0.294
1554 0.291
1555 0.29
1556 0.291
1557 0.292
1558 0.29
1559 0.285
1560 0.282
1561 0.283
1562 0.284
1563 0.282
1564 0.28
1565 0.279
1566 0.28
1567 0.281
1568 0.28
1569 0.281
1570 0.283
1571 0.281
1572 0.278
1573 0.278
1574 0.28
1575 0.283
1576 0.281
1577 0.281
1578 0.284
1579 0.284
1580 0.285
1581 0.285
1582 0.286
1583 0.286
1584 0.283
1585 0.284
1586 0.283
1587 0.281
1588 0.281
1589 0.281
1590 0.281
1591 0.28
1592 0.281
1593 0.282
1594 0.281
1595 0.282
1596 0.285
1597 0.286
1598 0.286
1599 0.285
1600 0.288
1601 0.291
1602 0.291
1603 0.29
1604 0.29
1605 0.291
1606 0.289
1607 0.289
1608 0.292
1609 0.29
1610 0.288
1611 0.289
1612 0.291
1613 0.291
1614 0.291
1615 0.29
1616 0.288
1617 0.288
1618 0.288
1619 0.288
1620 0.287
1621 0.287
1622 0.287
1623 0.288
1624 0.288
1625 0.286
1626 0.285
1627 0.287
1628 0.288
1629 0.287
1630 0.286
1631 0.285
1632 0.283
1633 0.283
1634 0.284
1635 0.286
1636 0.285
1637 0.283
1638 0.283
1639 0.286
1640 0.286
1641 0.283
1642 0.281
1643 0.281
1644 0.283
1645 0.284
1646 0.284
1647 0.285
1648 0.284
1649 0.282
1650 0.282
1651 0.281
1652 0.281
1653 0.28
1654 0.28
1655 0.281
1656 0.28
1657 0.278
1658 0.276
1659 0.276
1660 0.276
1661 0.277
1662 0.277
1663 0.275
1664 0.273
1665 0.27
1666 0.271
1667 0.272
1668 0.272
1669 0.27
1670 0.275
1671 0.28
1672 0.277
1673 0.278
1674 0.277
1675 0.277
1676 0.276
1677 0.272
1678 0.272
1679 0.274
1680 0.275
1681 0.276
1682 0.276
1683 0.275
1684 0.274
1685 0.274
1686 0.273
1687 0.272
1688 0.271
1689 0.269
1690 0.269
1691 0.268
1692 0.266
1693 0.264
1694 0.265
1695 0.266
1696 0.269
1697 0.271
1698 0.267
1699 0.265
1700 0.262
1701 0.263
1702 0.264
1703 0.264
1704 0.264
1705 0.262
1706 0.262
1707 0.263
1708 0.264
1709 0.262
1710 0.262
1711 0.262
1712 0.263
1713 0.267
1714 0.268
1715 0.267
1716 0.265
1717 0.265
1718 0.265
1719 0.266
1720 0.269
1721 0.272
1722 0.27
1723 0.267
1724 0.266
1725 0.265
1726 0.267
1727 0.266
1728 0.262
1729 0.26
1730 0.26
1731 0.259
1732 0.26
1733 0.26
1734 0.261
1735 0.261
1736 0.259
1737 0.26
1738 0.26
1739 0.261
1740 0.261
1741 0.258
1742 0.257
1743 0.258
1744 0.26
1745 0.26
1746 0.259
1747 0.258
1748 0.256
1749 0.259
1750 0.26
1751 0.258
1752 0.259
1753 0.256
1754 0.256
1755 0.257
1756 0.257
1757 0.257
1758 0.256
1759 0.256
1760 0.257
1761 0.257
1762 0.255
1763 0.255
1764 0.255
1765 0.254
1766 0.253
1767 0.254
1768 0.254
1769 0.258
1770 0.257
1771 0.251
1772 0.25
1773 0.251
1774 0.253
1775 0.253
1776 0.252
1777 0.25
1778 0.249
1779 0.249
1780 0.247
1781 0.246
1782 0.247
1783 0.248
1784 0.248
1785 0.247
1786 0.245
1787 0.246
1788 0.247
1789 0.247
1790 0.247
1791 0.248
1792 0.251
1793 0.251
1794 0.247
1795 0.242
1796 0.243
1797 0.245
1798 0.244
1799 0.245
1800 0.246
1801 0.244
1802 0.243
1803 0.246
1804 0.25
1805 0.254
1806 0.252
1807 0.248
1808 0.251
1809 0.252
1810 0.253
1811 0.253
1812 0.251
1813 0.253
1814 0.253
1815 0.252
1816 0.252
1817 0.251
1818 0.251
1819 0.248
1820 0.249
1821 0.251
1822 0.251
1823 0.251
1824 0.251
1825 0.248
1826 0.247
1827 0.251
1828 0.252
1829 0.252
1830 0.251
1831 0.255
1832 0.261
1833 0.264
1834 0.266
1835 0.265
1836 0.266
1837 0.269
1838 0.271
1839 0.273
1840 0.277
1841 0.279
1842 0.284
1843 0.291
1844 0.299
1845 0.306
1846 0.306
1847 0.303
1848 0.301
1849 0.301
1850 0.302
1851 0.302
1852 0.304
1853 0.304
1854 0.304
1855 0.307
1856 0.306
1857 0.305
1858 0.308
1859 0.31
1860 0.31
1861 0.309
1862 0.31
1863 0.31
1864 0.311
1865 0.316
1866 0.321
1867 0.325
1868 0.326
1869 0.329
1870 0.333
1871 0.334
1872 0.334
1873 0.339
1874 0.347
1875 0.355
1876 0.356
1877 0.357
1878 0.359
1879 0.36
1880 0.361
1881 0.361
1882 0.356
1883 0.35
1884 0.347
1885 0.343
1886 0.341
1887 0.338
1888 0.332
1889 0.33
1890 0.331
1891 0.329
1892 0.326
1893 0.32
1894 0.316
1895 0.313
1896 0.308
1897 0.303
1898 0.299
1899 0.296
1900 0.29
1901 0.281
1902 0.277
1903 0.277
1904 0.272
1905 0.27
1906 0.269
1907 0.267
1908 0.264
1909 0.262
1910 0.261
1911 0.263
1912 0.263
1913 0.259
1914 0.253
1915 0.247
1916 0.245
1917 0.24
1918 0.236
1919 0.234
1920 0.234
1921 0.236
1922 0.236
1923 0.237
1924 0.237
1925 0.237
1926 0.239
1927 0.241
1928 0.241
1929 0.239
1930 0.24
1931 0.24
1932 0.24
1933 0.242
1934 0.24
1935 0.24
1936 0.24
1937 0.239
1938 0.24
1939 0.24
1940 0.239
1941 0.24
1942 0.24
1943 0.238
1944 0.234
1945 0.233
1946 0.233
1947 0.232
1948 0.234
1949 0.234
1950 0.233
1951 0.233
1952 0.231
1953 0.228
1954 0.23
1955 0.233
1956 0.234
1957 0.234
1958 0.231
1959 0.23
1960 0.231
1961 0.232
1962 0.231
1963 0.231
1964 0.231
1965 0.23
1966 0.229
1967 0.229
1968 0.23
1969 0.231
1970 0.231
1971 0.233
1972 0.232
1973 0.229
1974 0.23
1975 0.23
1976 0.23
1977 0.231
1978 0.232
1979 0.234
1980 0.235
1981 0.237
1982 0.239
1983 0.238
1984 0.238
1985 0.238
1986 0.236
1987 0.238
1988 0.241
1989 0.242
1990 0.241
1991 0.243
1992 0.244
1993 0.242
1994 0.239
1995 0.242
1996 0.24
1997 0.236
1998 0.233
1999 0.229
2000 0.227
2001 0.226
2002 0.225
2003 0.224
2004 0.224
2005 0.221
2006 0.224
2007 0.225
2008 0.228
2009 0.237
2010 0.248
2011 0.265
2012 0.275
2013 0.298
2014 0.327
2015 0.353
2016 0.382
2017 0.407
2018 0.435
2019 0.467
2020 0.501
2021 0.535
2022 0.57
2023 0.612
2024 0.648
2025 0.679
2026 0.719
2027 0.754
2028 0.788
2029 0.813
2030 0.832
2031 0.851
2032 0.858
2033 0.862
2034 0.841
2035 0.8
2036 0.746
2037 0.674
2038 0.597
2039 0.523
2040 0.451
2041 0.374
2042 0.302
2043 0.247
2044 0.199
2045 0.151
2046 0.11
2047 0.087
2048 0.075
2049 0.065
2050 0.058
2051 0.018
2052 -0.03
2053 -0.046
2054 -0.056
2055 -0.064
2056 -0.073
2057 -0.086
2058 -0.088
2059 -0.076
2060 -0.064
2061 -0.055
2062 -0.041
2063 -0.025
2064 -0.011
2065 0.008
2066 0.021
2067 0.035
2068 0.052
2069 0.071
2070 0.092
2071 0.111
2072 0.127
2073 0.139
2074 0.15
2075 0.164
2076 0.175
2077 0.184
2078 0.196
2079 0.202
2080 0.208
2081 0.217
2082 0.221
2083 0.228
2084 0.233
2085 0.235
2086 0.237
2087 0.237
2088 0.239
2089 0.239
2090 0.238
2091 0.239
2092 0.24
2093 0.243
2094 0.248
2095 0.251
2096 0.253
2097 0.253
2098 0.257
2099 0.257
2100 0.257
2101 0.26
2102 0.262
2103 0.264
2104 0.266
2105 0.268
2106 0.269
2107 0.269
2108 0.269
2109 0.27
2110 0.272
2111 0.273
2112 0.276
2113 0.276
2114 0.277
2115 0.279
2116 0.278
2117 0.279
2118 0.28
2119 0.281
2120 0.28
2121 0.277
2122 0.275
2123 0.275
2124 0.277
2125 0.279
2126 0.281
2127 0.28
2128 0.277
2129 0.278
2130 0.279
2131 0.28
2132 0.282
2133 0.283
2134 0.284
2135 0.286
2136 0.287
2137 0.286
2138 0.285
2139 0.286
2140 0.285
2141 0.283
2142 0.285
2143 0.286
2144 0.284
2145 0.286
2146 0.288
2147 0.287
2148 0.29
2149 0.292
2150 0.293
2151 0.295
2152 0.293
2153 0.292
2154 0.293
2155 0.295
2156 0.295
2157 0.294
2158 0.295
2159 0.294
2160 0.292
2161 0.293
2162 0.294
2163 0.294
2164 0.294
2165 0.297
2166 0.3
2167 0.304
2168 0.306
2169 0.305
2170 0.306
2171 0.308
2172 0.31
2173 0.311
2174 0.313
2175 0.315
2176 0.314
2177 0.317
2178 0.32
2179 0.321
2180 0.322
2181 0.321
2182 0.323
2183 0.323
2184 0.324
2185 0.327
2186 0.328
2187 0.328
2188 0.326
2189 0.328
2190 0.331
2191 0.332
2192 0.333
2193 0.333
2194 0.338
2195 0.338
2196 0.337
2197 0.341
2198 0.342
2199 0.345
2200 0.347
2201 0.348
2202 0.353
2203 0.353
2204 0.353
2205 0.355
2206 0.356
2207 0.358
2208 0.361
2209 0.364
2210 0.366
2211 0.365
2212 0.367
2213 0.372
2214 0.375
2215 0.377
2216 0.379
2217 0.38
2218 0.385
2219 0.386
2220 0.386
2221 0.389
2222 0.392
2223 0.395
2224 0.395
2225 0.396
2226 0.399
2227 0.399
2228 0.402
2229 0.405
2230 0.409
2231 0.414
2232 0.415
2233 0.416
2234 0.417
2235 0.418
2236 0.422
2237 0.427
2238 0.427
2239 0.424
2240 0.426
2241 0.43
2242 0.434
2243 0.435
2244 0.436
2245 0.439
2246 0.44
2247 0.441
2248 0.444
2249 0.448
2250 0.451
2251 0.45
2252 0.452
2253 0.454
2254 0.455
2255 0.455
2256 0.454
2257 0.457
2258 0.456
2259 0.457
2260 0.459
2261 0.461
2262 0.462
2263 0.459
2264 0.459
2265 0.459
2266 0.458
2267 0.459
2268 0.46
2269 0.461
2270 0.464
2271 0.463
2272 0.464
2273 0.463
2274 0.462
2275 0.464
2276 0.464
2277 0.465
2278 0.466
2279 0.464
2280 0.464
2281 0.461
2282 0.462
2283 0.464
2284 0.461
2285 0.458
2286 0.458
2287 0.455
2288 0.453
2289 0.457
2290 0.458
2291 0.455
2292 0.449
2293 0.446
2294 0.445
2295 0.44
2296 0.435
2297 0.432
2298 0.432
2299 0.435
2300 0.429
2301 0.422
2302 0.419
2303 0.415
2304 0.411
2305 0.408
2306 0.405
2307 0.4
2308 0.395
2309 0.389
2310 0.384
2311 0.381
2312 0.376
2313 0.37
2314 0.365
2315 0.36
2316 0.356
2317 0.352
2318 0.348
2319 0.344
2320 0.338
2321 0.334
2322 0.329
2323 0.326
2324 0.322
2325 0.318
2326 0.314
2327 0.311
2328 0.309
2329 0.305
2330 0.3
2331 0.295
2332 0.292
2333 0.291
2334 0.29
2335 0.288
2336 0.285
2337 0.284
2338 0.281
2339 0.279
2340 0.276
2341 0.274
2342 0.273
2343 0.272
2344 0.27
2345 0.271
2346 0.27
2347 0.269
2348 0.27
2349 0.266
2350 0.262
2351 0.261
2352 0.258
2353 0.26
2354 0.262
2355 0.261
2356 0.259
2357 0.258
2358 0.26
2359 0.26
2360 0.26
2361 0.257
2362 0.254
2363 0.253
2364 0.251
2365 0.252
2366 0.254
2367 0.256
2368 0.254
2369 0.252
2370 0.251
2371 0.252
2372 0.253
2373 0.253
2374 0.251
2375 0.253
2376 0.253
2377 0.252
2378 0.254
2379 0.255
2380 0.256
2381 0.256
2382 0.257
2383 0.258
2384 0.261
2385 0.259
2386 0.255
2387 0.257
2388 0.257
2389 0.256
2390 0.254
2391 0.253
2392 0.255
2393 0.257
2394 0.257
2395 0.254
2396 0.256
2397 0.258
2398 0.259
2399 0.258
2400 0.259
2401 0.26
2402 0.259
2403 0.257
2404 0.259
2405 0.26
2406 0.261
2407 0.261
2408 0.259
2409 0.256
2410 0.258
2411 0.264
2412 0.264
2413 0.261
2414 0.259
2415 0.257
2416 0.256
2417 0.255
2418 0.254
2419 0.255
2420 0.256
2421 0.255
2422 0.254
2423 0.253
2424 0.253
2425 0.254
2426 0.253
2427 0.253
2428 0.254
2429 0.253
2430 0.254
2431 0.252
2432 0.251
2433 0.253
2434 0.252
2435 0.251
2436 0.253
2437 0.252
2438 0.249
2439 0.247
2440 0.247
2441 0.248
2442 0.249
2443 0.248
2444 0.247
2445 0.247
2446 0.247
2447 0.245
2448 0.247
2449 0.25
2450 0.246
2451 0.245
2452 0.246
2453 0.247
2454 0.248
2455 0.249
2456 0.25
2457 0.249
2458 0.25
2459 0.25
2460 0.251
2461 0.253
2462 0.253
2463 0.255
2464 0.256
2465 0.252
2466 0.249
2467 0.252
2468 0.248
2469 0.247
2470 0.247
2471 0.243
2472 0.241
2473 0.243
2474 0.244
2475 0.243
2476 0.242
2477 0.242
2478 0.241
2479 0.24
2480 0.239
2481 0.24
2482 0.24
2483 0.24
2484 0.241
2485 0.239
2486 0.24
2487 0.242
2488 0.241
2489 0.24
2490 0.238
2491 0.238
2492 0.239
2493 0.235
2494 0.236
2495 0.238
2496 0.236
2497 0.237
2498 0.235
2499 0.234
