0
1
2506
-3 0.004066978658430906
-2 0.025331169753892675
-1 0.07500045336824138
0 0.46030470610054897
1 0.5103274139740419
2 0.5332585805819648
3 0.5408783888821516
4 0.5417027582936992
5 0.5357721349812515
6 0.5327058152160787
7 0.531914025286058
8 0.5322236353320902
9 0.5265232476278617
10 0.5269564217267768
11 0.5276007582061879
12 0.5233403808168924
13 0.5270263968598339
14 0.5237418119726375
15 0.5206718979694804
16 0.527718279099447
17 0.5237104444314256
18 0.5209117709753077
19 0.527664106783422
20 0.5297669283599844
21 0.5308776419063521
22 0.5348912816411452
23 0.5375059525251844
24 0.5372314415674542
25 0.5331834019736105
26 0.5273757292192358
27 0.5286766107571058
28 0.5366193091676119
29 0.5379895673930345
30 0.5315248884438019
31 0.5311304227204785
32 0.5325168591648911
33 0.5363851039194506
34 0.5390596148771809
35 0.5372181734065028
36 0.5378849543080746
37 0.5363095618124741
38 0.5319983682522859
39 0.5342754176942129
40 0.53967258381538
41 0.5364070721559068
42 0.5334199037850003
43 0.5294854154444735
44 0.5282822823428881
45 0.5327570925233707
46 0.5333473939958625
47 0.534616770683415
48 0.5337041894494442
49 0.5330025325031174
50 0.5364608841192795
51 0.5395432297450309
52 0.5331131887477011
53 0.532677580776452
54 0.5346043390608204
55 0.5336219049535926
56 0.5343295900102379
57 0.5318033690414742
58 0.5285567933006183
59 0.531973865359749
60 0.5348757169169653
61 0.5367100556461158
62 0.5390342754462872
63 0.5367480647924565
64 0.5350491082439731
65 0.5322674495452022
66 0.5316740149711252
67 0.5294851773516213
68 0.5306126675624835
69 0.5345289192136441
70 0.5288792103712029
71 0.5259580474934114
72 0.525235634250943
73 0.5247684206456297
74 0.5225671514035312
75 0.5228416623612615
76 0.526577658036739
77 0.5292928350566904
78 0.528329712270038
79 0.5293443504568345
80 0.5199113382715661
81 0.5151522424266397
82 0.5233952523621687
83 0.5228201917865632
84 0.5217082662998809
85 0.5203696137085226
86 0.5184745983673242
87 0.5231674506262836
88 0.5260724352850852
89 0.5257686152565191
90 0.5289267410820994
91 0.5272534993664677
92 0.5218251887476354
93 0.5164319922664105
94 0.5150424227204127
95 0.517836888443736
96 0.5249488139304184
97 0.5255389780938046
98 0.5208328576738939
99 0.5254372600175776
100 0.530105148247601
101 0.5291447831605762
102 0.5247424827692314
103 0.524720276439923
104 0.5282163991095733
105 0.5314658698591621
106 0.5269530505323391
107 0.5240163229303677
108 0.5222546312994605
109 0.5218349634543492
110 0.5217116374943185
111 0.52002199451615
112 0.5248913712037026
113 0.5271362165660608
114 0.5311905223630751
115 0.5334551401824077
116 0.5297980578083442
117 0.5247140102367525
118 0.5247588840317682
119 0.5220968046966326
120 0.5206505281785291
121 0.5213484385284605
122 0.5190813011023526
123 0.5207898799991386
124 0.5167284714605969
125 0.5190777925988095
126 0.5235310099447938
127 0.5216166832830201
128 0.5192829268689872
129 0.5207078335961393
130 0.5170669294410657
131 0.5147423342389366
132 0.5161445735003812
133 0.5211214733309324
134 0.5231545428179843
135 0.5238931342794426
136 0.527130173406437
137 0.5246101178570972
138 0.5211336668606745
139 0.5158862257123356
140 0.5066369780062934
141 0.5023801948549822
142 0.5053742278745639
143 0.5088101350685653
144 0.5078624396969872
145 0.504669675919504
146 0.5058601393056424
147 0.5085096862344368
148 0.5119294152094482
149 0.5094444737977158
150 0.5061352487088772
151 0.49885946850904844
152 0.49933041366145176
153 0.5024347275236595
154 0.5005081065483968
155 0.5020841982732483
156 0.4973602165659293
157 0.49498204749327973
158 0.4974169235380349
159 0.501449636500551
160 0.5044580223039978
161 0.5037729189786189
162 0.5078192239293797
163 0.49484618912690775
164 0.4879180281194517
165 0.4917593361091404
166 0.4861379990154316
167 0.4865987940591633
168 0.48506468112059437
169 0.48360886798862934
170 0.48244023552984133
171 0.48275626413745515
172 0.48753719090973213
173 0.4866648146015837
174 0.4927814989564858
175 0.4962809928205737
176 0.49195736763779074
177 0.48850879072834247
178 0.49066915581536746
179 0.4942628896121969
180 0.49461607577848876
181 0.4934005110543089
182 0.49281020958181715
183 0.48830692686885574
184 0.4902019422100541
185 0.4915030618407764
186 0.49105721802641455
187 0.49468255745730827
188 0.49615104030472007
189 0.495332699003491
190 0.4952791251329707
191 0.49602168623437104
192 0.49362771434468944
193 0.49126548539817755
194 0.493912598454638
195 0.49146505269443597
196 0.48714783102392917
197 0.4912345789933646
198 0.4914996906463388
199 0.49143344706037173
200 0.49093762361347376
201 0.4853069879987557
202 0.4886298050758392
203 0.48480573488704404
204 0.4799328496959484
205 0.4813862289555793
206 0.4794658741834873
207 0.48109484054960794
208 0.4866720396029112
209 0.4854406720616993
210 0.48047317153590413
211 0.47585947067121104
212 0.47940276369910545
213 0.48568054506752656
214 0.4876949167288135
215 0.48806727690657514
216 0.48625141295964297
217 0.4887683354073974
218 0.49164798063530535
219 0.4934636215386907
220 0.4967953767841311
221 0.49272443163172797
222 0.4926486514318993
223 0.49573763866277926
224 0.49390886690754804
225 0.49425275455283074
226 0.49690856768479574
227 0.49952613357756803
228 0.5003822459322853
229 0.49719634680347735
230 0.4887268328068193
231 0.48712899588905834
232 0.49160707648023183
233 0.49514410330495556
234 0.4938901540324774
235 0.48721407460989635
236 0.48892616201022543
237 0.4912412205984931
238 0.4908771850942782
239 0.4935076587953496
240 0.496700660665685
241 0.49307821624352444
242 0.48873672977333316
243 0.4863120895716908
244 0.4796579783855658
245 0.4841707977123888
246 0.4904741566045559
247 0.49096563500955376
248 0.49544962145124544
249 0.500972886281376
250 0.5025603500469186
251 0.5072212363191613
252 0.5139222948199835
253 0.5147614074666597
254 0.5210577644010459
255 0.5299307830731308
256 0.53687428576122
257 0.5461740750199439
258 0.5457754166131318
259 0.5482664011844879
260 0.5560064999808969
261 0.5595806994136042
262 0.5623087842418549
263 0.5609511957318791
264 0.556836674459216
265 0.5526812490314794
266 0.5511845317444409
267 0.5526150054455122
268 0.5567579992506543
269 0.5602373452558099
270 0.5637486722969877
271 0.5690599231589598
272 0.5689836818227321
273 0.5723376433974808
274 0.5711914553608536
275 0.5669560420004938
276 0.5699252117748863
277 0.5720382691945616
278 0.5674643978537328
279 0.5715791572192482
280 0.5811575643847501
281 0.5806544151527779
282 0.5831485328257195
283 0.5901307438894005
284 0.5957131495639707
285 0.6036511425799245
286 0.6115546349530808
287 0.6187953160646076
288 0.6219850625735577
289 0.6198432730524978
290 0.6208782214483424
291 0.6366707010523787
292 0.6500587348307685
293 0.6571978351751739
294 0.6631190226575064
295 0.6532943540232068
296 0.6507116491258841
297 0.6497847000587428
298 0.6404151587105087
299 0.632827081450156
300 0.6285495420027034
301 0.6239609274267461
302 0.6191417534152764
303 0.6245584539005654
304 0.6204472030385934
305 0.6118541249890522
306 0.6096061465251087
307 0.6099352052008218
308 0.6101247596975139
309 0.6036068672304133
310 0.5983776477221349
311 0.5924168537594846
312 0.5835916038911484
313 0.5684025566114496
314 0.5588033781005008
315 0.5561458668508121
316 0.5500511356830604
317 0.5431573745346548
318 0.5421857747160446
319 0.5357854031422029
320 0.526030932684507
321 0.519589281553634
322 0.5158542597256189
323 0.5154599162620958
324 0.5089768998397501
325 0.5054813756156046
326 0.502339651052561
327 0.5005806163375346
328 0.5006345505607072
329 0.4966690550316208
330 0.4874675761293274
331 0.47391750801531524
332 0.4681110321519498
333 0.46623301651879273
334 0.4617899342321745
335 0.457637403813171
336 0.45612801681068554
337 0.4574260033398226
338 0.4612342707115857
339 0.4621557901139133
340 0.464915855978186
341 0.46737256295029156
342 0.4645333607410582
343 0.4674894853980461
344 0.4654622209777656
345 0.4648270457102581
346 0.46886891988467777
347 0.4731981120413801
348 0.4778529551539989
349 0.47433500155699826
350 0.46818657425892624
351 0.46738197730435305
352 0.46739440892694767
353 0.46891309445044227
354 0.4732176464055021
355 0.46996817565591326
356 0.46666765064257937
357 0.46799097660261
358 0.47365952057992183
359 0.4736561493854843
360 0.46939647122544
361 0.46335916130835086
362 0.4556415069341025
363 0.4559733233094429
364 0.4581429869174771
365 0.4594187671173058
366 0.4585657878641738
367 0.4569579531961524
368 0.46258872611997603
369 0.4647712975363094
370 0.46024253808334875
371 0.4559318207088648
372 0.45986654714224384
373 0.46777039986805247
374 0.4732140371182123
375 0.4730155444531631
376 0.4664599817163209
377 0.4571407588772218
378 0.46122124064348646
379 0.4681877711499354
380 0.46770078508764773
381 0.4661723248574393
382 0.4619475227421503
383 0.45850908089206815
384 0.45519045649847356
385 0.45130327582529656
386 0.45211810862298246
387 0.4527115431970595
388 0.4568038581404143
389 0.46085526892869555
390 0.4614109324492844
391 0.46147077252297536
392 0.4594308383872481
393 0.4616257041170703
394 0.4621433584913187
395 0.46383567343467347
396 0.4674201087104936
397 0.46675356590177414
398 0.46601413790195906
399 0.468303857059333
400 0.4702841892142216
401 0.46677890533266775
402 0.4633585628628462
403 0.46470722825377053
404 0.47069142543673836
405 0.47167316031471485
406 0.47338754427827234
407 0.4740630252553487
408 0.47671570528572843
409 0.4799527444127227
410 0.4755692791562488
411 0.4738167487372452
412 0.473031225010395
413 0.4704163160335036
414 0.46816123482803257
415 0.47107948764778557
416 0.47149372582808313
417 0.46515259588242797
418 0.4589254933757942
419 0.4599866026915836
420 0.4644987227891553
421 0.47339454623605315
422 0.4765929777712024
423 0.47212710575907674
424 0.4768676045619848
425 0.47976330574908266
426 0.4865669439054989
427 0.5037293364316111
428 0.5272065456250224
429 0.549864353935301
430 0.5836669014785247
431 0.6233712394490646
432 0.6605889629311584
433 0.7060426943910003
434 0.7534073963674839
435 0.8003543516601267
436 0.8470230644479494
437 0.8997586343165495
438 0.9564534184617598
439 1.0093994514816043
440 1.0676553761222964
441 1.1159693342789767
442 1.159112990728271
443 1.2175299973331766
444 1.270022683354164
445 1.310637929481961
446 1.3424350435322547
447 1.3645284882464397
448 1.3777358906471882
449 1.3833193773797157
450 1.3673271745560531
451 1.3138046459767416
452 1.2353566739992856
453 1.142255743808282
454 1.0328765448419637
455 0.9163831087764289
456 0.7980588424852866
457 0.6833242030419259
458 0.5773638965122622
459 0.4892579870081235
460 0.4146289000742492
461 0.34168117153531213
462 0.28035106359229944
463 0.23027178304136905
464 0.18967610274545216
465 0.16387877207835966
466 0.14213547764767115
467 0.09393988048756381
468 0.02930048033553367
469 -0.006385072845315271
470 -0.02796882750614641
471 -0.044433648558926044
472 -0.05234945029487689
473 -0.057309948862891195
474 -0.06002306741246646
475 -0.0509793143292544
476 -0.03510271480253697
477 -0.014929264507791635
478 0.011670733330045794
479 0.03782512544637361
480 0.061983620683632924
481 0.08809094322546328
482 0.11241993478099742
483 0.13915846295039305
484 0.16917203939312347
485 0.19526936418469334
486 0.2225378410418263
487 0.25198262311212205
488 0.28296899626447203
489 0.30679589816993763
490 0.32455655648943604
491 0.3478384061193833
492 0.36797432345349274
493 0.38585202648054573
494 0.40805405391963295
495 0.4221683633699386
496 0.43223729014228135
497 0.4446943837375341
498 0.4547294083125841
499 0.46416435670842865
500 0.4699330615183059
501 0.4751302999905622
502 0.4807040055896278
503 0.4825163760823224
504 0.4807414162904637
505 0.4818151953217
506 0.4820174345831446
507 0.4833625914705258
508 0.4838833789463596
509 0.4856263727515016
510 0.4894599795541582
511 0.49014499714509613
512 0.49156906733389133
513 0.49180267413654805
514 0.4918784543363768
515 0.492715493463371
516 0.4903788420406051
517 0.4893049257002633
518 0.49000261300664805
519 0.4964004499244089
520 0.5009317440334503
521 0.5022224905119542
522 0.5052317279030635
523 0.5087467864913311
524 0.5074963457223961
525 0.5028604385283947
526 0.5017044757850535
527 0.5052921814715645
528 0.5100132681701505
529 0.5074168339754774
530 0.5077831660429208
531 0.511591671507536
532 0.512885688396731
533 0.5191950753992164
534 0.5219424715480422
535 0.518945067334023
536 0.5185034312524555
537 0.5180364557399944
538 0.5149825826467218
539 0.5178180533088653
540 0.5226175921724663
541 0.5307175187402957
542 0.5354031309486219
543 0.5336308431219495
544 0.5406288419533573
545 0.5413173680478383
546 0.5414938924764314
547 0.5403759388794307
548 0.5392992648394614
549 0.5423311696962779
550 0.5395486744591502
551 0.541130333157921
552 0.5459085022305707
553 0.5472473929147812
554 0.5448536591179518
555 0.5412725950365692
556 0.5411936817351553
557 0.5445664784447749
558 0.5458520333513173
559 0.5440133495802666
560 0.5425035014413822
561 0.5511601511117041
562 0.5503231119847098
563 0.544003351830006
564 0.5468776681768468
565 0.5482105307507391
566 0.5486962040889654
567 0.5500382278747613
568 0.5509859232463394
569 0.5494007560440254
570 0.5446292285765042
571 0.5443736535373915
572 0.5460786381961931
573 0.5505152161867886
574 0.5570866825244094
575 0.5575501645826328
576 0.5611368964216814
577 0.5679581477809491
578 0.5727037373720718
579 0.5740388965091925
580 0.578810900162418
581 0.5781348207398371
582 0.5754185690886765
583 0.5809262541453218
584 0.5813840684458793
585 0.5813618621165709
586 0.5799598609479785
587 0.5766945873813576
588 0.5799220898944903
589 0.580591304668396
590 0.583328926110508
591 0.5857542655414016
592 0.5837679052761948
593 0.5836983912795367
594 0.5831047336619128
595 0.5873297738700541
596 0.5923185068776953
597 0.5985643222593997
598 0.6063357885970208
599 0.605324759697514
600 0.6059307266779322
601 0.6087161319730987
602 0.6117855848398567
603 0.6150502599609731
604 0.6165527823147832
605 0.6240875087481622
606 0.6271316221840266
607 0.6254638101332086
608 0.6255460946290602
609 0.6260133082343736
610 0.6290700913856847
611 0.6345487054643465
612 0.6362468254744728
613 0.6428814022964758
614 0.6470877446788521
615 0.6457448843546992
616 0.647049137087007
617 0.6491054875345764
618 0.6469958013093388
619 0.6451732957572782
620 0.64904177860469
621 0.6543153957222797
622 0.6564498229329063
623 0.657523003518638
624 0.6601373140500248
625 0.6685275543926166
626 0.6762256744027431
627 0.6814575508269022
628 0.6865954103618664
629 0.6845430446035446
630 0.6810344903112998
631 0.6792722002348881
632 0.685720477921584
633 0.6935612201630108
634 0.6955629221088507
635 0.6943440869739801
636 0.6897052847712456
637 0.6888336076923485
638 0.694201702835532
639 0.7011362673552642
640 0.7066148814339259
641 0.7044352200756313
642 0.7061309062134236
643 0.7110037914045191
644 0.7118054933503593
645 0.7133084768405685
646 0.7136843455218733
647 0.7143347251609082
648 0.7176469460422268
649 0.7227085642409634
650 0.7311143693077349
651 0.736216891661545
652 0.7395513188721717
653 0.7411683298014023
654 0.7396836837843059
655 0.7417674321331454
656 0.7493465712251411
657 0.7537231718329399
658 0.7526930697057101
659 0.7549380158518151
660 0.7610702799802028
661 0.7697823389478744
662 0.7772090811018559
663 0.7798487310641365
664 0.7819545484331787
665 0.783015196612569
666 0.7889429249162836
667 0.7903134212345584
668 0.7852665462709502
669 0.7875025542486982
670 0.7903888410817347
671 0.7935778733121279
672 0.7975186278558254
673 0.7968964977057226
674 0.7977524727513343
675 0.7945945850186064
676 0.7950298175878975
677 0.8000004512152779
678 0.8046365965021316
679 0.8014371911195199
680 0.7960653644292466
681 0.8003983889167855
682 0.8033982270031387
683 0.8062680975243329
684 0.8072947061973251
685 0.8043392807695884
686 0.7980488296857207
687 0.7954690348464363
688 0.7991828241926057
689 0.8040235053041324
690 0.8105561259570562
691 0.8173100590991474
692 0.8265088660362545
693 0.8284096864442246
694 0.8240704965372617
695 0.822343543642004
696 0.8210237261855166
697 0.8222108183772177
698 0.8244216242331774
699 0.824191150532106
700 0.8196181157296344
701 0.8190437543832803
702 0.8204528582934002
703 0.8157219968881002
704 0.813015504894348
705 0.8143552321169154
706 0.8124261772693188
707 0.8063595582813937
708 0.8038330992197777
709 0.8078693056365315
710 0.8093917227071158
711 0.8024886630377012
712 0.7925134935856476
713 0.7845690970574177
714 0.7793687254835763
715 0.7768964387379852
716 0.773782710521716
717 0.7715408974771963
718 0.7686267365571857
719 0.7597252453526216
720 0.7501040986052169
721 0.7395416599985102
722 0.7316823421911184
723 0.7295009676657941
724 0.7234886583029997
725 0.7182185346396477
726 0.7116792723815956
727 0.7041229380644128
728 0.6987865708150937
729 0.6936366400101872
730 0.6893297764425931
731 0.6815240325057216
732 0.6731375237102197
733 0.6634089911289222
734 0.6527645061192161
735 0.6455653276082675
736 0.6388553309390882
737 0.6333170998302823
738 0.6276051019925105
739 0.6177372175906034
740 0.6120156831389701
741 0.6056881967562243
742 0.6018294735662205
743 0.5964957782820878
744 0.5964710372966987
745 0.5951734111202139
746 0.5871243007232775
747 0.5824261045339456
748 0.5717056162808644
749 0.5675441476935038
750 0.5651761136802205
751 0.5614402553138484
752 0.563903588841777
753 0.5600859221652581
754 0.5576861452088049
755 0.5518223639278291
756 0.5458387651903658
757 0.5431393759381409
758 0.5371644772761823
759 0.539021245378188
760 0.5421670768902793
761 0.5408941916991837
762 0.5361664633954693
763 0.5353049213759381
764 0.5352677487679546
765 0.5289612567742022
766 0.5247424827692314
767 0.5249924908344248
768 0.5235808522682243
769 0.523100968947464
770 0.5213706448577689
771 0.5175116986242185
772 0.5166688544304526
773 0.5148029100672377
774 0.5118472465466489
775 0.5089958357583676
776 0.5075495592402641
777 0.5085001496205753
778 0.5094760794317802
779 0.5081496203701642
780 0.5055666924292948
781 0.5050395014411848
782 0.5028953145731498
783 0.5052731082438415
784 0.5070285336715782
785 0.5096558742710642
786 0.5116298029136767
787 0.5060339060346082
788 0.5045716893903669
789 0.5056991796012291
790 0.5089521588543611
791 0.5087374879703218
792 0.5024275025223319
793 0.5049095489253314
794 0.5112728852002948
795 0.5156112385689008
796 0.5161320260447345
797 0.5148184747914176
798 0.51219777579706
799 0.5109504681297103
800 0.5115879399604462
801 0.5169655717174911
802 0.5231929123169772
803 0.5223841076296096
804 0.5184116101427424
805 0.5148060431688231
806 0.5092421122764711
807 0.5062075354544682
808 0.50676982553088
809 0.5065299525250526
810 0.506040532590431
811 0.5023491876664224
812 0.5009880906529036
813 0.5014395014411848
814 0.5065330856266381
815 0.510609835845813
816 0.510271377865344
817 0.5106501415553819
818 0.5128640805129272
819 0.5126935841946524
820 0.5099841971921669
821 0.5070414414798773
822 0.5044518719338794
823 0.5045625281784633
824 0.5092205043926674
825 0.5091093870116845
826 0.5119668259102842
827 0.515390301481691
828 0.5138904510930671
829 0.5085410537756488
830 0.5030940453310514
831 0.5022483061285524
832 0.5022229666976588
833 0.5029235490127765
834 0.5080456057307088
835 0.5110799444598594
836 0.5115440249635874
837 0.5123210867077852
838 0.5078053723722291
839 0.5076189359278165
840 0.5091096251045368
841 0.5130852556929892
842 0.5152352476277958
843 0.5174074458919109
844 0.5223621393931536
845 0.5226683932940536
846 0.5211212352380801
847 0.5171518708527982
848 0.513485627266831
849 0.5164228160052013
850 0.516691060759761
851 0.5168486492697366
852 0.5176194448107638
853 0.5149322641375867
854 0.5120050731494767
855 0.5093210255778852
856 0.509254781991918
857 0.5118348149240542
858 0.5139185632728936
859 0.5173189959766353
860 0.5226306222405654
861 0.5252797937674019
862 0.5219511716235469
863 0.5207202652187338
864 0.5149607366700657
865 0.5082377099327874
866 0.5070572442969093
867 0.5055035819449128
868 0.5052288328943304
869 0.505832265218668
870 0.5022195955032212
871 0.5006597677318009
872 0.5005430833768986
873 0.5010227286048066
874 0.5048532023058778
875 0.5075372498774696
876 0.506725550181369
877 0.5065362187282234
878 0.5044107296859536
879 0.5055413529984011
880 0.5086332352380142
881 0.5053328475337859
882 0.5036151931595375
883 0.5026810040417631
884 0.49780209074034903
885 0.4973031341918658
886 0.49734754685048244
887 0.4996841982732483
888 0.49991467197431966
889 0.49985156148993776
890 0.49862935516062945
891 0.4974515614899378
892 0.49932123740024265
893 0.4971390413858672
894 0.4968578888230085
895 0.4963875421161098
896 0.49444268445148093
897 0.49090625607226185
898 0.483292854430321
899 0.4814898832423824
900 0.4829834674278357
901 0.48832309003854013
902 0.49350825724085423
903 0.4929079580181019
904 0.4907098218775887
905 0.49038173704933813
906 0.4910200454184309
907 0.48858516937367574
908 0.48631765654561016
909 0.4883924667260926
910 0.48945371335098764
911 0.48902764199360005
912 0.4843410559378114
913 0.48212108886994776
914 0.48763831054045453
915 0.4884904532552296
916 0.49016056186927603
917 0.49241564307474717
918 0.49029015403247733
919 0.4890143738326486
920 0.4897851693736758
921 0.48858203627209046
922 0.48837690200191275
923 0.4873629630443675
924 0.48763120779892705
925 0.4918032725820526
926 0.48945684645257287
927 0.4847797970106457
928 0.485358127996942
929 0.48545611452607906
930 0.48690528605291566
931 0.48849358635681495
932 0.49006921694526745
933 0.49151549346337103
934 0.49180267413654805
935 0.4919827070686844
936 0.49311959658430243
937 0.4922698877418614
938 0.49341631387134105
939 0.494486959800992
940 0.49250349454451814
941 0.49354880104327536
942 0.49458807943171434
943 0.4935361313278286
944 0.49243725095855095
945 0.4943322662997493
946 0.4922416533022347
947 0.4922983602743404
948 0.4936277143446894
949 0.49498881135820827
950 0.49696274000082064
951 0.49259507756137894
952 0.4913728712320706
953 0.4944996295164389
954 0.4946511899160962
955 0.4935516960520084
956 0.4922005110543089
957 0.49359054173670575
958 0.48793129628040316
959 0.48668375052020113
960 0.49096960464949596
961 0.49139567600688344
962 0.49074783102392916
963 0.4921687681111391
964 0.4945596068992355
965 0.4955953767841312
966 0.4913570684150384
967 0.49223211668837313
968 0.4943449360151962
969 0.4925003614429328
970 0.4945278639560655
971 0.49341631387134105
972 0.49220364415589424
973 0.49296490308305985
974 0.49075736763779065
975 0.49143947517069003
976 0.49070439221277495
977 0.4864916463181226
978 0.4802580395154659
979 0.48139866057817393
980 0.4798674426483381
981 0.47760595793059074
982 0.4778775738795879
983 0.48176162145117957
984 0.4848688453714259
985 0.48778009623339813
986 0.4874765142976844
987 0.4900692169452675
988 0.4924818866607143
989 0.49057420160406906
990 0.49132279081578784
991 0.4897947059875372
992 0.4871515625710191
993 0.48570841915450086
994 0.4856517121823952
995 0.4878181053797385
996 0.4869430571064038
997 0.4868641438049899
998 0.4875309247065615
999 0.48412965546446307
1000 0.483087482067291
1001 0.4866212384813239
1002 0.4883988702383688
1003 0.490865113824336
1004 0.4898482798580576
1005 0.48762167118506555
1006 0.48838933362450726
1007 0.4889233892612924
1008 0.4849759931124666
1009 0.48080789796928314
1010 0.47900179367975926
1011 0.4778617710625558
1012 0.4811112418121446
1013 0.481183888910388
1014 0.4797534152093166
1015 0.47707250073931023
1016 0.474685170454757
1017 0.4768642333675472
1018 0.47850007943164863
1019 0.4804731715359042
1020 0.4828127330167086
1021 0.4892768135204366
1022 0.49228291780996053
1023 0.49147435121544525
1024 0.4901512633482668
1025 0.48790595684950944
1026 0.4899271931594716
1027 0.49095380183246384
1028 0.48884701061595914
1029 0.4878523829789892
1030 0.49119367483829107
1031 0.4908616203700983
1032 0.49371616425996484
1033 0.49761311963985566
1034 0.49751780507590493
1035 0.5005301755685995
1036 0.5046702743650086
1037 0.5068075965843682
1038 0.508863110493581
1039 0.5128136397439922
1040 0.5137071627995453
1041 0.5158351864978958
1042 0.5195861484520486
1043 0.5268743753237775
1044 0.5351412897063386
1045 0.5360688522682899
1046 0.5418095456820873
1047 0.5465715515850524
1048 0.550335183254652
1049 0.5550303320768399
1050 0.5584469429995713
1051 0.5631175889292224
1052 0.5598554484641868
1053 0.5561352556057414
1054 0.555586233690281
1055 0.5562876525437556
1056 0.5550654462144473
1057 0.5530724443441117
1058 0.5554819809579732
1059 0.5589590303999005
1060 0.5580462110730775
1061 0.5559114235097984
1062 0.5562270767154545
1063 0.5593089612048071
1064 0.5657321375534616
1065 0.5679990519360226
1066 0.5681687117159406
1067 0.573404557780042
1068 0.578365892886413
1069 0.5767769941370091
1070 0.5751756637650105
1071 0.5794358181107594
1072 0.5858834973519508
1073 0.5940866020208786
1074 0.6051199857799887
1075 0.6102005398973426
1076 0.6094167142882164
1077 0.6126504980538253
1078 0.61776906131752
1079 0.6250089058906897
1080 0.6377501693173343
1081 0.6477097740452081
1082 0.6498882385124937
1083 0.645485938121149
1084 0.6424515993919983
1085 0.6413057717080233
1086 0.63782305450843
1087 0.6327487665942466
1088 0.6244345445443359
1089 0.6195938634328091
1090 0.6176236663372866
1091 0.6182237274671865
1092 0.6177913899066283
1093 0.6151387098762485
1094 0.6116078484709488
1095 0.6132725274201815
1096 0.6145520391671001
1097 0.607020207742454
1098 0.6009668569154806
1099 0.5977246111672191
1100 0.5910494905427951
1101 0.582628105702538
1102 0.570733179923897
1103 0.5609793079117057
1104 0.5537360921440982
1105 0.5469503152750903
1106 0.5404234846396326
1107 0.5350462132352402
1108 0.528831902703853
1109 0.5238809407497004
1110 0.5203696137085226
1111 0.5164159513565261
1112 0.5177899411290386
1113 0.5159871072502056
1114 0.5117176543834475
1115 0.5071610208435124
1116 0.5034700362721563
1117 0.5004138515663497
1118 0.49178687131951593
1119 0.48379179592949867
1120 0.4768769030829941
1121 0.46945969754287414
1122 0.4659134944569412
1123 0.4634409846678035
1124 0.46776110134704324
1125 0.46831652677477986
1126 0.4686541482168919
1127 0.47059984241987757
1128 0.4672870230930547
1129 0.4660648167637464
1130 0.46816207136638943
1131 0.4685250322393951
1132 0.46907405415485554
1133 0.47174253700226726
1134 0.4742718910726164
1135 0.4733812780751017
1136 0.47308769388964844
1137 0.47072570303598893
1138 0.470599243974373
1139 0.47166362370085335
1140 0.47256377331222943
1141 0.4701922458447085
1142 0.4680067794196422
1143 0.46951616642212746
1144 0.4745435070216135
1145 0.47734423894810746
1146 0.4763398366044237
1147 0.47448015844437935
1148 0.4700879931124008
1149 0.4656356123047734
1150 0.4625981404740376
1151 0.462225404894318
1152 0.46236116247694337
1153 0.4654812791561831
1154 0.4631697290714586
1155 0.46050437932563204
1156 0.45886250515121235
1157 0.4583132451428997
1158 0.45749550228717517
1159 0.4531002038536112
1160 0.4483795782914243
1161 0.44214910459035284
1162 0.4430239147708353
1163 0.4477640746971444
1164 0.4495857437108482
1165 0.4500054115559596
1166 0.45006876013319363
1167 0.4499549707870245
1168 0.4486982638149189
1169 0.4492259159394278
1170 0.44563858565487463
1171 0.4442363463934299
1172 0.445196711480455
1173 0.446384041765008
1174 0.445692159525395
1175 0.4471413310522315
1176 0.4495321698403279
1177 0.45047635670836284
1178 0.4459762070969867
1179 0.4454490161088768
1180 0.44518404176500814
1181 0.44507978903270046
1182 0.44505468769465906
1183 0.44434059912573753
1184 0.4460960245534742
1185 0.4518279171080202
1186 0.4517743432374999
1187 0.44594133105223155
1188 0.4431405991257376
1189 0.4449633427706505
1190 0.4454334513846969
1191 0.4464592235193322
1192 0.4528475238232315
1193 0.4561094412447205
1194 0.4578206921066927
1195 0.4571290479599318
1196 0.4575078116499697
1197 0.46013828535104107
1198 0.46266450631980477
1199 0.4626362718801781
1200 0.4601160790217326
1201 0.45659185922156137
1202 0.4592165278558611
1203 0.45757128248700385
1204 0.45315353963127936
1205 0.4489640746971444
1206 0.43975283613744276
1207 0.434636807529829
1208 0.43899820376610016
1209 0.4449479003062707
1210 0.44457167127231356
1211 0.4422942614777341
1212 0.44732147981742004
1213 0.45922618030277484
1214 0.4727436839845658
1215 0.4896243255023147
1216 0.5102212910223135
1217 0.5352511029858176
1218 0.571961530196576
1219 0.6136203997547118
1220 0.6561026648769327
1221 0.6950416520205648
1222 0.7399586709277407
1223 0.7884498892676242
1224 0.8414565988995168
1225 0.8994118366132282
1226 0.9528151712225669
1227 1.009229193256182
1228 1.070099651471808
1229 1.1153717070214106
1230 1.16866859311896
1231 1.2271798547059127
1232 1.278768659568434
1233 1.3279326718709017
1234 1.3611056261698429
1235 1.3932527782355377
1236 1.4174875362850778
1237 1.427251189430731
1238 1.4124361818322555
1239 1.3604074755312494
1240 1.2838104816383331
1241 1.186967765754386
1242 1.0730502707212453
1243 0.9572038431003077
1244 0.8484134705323042
1245 0.738589249240675
1246 0.6269855000717408
1247 0.5332901829352509
1248 0.45414284700973984
1249 0.38194141111929314
1250 0.31556151815463385
1251 0.26005346584847217
1252 0.22702495415835544
1253 0.20262878812149845
1254 0.18347375051274645
1255 0.14502476027318725
1256 0.07567053962574173
1257 0.027661717786645862
1258 0.0093156006983136
1259 -0.0029668832028687223
1260 -0.018366985652569078
1261 -0.039469778796474175
1262 -0.05312399885904732
1263 -0.05119143550790742
1264 -0.030804789403299962
1265 -0.008872182133728122
1266 0.01095037855795372
1267 0.035172445415993896
1268 0.05875344620531386
1269 0.08444086280918056
1270 0.10811017620467044
1271 0.13013075077706537
1272 0.15900103419190145
1273 0.18879634551260835
1274 0.2201004303409905
1275 0.2512406604562262
1276 0.2813551184368267
1277 0.3048130313589682
1278 0.32183823131859374
1279 0.3392805644672499
1280 0.3595435393084798
1281 0.3782115722406819
1282 0.3899416845080197
1283 0.4021677059566965
1284 0.41461480180168875
1285 0.43131263763836836
1286 0.446554660343083
1287 0.4546784913579446
1288 0.4624842352948162
1289 0.4670537766430503
1290 0.4667028870399868
1291 0.46610282591008684
1292 0.4688815896001246
1293 0.4720392542893059
1294 0.4770192872214422
1295 0.4765105710155507
1296 0.47483008924928594
1297 0.4783609506545858
1298 0.4810040940711039
1299 0.4805711580650412
1300 0.482323551174939
1301 0.48467578237119036
1302 0.491515493463371
1303 0.49722144814151875
1304 0.498247220276154
1305 0.4994630230931862
1306 0.4980391909972433
1307 0.49529492795000274
1308 0.4926077472768257
1309 0.4931322662997493
1310 0.4918124488432618
1311 0.49072272968588776
1312 0.4911363694206808
1313 0.4951246697245802
1314 0.49839261525638745
1315 0.5014649631318785
1316 0.5039438764332925
1317 0.5017365790808757
1318 0.500154544980147
1319 0.49775164997141386
1320 0.49891677392665873
1321 0.5006312951993219
1322 0.50447443861584
1323 0.5060658720213247
1324 0.5044865098857823
1325 0.5070696759195039
1326 0.509854843121818
1327 0.5115062539100992
1328 0.5128009700285454
1329 0.5109344272198258
1330 0.5122513496675805
1331 0.5148976261856838
1332 0.5157529020020443
1333 0.5195202652187338
1334 0.5209256375817639
1335 0.5190495581591829
1336 0.5193778810802856
1337 0.5222419615840138
1338 0.52634381314123
1339 0.5290658698591622
1340 0.5281815230648181
1341 0.5261351854168147
1342 0.5275339161747161
1343 0.5304170699061672
1344 0.5352424093370609
1345 0.5336912816411451
1346 0.5329458255310117
1347 0.5371717022775098
1348 0.5353556002377254
1349 0.5346541813842509
1350 0.5383301996769317
1351 0.5403319016227718
1352 0.543277790436647
1353 0.545725336196849
1354 0.5444495559970203
1355 0.5407486744591502
1356 0.5392959944287705
1357 0.5394570914422895
1358 0.5438656580368048
1359 0.5429750450392901
1360 0.5407895786142237
1361 0.5408433905775962
1362 0.5424948013658776
1363 0.5465208727232652
1364 0.5494102926578869
1365 0.5499468829507527
1366 0.5494635061757549
1367 0.5523842936515886
1368 0.5566252739858676
1369 0.5606798178757343
1370 0.5602877860247449
1371 0.5606129758442624
1372 0.5628047084724993
1373 0.5617689385876036
1374 0.5614880241175972
1375 0.5593120943063924
1376 0.5595961418779841
1377 0.5642480899818698
1378 0.5649518053985729
1379 0.5646355537474124
1380 0.5693442088234039
1381 0.5699629828283745
1382 0.5703953203889328
1383 0.5718291652844417
1384 0.572596229278379
1385 0.5758546381963247
1386 0.5813082882460506
1387 0.5853628321359169
1388 0.5837708002849278
1389 0.5838119425328535
1390 0.5848670237383246
1391 0.5842004809296053
1392 0.5860790950082668
1393 0.5905977194018613
1394 0.5964047937107316
1395 0.6009927947918787
1396 0.6022270723911293
1397 0.6053310259006845
1398 0.6084793920688566
1399 0.6116084469164533
1400 0.6135850475242521
1401 0.6163355767746632
1402 0.6169732866982516
1403 0.6177559154163685
1404 0.6217381876099496
1405 0.6256633774294671
1406 0.6244469761669303
1407 0.6273553320201696
1408 0.6316405877039597
1409 0.634295564297568
1410 0.6400550928462361
1411 0.6453920585410596
1412 0.6459413185493724
1413 0.6431273184619268
1414 0.6448356743151662
1415 0.6504091418213795
1416 0.656320230769705
1417 0.6608673276957785
1418 0.661937375179925
1419 0.6629253762610721
1420 0.6680318682548244
1421 0.6710537753613803
1422 0.670870010882154
1423 0.6736585492789058
1424 0.6766300156165268
1425 0.6779020642692656
1426 0.68351980712499
1427 0.6884171952086224
1428 0.6924113005792933
1429 0.699307956736432
1430 0.702051621338168
1431 0.7057394728079388
1432 0.7114329958634921
1433 0.7149725573442965
1434 0.7181522910536805
1435 0.7200026706927155
1436 0.7207950741175464
1437 0.7238454537565814
1438 0.7273092350375572
1439 0.7320741359492553
1440 0.7378748067458492
1441 0.7405268883307243
1442 0.7449855353415225
1443 0.7482410492507351
1444 0.7502176498585338
1445 0.7528290503318822
1446 0.7520648963959835
1447 0.7530882346582847
1448 0.751404857883287
1449 0.7535928589644341
1450 0.7617114833580286
1451 0.7681373316718696
1452 0.7741776373814384
1453 0.7756677281126539
1454 0.7797380748195527
1455 0.7814781736159615
1456 0.7820020941933806
1457 0.7826398041169687
1458 0.7856617112235248
1459 0.7899087196681223
1460 0.7928612500871257
1461 0.7941559662055718
1462 0.7910136431970237
1463 0.7909632024280888
1464 0.7932180455407075
1465 0.7935242994416076
1466 0.7946136431970238
1467 0.7925483696304028
1468 0.7935052262138845
1469 0.7935401022586397
1470 0.7936063458446069
1471 0.7937261633010944
1472 0.793928402562539
1473 0.7961768421628819
1474 0.7945154336243401
1475 0.7970196863566478
1476 0.7996532931593042
1477 0.7992803345360381
1478 0.802782348006901
1479 0.8020813045553843
1480 0.803053725863046
1481 0.8015887515191773
1482 0.7996374903422723
1483 0.7954313860527482
1484 0.7914557554642957
1485 0.7920465180731865
1486 0.7920938257405362
1487 0.7931642335773349
1488 0.7928517134732642
1489 0.7900098392988446
1490 0.7868363717926311
1491 0.7827029146013506
1492 0.7817811571061708
1493 0.7799307774671358
1494 0.7768677281126539
1495 0.7743956794599153
1496 0.7686361509112472
1497 0.7631289269910008
1498 0.7614490436702406
1499 0.7634669087857652
1500 0.7652736115207937
1501 0.7621410481696539
1502 0.7533052021055525
1503 0.7503659398475003
1504 0.7473541678003103
1505 0.7398765086916893
1506 0.7318814333016721
1507 0.7237918798860611
1508 0.7161217562227091
1509 0.7111169823051837
1510 0.7095068360246284
1511 0.7046536225067603
1512 0.6990994512718167
1513 0.6889757537379443
1514 0.680677694857718
1515 0.674429344819933
1516 0.6643560880549957
1517 0.6576270181580934
1518 0.6532069787391404
1519 0.6477916981884074
1520 0.6393225445444016
1521 0.63409043002739
1522 0.6302067428084508
1523 0.6262597070122772
1524 0.620683704849983
1525 0.6113875098292436
1526 0.5998837793632349
1527 0.593657635654758
1528 0.5877595767745317
1529 0.5781944377699813
1530 0.5741243141066295
1531 0.5714219290619248
1532 0.5675696093841975
1533 0.5603131254556386
1534 0.553893680654074
1535 0.5486048591649568
1536 0.5434707311770824
1537 0.5384342143163872
1538 0.5325799696492729
1539 0.529997026659098
1540 0.5255954620223635
1541 0.524200087409594
1542 0.5179031320297032
1543 0.515857154734352
1544 0.5169061927801992
1545 0.5108114766617531
1546 0.5086893437646152
1547 0.5058002992319515
1548 0.5059362798581234
1549 0.502636728692252
1550 0.49684232409882856
1551 0.49108882366047885
1552 0.4878777224098828
1553 0.489135027827493
1554 0.48558546859642804
1555 0.4842241334900569
1556 0.48505490641388055
1557 0.48562673310415394
1558 0.4824754719272489
1559 0.47585983102386337
1560 0.4715621437174787
1561 0.47193837275143585
1562 0.47257644302767626
1563 0.46999641009554005
1564 0.46729015619464
1565 0.4658692191074302
1566 0.4668578186340818
1567 0.46805781863408175
1568 0.4673279272481282
1569 0.46859103773251004
1570 0.47058403960284545
1571 0.4681082594030168
1572 0.4645145256061874
1573 0.46442607569091193
1574 0.4669335988339105
1575 0.47053359883391044
1576 0.4689288972674744
1577 0.46932033067295903
1578 0.4728920962333323
1579 0.4734982005228561
1580 0.47496317486672485
1581 0.47527256186921024
1582 0.4763527444127227
1583 0.4761096009962045
1584 0.47263895506655357
1585 0.4731003636050953
1586 0.47154693934595115
1587 0.4690204802843352
1588 0.46864484969588266
1589 0.46844611893798116
1590 0.4683449993072588
1591 0.4673532666790219
1592 0.4684996928085015
1593 0.46973770195484194
1594 0.469112063301196
1595 0.4707666071910625
1596 0.4746097506075807
1597 0.4762991705422024
1598 0.4767473109197927
1599 0.4763143749137299
1600 0.48022376191621524
1601 0.484155355248009
1602 0.48466347300839585
1603 0.4837411170677114
1604 0.4836466390421176
1605 0.4845090176000055
1606 0.48242443271280916
1607 0.4824875431971911
1608 0.4855385212817307
1609 0.4833594583689405
1610 0.48113598279753367
1611 0.4822415047719397
1612 0.4846257019549076
1613 0.48488441009560573
1614 0.48474238630980987
1615 0.4832583387382182
1616 0.4807036452369755
1617 0.48031534493307615
1618 0.4801039444597278
1619 0.47992391152759145
1620 0.4787365812430383
1621 0.4786481313277628
1622 0.47871124181214464
1623 0.47975341520931664
1624 0.4795578175530004
1625 0.47721452452510604
1626 0.47608076811107325
1627 0.47826936763772493
1628 0.4794535648206928
1629 0.4782817992603195
1630 0.47673150810276055
1631 0.47502652344395896
1632 0.47248449965816314
1633 0.472370710311994
1634 0.4736433574102373
1635 0.47588553080740925
1636 0.474789783539717
1637 0.472578977683757
1638 0.4726547578835857
1639 0.47588553080740936
1640 0.4757277042045814
1641 0.47204238739089116
1642 0.46936147292088476
1643 0.46922898574895044
1644 0.4716258526473651
1645 0.4731634740894772
1646 0.47351376524703603
1647 0.4745181675907199
1648 0.4731634740894772
1649 0.4706087805882345
1650 0.47007845649853935
1651 0.468667056025191
1652 0.4683449993072588
1653 0.467132329591812
1654 0.46702807685950437
1655 0.46784931316946654
1656 0.46634946278084266
1657 0.4635516258630818
1658 0.4608013347055228
1659 0.46041303440162346
1660 0.46038456186914456
1661 0.46140139583542283
1662 0.4610762060159054
1663 0.4582470015569325
1664 0.4551651170675799
1665 0.45134417998037
1666 0.452051626944163
1667 0.45311311166191043
1668 0.4533812191073644
1669 0.4521268086984871
1670 0.4584174978752073
1671 0.46464797157627874
1672 0.46221576749670984
1673 0.4631788902833623
1674 0.4618812791561831
1675 0.46133515224945576
1676 0.4594881438048583
1677 0.45466593747555
1678 0.4543692201885114
1679 0.4567125132164058
1680 0.45831324514289973
1681 0.4597215125146627
1682 0.45974685194555637
1683 0.4584584020302809
1684 0.45703746494307096
1685 0.4565829210532044
1686 0.455057731233687
1687 0.45340318734382046
1688 0.45166019353867837
1689 0.44893500371916084
1690 0.44823418331119086
1691 0.4464598219648367
1692 0.443649315331629
1693 0.4411326309767269
1694 0.44225685077689814
1695 0.44399960648918796
1696 0.4478142773732272
1697 0.4499680008551237
1698 0.4451933402860173
1699 0.44195989539700736
1700 0.4380318105687568
1701 0.4387392575325497
1702 0.4398445414141037
1703 0.43989498218303874
1704 0.43967717819741414
1705 0.437368761214275
1706 0.4372549718681058
1707 0.4383446910254798
1708 0.4393646580933435
1709 0.43719826489600017
1710 0.4370847136426833
1711 0.437397233746754
1712 0.43924424219135133
1713 0.44426204617697596
1714 0.4458598830947368
1715 0.44478283365280963
1716 0.4423577323147682
1717 0.44209902417407015
1718 0.44234530069217365
1719 0.44415743309201583
1720 0.4482057107787119
1721 0.4518152473925734
1722 0.44954773456450775
1723 0.44567948980994815
1724 0.44388605523587105
1725 0.44249975610056413
1726 0.44419580259100877
1727 0.442475015115175
1728 0.43731808235248765
1729 0.4342048303219231
1730 0.4335293493448466
1731 0.4323135465278145
1732 0.43339975718164536
1733 0.4336175611672699
1734 0.43475131758130275
1735 0.43467553738147396
1736 0.4325091441841307
1737 0.4334786704830593
1738 0.4336175611672699
1739 0.43464706484899507
1740 0.43429677369143616
1741 0.4306999067930215
1742 0.42933567667791733
1743 0.4304789697058116
1744 0.4328504971733327
1745 0.43296718152823493
1746 0.43166316688877954
1747 0.43023582628929347
1748 0.42811987386088507
1749 0.431366449601741
1750 0.43260422065522924
1751 0.4304882682268209
1752 0.4310317231683619
1753 0.4275328427990842
1754 0.4272643599516724
1755 0.428265629193771
1756 0.428316069962706
1757 0.42824028976287726
1758 0.42711920306429124
1759 0.42709386363339763
1760 0.42809513287549616
1761 0.42792776965880663
1762 0.4255813435293269
1763 0.4252057129408744
1764 0.42486495839717703
1765 0.4235511690510079
1766 0.42240184791279517
1767 0.42363321545400723
1768 0.4241855077801585
1769 0.4284742569181863
1770 0.4269239657606274
1771 0.4197711361188715
1772 0.41791459106041257
1773 0.4188464836149586
1774 0.42116733222069225
1775 0.4212304427050742
1776 0.4197999690040028
1777 0.41709058200151744
1778 0.4153697945256838
1779 0.4147069832640542
1780 0.41213962004736465
1781 0.4108385004166423
1782 0.4118933435292612
1783 0.4130648709967822
1784 0.412998627410815
1785 0.41164706701115766
1786 0.4093259803125716
1787 0.41030504322536177
1788 0.4115272495546701
1789 0.411827099943294
1790 0.4122594375038522
1791 0.41388550886123976
1792 0.41731187944137965
1793 0.41690488131171505
1794 0.41163439729571083
1795 0.4053281433948107
1796 0.4057455146766937
1797 0.4078425311864845
1798 0.40715041085401915
1799 0.40835041085401913
1800 0.4093265787580762
1801 0.4072295622482854
1802 0.406578822256598
1803 0.4107627202168136
1804 0.41637082567493006
1805 0.42143930852234185
1806 0.41955369248589935
1807 0.41530295249421195
1808 0.418423307266304
1809 0.4199264280656188
1810 0.421322025721935
1811 0.4214040721249343
1812 0.4193797027133868
1813 0.42141674184038114
1814 0.4214262784542427
1815 0.42026718260931617
1816 0.419945125891384
1817 0.41849282126296217
1818 0.41795296055940534
1819 0.41457389764661523
1820 0.41560653442992573
1821 0.41796249717326683
1822 0.41826210946903847
1823 0.41819586588307134
1824 0.417741560086057
1825 0.41426451064412984
1826 0.4132854477313397
1827 0.4178740472579913
1828 0.41957300380647466
1829 0.42016630107144615
1830 0.42013746818631476
1831 0.4259476755967702
1832 0.4342841039759893
1833 0.4393203827438324
1834 0.4425821628562157
1835 0.4423450625993214
1836 0.44418277252290955
1837 0.44838911490528577
1838 0.4519064700567818
1839 0.45564186728675476
1840 0.461651043547964
1841 0.46616617448732095
1842 0.47446736646913246
1843 0.48552525312077915
1844 0.4976095103525658
1845 0.5075500418527166
1846 0.508654965381618
1847 0.5053233109199242
1848 0.5026141620102912
1849 0.5022860771820407
1850 0.5034480680357002
1851 0.5038868091085346
1852 0.5063910618408421
1853 0.5068991796012291
1854 0.5074168339754775
1855 0.5108592454655019
1856 0.5101927026567823
1857 0.5096333075891036
1858 0.5133470969352727
1859 0.5160786902670664
1860 0.516485688396731
1861 0.5156235479316953
1862 0.5168237860245476
1863 0.5174614959481357
1864 0.5198704341164927
1865 0.5270889088987112
1866 0.5346516467281701
1867 0.5409731050005976
1868 0.5439281700756821
1869 0.5486962040889655
1870 0.5542952491189248
1871 0.5567579992506542
1872 0.5586204501596315
1873 0.5665175390205116
1874 0.5782201375535273
1875 0.5896351800114084
1876 0.592965875674945
1877 0.5953401758913989
1878 0.5982834077893933
1879 0.5999630530173012
1880 0.6010556671834084
1881 0.6000930055331549
1882 0.5929943482074239
1883 0.5842791561381669
1884 0.5786305068776295
1885 0.5723214802277964
1886 0.5681410757218185
1887 0.5628807267651804
1888 0.5547649973803189
1889 0.5511969633670355
1890 0.5510679696493387
1891 0.5477019368046476
1892 0.5426023094595706
1893 0.5339375581592486
1894 0.5271266799521993
1895 0.5213170709872486
1896 0.5134355468505483
1897 0.5055191466690927
1898 0.49860088262815055
1899 0.49241250997316177
1900 0.48276289069327816
1901 0.4701031974839283
1902 0.4631189279498712
1903 0.4609093189849205
1904 0.4541293471826841
1905 0.45058001099516587
1906 0.4482059488715642
1907 0.44484618223004374
1908 0.44049492105313864
1909 0.4374634773327211
1910 0.43598872828213864
1911 0.4377225458260715
1912 0.43684809599824126
1913 0.4308169515005761
1914 0.42189952016987436
1915 0.41281510102444113
1916 0.4079750183584189
1917 0.4004408903705444
1918 0.394374869828124
1919 0.3911320256343581
1920 0.39081637242870215
1921 0.3930994499809476
1922 0.39353819105378196
1923 0.39489601765661
1924 0.3952338771915743
1925 0.3957419949519612
1926 0.39843871223899974
1927 0.4010282817849976
1928 0.40122701254289916
1929 0.3991395326469699
1930 0.4000808245062718
1931 0.4002101785766208
1932 0.4004279825622453
1933 0.40253126527520683
1934 0.4004279825622454
1935 0.400197508861174
1936 0.4000019112048578
1937 0.39891859555976
1938 0.399910328187997
1939 0.39991032818799693
1940 0.39889325612886634
1941 0.39976806630934886
1942 0.3992694851628234
1943 0.3962380414424058
1944 0.3909739609386778
1945 0.38898179560669927
1946 0.38851458200138594
1947 0.38749437684066995
1948 0.38966077003801325
1949 0.3897238805223951
1950 0.38847320166060784
1951 0.3878610692607656
1952 0.3851012414893452
1953 0.38169997224724667
1954 0.3840337286612795
1955 0.3878357298298719
1956 0.38938288788584546
1957 0.38924399720163494
1958 0.3856724697341139
1959 0.38422932631759577
1960 0.38516435197372706
1961 0.38626009924141935
1962 0.3852556968977356
1963 0.38510100339649295
1964 0.3848264924387627
1965 0.38347179893752
1966 0.38219601873769127
1967 0.3821960187376913
1968 0.3834971383684137
1969 0.384958979610697
1970 0.3853850509680847
1971 0.38752320972580123
1972 0.3862474295259725
1973 0.38277991669790684
1974 0.38348760175455215
1975 0.38350980808386054
1976 0.38378431904159077
1977 0.38529683914566143
1978 0.3870525026662502
1979 0.38998595985753076
1980 0.392003464620403
1981 0.39494645842554504
1982 0.39759273494364855
1983 0.39682193940262145
1984 0.39671792476316603
1985 0.396538129923882
1986 0.39464624768426887
1987 0.39725451505603193
1988 0.401145204232752
1989 0.40290689586365935
1990 0.4024359507112561
1991 0.40476970712528887
1992 0.40575541164320755
1993 0.4033392334242175
1994 0.3998023439085994
1995 0.4022060754556893
1996 0.39917790214596266
1997 0.39347484247654785
1998 0.3883976595536314
1999 0.38245496497124165
2000 0.3789531745439254
2001 0.376919866964021
2002 0.37518930478147355
2003 0.37358230665180897
2004 0.3730960198187726
2005 0.36998543975339426
2006 0.37357614123238503
2007 0.37624113062555925
2008 0.3824928518577821
2009 0.39681565172339744
2010 0.4152029225440042
2011 0.44137671171534854
2012 0.4626576352443817
2013 0.4996459446073077
2014 0.5451415540696856
2015 0.5889749184551648
2016 0.6361370057682458
2017 0.6795948553983248
2018 0.7269459138118992
2019 0.7796561442496055
2020 0.8356881321824917
2021 0.8928748709184043
2022 0.9520668201037004
2023 1.0186934507228622
2024 1.079028555626947
2025 1.133960228206694
2026 1.1976559212413507
2027 1.2555097154970465
2028 1.3101331829160117
2029 1.3525045687501018
2030 1.3853211887318602
2031 1.4142289900580267
2032 1.4258517379675248
2033 1.4265852300182107
2034 1.3918766270130927
2035 1.3256831704928458
2036 1.236024053346362
2037 1.120562908760791
2038 0.9957359393247699
2039 0.8724199291842015
2040 0.7511818623257009
2041 0.6263768611261361
2042 0.5100623833615285
2043 0.4157870371210187
2044 0.33350110973404934
2045 0.25590213232047776
2046 0.19092074707017326
2047 0.15058302916863966
2048 0.12678351654188624
2049 0.10654338942757603
2050 0.08593998030498537
2051 0.027430770761661095
2052 -0.040186261147414006
2053 -0.07174089179306313
2054 -0.09190091514169803
2055 -0.10699464143069824
2056 -0.12188880685018798
2057 -0.13890012158909518
2058 -0.14124341461698953
2059 -0.12549810537119724
2060 -0.10701660966715433
2061 -0.09018772164240185
2062 -0.06740528969733671
2063 -0.04170230836929012
2064 -0.01740805554940556
2065 0.011948737742013634
2066 0.035150614488643414
2067 0.05955211583331533
2068 0.08779073248418709
2069 0.11902254561628368
2070 0.1526163496020398
2071 0.18354831234551255
2072 0.2100817062447305
2073 0.231249900009498
2074 0.25061525989543254
2075 0.2725643842605933
2076 0.29107399214446283
2077 0.30697219955498406
2078 0.32511014649034314
2079 0.336477059791823
2080 0.3472600751330872
2081 0.36068356192568324
2082 0.3687886951147797
2083 0.3794109737951773
2084 0.3873147042611859
2085 0.39133728216433583
2086 0.3945990622767192
2087 0.3954010023154116
2088 0.39790525504771923
2089 0.3981642012812696
2090 0.3973556346867542
2091 0.3988430534527836
2092 0.4009648109479634
2093 0.4057706160147351
2094 0.4129101774955395
2095 0.4178551113393739
2096 0.42135339326314697
2097 0.4225436336057387
2098 0.42755213907035405
2099 0.4284203226950136
2100 0.4293072041454383
2101 0.43342509661253903
2102 0.43675639072158046
2103 0.4401190523718339
2104 0.4433745662810466
2105 0.44639647338760263
2106 0.4480763567083628
2107 0.44848045982929435
2108 0.448871893234779
2109 0.4504982026850189
2110 0.45340632044540574
2111 0.4554587012530331
2112 0.4594501346585178
2113 0.46028030913683693
2114 0.4619475227421503
2115 0.4644644451899047
2116 0.4638736825810139
2117 0.4652724133389155
2118 0.4666366434540197
2119 0.4676661471357449
2120 0.46610318626273917
2121 0.46214335849131877
2122 0.45938353071989835
2123 0.459329956849378
2124 0.46198866499007607
2125 0.4648778468318455
2126 0.4673789664625678
2127 0.46626101286556715
2128 0.46289775276980916
2129 0.463839044629111
2130 0.46528218804562926
2131 0.4670534162903979
2132 0.46993329961115815
2133 0.4718214503036814
2134 0.4736842615653108
2135 0.4764063182832431
2136 0.47778635121537943
2137 0.47678508197328096
2138 0.4755850819732809
2139 0.47631497335923445
2140 0.475026523443959
2141 0.47287569497079557
2142 0.47496027985799183
2143 0.4761729495734387
2144 0.47446399527469485
2145 0.47692734385192903
2146 0.4795862900854794
2147 0.4794120622201147
2148 0.4834161653410462
2149 0.48650118293198413
2150 0.48836086109202836
2151 0.49072309003854014
2152 0.4886609495735045
2153 0.4875839001315773
2154 0.48881877617633246
2155 0.491228312790194
2156 0.49149015403247737
2157 0.4904984214042404
2158 0.4912945563761612
2159 0.4899525325903653
2160 0.4876723500468529
2161 0.48866408267508976
2162 0.4899116284352918
2163 0.49034396599584995
2164 0.4911363694206808
2165 0.49550343341461806
2166 0.5003061053798044
2167 0.506024729773399
2168 0.5092171331982298
2169 0.5089420237949951
2170 0.5106250402173405
2171 0.5135397995828559
2172 0.5166152805599323
2173 0.5186990289087716
2174 0.5216927015757011
2175 0.5245757179980466
2176 0.5245057428649894
2177 0.5286518697717169
2178 0.5328833134921344
2179 0.5348472443844863
2180 0.5364164714606626
2181 0.5357974744121452
2182 0.5382259469446241
2183 0.5388478540511802
2184 0.5406979955973629
2185 0.5446073825998483
2186 0.5462305589485028
2187 0.5464577622388833
2188 0.5446828024470246
2189 0.5473290789651282
2190 0.551326915882889
2191 0.5533161862061347
2192 0.5552261678260083
2193 0.5562459118503252
2194 0.5623092604275594
2195 0.5632183482072924
2196 0.5630725928744068
2197 0.5681600116404358
2198 0.5705217794505488
2199 0.5749677567459
2200 0.5784346711284609
2201 0.5809289261105082
2202 0.5872794553609193
2203 0.5882896627713747
2204 0.5890345204360036
2205 0.5918230588327551
2206 0.5938785727419679
2207 0.5972539041076681
2208 0.6018387720872298
2209 0.606316492325751
2210 0.6094457852661999
2211 0.609470526251589
2212 0.6128838667636297
2213 0.6197742567175977
2214 0.6247220855701651
2215 0.6283817026003095
2216 0.6318517500844557
2217 0.6343713444973965
2218 0.6408765672490503
2219 0.6431783576763666
2220 0.644377759230862
2221 0.648770162655693
2222 0.6533236630940427
2223 0.6576907270879799
2224 0.658744971755094
2225 0.6606838013094045
2226 0.6647132438612298
2227 0.6659570580743419
2228 0.6705608619725211
2229 0.6756256132728429
2230 0.6819408053420999
2231 0.6890299260539694
2232 0.6915399838530487
2233 0.6935481900949116
2234 0.6955154921817011
2235 0.6978990909191641
2236 0.703668156081694
2237 0.7101924520610708
2238 0.7109626491565935
2239 0.7083695861563578
2240 0.7112652722941503
2241 0.7168736158451188
2242 0.7226458141092337
2243 0.7251209958635579
2244 0.7273343363755986
2245 0.7314648985581461
2246 0.7336119954842196
2247 0.7359451534527479
2248 0.7406089347337235
2249 0.7463751048875202
2250 0.7508084124674246
2251 0.7508300203512284
2252 0.753700367058127
2253 0.7565235434067815
2254 0.7581245134261277
2255 0.7584684010714106
2256 0.757770490721479
2257 0.7611653564513013
2258 0.7606757134731328
2259 0.7623616249042113
2260 0.7652257054079393
2261 0.7679446290242863
2262 0.7691350924104248
2263 0.7658349427990486
2264 0.765408871441661
2265 0.7651470301993775
2266 0.7641426278556939
2267 0.7654468805880015
2268 0.7670760850469744
2269 0.7688948590519452
2270 0.7726273462238795
2271 0.7720461202288502
2272 0.7731072295446396
2273 0.7720114822769473
2274 0.7710324193641573
2275 0.7733030652938082
2276 0.7737291366511956
2277 0.7750711604369916
2278 0.7761037972203022
2279 0.7737386732650572
2280 0.7731357020771186
2281 0.7696650561474677
2282 0.7704482833110894
2283 0.7721414347928008
2284 0.7683769665848443
2285 0.7642339727797023
2286 0.7630506121350913
2287 0.7591821292876797
2288 0.7569270480822083
2289 0.7610988747724818
2290 0.7618476012933061
2291 0.7575023682267195
2292 0.7493615375038165
2293 0.744098055445593
2294 0.7408558096973317
2295 0.7334541688813917
2296 0.726150377285483
2297 0.7215557345992073
2298 0.7206750185682065
2299 0.7225830639775043
2300 0.7144768712065042
2301 0.7045677072475656
2302 0.6986036428742243
2303 0.6919443250668323
2304 0.6855119724569687
2305 0.6801315679509907
2306 0.6745711305128765
2307 0.666623362790209
2308 0.6583157672961212
2309 0.6489375258723824
2310 0.6407434816316113
2311 0.6346749264331103
2312 0.6264808821923393
2313 0.6170899710531537
2314 0.6087034622576519
2315 0.6005347574477745
2316 0.5936196265084176
2317 0.5868465193548564
2318 0.5800325080462219
2319 0.5730415969070363
2320 0.5639191686152625
2321 0.5568524772762482
2322 0.549005829184303
2323 0.5433569418309132
2324 0.5367892070403821
2325 0.5302655095065099
2326 0.5238965054738802
2327 0.5187243683396653
2328 0.5145312941182405
2329 0.5080298029136766
2330 0.5002556646108693
2331 0.4926488895247515
2332 0.48764724870881143
2333 0.4852634118784958
2334 0.48312585156628385
2335 0.4798985720966978
2336 0.4755315081027606
2337 0.4730876938896485
2338 0.46857547300833013
2339 0.4649979023811853
2340 0.46048881460145213
2341 0.4572079612613458
2342 0.4551999931123351
2343 0.4534189901608526
2344 0.4508484938425778
2345 0.45145192616691526
2346 0.45012233400371404
2347 0.4486475849531316
2348 0.4487428995170823
2349 0.4432956529796326
2350 0.43760236801693164
2351 0.43522503548263897
2352 0.4315838932347132
2353 0.43362069426885524
2354 0.4358188304093684
2355 0.43467240427988874
2356 0.43225333105216573
2357 0.4310124268970921
2358 0.4330745673621278
2359 0.4330556314435104
2360 0.43249996792292156
2361 0.42836964383322634
2362 0.4240310523717681
2363 0.42195043712451397
2364 0.41947152382309993
2365 0.420674418831833
2366 0.4232355158453519
2367 0.4255312631130442
2368 0.4232228461299051
2369 0.42059550553041897
2370 0.4191999078741028
2371 0.4202167418403811
2372 0.42137270458372234
2373 0.4214040721249343
2374 0.4193797027133868
2375 0.4214420812712748
2376 0.42160944448796434
2377 0.4209048925329044
2378 0.42339647554976517
2379 0.42500698218297284
2380 0.426560406442117
2381 0.42706562919377095
2382 0.4286726273234355
2383 0.4303209050101314
2384 0.43359282018188083
2385 0.43124952715398646
2386 0.42664825791188804
2387 0.4282434228644626
2388 0.4279626457035618
2389 0.42649416285614994
2390 0.42396794188738623
2391 0.4228341854733533
2392 0.4252057129408744
2393 0.42765012559949117
2394 0.42777307615756394
2395 0.42478544665025847
2396 0.42710966645042975
2397 0.4297214423257359
2398 0.43124952715398657
2399 0.4305703146298202
2400 0.43177031462982024
2401 0.4328095930182591
2402 0.43165363027491804
2403 0.4295661503789887
2404 0.43182412659319286
2405 0.43331771077864606
2406 0.4346090557026546
2407 0.43437255389126483
2408 0.4317958921535661
2409 0.4286060233848159
2410 0.43129960757026914
2411 0.43836085419516424
2412 0.4387615861216582
2413 0.4351298431784883
2414 0.4319534806635419
2415 0.4288117561004983
2416 0.426923605407975
2417 0.42533530510407574
2418 0.4240972959577352
2419 0.42513946935490726
2420 0.4261816427520792
2421 0.42496897303663245
2422 0.42355116905100787
2423 0.4221964755497652
2424 0.422051318662384
2425 0.4230303815751742
2426 0.4220259792314904
2427 0.4220386489469372
2428 0.4230712857302477
2429 0.4220228461299051
2430 0.4227841050570707
2431 0.4204503486430378
2432 0.4192250092121442
2433 0.42115490059809774
2434 0.42013782853896714
2435 0.4191080867643897
2436 0.42093372541803564
2437 0.4193676314434447
2438 0.415436038111651
2439 0.4126099667542633
2440 0.41229744665019263
2441 0.4134027305317465
2442 0.41451114751488577
2443 0.41337739110085286
2444 0.41207627147013054
2445 0.4117608563573268
2446 0.4115430523717023
2447 0.409587821554855
2448 0.41186487099678215
2449 0.4149694229518421
2450 0.41066487099678217
2451 0.4093037739832633
2452 0.4103557220871491
2453 0.411827099943294
2454 0.41344363468682005
2455 0.4149783611201991
2456 0.4163235180075802
2457 0.41552448802692643
2458 0.4167402908439586
2459 0.4171285911478579
2460 0.4187168914517573
2461 0.421429411555828
2462 0.4221299938709457
2463 0.4245268607693604
2464 0.42528209158620767
2465 0.4204532436517709
2466 0.4165124891080735
2467 0.4187110863849857
2468 0.41392038490599486
2469 0.4119720187378229
2470 0.41086443829304053
2471 0.40578328573018185
2472 0.40311480288277
2473 0.4050162217362447
2474 0.4061215056177986
2475 0.40501598364339236
2476 0.4036739598575965
2477 0.40323208568317687
2478 0.4017449050099998
2479 0.4002890918780348
2480 0.3990228482920677
2481 0.4000019112048578
2482 0.4001185955597599
2483 0.4002070454750355
2484 0.40120191120485776
2485 0.3992311156638307
2486 0.40041844594838377
2487 0.40260704547503545
2488 0.4014701559594173
2489 0.39996390205851723
2490 0.39738386912638096
2491 0.3968979576953024
2492 0.39742560981981134
2493 0.39301680513244375
2494 0.393853844259438
2495 0.39588775028484696
2496 0.39382223862537374
2497 0.3915176645072599
2498 0.37350951764990126
2499 0.3358427555117012
2500 0.05476824455397097
2501 0.01847838224632186
2502 0.002964713414557109
