0
1
2506
-3 -0.5219808270091293
-2 -0.5007166359136674
-1 -0.4510473522993188
0 -0.06574309956701119
1 -0.015720391693518243
2 0.007210774914404694
3 0.014830583214591408
4 0.01565495262613903
5 0.009724329313691382
6 0.006658009548518584
7 0.00586621961849787
8 0.006175829664530008
9 0.00047544196030158137
10 0.0009086160592166603
11 0.0015529525386277498
12 -0.0027074248506677723
13 0.0009785911922737256
14 -0.002305993694922681
15 -0.005375907698079718
16 0.0016704734318868653
17 -0.002337361236134594
18 -0.005136034692252434
19 0.0016163011158618623
20 0.003719122692424248
21 0.0048298362387919624
22 0.008843475973585035
23 0.011458146857624252
24 0.011183635899894018
25 0.007135596306050318
26 0.0013279235516756582
27 0.0026288050895456605
28 0.01057150350005176
29 0.011941761725474342
30 0.005477082776241704
31 0.005082617052918348
32 0.006469053497330957
33 0.010337298251890448
34 0.01301180920962075
35 0.011170367738942644
36 0.011837148640514439
37 0.01026175614491398
38 0.005950562584725705
39 0.008227612026652786
40 0.013624778147819816
41 0.010359266488346619
42 0.007372098117440107
43 0.0034376097769133196
44 0.0022344766753279455
45 0.0067092868558105145
46 0.007299588328302353
47 0.008568965015854801
48 0.007656383781884046
49 0.006954726835557201
50 0.010413078451719349
51 0.01349542407747073
52 0.00706538308014093
53 0.006629775108891844
54 0.008556533393260235
55 0.007574099286032476
56 0.00828178434267779
57 0.00575556337391403
58 0.0025089876330581795
59 0.005926059692188845
60 0.008827911249405185
61 0.010662249978555693
62 0.012986469778727083
63 0.01070025912489636
64 0.009001302576412962
65 0.006219643877642067
66 0.005626209303565055
67 0.003437371684061108
68 0.004564861894923333
69 0.00848111354608394
70 0.002831404703642737
71 -8.975817414880183e-05
72 -0.0008121714166171579
73 -0.0012793850219304792
74 -0.003480654264028993
75 -0.0032061433062986477
76 0.000529852369178796
77 0.003245029389130294
78 0.0022819066024778456
79 0.003296544789274325
80 -0.00613646739599405
81 -0.010895563240920447
82 -0.002652553305391492
83 -0.0032276138809969046
84 -0.004339539367679279
85 -0.005678191959037515
86 -0.007573207300235918
87 -0.0028803550412765944
88 2.4629617525029346e-05
89 -0.0002791904110410748
90 0.0028789354145392076
91 0.0012056936989075506
92 -0.00422261691992476
93 -0.009615813401149698
94 -0.01100538294714748
95 -0.008210917223824166
96 -0.0010989917371417857
97 -0.0005088275737555881
98 -0.005214947993666286
99 -0.0006105456499825301
100 0.004057342580040868
101 0.003096977493016073
102 -0.0013053228983287424
103 -0.0013275292276371253
104 0.0021685934420131447
105 0.005418064191601957
106 0.0009052448647789424
107 -0.002031482737192447
108 -0.003793174368099672
109 -0.004212842213210943
110 -0.004336168173241672
111 -0.006025811151410099
112 -0.001156434463857603
113 0.0010884108985006469
114 0.005142716695514915
115 0.007407334514847541
116 0.0037502521407840606
117 -0.0013337954308076938
118 -0.001288921635791973
119 -0.003951000970927598
120 -0.0053972774890310715
121 -0.004699367139099686
122 -0.006966504565207532
123 -0.005257925668421537
124 -0.009319334206963292
125 -0.006970013068750669
126 -0.0025167957227663074
127 -0.0044311223845400205
128 -0.006764878798572904
129 -0.005339972071420895
130 -0.00898087622649446
131 -0.011305471428623592
132 -0.009903232167178921
133 -0.004926332336627759
134 -0.002893262849575806
135 -0.002154671388117535
136 0.0010823677388768216
137 -0.0014376878104629398
138 -0.004914138806885626
139 -0.010161579955224598
140 -0.019410827661266783
141 -0.023667610812577955
142 -0.02067357779299628
143 -0.017237670598994836
144 -0.018185365970572964
145 -0.021378129748056196
146 -0.02018766636191771
147 -0.017538119433123334
148 -0.014118390458111918
149 -0.016603331869844307
150 -0.019912556958682992
151 -0.02718833715851171
152 -0.026717392006108398
153 -0.02361307814390068
154 -0.025539699119163317
155 -0.023963607394311803
156 -0.028687589101630828
157 -0.031065758174280422
158 -0.028630882129525248
159 -0.024598169167009187
160 -0.02158978336356232
161 -0.022274886688941287
162 -0.018228581738180427
163 -0.0312016165406524
164 -0.03812977754810848
165 -0.03428846955841974
166 -0.039909806652128565
167 -0.03944901160839687
168 -0.04098312454696579
169 -0.04243893767893081
170 -0.04360757013771882
171 -0.043291541530105004
172 -0.03851061475782802
173 -0.03938299106597648
174 -0.033266306711074334
175 -0.029766812846986457
176 -0.03409043802976941
177 -0.037539014939217685
178 -0.03537864985219269
179 -0.031784916055363266
180 -0.03143172988907139
181 -0.032647294613251276
182 -0.033237596085743004
183 -0.037740878798704414
184 -0.035845863457506066
185 -0.03454474382678374
186 -0.0349905876411456
187 -0.031365248210251884
188 -0.029896765362840083
189 -0.03071510666406918
190 -0.030768680534589476
191 -0.030026119433189113
192 -0.032420091322870714
193 -0.034782320269382605
194 -0.03213520721292218
195 -0.03458275297312419
196 -0.038899974643630986
197 -0.03481322667419556
198 -0.03454811502122135
199 -0.03461435860718842
200 -0.03511018205408639
201 -0.04074081766880444
202 -0.03741800059172096
203 -0.041242070780516116
204 -0.04611495597161175
205 -0.044661576711980844
206 -0.04658193148407286
207 -0.044952965117952215
208 -0.03937576606464893
209 -0.04060713360586088
210 -0.04557463413165602
211 -0.050188334996349115
212 -0.046645041968454704
213 -0.040367260600033594
214 -0.038352888938746665
215 -0.03798052876098501
216 -0.03979639270791718
217 -0.03727947026016276
218 -0.034399825032254805
219 -0.03258418412886943
220 -0.02925242888342905
221 -0.03332337403583219
222 -0.033399154235660866
223 -0.030310167004780897
224 -0.032138938760012115
225 -0.03179505111472941
226 -0.02913923798276441
227 -0.02652167208999212
228 -0.025665559735274845
229 -0.028851458864082802
230 -0.037320972860740875
231 -0.03891880977850182
232 -0.03444072918732832
233 -0.03090370236260459
234 -0.03215765163508277
235 -0.0388337310576638
236 -0.037121643657334724
237 -0.03480658506906703
238 -0.03517062057328196
239 -0.032540146872210574
240 -0.02934714500187513
241 -0.03296958942403572
242 -0.037311075894227
243 -0.039735716095869344
244 -0.04638982728199437
245 -0.04187700795517135
246 -0.03557364906300425
247 -0.035082170658006395
248 -0.030598184216314717
249 -0.025074919386184114
250 -0.023487455620641584
251 -0.01882656934839888
252 -0.012125510847576626
253 -0.011286398200900494
254 -0.004990041266514256
255 0.0038829774055706423
256 0.01082648009365983
257 0.020126269352383708
258 0.019727610945571628
259 0.02221859551692773
260 0.029958694313336753
261 0.03353289374604407
262 0.03626097857429478
263 0.03490339006431897
264 0.030788868791655877
265 0.026633443363919262
266 0.025136726076880778
267 0.026567199777952077
268 0.030710193583094125
269 0.03418953958824977
270 0.03770086662942751
271 0.04301211749139966
272 0.042935876155171915
273 0.04628983772992068
274 0.04514364969329343
275 0.04090823633293361
276 0.043877406107326156
277 0.045990463527001424
278 0.04141659218617266
279 0.04553135155168808
280 0.05510975871718993
281 0.05460660948521778
282 0.05710072715815939
283 0.0640829382218403
284 0.06966534389641055
285 0.07760333691236432
286 0.08550682928552067
287 0.09274751039704743
288 0.09593725690599753
289 0.0937954673849376
290 0.09483041578078222
291 0.11062289538481851
292 0.12401092916320833
293 0.13115002950761379
294 0.1370712169899463
295 0.12724654835564664
296 0.12466384345832393
297 0.12373689439118263
298 0.11436735304294854
299 0.10677927578259583
300 0.10250173633514326
301 0.09791312175918598
302 0.09309394774771629
303 0.09851064823300526
304 0.0943993973710332
305 0.08580631932149207
306 0.08355834085754854
307 0.08388739953326163
308 0.08407695402995374
309 0.0775590615628532
310 0.07232984205457471
311 0.06636904809192445
312 0.05754379822358824
313 0.04235475094388941
314 0.032755572432940694
315 0.03009806118325198
316 0.024003330015500257
317 0.017109568867094693
318 0.016137969048484413
319 0.009737597474642756
320 -1.687298305319551e-05
321 -0.006458524113926112
322 -0.010193545941941218
323 -0.010587889405464401
324 -0.017070905827810012
325 -0.020566430051955575
326 -0.0237081546149992
327 -0.025467189330025564
328 -0.025413255106852994
329 -0.029378750635939366
330 -0.03858022953823276
331 -0.05213029765224492
332 -0.05793677351561033
333 -0.05981478914876742
334 -0.06425787143538564
335 -0.06841040185438918
336 -0.06991978885687461
337 -0.06862180232773757
338 -0.06481353495597447
339 -0.06389201555364687
340 -0.06113194968937413
341 -0.058675242717268594
342 -0.06151444492650193
343 -0.058558320269514075
344 -0.06058558468979458
345 -0.06122075995730203
346 -0.05717888578288238
347 -0.05284969362618003
348 -0.04819485051356126
349 -0.051712804110561894
350 -0.05786123140863392
351 -0.058665828363207106
352 -0.058653396740612485
353 -0.057134711217117884
354 -0.05283015926205803
355 -0.0560796300116469
356 -0.059380155024980785
357 -0.05805682906495013
358 -0.05238828508763832
359 -0.05239165628207587
360 -0.05665133444212017
361 -0.06268864435920929
362 -0.07040629873345766
363 -0.07007448235811725
364 -0.06790481875008303
365 -0.06662903855025437
366 -0.06748201780338636
367 -0.06908985247140775
368 -0.06345907954758412
369 -0.06127650813125074
370 -0.0658052675842114
371 -0.07011598495869537
372 -0.06618125852531631
373 -0.05827740579950769
374 -0.05283376854934785
375 -0.05303226121439708
376 -0.05958782395123924
377 -0.06890704679033838
378 -0.06482656502407369
379 -0.05786003451762478
380 -0.05834702057991242
381 -0.05987548081012084
382 -0.06410028292540987
383 -0.067538724775492
384 -0.07085734916908659
385 -0.0747445298422636
386 -0.07392969704457769
387 -0.07333626247050068
388 -0.06924394752714585
389 -0.0651925367388646
390 -0.06463687321827577
391 -0.0645770331445848
392 -0.06661696728031208
393 -0.06442210155048983
394 -0.06390444717624144
395 -0.062212132232886685
396 -0.058627696957066544
397 -0.059294239765786017
398 -0.060033667765601095
399 -0.05774394860822718
400 -0.05576361645333855
401 -0.059268900334892405
402 -0.06268924280471394
403 -0.06134057741378962
404 -0.05535638023082179
405 -0.05437464535284531
406 -0.05266026138928781
407 -0.05198478041221144
408 -0.04933210038183172
409 -0.04609506125483748
410 -0.05047852651131135
411 -0.052231056930314934
412 -0.053016580657165135
413 -0.05563148963405656
414 -0.057886570839527585
415 -0.05496831801977459
416 -0.05455407983947702
417 -0.06089520978513219
418 -0.06712231229176596
419 -0.06606120297597656
420 -0.061549082878404826
421 -0.052653259431507005
422 -0.049454827896357745
423 -0.053920699908483416
424 -0.04918020110557536
425 -0.046284499918477495
426 -0.039480861762061226
427 -0.022318469235949046
428 0.0011587399574622959
429 0.023816548267740822
430 0.05761909581096458
431 0.09732343378150443
432 0.13454115726359828
433 0.17999488872344016
434 0.22735959069992373
435 0.27430654599256654
436 0.32097525878038924
437 0.3737108286489893
438 0.43040561279419964
439 0.4833516458140441
440 0.5416075704547363
441 0.5899215286114166
442 0.6330651850607107
443 0.6914821916656164
444 0.7439748776866038
445 0.7845901238144009
446 0.8163872378646946
447 0.8384806825788795
448 0.851688084979628
449 0.8572715717121555
450 0.841279368888493
451 0.7877568403091815
452 0.7093088683317255
453 0.616207938140722
454 0.5068287391744035
455 0.39033530310886877
456 0.2720110368177264
457 0.15727639737436572
458 0.05131609084470201
459 -0.036789818659436646
460 -0.11141890559331097
461 -0.18436663413224802
462 -0.2456967420752607
463 -0.29577602262619107
464 -0.336371702922108
465 -0.3621690335892005
466 -0.383912328019889
467 -0.43210792517999635
468 -0.4967473253320265
469 -0.5324328785128755
470 -0.5540166331737065
471 -0.5704814542264862
472 -0.5783972559624371
473 -0.5833577545304514
474 -0.5860708730800266
475 -0.5770271199968146
476 -0.5611505204700972
477 -0.5409770701753518
478 -0.5143770723375144
479 -0.48822268022118653
480 -0.4640641849839272
481 -0.43795686244209686
482 -0.4136278708865627
483 -0.38688934271716713
484 -0.3568757662744367
485 -0.33077844148286684
486 -0.3035099646257339
487 -0.2740651825554381
488 -0.24307880940308813
489 -0.21925190749762252
490 -0.2014912491781241
491 -0.17820939954817683
492 -0.15807348221406742
493 -0.14019577918701442
494 -0.1179937517479272
495 -0.10387944229762153
496 -0.0938105155252788
497 -0.08135342193002604
498 -0.07131839735497603
499 -0.061883448959131504
500 -0.05611474414925427
501 -0.05091750567699793
502 -0.04534380007793237
503 -0.04353142958523776
504 -0.04530638937709647
505 -0.04423261034586018
506 -0.04403037108441554
507 -0.04268521419703436
508 -0.042164426721200576
509 -0.04042143291605854
510 -0.036587826113401944
511 -0.035902808522464025
512 -0.034478738333668824
513 -0.03424513153101211
514 -0.03416935133118337
515 -0.03333231220418914
516 -0.03566896362695504
517 -0.03674287996729686
518 -0.036045192660912106
519 -0.02964735574315125
520 -0.025116061634109843
521 -0.02382531515560593
522 -0.020816077764496677
523 -0.01730101917622906
524 -0.01855145994516405
525 -0.02318736713916547
526 -0.024343329882506648
527 -0.020755624195995637
528 -0.016034537497409684
529 -0.01863097169208272
530 -0.01826463962463931
531 -0.014456134160024114
532 -0.013162117270829166
533 -0.006852730268343765
534 -0.004105334119517967
535 -0.00710273833353714
536 -0.007544374415104693
537 -0.008011349927565803
538 -0.011065223020838344
539 -0.00822975235869483
540 -0.00343021349509387
541 0.00466971307273556
542 0.009355325281061755
543 0.007583037454389374
544 0.0145810362857971
545 0.015269562380278101
546 0.015446086808871273
547 0.014328133211870542
548 0.013251459171901292
549 0.016283364028717773
550 0.01350086879159007
551 0.015082527490360875
552 0.019860696563010594
553 0.02119958724722104
554 0.018805853450391652
555 0.015224789369009062
556 0.015145876067595099
557 0.01851867277721475
558 0.019804227683757114
559 0.01796554391270644
560 0.016455695773822
561 0.02511234544414398
562 0.024275306317149692
563 0.01795554616244588
564 0.020829862509286645
565 0.022162725083178958
566 0.022648398421405203
567 0.023990422207201156
568 0.024938117578779284
569 0.02335295037646523
570 0.018581422908944045
571 0.01832584786983138
572 0.020030832528632914
573 0.024467410519228405
574 0.03103887685684925
575 0.03150235891507269
576 0.035089090754121255
577 0.041910342113388954
578 0.046655931704511655
579 0.04799109084163233
580 0.05276309449485783
581 0.052087015072276976
582 0.04937076342111635
583 0.05487844847776169
584 0.055336262778319156
585 0.05531405644901077
586 0.053912055280418314
587 0.05064678171379744
588 0.05387428422693019
589 0.05454349900083588
590 0.057281120442947864
591 0.05970645987384149
592 0.05772009960863467
593 0.05765058561197656
594 0.05705692799435269
595 0.061281968202493986
596 0.06627070121013512
597 0.07251651659183955
598 0.0802879829294606
599 0.07927695402995383
600 0.07988292101037209
601 0.08266832630553855
602 0.08573777917229652
603 0.08900245429341291
604 0.09050497664722301
605 0.09803970308060206
606 0.10108381651646647
607 0.09941600446564847
608 0.09949828896150004
609 0.09996550256681347
610 0.10302228571812455
611 0.10850089979678634
612 0.1101990198069126
613 0.11683359662891568
614 0.12103993901129195
615 0.11969707868713908
616 0.1210013314194468
617 0.12305768186701627
618 0.1209479956417786
619 0.11912549008971807
620 0.12299397293712988
621 0.12826759005471955
622 0.13040201726534617
623 0.13147519785107786
624 0.1340895083824647
625 0.14247974872505642
626 0.1501778687351829
627 0.15540974515934203
628 0.1605476046943063
629 0.1584952389359845
630 0.15498668464373966
631 0.15322439456732795
632 0.15967267225402382
633 0.16751341449545065
634 0.16951511644129058
635 0.16829628130641994
636 0.16365747910368544
637 0.16278580202478832
638 0.1681538971679718
639 0.1750884616877041
640 0.18056707576636577
641 0.17838741440807115
642 0.1800831005458634
643 0.18495598573695893
644 0.1857576876827991
645 0.18726067117300838
646 0.18763653985431317
647 0.18828691949334808
648 0.19159914037466663
649 0.19666075857340326
650 0.20506656364017473
651 0.21016908599398487
652 0.21350351320461158
653 0.2151205241338422
654 0.21363587811674578
655 0.2157196264655853
656 0.223298765557581
657 0.22767536616537976
658 0.22664526403815
659 0.22889021018425493
660 0.23502247431264267
661 0.24373453328031425
662 0.2511612754342958
663 0.2538009253965764
664 0.25590674276561853
665 0.25696739094500887
666 0.26289511924872344
667 0.26426561556699824
668 0.25921874060339
669 0.26145474858113804
670 0.26434103541417453
671 0.26753006764456777
672 0.27147082218826524
673 0.2708486920381624
674 0.27170466708377417
675 0.2685467793510462
676 0.2689820119203373
677 0.2739526455477177
678 0.27858879083457144
679 0.2753893854519598
680 0.2700175587616864
681 0.27435058324922534
682 0.2773504213355785
683 0.2802202918567728
684 0.281246900529765
685 0.27829147510202823
686 0.2720010240181605
687 0.2694212291788761
688 0.2731350185250455
689 0.2779756996365722
690 0.284508320289496
691 0.2912622534315873
692 0.30046106036869435
693 0.3023618807766645
694 0.29802269086970157
695 0.29629573797444386
696 0.2949759205179564
697 0.2961630127096575
698 0.2983738185656173
699 0.29814334486454586
700 0.29357031006207424
701 0.2929959487157201
702 0.29440505262584005
703 0.28967419122054006
704 0.2869676992267879
705 0.28830742644935525
706 0.2863783716017586
707 0.28031175261383356
708 0.2777852935522176
709 0.2818214999689713
710 0.28334391703955564
711 0.276440857370141
712 0.26646568791808745
713 0.2585212913898576
714 0.2533209198160161
715 0.25084863307042504
716 0.24773490485415584
717 0.2454930918096362
718 0.24257893088962557
719 0.2336774396850615
720 0.22405629293765672
721 0.21349385433095003
722 0.20563453652355823
723 0.20345316199823393
724 0.19744085263543953
725 0.19217072897208753
726 0.1856314667140354
727 0.1780751323968527
728 0.1727387651475335
729 0.16758883434262706
730 0.16328197077503293
731 0.15547622683816142
732 0.14708971804265958
733 0.137361185461362
734 0.12671670045165595
735 0.1195175219407073
736 0.11280752527152804
737 0.10726929416272213
738 0.10155729632495036
739 0.09168941192304325
740 0.08596787747140999
741 0.07964039108866416
742 0.07578166789866037
743 0.07044797261452762
744 0.07042323162913855
745 0.06912560545265378
746 0.06107649505571733
747 0.05637829886638546
748 0.045657810613304206
749 0.041496342025943656
750 0.03912830801266032
751 0.03539244964628829
752 0.037855783174216895
753 0.034038116497697946
754 0.03163833954124473
755 0.025774558260268976
756 0.01979095952280563
757 0.017091570270580725
758 0.011116671608622175
759 0.01297343971062781
760 0.016119271222719167
761 0.014846386031623582
762 0.010118657727909097
763 0.00925711570837795
764 0.009219943100394423
765 0.0029134511066420954
766 -0.0013053228983287424
767 -0.0010553148331353679
768 -0.0024669533993358916
769 -0.002946836720096102
770 -0.004677160809791303
771 -0.008536107043341623
772 -0.009378951237107525
773 -0.011244895600322491
774 -0.014200559120911227
775 -0.017051969909192555
776 -0.018498246427296028
777 -0.017547656046984828
778 -0.01657172623577996
779 -0.017898185297395952
780 -0.020481113238265403
781 -0.02100830422637534
782 -0.02315249109441031
783 -0.020774697423718624
784 -0.019019271995981968
785 -0.016391931396495973
786 -0.014418002753883497
787 -0.02001389963295197
788 -0.021476116277193258
789 -0.020348626066331033
790 -0.017095646813199084
791 -0.017310317697238342
792 -0.023620303145228227
793 -0.0211382567422288
794 -0.014774920467265362
795 -0.010436567098659366
796 -0.009915779622825638
797 -0.01122933087614253
798 -0.013850029870500102
799 -0.015097337537849809
800 -0.014459865707113995
801 -0.009082233950069019
802 -0.0028548933505829766
803 -0.0036636980379505246
804 -0.007636195524817757
805 -0.011241762498737096
806 -0.01680569339108906
807 -0.01984027021309198
808 -0.01927798013668014
809 -0.019517853142507535
810 -0.02000727307712913
811 -0.023698618001137706
812 -0.025059715014656536
813 -0.024608304226375388
814 -0.01951472004092203
815 -0.015437969821747166
816 -0.01577642780221611
817 -0.015397664112178244
818 -0.013183725154632953
819 -0.013354221472907768
820 -0.016063608475393232
821 -0.019006364187682867
822 -0.02159593373368074
823 -0.0214852774890969
824 -0.016827301274892736
825 -0.016938418655875642
826 -0.014080979757275958
827 -0.010657504185869193
828 -0.012157354574493073
829 -0.01750675189191131
830 -0.022953760336508755
831 -0.02379949953900773
832 -0.023824838969901396
833 -0.02312425665478368
834 -0.01800219993685137
835 -0.014967861207700772
836 -0.014503780703972735
837 -0.013726718959774953
838 -0.01824243329533104
839 -0.01842886973974367
840 -0.01693818056302332
841 -0.012962549974570914
842 -0.01081255803976433
843 -0.008640359775649253
844 -0.003685666274406585
845 -0.003379412373506585
846 -0.004926570429480082
847 -0.008895934814761919
848 -0.012562178400729151
849 -0.009624989662358807
850 -0.009356744907799142
851 -0.009199156397823538
852 -0.008428360856796324
853 -0.011115541529973405
854 -0.014042732518083412
855 -0.016726780089674986
856 -0.01679302367564217
857 -0.014212990743505904
858 -0.012129242394666506
859 -0.008728809690924821
860 -0.0034171834269947077
861 -0.0007680119001582941
862 -0.004096634044013281
863 -0.005327540448826329
864 -0.011087068997494454
865 -0.01781009573477277
866 -0.018990561370650805
867 -0.020544223722647303
868 -0.02081897277322975
869 -0.020215540448892177
870 -0.023828210164339003
871 -0.025388037935759278
872 -0.025504722290661586
873 -0.025025077062753587
874 -0.02119460336168233
875 -0.018510555790090533
876 -0.019322255486191153
877 -0.019511586939336745
878 -0.02163707598160658
879 -0.02050645266915907
880 -0.017414570429545972
881 -0.02071495813377422
882 -0.022432612508022642
883 -0.023366801625797073
884 -0.02824571492721112
885 -0.028744671475694372
886 -0.028700258817077717
887 -0.026363607394311872
888 -0.026133133693240496
889 -0.026196244177622396
890 -0.027418450506930703
891 -0.028596244177622354
892 -0.026726568267317508
893 -0.028908764281692978
894 -0.029189916844551633
895 -0.02966026355145035
896 -0.031605121216079224
897 -0.035141549595298305
898 -0.04275495123723916
899 -0.044557922425177754
900 -0.04306433823972444
901 -0.03772471562902002
902 -0.03253954842670592
903 -0.033139847649458265
904 -0.03533798378997144
905 -0.035666068618222024
906 -0.035027760249129236
907 -0.03746263629388441
908 -0.03973014912195
909 -0.03765533894146755
910 -0.03659409231657251
911 -0.037020163673960105
912 -0.04170674972974875
913 -0.0439267167976124
914 -0.03840949512710562
915 -0.03755735241233055
916 -0.03588724379828412
917 -0.033632162592812986
918 -0.03575765163508282
919 -0.037033431834911534
920 -0.036262636293884376
921 -0.037465769395469695
922 -0.037670903665647404
923 -0.03868484262319266
924 -0.03841659786863311
925 -0.03424453308550757
926 -0.036590959214987284
927 -0.041268008656914434
928 -0.04068967767061815
929 -0.04059169114148109
930 -0.03914251961464449
931 -0.03755421931074521
932 -0.035978588722292704
933 -0.03453231220418912
934 -0.03424513153101211
935 -0.03406509859887574
936 -0.03292820908325772
937 -0.03377791792569873
938 -0.0326314917962191
939 -0.031560845866568155
940 -0.033544311123042014
941 -0.03249900462428479
942 -0.03145972623584581
943 -0.03251167433973157
944 -0.0336105547090092
945 -0.03171553936781085
946 -0.03380615236532547
947 -0.03374944539321978
948 -0.03242009132287077
949 -0.031058994309351884
950 -0.029085065666739518
951 -0.03345272810618122
952 -0.03467493443548958
953 -0.031548176151121265
954 -0.03139661575146396
955 -0.03249610961555177
956 -0.033847294613251255
957 -0.03245726393085441
958 -0.038116509387156994
959 -0.03936405514735902
960 -0.03507820101806419
961 -0.03465212966067671
962 -0.035299974643630994
963 -0.03387903755642108
964 -0.03148819876832465
965 -0.030452428883428972
966 -0.03469073725252175
967 -0.03381568897918702
968 -0.03170286965236396
969 -0.033547444224627354
970 -0.03151994171149464
971 -0.0326314917962191
972 -0.033844161511665916
973 -0.03308290258450031
974 -0.0352904380297695
975 -0.03460833049687012
976 -0.0353434134547852
977 -0.03955615934943757
978 -0.045789766152094236
979 -0.04464914508938622
980 -0.04618036301922207
981 -0.04844184773696941
982 -0.04817023178797225
983 -0.044286184216380586
984 -0.04117896029613427
985 -0.03826770943416202
986 -0.03857129136987575
987 -0.03597858872229265
988 -0.03356591900684586
989 -0.03547360406349109
990 -0.03472501485177232
991 -0.03625309968002294
992 -0.03889624309654105
993 -0.040339386513059294
994 -0.04039609348516493
995 -0.03822970028782163
996 -0.039104748561156366
997 -0.039183661862570274
998 -0.038516880960998645
999 -0.04191815020309708
1000 -0.042960323600269135
1001 -0.03942656718623627
1002 -0.037648935429191344
1003 -0.035182691843224145
1004 -0.03619952580950253
1005 -0.0384261344824946
1006 -0.03765847204305289
1007 -0.037124416406267735
1008 -0.04107181255509357
1009 -0.045239907698277015
1010 -0.047046011987800895
1011 -0.04818603460500437
1012 -0.04493656385541556
1013 -0.04486391675717216
1014 -0.04629439045824357
1015 -0.04897530492824992
1016 -0.051362635212803154
1017 -0.04918357230001297
1018 -0.047547726235911525
1019 -0.04557463413165597
1020 -0.04323507265085158
1021 -0.03677099214712354
1022 -0.033764887857599624
1023 -0.034573454452114905
1024 -0.035896542319293345
1025 -0.038141848818050716
1026 -0.03612061250808857
1027 -0.03509400383509631
1028 -0.03720079505160101
1029 -0.03819542268857096
1030 -0.03485413082926908
1031 -0.03518618529746187
1032 -0.03233164140759531
1033 -0.028434686027704492
1034 -0.028530000591655225
1035 -0.025517630098960686
1036 -0.0213775313025516
1037 -0.019240209083191906
1038 -0.017184695173979136
1039 -0.013234165923567964
1040 -0.01234064286801484
1041 -0.010212619169664316
1042 -0.006461657215511507
1043 0.0008265696562173019
1044 0.00909348403877841
1045 0.010021046600729777
1046 0.015761740014527126
1047 0.020523745917492286
1048 0.024287377587091874
1049 0.028982526409279785
1050 0.03239913733201116
1051 0.037069783261662215
1052 0.033807642796626625
1053 0.030087449938181243
1054 0.029538428022720886
1055 0.03023984687619541
1056 0.029017640546887158
1057 0.027024638676551582
1058 0.029434175290413034
1059 0.032911224732340316
1060 0.03199840540551735
1061 0.029863617842238233
1062 0.030179271047894307
1063 0.033261155537246956
1064 0.03968433188590148
1065 0.04195124626846247
1066 0.04212090604838048
1067 0.047356752112481804
1068 0.05231808721885289
1069 0.05072918846944896
1070 0.04912785809745035
1071 0.05338801244319924
1072 0.059835691684390624
1073 0.06803879635331844
1074 0.07907218011242856
1075 0.08415273422978242
1076 0.08336890862065627
1077 0.08660269238626517
1078 0.09172125564995981
1079 0.09896110022312954
1080 0.11170236364977415
1081 0.12166196837764798
1082 0.12384043284493351
1083 0.11943813245358881
1084 0.1164037937244381
1085 0.11525796604046312
1086 0.11177524884086987
1087 0.10670096092668646
1088 0.09838673887677574
1089 0.09354605776524894
1090 0.09157586066972645
1091 0.0921759217996263
1092 0.09174358423906814
1093 0.08909090420868837
1094 0.08556004280338869
1095 0.0872247217526213
1096 0.08850423349953995
1097 0.08097240207489387
1098 0.07491905124792042
1099 0.07167680549965894
1100 0.06500168487523494
1101 0.056580300034977826
1102 0.044685374256336896
1103 0.03493150224414554
1104 0.027688286476538093
1105 0.02090250960753015
1106 0.014375678972072481
1107 0.00899840756768
1108 0.0027840970362928985
1109 -0.0021668649178597787
1110 -0.005678191959037515
1111 -0.009631854311034083
1112 -0.008257864538521509
1113 -0.010060698417354574
1114 -0.014330151284112636
1115 -0.01888678482404771
1116 -0.0225777693954039
1117 -0.0256339541012105
1118 -0.034260934348044225
1119 -0.042256009738061484
1120 -0.04917090258456608
1121 -0.05658810812468601
1122 -0.06013431121061896
1123 -0.06260682099975667
1124 -0.05828670432051691
1125 -0.05773127889278029
1126 -0.05739365745066827
1127 -0.055447963247682586
1128 -0.058760782574505455
1129 -0.05998298890381376
1130 -0.05788573430117072
1131 -0.05752277342816503
1132 -0.05697375151270462
1133 -0.054305268665292894
1134 -0.05177591459494374
1135 -0.052666527592458434
1136 -0.05296011177791171
1137 -0.055322102631571224
1138 -0.055448561693187126
1139 -0.0543841819667068
1140 -0.053484032355330724
1141 -0.055855559822851675
1142 -0.05804102624791796
1143 -0.0565316392454327
1144 -0.05150429864594663
1145 -0.048703566719452696
1146 -0.04970796906313646
1147 -0.0515676472231808
1148 -0.05595981255515936
1149 -0.06041219336278675
1150 -0.06344966519352258
1151 -0.06382240077324214
1152 -0.06368664319061679
1153 -0.06056652651137706
1154 -0.06287807659610156
1155 -0.06554342634192811
1156 -0.0671853005163478
1157 -0.06773456052466048
1158 -0.06855230338038498
1159 -0.07294760181394894
1160 -0.07766822737613588
1161 -0.08389870107720732
1162 -0.08302389089672485
1163 -0.07828373097041574
1164 -0.07646206195671196
1165 -0.07604239411160058
1166 -0.07597904553436652
1167 -0.07609283488053564
1168 -0.07734954185264126
1169 -0.07682188972813236
1170 -0.08040922001268552
1171 -0.08181145927413025
1172 -0.08085109418710518
1173 -0.07966376390255214
1174 -0.08035564614216517
1175 -0.07890647461532863
1176 -0.07651563582723225
1177 -0.07557144895919732
1178 -0.08007159857057344
1179 -0.08059878955868333
1180 -0.08086376390255201
1181 -0.0809680166348597
1182 -0.0809931179729011
1183 -0.08170720654182262
1184 -0.07995178111408596
1185 -0.07421988855953993
1186 -0.07427346243006028
1187 -0.0801064746153286
1188 -0.08290720654182254
1189 -0.08108446289690963
1190 -0.08061435428286323
1191 -0.07958858214822795
1192 -0.07320028184432864
1193 -0.06993836442283963
1194 -0.06822711356086747
1195 -0.06891875770762834
1196 -0.06853999401759048
1197 -0.06590952031651909
1198 -0.06338329934775538
1199 -0.06341153378738207
1200 -0.06593172664582753
1201 -0.06945594644599878
1202 -0.06683127781169906
1203 -0.0684765231805563
1204 -0.0728942660362808
1205 -0.07708373097041576
1206 -0.0862949695301174
1207 -0.09141099813773118
1208 -0.08704960190146
1209 -0.08109990536128947
1210 -0.08147613439524659
1211 -0.08375354418982606
1212 -0.07872632585014011
1213 -0.06682162536478531
1214 -0.053304121682994365
1215 -0.036423480165245437
1216 -0.015826514645246648
1217 0.00920329731825742
1218 0.045913724529015876
1219 0.08757259408715168
1220 0.13005485920937254
1221 0.16899384635300463
1222 0.21391086526018055
1223 0.262402083600064
1224 0.3154087932319567
1225 0.37336403094566806
1226 0.4267673655550067
1227 0.48318138758862195
1228 0.5440518458042478
1229 0.5893239013538505
1230 0.6426207874513998
1231 0.7011320490383526
1232 0.7527208539008738
1233 0.8018848662033415
1234 0.8350578205022827
1235 0.8672049725679776
1236 0.8914397306175177
1237 0.9012033837631708
1238 0.8863883761646953
1239 0.8343596698636893
1240 0.757762675970773
1241 0.6609199600868259
1242 0.5470024650536851
1243 0.43115603743274755
1244 0.32236566486474405
1245 0.21254144357311489
1246 0.10093769440418066
1247 0.007242377267690725
1248 -0.07190495865782032
1249 -0.14410639454826701
1250 -0.2104862875129263
1251 -0.265994339819088
1252 -0.2990228515092047
1253 -0.3234190175460617
1254 -0.3425740551548137
1255 -0.38102304539437293
1256 -0.45037726604181844
1257 -0.4983860878809143
1258 -0.5167322049692465
1259 -0.5290146888704289
1260 -0.5444147913201293
1261 -0.5655175844640343
1262 -0.5791718045266074
1263 -0.5772392411754675
1264 -0.5568525950708602
1265 -0.5349199878012882
1266 -0.5150974271096065
1267 -0.49087536025156625
1268 -0.4672943594622463
1269 -0.4416069428583796
1270 -0.4179376294628897
1271 -0.3959170548904948
1272 -0.3670467714756587
1273 -0.3372514601549518
1274 -0.3059473753265697
1275 -0.274807145211334
1276 -0.24469268723073345
1277 -0.22123477430859195
1278 -0.20420957434896642
1279 -0.18676724120031024
1280 -0.16650426635908033
1281 -0.14783623342687824
1282 -0.13610612115954046
1283 -0.12388009971086367
1284 -0.1114330038658714
1285 -0.0947351680291918
1286 -0.07949314532447715
1287 -0.07136931430961557
1288 -0.06356357037274396
1289 -0.05899402902450984
1290 -0.05934491862757335
1291 -0.059944979757473316
1292 -0.05716621606743555
1293 -0.05400855137825428
1294 -0.04902851844611794
1295 -0.04953723465200943
1296 -0.05121771641827422
1297 -0.04768685501297437
1298 -0.04504371159645626
1299 -0.04547664760251896
1300 -0.04372425449262113
1301 -0.0413720232963698
1302 -0.034532312204189175
1303 -0.028826357526041402
1304 -0.027800585391406174
1305 -0.026584782574373966
1306 -0.028008614670316845
1307 -0.030752877717557414
1308 -0.03344005839073444
1309 -0.03291553936781083
1310 -0.034235356824298346
1311 -0.035325075981672394
1312 -0.03491143624687937
1313 -0.030923135942979962
1314 -0.027655190411172703
1315 -0.02458284253568166
1316 -0.022103929234267627
1317 -0.024311226586684498
1318 -0.025893260687413155
1319 -0.028296155696146297
1320 -0.027131031740901423
1321 -0.02541651046823823
1322 -0.021573367051720194
1323 -0.01998193364623546
1324 -0.0215612957817779
1325 -0.01897812974805624
1326 -0.016192962545742207
1327 -0.014541551757460969
1328 -0.013246835639014742
1329 -0.015113378447734305
1330 -0.013796455999979695
1331 -0.011150179481876354
1332 -0.010294903665515887
1333 -0.006527540448826308
1334 -0.0051221680857962415
1335 -0.006998247508377298
1336 -0.006669924587274556
1337 -0.003805844083546339
1338 0.0002960074736698681
1339 0.003018064191601999
1340 0.0021337173972579837
1341 8.737974925454584e-05
1342 0.0014861105071559688
1343 0.004369264238607062
1344 0.009194603669500756
1345 0.007643475973584946
1346 0.00689801986345151
1347 0.011123896609949613
1348 0.009307794570165284
1349 0.008606375716690762
1350 0.012282394009371589
1351 0.014284095955211629
1352 0.01722998476908688
1353 0.01967753052928889
1354 0.01840175032946012
1355 0.01470086879159005
1356 0.013248188761210367
1357 0.01340928577472933
1358 0.017817852369244602
1359 0.016927239371729907
1360 0.014741772946663567
1361 0.014795584910036075
1362 0.016446995698317424
1363 0.020473067055705063
1364 0.023362486990326725
1365 0.023899077283192516
1366 0.023415700508194748
1367 0.026336487984028434
1368 0.030577468318307433
1369 0.034632012208174134
1370 0.034239980357184785
1371 0.03456517017670224
1372 0.03675690280493915
1373 0.03572113292004342
1374 0.035440218450037086
1375 0.03326428863883224
1376 0.03354833621042397
1377 0.03820028431430966
1378 0.03890399973101277
1379 0.03858774807985221
1380 0.04329640315584371
1381 0.04391517716081439
1382 0.04434751472137266
1383 0.04578135961688157
1384 0.0465484236108189
1385 0.0498068325287645
1386 0.05526048257849048
1387 0.059315026468356735
1388 0.05772299461736763
1389 0.05776413686529336
1390 0.0588192180707644
1391 0.05815267526204515
1392 0.06003128934070667
1393 0.06454991373430119
1394 0.07035698804317148
1395 0.07494498912431857
1396 0.07617926672356912
1397 0.0792832202331244
1398 0.08243158640129644
1399 0.08556064124889318
1400 0.08753724185669198
1401 0.09028777110710307
1402 0.09092548103069142
1403 0.09170810974880839
1404 0.09569038194238944
1405 0.09961557176190694
1406 0.09839917049937019
1407 0.10130752635260942
1408 0.10559278203639955
1409 0.1082477586300078
1410 0.11400728717867592
1411 0.11934425287349948
1412 0.11989351288181227
1413 0.11707951279436668
1414 0.11878786864760604
1415 0.12436133615381939
1416 0.13027242510214487
1417 0.13481952202821834
1418 0.13588956951236486
1419 0.1368775705935119
1420 0.14198406258726426
1421 0.14500596969382018
1422 0.14482220521459388
1423 0.14761074361134563
1424 0.15058220994896665
1425 0.15185425860170543
1426 0.1574720014574299
1427 0.16236938954106228
1428 0.1663634949117332
1429 0.17326015106887183
1430 0.17600381567060785
1431 0.17969166714037865
1432 0.18538519019593191
1433 0.1889247516767364
1434 0.19210448538612035
1435 0.19395486502515535
1436 0.19474726844998624
1437 0.19779764808902123
1438 0.20126142936999702
1439 0.20602633028169515
1440 0.211827001078289
1441 0.21447908266316418
1442 0.2189377296739623
1443 0.22219324358317494
1444 0.22416984419097363
1445 0.22678124466432203
1446 0.22601709072842335
1447 0.22704042899072452
1448 0.22535705221572688
1449 0.2275450532968739
1450 0.23566367769046848
1451 0.24208952600430944
1452 0.24812983171387826
1453 0.2496199224450938
1454 0.25369026915199255
1455 0.25543036794840135
1456 0.2559542885258205
1457 0.2565919984494085
1458 0.25961390555596464
1459 0.2638609140005621
1460 0.26681344441956556
1461 0.2681081605380117
1462 0.26496583752946357
1463 0.26491539676052867
1464 0.26717023987314736
1465 0.2674764937740475
1466 0.2685658375294636
1467 0.2665005639628426
1468 0.2674574205463244
1469 0.26749229659107954
1470 0.2675585401770467
1471 0.2676783576335342
1472 0.2678805968949789
1473 0.2701290364953217
1474 0.2684676279567799
1475 0.2709718806890876
1476 0.27360548749174407
1477 0.27323252886847793
1478 0.2767345423393408
1479 0.27603349888782414
1480 0.27700592019548587
1481 0.27554094585161715
1482 0.2735896846747121
1483 0.26938358038518806
1484 0.26540794979673554
1485 0.26599871240562634
1486 0.26604602007297606
1487 0.26711642790977475
1488 0.26680390780570407
1489 0.26396203363128445
1490 0.26078856612507095
1491 0.2566551089337904
1492 0.25573335143861065
1493 0.25388297179957564
1494 0.25081992244509377
1495 0.24834787379235512
1496 0.242588345243687
1497 0.2370811213234406
1498 0.23540123800268042
1499 0.23741910311820502
1500 0.2392258058532335
1501 0.23609324250209374
1502 0.22725739643799237
1503 0.22431813417994018
1504 0.22130636213275012
1505 0.21382870302412915
1506 0.20583362763411195
1507 0.19774407421850093
1508 0.19007395055514897
1509 0.18506917663762357
1510 0.18345903035706823
1511 0.17860581683920018
1512 0.17305164560425657
1513 0.16292794807038413
1514 0.15462988919015785
1515 0.14838153915237284
1516 0.13830828238743553
1517 0.13157921249053328
1518 0.1271591730715802
1519 0.12174389252084727
1520 0.11327473887684147
1521 0.10804262435982981
1522 0.10415893714089064
1523 0.10021190134471702
1524 0.09463589918242288
1525 0.08533970416168346
1526 0.07383597369567474
1527 0.06760982998719789
1528 0.06171177110697157
1529 0.0521466321024211
1530 0.0480765084390693
1531 0.04537412339436464
1532 0.041521803716637384
1533 0.03426531978807845
1534 0.027845874986513808
1535 0.022557053497396673
1536 0.01742292550952229
1537 0.012386408648827008
1538 0.006532163981712746
1539 0.003949220991537827
1540 -0.00045234364519664005
1541 -0.0018477182579661466
1542 -0.00814467363785698
1543 -0.010190650933208145
1544 -0.009141612887360928
1545 -0.01523632900580707
1546 -0.017358461902944988
1547 -0.020247506435608686
1548 -0.02011152580943676
1549 -0.023411076975308198
1550 -0.029205481568731595
1551 -0.03495898200708131
1552 -0.038170083257677345
1553 -0.036912777840067135
1554 -0.040462337071132115
1555 -0.04182367217750327
1556 -0.040992899253679604
1557 -0.04042107256340621
1558 -0.043572333740311275
1559 -0.05018797464369679
1560 -0.054485661950081477
1561 -0.0541094329161243
1562 -0.05347136263988389
1563 -0.0560513955720201
1564 -0.05875764947292017
1565 -0.060178586560129976
1566 -0.05918998703347833
1567 -0.05798998703347841
1568 -0.05871987841943194
1569 -0.05745676793505011
1570 -0.055463766064714703
1571 -0.05793954626454334
1572 -0.061533280061372764
1573 -0.06162172997664822
1574 -0.05911420683364965
1575 -0.055514206833649715
1576 -0.057118908400085766
1577 -0.056727474994601124
1578 -0.05315570943422787
1579 -0.052549605144704026
1580 -0.05108463080083531
1581 -0.05077524379834991
1582 -0.04969506125483747
1583 -0.04993820467135568
1584 -0.053408850601006586
1585 -0.05294744206246488
1586 -0.054500866321609
1587 -0.05702732538322497
1588 -0.057402955971677494
1589 -0.057601686729578994
1590 -0.05770280636030134
1591 -0.05869453898853827
1592 -0.05754811285905864
1593 -0.05631010371271822
1594 -0.05693574236636417
1595 -0.05528119847649765
1596 -0.05143805505997945
1597 -0.049748635125357765
1598 -0.04930049474776743
1599 -0.04973343075383024
1600 -0.04582404375134491
1601 -0.04189245041955114
1602 -0.0413843326591643
1603 -0.04230668859984876
1604 -0.04240116662544258
1605 -0.04153878806755468
1606 -0.043623372954750994
1607 -0.04356026247036904
1608 -0.04050928438582946
1609 -0.042688347298619644
1610 -0.044911822870026485
1611 -0.04380630089562043
1612 -0.041422103712652536
1613 -0.04116339557195442
1614 -0.041305419357750284
1615 -0.042789466929341935
1616 -0.045344160430584646
1617 -0.045732460734484004
1618 -0.04594386120783234
1619 -0.0461238941399687
1620 -0.04731122442452185
1621 -0.04739967433979736
1622 -0.047336563855415514
1623 -0.04629439045824352
1624 -0.04648998811455973
1625 -0.04883328114245411
1626 -0.049967037556486904
1627 -0.047778438029835224
1628 -0.04659424084686736
1629 -0.04776600640724066
1630 -0.049316297564799605
1631 -0.051021282223601194
1632 -0.053563306009397016
1633 -0.05367709535556614
1634 -0.05240444825732288
1635 -0.0501622748601509
1636 -0.05125802212784314
1637 -0.05346882798380315
1638 -0.05339304778397447
1639 -0.05016227486015079
1640 -0.05032010146297877
1641 -0.05400541827666899
1642 -0.056686332746675394
1643 -0.05681881991860971
1644 -0.054421953020195035
1645 -0.05288433157808298
1646 -0.05253404042052412
1647 -0.051529638076840245
1648 -0.05288433157808298
1649 -0.05543902507932563
1650 -0.0559693491690208
1651 -0.057380749642369167
1652 -0.05770280636030134
1653 -0.05891547607574815
1654 -0.05901972880805578
1655 -0.05819849249809361
1656 -0.05969834288671749
1657 -0.06249617980447836
1658 -0.06524647096203734
1659 -0.0656347712659367
1660 -0.0656632437984156
1661 -0.06464640983213732
1662 -0.06497159965165478
1663 -0.06780080411062767
1664 -0.07088268859998026
1665 -0.07470362568719013
1666 -0.07399617872339714
1667 -0.07293469400564973
1668 -0.07266658656019576
1669 -0.07392099696907306
1670 -0.06763030779235285
1671 -0.06139983409128141
1672 -0.06383203817085031
1673 -0.06286891538419787
1674 -0.06416652651137705
1675 -0.0647126534181044
1676 -0.06655966186270185
1677 -0.07138186819201014
1678 -0.07167858547904876
1679 -0.06933529245115433
1680 -0.06773456052466043
1681 -0.06632629315289745
1682 -0.06630095372200379
1683 -0.06758940363727928
1684 -0.0690103407244892
1685 -0.06946488461435574
1686 -0.07099007443387317
1687 -0.0726446183237397
1688 -0.07438761212888179
1689 -0.07711280194839931
1690 -0.0778136223563693
1691 -0.07958798370272346
1692 -0.08239849033593116
1693 -0.08491517469083326
1694 -0.08379095489066202
1695 -0.0820481991783722
1696 -0.07823352829433294
1697 -0.07607980481243648
1698 -0.08085446538154284
1699 -0.08408791027055279
1700 -0.08801599509880337
1701 -0.08730854813501043
1702 -0.08620326425345648
1703 -0.08615282348452141
1704 -0.08637062747014601
1705 -0.08867904445328517
1706 -0.08879283379945435
1707 -0.08770311464208036
1708 -0.08668314757421663
1709 -0.08884954077155999
1710 -0.08896309202487684
1711 -0.08865057192080616
1712 -0.08680356347620882
1713 -0.0817857594905842
1714 -0.08018792257282337
1715 -0.08126497201475053
1716 -0.08369007335279194
1717 -0.08394878149349
1718 -0.0837025049753865
1719 -0.08189037257554432
1720 -0.07784209488884825
1721 -0.07423255827498676
1722 -0.0765000711030524
1723 -0.080368315857612
1724 -0.0821617504316891
1725 -0.08354804956699602
1726 -0.08185200307655138
1727 -0.08357279055238515
1728 -0.0887297233150725
1729 -0.09184297534563707
1730 -0.09251845632271355
1731 -0.09373425913974565
1732 -0.09264804848591479
1733 -0.09243024450029025
1734 -0.0912964880862574
1735 -0.09137226828608619
1736 -0.09353866148342943
1737 -0.09256913518450083
1738 -0.09243024450029025
1739 -0.09140074081856508
1740 -0.091751031976124
1741 -0.09534789887453865
1742 -0.09671212898964282
1743 -0.09556883596174853
1744 -0.09319730849422747
1745 -0.09308062413932522
1746 -0.09438463877878062
1747 -0.09581197937826669
1748 -0.09792793180667508
1749 -0.09468135606581918
1750 -0.09344358501233091
1751 -0.09555953744073925
1752 -0.09501608249919824
1753 -0.09851496286847594
1754 -0.09878344571588776
1755 -0.09778217647378917
1756 -0.09773173570485416
1757 -0.0978075159046829
1758 -0.09892860260326891
1759 -0.09895394203416252
1760 -0.09795267279206399
1761 -0.09812003600875352
1762 -0.10046646213823324
1763 -0.10084209272668576
1764 -0.10118284727038312
1765 -0.10249663661655223
1766 -0.10364595775476498
1767 -0.10241459021355293
1768 -0.10186229788740164
1769 -0.09757354874937385
1770 -0.09912383990693274
1771 -0.10627666954868864
1772 -0.10813321460714759
1773 -0.10720132205260158
1774 -0.1048804734468679
1775 -0.10481736296248595
1776 -0.10624783666355736
1777 -0.10895722366604271
1778 -0.11067801114187636
1779 -0.11134082240350596
1780 -0.1139081856201955
1781 -0.11520930525091783
1782 -0.11415446213829894
1783 -0.11298293467077797
1784 -0.11304917825674515
1785 -0.11440073865640249
1786 -0.11672182535498854
1787 -0.11574276244219839
1788 -0.11452055611289003
1789 -0.11422070572426618
1790 -0.11378836816370796
1791 -0.1121622968063204
1792 -0.1087359262261805
1793 -0.1091429243558451
1794 -0.11441340837184932
1795 -0.12071966227274944
1796 -0.12030229099086648
1797 -0.11820527448107565
1798 -0.118897394813541
1799 -0.11769739481354102
1800 -0.11672122690948394
1801 -0.11881824341927477
1802 -0.11946898341096213
1803 -0.11528508545074656
1804 -0.1096769799926301
1805 -0.1046084971452183
1806 -0.1064941131816608
1807 -0.1107448531733482
1808 -0.10762449840125615
1809 -0.10612137760194135
1810 -0.10472577994562515
1811 -0.10464373354262585
1812 -0.10666810295417334
1813 -0.10463106382717902
1814 -0.10462152721331747
1815 -0.10578062305824398
1816 -0.10610267977617616
1817 -0.10755498440459799
1818 -0.10809484510815481
1819 -0.11147390802094492
1820 -0.11044127123763442
1821 -0.10808530849429332
1822 -0.10778569619852169
1823 -0.10785193978448882
1824 -0.10830624558150315
1825 -0.11178329502343032
1826 -0.11276235793622047
1827 -0.10817375840956883
1828 -0.10647480186108549
1829 -0.105881504596114
1830 -0.1059103374812454
1831 -0.10010013007078994
1832 -0.09176370169157083
1833 -0.08672742292372776
1834 -0.08346564281134444
1835 -0.08370274306823877
1836 -0.0818650331446506
1837 -0.07765869076227438
1838 -0.07414133561077835
1839 -0.07040593838080539
1840 -0.06439676211959616
1841 -0.0598816311802392
1842 -0.0515804391984277
1843 -0.040522552546781
1844 -0.028438295314994366
1845 -0.018497763814843582
1846 -0.017392840285942124
1847 -0.020724494747635935
1848 -0.023433643657268965
1849 -0.023761728485519495
1850 -0.022599737631859962
1851 -0.022160996559025592
1852 -0.019656743826718004
1853 -0.019148626066331054
1854 -0.01863097169208261
1855 -0.015188560202058277
1856 -0.01585510301077786
1857 -0.01641449807845652
1858 -0.012700708732287458
1859 -0.009969115400493722
1860 -0.009562117270829118
1861 -0.010424257735864861
1862 -0.00922401964301256
1863 -0.008586309719424423
1864 -0.0061773715510674565
1865 0.0010411032311510304
1866 0.008603841060609962
1867 0.014925299333037434
1868 0.017880364408121907
1869 0.022648398421405314
1870 0.02824744345136465
1871 0.030710193583094014
1872 0.03257264449207131
1873 0.040469733352951454
1874 0.05217233188596715
1875 0.0635873743438482
1876 0.06691807000738481
1877 0.06929237022383872
1878 0.07223560212183311
1879 0.07391524734974109
1880 0.07500786151584826
1881 0.07404519986559477
1882 0.06694654253986376
1883 0.05823135047060679
1884 0.05258270121006936
1885 0.04627367456023623
1886 0.042093270054258336
1887 0.036832921097620264
1888 0.02871719171275877
1889 0.025149157699475344
1890 0.02502016398177853
1891 0.021654131137087473
1892 0.0165545037920104
1893 0.00788975249168844
1894 0.001078874284639153
1895 -0.004730734680311599
1896 -0.01261225881701189
1897 -0.020528658998467453
1898 -0.0274469230394096
1899 -0.03363529569439838
1900 -0.043284914974281996
1901 -0.05594460818363184
1902 -0.06292887771768896
1903 -0.06513848668263966
1904 -0.07191845848487605
1905 -0.07546779467239428
1906 -0.07784185679599598
1907 -0.08120162343751641
1908 -0.08555288461442151
1909 -0.08858432833483904
1910 -0.09005907738542152
1911 -0.08832525984148865
1912 -0.0891997096693189
1913 -0.09523085416698407
1914 -0.10414828549768579
1915 -0.11323270464311902
1916 -0.11807278730914128
1917 -0.12560691529701573
1918 -0.13167293583943618
1919 -0.13491578003320204
1920 -0.135231433238858
1921 -0.13294835568661256
1922 -0.1325096146137782
1923 -0.13115178801095018
1924 -0.13081392847598583
1925 -0.13030581071559894
1926 -0.12760909342856042
1927 -0.12501952388256254
1928 -0.12482079312466099
1929 -0.12690827302059027
1930 -0.12596698116128835
1931 -0.12583762709093937
1932 -0.12561982310531483
1933 -0.12351654039235332
1934 -0.12561982310531478
1935 -0.12585029680638615
1936 -0.12604589446270237
1937 -0.12712921010780015
1938 -0.12613747747956316
1939 -0.12613747747956322
1940 -0.12715454953869382
1941 -0.1262797393582113
1942 -0.12677832050473675
1943 -0.12980976422515433
1944 -0.13507384472888234
1945 -0.1370660100608609
1946 -0.1375332236661742
1947 -0.1385534288268902
1948 -0.1363870356295469
1949 -0.13632392514516506
1950 -0.13757460400695232
1951 -0.13818673640679457
1952 -0.14094656417821494
1953 -0.1443478334203135
1954 -0.14201407700628066
1955 -0.13821207583768824
1956 -0.1366649177817147
1957 -0.13680380846592521
1958 -0.14037533593344625
1959 -0.1418184793499644
1960 -0.1408834536938331
1961 -0.1397877064261408
1962 -0.14079210876982456
1963 -0.1409468022710672
1964 -0.14122131322879744
1965 -0.14257600673004017
1966 -0.14385178692986889
1967 -0.14385178692986883
1968 -0.14255066729914645
1969 -0.14108882605686313
1970 -0.14066275469947548
1971 -0.13852459594175892
1972 -0.13980037614158763
1973 -0.1432678889696533
1974 -0.142560203913008
1975 -0.14253799758369962
1976 -0.14226348662596938
1977 -0.14075096652189872
1978 -0.13899530300130997
1979 -0.1360618458100294
1980 -0.13404434104715718
1981 -0.1311013472420151
1982 -0.1284550707239116
1983 -0.1292258662649387
1984 -0.12932988090439412
1985 -0.12950967574367817
1986 -0.13140155798329128
1987 -0.12879329061152822
1988 -0.12490260143480814
1989 -0.1231409098039008
1990 -0.12361185495630406
1991 -0.12127809854227128
1992 -0.1202923940243526
1993 -0.12270857224334264
1994 -0.12624546175896073
1995 -0.12384173021187084
1996 -0.1268699035215975
1997 -0.1325729631910123
1998 -0.13765014611392873
1999 -0.1435928406963185
2000 -0.14709463112363474
2001 -0.14912793870353913
2002 -0.1508585008860866
2003 -0.15246549901575118
2004 -0.15295178584878755
2005 -0.1560623659141659
2006 -0.15247166443517512
2007 -0.1498066750420009
2008 -0.14355495380977806
2009 -0.1292321539441627
2010 -0.11084488312355595
2011 -0.08467109395221162
2012 -0.06339017042317846
2013 -0.02640186106025244
2014 0.01909374840212541
2015 0.06292711278760466
2016 0.11008920010068568
2017 0.1535470497307646
2018 0.20089810814433906
2019 0.25360833858204535
2020 0.30964032651493156
2021 0.3668270652508442
2022 0.4260190144361402
2023 0.49264564505530206
2024 0.5529807499593868
2025 0.6079124225391339
2026 0.6716081155737905
2027 0.7294619098294863
2028 0.7840853772484515
2029 0.8264567630825417
2030 0.8592733830643
2031 0.8881811843904666
2032 0.8998039322999647
2033 0.9005374243506505
2034 0.8658288213455325
2035 0.7996353648252856
2036 0.7099762476788019
2037 0.5945151030932307
2038 0.46968813365720974
2039 0.3463721235166414
2040 0.2251340566581408
2041 0.10032905545857596
2042 -0.015985422306031616
2043 -0.11026076854654143
2044 -0.19254669593351081
2045 -0.2701456733470824
2046 -0.3351270585973869
2047 -0.3754647764989205
2048 -0.3992642891256739
2049 -0.41950441623998413
2050 -0.44010782536257476
2051 -0.49861703490589904
2052 -0.5662340668149741
2053 -0.5977886974606232
2054 -0.6179487208092582
2055 -0.6330424470982584
2056 -0.6479366125177481
2057 -0.6649479272566553
2058 -0.6672912202845497
2059 -0.6515459110387574
2060 -0.6330644153347145
2061 -0.616235527309962
2062 -0.5934530953648969
2063 -0.5677501140368503
2064 -0.5434558612169658
2065 -0.5140990679255465
2066 -0.4908971911789167
2067 -0.46649568983424483
2068 -0.43825707318337304
2069 -0.4070252600512765
2070 -0.37343145606552036
2071 -0.3424994933220476
2072 -0.31596609942282966
2073 -0.2947979056580622
2074 -0.2754325457721276
2075 -0.25348342140696684
2076 -0.23497381352309732
2077 -0.2190756061125761
2078 -0.200937659177217
2079 -0.18957074587573713
2080 -0.17878773053447294
2081 -0.16536424374187692
2082 -0.15725911055278047
2083 -0.14663683187238286
2084 -0.13873310140637424
2085 -0.13471052350322432
2086 -0.13144874339084095
2087 -0.13064680335214857
2088 -0.12814255061984092
2089 -0.12788360438629054
2090 -0.12869217098080593
2091 -0.12720475221477656
2092 -0.12508299471959677
2093 -0.12027718965282508
2094 -0.11313762817202067
2095 -0.10819269432818623
2096 -0.10469441240441318
2097 -0.10350417206182144
2098 -0.0984956665972061
2099 -0.09762748297254653
2100 -0.09674060152212183
2101 -0.09262270905502112
2102 -0.0892914149459797
2103 -0.08592875329572625
2104 -0.08267323938651355
2105 -0.07965133227995752
2106 -0.07797144895919733
2107 -0.0775673458382658
2108 -0.07717591243278116
2109 -0.07554960298254126
2110 -0.07264148522215441
2111 -0.07058910441452704
2112 -0.06659767100904235
2113 -0.06576749653072322
2114 -0.06410028292540987
2115 -0.06158336047765545
2116 -0.06217412308654624
2117 -0.06077539232864465
2118 -0.05941116221354048
2119 -0.05838165853181526
2120 -0.05994461940482099
2121 -0.06390444717624139
2122 -0.0666642749476618
2123 -0.06671784881818216
2124 -0.06405914067748408
2125 -0.06116995883571463
2126 -0.05866883920499233
2127 -0.059786792801993005
2128 -0.063150052897751
2129 -0.062208761038449134
2130 -0.06076561762193089
2131 -0.058994389377162226
2132 -0.056114506056402
2133 -0.054226355363878764
2134 -0.05236354410224936
2135 -0.04964148738431706
2136 -0.04826145445218072
2137 -0.0492627236942792
2138 -0.05046272369427923
2139 -0.0497328323083257
2140 -0.05102128222360114
2141 -0.053172110696764585
2142 -0.051087525809568324
2143 -0.049874856094121456
2144 -0.051583810392865304
2145 -0.04912046181563112
2146 -0.046461515582080726
2147 -0.04663574344744548
2148 -0.04263164032651395
2149 -0.03954662273557602
2150 -0.03768694457553179
2151 -0.03532471562902001
2152 -0.037386856094055676
2153 -0.038463905535982834
2154 -0.037229029491227694
2155 -0.03481949287736613
2156 -0.03455765163508279
2157 -0.03554938426331977
2158 -0.03475324929139895
2159 -0.036095273077194845
2160 -0.038375455620707266
2161 -0.03738372299247039
2162 -0.03613617723226836
2163 -0.0357038396717102
2164 -0.03491143624687937
2165 -0.030544372252942098
2166 -0.025741700287755798
2167 -0.02002307589416119
2168 -0.016830672469330343
2169 -0.017105781872565062
2170 -0.0154227654502197
2171 -0.01250800608470426
2172 -0.00943252510762782
2173 -0.007348776758788533
2174 -0.004355104091859019
2175 -0.0014720876695135665
2176 -0.0015420628025707428
2177 0.0026040641041567003
2178 0.006835507824574205
2179 0.008799438716926122
2180 0.010368665793102472
2181 0.00974966874458505
2182 0.012178141277063959
2183 0.012800048383620033
2184 0.014650189929802715
2185 0.018559576932288158
2186 0.020182753280942656
2187 0.020409956571323162
2188 0.018634996779464452
2189 0.021281273297568015
2190 0.025279110215328804
2191 0.0272683805385745
2192 0.029178362158448157
2193 0.030198106182765083
2194 0.0362614547599992
2195 0.03717054253973229
2196 0.037024787206846654
2197 0.04211220597287568
2198 0.044473973782988674
2199 0.048919951078339796
2200 0.05238686546090077
2201 0.05488112044294802
2202 0.06123164969335915
2203 0.06224185710381458
2204 0.06298671476844342
2205 0.06577525316519495
2206 0.06783076707440772
2207 0.07120609844010795
2208 0.07579096641966965
2209 0.08026868665819087
2210 0.0833979795986397
2211 0.08342272058402889
2212 0.08683606109606956
2213 0.09372645105003752
2214 0.09867427990260491
2215 0.1023338969327493
2216 0.10580394441689556
2217 0.10832353882983636
2218 0.11482876158149014
2219 0.1171305520088064
2220 0.11832995356330189
2221 0.12272235698813283
2222 0.1272758574264825
2223 0.13164292142041978
2224 0.1326971660875339
2225 0.13463599564184436
2226 0.1386654381936696
2227 0.13990925240678176
2228 0.14451305630496092
2229 0.14957780760528272
2230 0.15589299967453973
2231 0.16298212038640925
2232 0.16549217818548856
2233 0.1675003844273515
2234 0.1694676865141409
2235 0.17185128525160398
2236 0.17762035041413382
2237 0.1841446463935107
2238 0.1849148434890333
2239 0.18232178048879766
2240 0.1852174666265901
2241 0.19082581017755862
2242 0.19659800844167352
2243 0.19907319019599778
2244 0.20128653070803848
2245 0.20541709289058596
2246 0.20756418981665947
2247 0.20989734778518776
2248 0.21456112906616331
2249 0.22032729921996008
2250 0.22476060679986443
2251 0.2247822146836682
2252 0.2276525613905669
2253 0.23047573773922136
2254 0.2320767077585676
2255 0.2324205954038504
2256 0.2317226850539188
2257 0.2351175507837412
2258 0.23462790780557263
2259 0.23631381923665118
2260 0.23917789974037917
2261 0.24189682335672613
2262 0.24308728674286462
2263 0.23978713713148847
2264 0.23936106577410088
2265 0.2390992245318173
2266 0.23809482218813371
2267 0.23939907492044132
2268 0.2410282793794143
2269 0.24284705338438506
2270 0.24657954055631937
2271 0.24599831456129007
2272 0.24705942387707946
2273 0.24596367660938712
2274 0.2449846136965972
2275 0.24725525962624806
2276 0.24768133098363543
2277 0.2490233547694315
2278 0.25005599155274205
2279 0.24769086759749703
2280 0.24708789640955842
2281 0.24361725047990757
2282 0.24440047764352923
2283 0.2460936291252407
2284 0.24232916091728418
2285 0.23818616711214213
2286 0.23700280646753114
2287 0.23313432362011954
2288 0.2308792424146482
2289 0.23505106910492168
2290 0.23579979562574593
2291 0.2314545625591593
2292 0.22331373183625636
2293 0.2180502497780329
2294 0.21480800402977152
2295 0.20740636321383155
2296 0.2001025716179229
2297 0.19550792893164715
2298 0.19462721290064633
2299 0.19653525830994412
2300 0.188429065538944
2301 0.1785199015800054
2302 0.17255583720666412
2303 0.1658965193992722
2304 0.15946416678940856
2305 0.15408376228343057
2306 0.14852332484531638
2307 0.1405755571226488
2308 0.13226796162856103
2309 0.12288972020482225
2310 0.11469567596405117
2311 0.10862712076555014
2312 0.10043307652477917
2313 0.09104216538559351
2314 0.08265565659009178
2315 0.07448695178021436
2316 0.06757182084085744
2317 0.06079871368729628
2318 0.05398470237866171
2319 0.04699379123947611
2320 0.037871362947702325
2321 0.03080467160868805
2322 0.02295802351674281
2323 0.017309136163353056
2324 0.01074140137282198
2325 0.004217703838949705
2326 -0.002151300193679928
2327 -0.007323437327894866
2328 -0.011516511549319652
2329 -0.018018002753883544
2330 -0.02579214105669081
2331 -0.033398916142808655
2332 -0.03840055695874872
2333 -0.040784393789064344
2334 -0.042921954101276305
2335 -0.04614923357086237
2336 -0.05051629756479953
2337 -0.052960111777911656
2338 -0.05747233265923002
2339 -0.06104990328637483
2340 -0.06555899106610802
2341 -0.06883984440621438
2342 -0.07084781255522504
2343 -0.07262881550670758
2344 -0.07519931182498235
2345 -0.07459587950064489
2346 -0.07592547166384611
2347 -0.07740022071442854
2348 -0.07730490615047786
2349 -0.08275215268792757
2350 -0.08844543765062851
2351 -0.09082277018492119
2352 -0.09446391243284696
2353 -0.09242711139870491
2354 -0.09022897525819173
2355 -0.09137540138767142
2356 -0.09379447461539442
2357 -0.09503537877046803
2358 -0.09297323830543236
2359 -0.09299217422404976
2360 -0.0935478377446386
2361 -0.09767816183433381
2362 -0.10201675329579207
2363 -0.10409736854304619
2364 -0.10657628184446022
2365 -0.10537338683572717
2366 -0.10281228982220825
2367 -0.10051654255451598
2368 -0.10282495953765508
2369 -0.10545230013714119
2370 -0.10684789779345738
2371 -0.10583106382717905
2372 -0.10467510108383782
2373 -0.10464373354262585
2374 -0.10666810295417334
2375 -0.10460572439628535
2376 -0.10443836117959582
2377 -0.10514291313465574
2378 -0.10265133011779498
2379 -0.10104082348458732
2380 -0.09948739922544314
2381 -0.09898217647378921
2382 -0.09737517834412468
2383 -0.09572690065742873
2384 -0.09245498548567932
2385 -0.0947982785135737
2386 -0.09939954775567211
2387 -0.09780438280309756
2388 -0.09808515996399836
2389 -0.09955364281141021
2390 -0.10207986378017392
2391 -0.10321362019420688
2392 -0.10084209272668576
2393 -0.09839768006806898
2394 -0.09827472950999622
2395 -0.10126235901730168
2396 -0.0989381392171304
2397 -0.09632636334182426
2398 -0.09479827851357359
2399 -0.09547749103773995
2400 -0.09427749103773991
2401 -0.09323821264930104
2402 -0.09439417539264211
2403 -0.09648165528857144
2404 -0.0942236790743673
2405 -0.0927300948889141
2406 -0.09143874996490553
2407 -0.09167525177629532
2408 -0.09425191351399403
2409 -0.09744178228274425
2410 -0.09474819809729101
2411 -0.08768695147239591
2412 -0.08728621954590193
2413 -0.09091796248907186
2414 -0.09409432500401826
2415 -0.09723604956706183
2416 -0.09912420025958513
2417 -0.10071250056348441
2418 -0.10195050970982494
2419 -0.10090833631265289
2420 -0.09986616291548095
2421 -0.1010788326309277
2422 -0.10249663661655228
2423 -0.10385133011779496
2424 -0.10399648700517616
2425 -0.10301742409238596
2426 -0.10402182643606978
2427 -0.10400915672062294
2428 -0.10297651993731244
2429 -0.10402495953765506
2430 -0.10326370061048945
2431 -0.10559745702452233
2432 -0.10682279645541598
2433 -0.10489290506946242
2434 -0.10590997712859301
2435 -0.10693971890317044
2436 -0.10511408024952451
2437 -0.10668017422411546
2438 -0.11061176755590918
2439 -0.11343783891329684
2440 -0.11375035901736752
2441 -0.11264507513581368
2442 -0.11153665815267438
2443 -0.11267041456670729
2444 -0.11397153419742961
2445 -0.11428694931023337
2446 -0.11450475329585785
2447 -0.11645998411270514
2448 -0.114182934670778
2449 -0.11107838271571807
2450 -0.11538293467077798
2451 -0.11674403168429687
2452 -0.11569208358041105
2453 -0.11422070572426618
2454 -0.1126041709807401
2455 -0.11106944454736106
2456 -0.10972428765997994
2457 -0.11052331764063372
2458 -0.10930751482360157
2459 -0.10891921451970227
2460 -0.10733091421580288
2461 -0.10461839411173213
2462 -0.10391781179661447
2463 -0.10152094489819974
2464 -0.10076571408135249
2465 -0.10559456201578926
2466 -0.10953531655948667
2467 -0.10733671928257443
2468 -0.11212742076156529
2469 -0.11407578692973724
2470 -0.11518336737451962
2471 -0.1202645199373783
2472 -0.12293300278479014
2473 -0.12103158393131547
2474 -0.11992630004976157
2475 -0.12103182202416779
2476 -0.12237384580996363
2477 -0.12281571998438329
2478 -0.12430290065756033
2479 -0.12575871378952536
2480 -0.12702495737549246
2481 -0.12604589446270237
2482 -0.12592921010780023
2483 -0.12584076019252466
2484 -0.12484589446270239
2485 -0.12681669000372947
2486 -0.12562935971917638
2487 -0.1234407601925247
2488 -0.12457764970814283
2489 -0.12608390360904292
2490 -0.1286639365411792
2491 -0.12914984797225776
2492 -0.1286221958477488
2493 -0.1330310005351164
2494 -0.13219396140812217
2495 -0.1301600553827132
2496 -0.1322255670421864
2497 -0.13453014116030027
2498 -0.1525382880176589
2499 -0.19020505015585898
2500 -0.4712795611135892
2501 -0.5075694234212383
2502 -0.5230830922530031
