0
1
2506
-3 -0.8147135566798553
-2 -0.7875994167388104
-1 -0.724265716404528
0 -0.23296118562963608
1 -0.16917683119908555
2 -0.13993711746497917
3 -0.1302210390283397
4 -0.12916987900595867
5 -0.1367320641701828
6 -0.14064195299894866
7 -0.1416515706641639
8 -0.1412567844210577
9 -0.1485253943219369
10 -0.14797305056787213
11 -0.14715145197550428
12 -0.1525838932198681
13 -0.14788382471669415
14 -0.1520720251462272
15 -0.1559864970165603
16 -0.14700160014565944
17 -0.1521120221486153
18 -0.15568063303053414
19 -0.14707067569859433
20 -0.14438935110731332
21 -0.14297307139107918
22 -0.13785524730110743
23 -0.13452125956880456
24 -0.1348712906840176
25 -0.14003297830907813
26 -0.14743838823447686
27 -0.14577962379306542
28 -0.13565182559725553
29 -0.13390459838730984
30 -0.14214776216045844
31 -0.14265074855557303
32 -0.1408828923693487
33 -0.13595046258020327
34 -0.13254017229188686
35 -0.13488820902204324
36 -0.13403799136767447
37 -0.13604678692429917
38 -0.14154402427412827
39 -0.1386405403398504
40 -0.13175857070190722
41 -0.1359224507063983
42 -0.13973141296001101
43 -0.14474831047482972
44 -0.14628243510424255
45 -0.14057656889477688
46 -0.13982387077140623
47 -0.13820527841632047
48 -0.1393689180381792
49 -0.1402636064158327
50 -0.13585383464200906
51 -0.13192351111039224
52 -0.1401225077543541
53 -0.1406779549584758
54 -0.1382211300776045
55 -0.1394738396561933
56 -0.1385714647869155
57 -0.1417926693256426
58 -0.1459324039890295
59 -0.14157526810815058
60 -0.13787509400525255
61 -0.13553611403756027
62 -0.13257248280265077
63 -0.13548764827141413
64 -0.13765400133899752
65 -0.1412009165678959
66 -0.1419576097341274
67 -0.1447486140689277
68 -0.14331094229377128
69 -0.1383172985272525
70 -0.14552128740660386
71 -0.1492460855286415
72 -0.1501672404253228
73 -0.1507629882259306
74 -0.1535698442220148
75 -0.15321981310680155
76 -0.14845601517490414
77 -0.14499387126577667
78 -0.14622195682522587
79 -0.14492818356750714
80 -0.1569562927633248
81 -0.16302465389462217
82 -0.15251392607412895
83 -0.1532471904081233
84 -0.15466501547913458
85 -0.15637194209259397
86 -0.1587882912930414
87 -0.15280439788741695
88 -0.14910022874165785
89 -0.1494876320872378
90 -0.14546068061742679
91 -0.1475942444962105
92 -0.1545159267319336
93 -0.16139283465027388
94 -0.16316468587935917
95 -0.15960144031114132
96 -0.15053296730737187
97 -0.1497804442679388
98 -0.155781256011589
99 -0.14991014579954043
100 -0.1439580842266447
101 -0.1451826534212679
102 -0.15079606181933836
103 -0.15082437728724118
104 -0.14636644334136972
105 -0.14222301722921982
106 -0.1479773492048314
107 -0.15172199403101416
108 -0.15396834110337376
109 -0.1545034629253147
110 -0.15466071684217542
111 -0.15681519410184597
112 -0.1506062129871053
113 -0.14774379273195737
114 -0.14257411502117456
115 -0.13968648274818052
116 -0.14434965769902297
117 -0.15083236737296346
118 -0.1507751484384514
119 -0.15416958706548367
120 -0.1560137458077212
121 -0.1551238347450623
122 -0.15801467978878414
123 -0.15583605718800908
124 -0.16101479166125587
125 -0.15801915350968065
126 -0.1523408204959843
127 -0.15478179371557144
128 -0.15775758516300176
129 -0.15594067521192534
130 -0.16058322118648938
131 -0.1635473310994341
132 -0.16175932461496678
133 -0.15541323988160838
134 -0.15282085673689705
135 -0.15187907286393731
136 -0.14775149841307123
137 -0.15096484137623656
138 -0.15539769181442253
139 -0.16208874594339084
140 -0.17388253558369082
141 -0.17931039378648717
142 -0.17549267836450855
143 -0.17111152565268584
144 -0.17231993959192726
145 -0.17639105819092515
146 -0.17487308881689434
147 -0.17149463036130663
148 -0.16713410662576267
149 -0.1703026752715452
150 -0.17452229461903768
151 -0.18379970007654134
152 -0.18319919415042862
153 -0.17924085874500661
154 -0.18169750854194022
155 -0.1796878213925115
156 -0.18571140820642607
157 -0.18874383058966215
158 -0.18563910069327394
159 -0.18049695617826056
160 -0.17666093940691396
161 -0.17753452013025328
162 -0.17237504436244544
163 -0.18891706467796743
164 -0.19775121812621899
165 -0.19285313562115225
166 -0.2000209474570389
167 -0.19943338401558053
168 -0.20138954367926043
169 -0.2032458626340189
170 -0.2047359952181823
171 -0.20433302461592684
172 -0.19823682669476195
173 -0.1993492006945159
174 -0.19154976760865483
175 -0.1870875350258242
176 -0.19260062403693745
177 -0.19699793200414217
178 -0.194243233222967
179 -0.18966083454903426
180 -0.18921048404686436
181 -0.1907604603375611
182 -0.19151315846093164
183 -0.1972553302240222
184 -0.19483898102357478
185 -0.19317991298806536
186 -0.19374841199751214
187 -0.18912571272709322
188 -0.18725323851695275
189 -0.18829671204770937
190 -0.1883650245180004
191 -0.18741817892543777
192 -0.19047075160691673
193 -0.19348284860797216
194 -0.19010749360244117
195 -0.19322837875421128
196 -0.1987333025956649
197 -0.19352225761165398
198 -0.19318421162502453
199 -0.19326867935069747
200 -0.19390090778886782
201 -0.20108057624317743
202 -0.19684362564289037
203 -0.20171972809032834
204 -0.20793318292596563
205 -0.2060799674212641
206 -0.20852862713247555
207 -0.20645151910555992
208 -0.199339988037604
209 -0.20091011462654385
210 -0.20724421423131867
211 -0.21312718106179018
212 -0.2086090998152873
213 -0.20060425064051768
214 -0.19803570924281244
215 -0.19756090980544017
216 -0.19987633243073444
217 -0.1966669845104304
218 -0.19299512587543521
219 -0.19067998765474914
220 -0.1864316399245851
221 -0.1916225346103526
222 -0.19171916254854648
223 -0.18778037025317174
224 -0.1901122517279461
225 -0.18967375784419904
226 -0.18628730930288895
227 -0.18294963012182286
228 -0.1818579944190184
229 -0.18592035984965016
230 -0.1967199048079833
231 -0.19875731942660868
232 -0.19304728309034436
233 -0.18853719192956375
234 -0.19013611266444197
235 -0.19864883486999174
236 -0.19646573854832028
237 -0.19351378884789616
238 -0.19397797342752499
239 -0.1906238353969789
240 -0.18655241320388305
241 -0.19117142102553886
242 -0.1967072851069166
243 -0.19979896319797952
244 -0.20828367352972454
245 -0.20252934155411295
246 -0.194491878274481
247 -0.193865190233949
248 -0.18814762330050838
249 -0.18110486419138938
250 -0.17908067646202663
251 -0.17313754314143415
252 -0.16459296991366634
253 -0.16352301067439234
254 -0.1554944756470641
255 -0.144180418653579
256 -0.13532670290579063
257 -0.12346846732790018
258 -0.12397679984722576
259 -0.1208005255203295
260 -0.11093106371098105
261 -0.10637357346079646
262 -0.10289497070218889
263 -0.10462604265675268
264 -0.10987250160158424
265 -0.11517111776132494
266 -0.11707959393099232
267 -0.11525558548699799
268 -0.10997282098854133
269 -0.10553627910159225
270 -0.10105895794012154
271 -0.094286539535537
272 -0.09438375547243727
273 -0.0901070922743703
274 -0.0915686057965327
275 -0.09696921520816815
276 -0.0931832031087575
277 -0.0904888267121512
278 -0.09632100659855336
279 -0.09107424405962372
280 -0.07886074056297998
281 -0.07950231016822273
282 -0.07632204079846505
283 -0.0674189676917265
284 -0.06030079761939844
285 -0.05017899930977254
286 -0.040101193045396166
287 -0.030868542715785652
288 -0.026801271459998666
289 -0.029532284388615437
290 -0.028212613421085386
291 -0.008075496515127845
292 0.008995692309927916
293 0.018098816191874256
294 0.02564896965373764
295 0.013121456190898106
296 0.00982822854362686
297 0.008646268382910938
298 -0.003300908641548972
299 -0.012976526575803393
300 -0.01843085129762756
301 -0.0242818304009228
302 -0.030426797682331475
303 -0.023519919620640484
304 -0.028762208438673276
305 -0.0397193109079651
306 -0.04258572620597423
307 -0.04216614085979076
308 -0.04192443840674698
309 -0.05023545516164085
310 -0.056903274731799014
311 -0.06450393073312355
312 -0.0757570773433337
313 -0.09512475287183264
314 -0.10736474207699365
315 -0.11075335590177904
316 -0.11852479630332513
317 -0.12731508621648802
318 -0.1285539809071079
319 -0.13671514583215716
320 -0.14915314903921084
321 -0.15736694985720445
322 -0.1621295060284229
323 -0.1626323365290896
324 -0.17089888256069885
325 -0.17535605342392635
326 -0.17936209151285054
327 -0.181605050730545
328 -0.1815362787717083
329 -0.18659271380036935
330 -0.19832559305739417
331 -0.21560339315826071
332 -0.22300727691837174
333 -0.22540194965528848
334 -0.23106735937382017
335 -0.23636228408479765
336 -0.23828691550984726
337 -0.2366318425171987
338 -0.23177589036800395
339 -0.23060085361626814
340 -0.22708147158313918
341 -0.2239489048968839
342 -0.22756919431567602
343 -0.2237998161496827
344 -0.22638479720737836
345 -0.22719471426526083
346 -0.22204088821576218
347 -0.2165207007117309
348 -0.2105852730722525
349 -0.21507104380799114
350 -0.22291095257427584
351 -0.22393690057881066
352 -0.22392104891752673
353 -0.22198456087405438
354 -0.21649579228798288
355 -0.220639218400133
356 -0.22484774421184606
357 -0.2231603607084338
358 -0.215932354998139
359 -0.21593665363509806
360 -0.22136820328665763
361 -0.22906642539275746
362 -0.23890726814010488
363 -0.2384841664290961
364 -0.23571761102949806
365 -0.23409085350475267
366 -0.23517849416469594
367 -0.23722865699454843
368 -0.23004881345630146
369 -0.22726579920722345
370 -0.2330404565650156
371 -0.23853708672664886
372 -0.23351988561773218
373 -0.22344161986481004
374 -0.21650039451904002
375 -0.2167534941019611
376 -0.2251125445187423
377 -0.23699556001022015
378 -0.23179250511193172
379 -0.22290942640898836
380 -0.22353038622744226
381 -0.2254793380775334
382 -0.23086641700580823
383 -0.23525080167784818
384 -0.23948240615392402
385 -0.24443898128417385
386 -0.24339998147431385
387 -0.24264328830808235
388 -0.23742514483115362
389 -0.23225915856913393
390 -0.23155062757495015
391 -0.23147432501893694
392 -0.2340754613320143
393 -0.23127677050559003
394 -0.23061670527755218
395 -0.22845882097372672
396 -0.22388827891821705
397 -0.22473819297848763
398 -0.22568104352818918
399 -0.2227614043385292
400 -0.22023626698736698
401 -0.22470588246772372
402 -0.2290671884754013
403 -0.22734749446122504
404 -0.21971699682670998
405 -0.21846517884092542
406 -0.2162791541531346
407 -0.21541784296298683
408 -0.21203538946453804
409 -0.20790781501367206
410 -0.21349720658079852
411 -0.21573187211867273
412 -0.2167334996981658
413 -0.22006779102456664
414 -0.22294326308503987
415 -0.219222175601255
416 -0.21869397718829453
417 -0.2267796026399741
418 -0.234719830793216
419 -0.2333668018276701
420 -0.22761336144486277
421 -0.21627022590083111
422 -0.2121918802987547
423 -0.2178863493783435
424 -0.2118417014838916
425 -0.20814936976706566
426 -0.1994739964009622
427 -0.17759009258411484
428 -0.147654115587031
429 -0.11876296320205393
430 -0.07566106478813328
431 -0.025033746252159705
432 0.022422870284547924
433 0.08038128638944508
434 0.1407763962664601
435 0.2006388340096179
436 0.26014648251205785
437 0.3273900289450624
438 0.3996820011315161
439 0.46719391081001893
440 0.5414765057138902
441 0.6030820197296849
442 0.6580948407339215
443 0.7325828325372119
444 0.7995166758357766
445 0.8513055006401256
446 0.8918502547862179
447 0.9200217826412322
448 0.9368626469536312
449 0.9439821954915966
450 0.9235904099127461
451 0.8553434061408629
452 0.7553137703677975
453 0.6366000305171873
454 0.49712974010745326
455 0.3485880291383401
456 0.19771181192243148
457 0.05141275657691513
458 -0.08369807677401675
459 -0.19604262584261922
460 -0.29120277078833146
461 -0.38421900221263505
462 -0.462421512804309
463 -0.5262780035078074
464 -0.5780418797636186
465 -0.6109362621867636
466 -0.6386613106180135
467 -0.7001159015815167
468 -0.7825381171061594
469 -0.8280410510515581
470 -0.8555626690477326
471 -0.8765570939061795
472 -0.8866505959373921
473 -0.8929757672898635
474 -0.8964352864269695
475 -0.8849035246218943
476 -0.8646591457305093
477 -0.8389358180981605
478 -0.8050179483532569
479 -0.771668274023702
480 -0.7408635837494544
481 -0.7075739282103702
482 -0.6765518367186306
483 -0.6424573258412669
484 -0.6041867747468912
485 -0.5709098674190343
486 -0.5361396147362864
487 -0.4985943378901826
488 -0.4590833659398995
489 -0.4287014929720525
490 -0.40605473566263683
491 -0.3763678632056131
492 -0.3506923941512142
493 -0.32789639220014977
494 -0.2995864096451677
495 -0.2815891409087862
496 -0.2687501719427998
497 -0.2528660323823507
498 -0.24007029237897015
499 -0.2280397143055788
500 -0.2206839927175157
501 -0.21405695242187917
502 -0.2069498758853302
503 -0.20463890779144256
504 -0.20690217320182813
505 -0.20553298898090022
506 -0.20527511208298455
507 -0.2035598917897048
508 -0.20289583151880586
509 -0.20067332619345235
510 -0.19578506353349379
511 -0.1949115921308251
512 -0.19309574885649028
513 -0.19279787495618628
514 -0.1927012470179924
515 -0.1916339317402298
516 -0.19461341463642312
517 -0.19598277394128827
518 -0.19509314728323757
519 -0.18693521431840576
520 -0.18115732500039639
521 -0.1795114838541495
522 -0.17567438121657142
523 -0.1711923019295959
524 -0.17278674894357737
525 -0.1786980312419516
526 -0.18017200857073312
527 -0.1755972963884247
528 -0.16957740102327334
529 -0.1728881350072763
530 -0.1724210220615281
531 -0.16756476631823536
532 -0.16591475504518982
533 -0.1578696052739338
534 -0.15436637849618684
535 -0.1581883925551245
536 -0.15875152625087063
537 -0.15934697045738044
538 -0.16324098843537238
539 -0.15962545714208487
540 -0.15350552679458473
541 -0.14317724571930857
542 -0.13720258416008568
543 -0.13946244252631634
544 -0.13053923831082404
545 -0.12966129318725883
546 -0.1294362054781426
547 -0.1308617170407781
548 -0.132234592710469
549 -0.12836858660628192
550 -0.13191656851192202
551 -0.12989978286957538
552 -0.12380710131323591
553 -0.12209987110567866
554 -0.12515214019305965
555 -0.12971838361161037
556 -0.12981900659266532
557 -0.12551832656365447
558 -0.12387910523229029
559 -0.12622362559762101
560 -0.1281488450213769
561 -0.11711068187056684
562 -0.11817799714832955
563 -0.12623637380884822
564 -0.12257131007267319
565 -0.12087176635673991
566 -0.12025248040322378
567 -0.11854125515280511
568 -0.11733284121356369
569 -0.11935410057680707
570 -0.1254383133693886
571 -0.12576419914349724
572 -0.12359015958428987
573 -0.11793304354557832
574 -0.10955371432039351
575 -0.10896272464529055
576 -0.10438925422366141
577 -0.09569142212189397
578 -0.0896402829227203
579 -0.08793781084066776
580 -0.0818529908598904
581 -0.0827150651326819
582 -0.08617857931264905
583 -0.07915568609716461
584 -0.07857192342514008
585 -0.0786002388930429
586 -0.08038794178341235
587 -0.08455151819380535
588 -0.08043610395546019
589 -0.0795827828510347
590 -0.07609201987990666
591 -0.07299945019603948
592 -0.07553227403882568
593 -0.07562091189129738
594 -0.07637788946213742
595 -0.07099050693976472
596 -0.06462933362776602
597 -0.05666524453802835
598 -0.04675578572629169
599 -0.048044956752953394
600 -0.04727228341527734
601 -0.043720590871384135
602 -0.03980670699975741
603 -0.03564389367200804
604 -0.033728015415324775
605 -0.024120425546753088
606 -0.020238852185890277
607 -0.022365492655693542
608 -0.022260571037679422
609 -0.021664823237071418
610 -0.017767094620826818
611 -0.010781270041611224
612 -0.008615983650769876
613 -0.0001561817427727652
614 0.005207359032593839
615 0.003495067105433458
616 0.005158130183804177
617 0.007780199067258131
618 0.005090121307610884
619 0.0027662299185589045
620 0.0076989633018025305
621 0.014423394618276575
622 0.017145019806043882
623 0.01851344094432794
624 0.02184696918808493
625 0.03254543167681723
626 0.042361366000416956
627 0.049032573425240145
628 0.05558389916356954
629 0.052966911189208155
630 0.048493125582052654
631 0.046246015427049425
632 0.05446826581931119
633 0.06446605888942147
634 0.06701844503174437
635 0.0654642986142493
636 0.05954932486711195
637 0.05843784246016237
638 0.0652827434618366
639 0.074125062079748
640 0.08111088665896338
641 0.07833158304813859
642 0.08049376598892288
643 0.08670722082456006
644 0.08772947738033188
645 0.08964594363572176
646 0.09012521679399055
647 0.09095452106747226
648 0.0951779603738887
649 0.10163207017531795
650 0.11235037936819503
651 0.1188566463845333
652 0.12310840115885235
653 0.12517026471267978
654 0.12327718071575045
655 0.12593418488198993
656 0.13559840568636727
657 0.14117904408512794
658 0.13986555263342448
659 0.14272810139873293
660 0.15054740037822922
661 0.161656216366743
662 0.17112611461799077
663 0.174491953372512
664 0.17717709792271674
665 0.17852953888955625
666 0.18608803260501716
667 0.1878355634090607
668 0.18140025282452443
669 0.18425140445995591
670 0.18793173185870882
671 0.19199809233220155
672 0.19702297993274276
673 0.1962296968082775
674 0.1973211574271445
675 0.1932945095514318
676 0.19384947807751773
677 0.20018757272515364
678 0.20609915861762595
679 0.20201957125487047
680 0.1951699121276913
681 0.2006949862673879
682 0.20452010377638263
683 0.20817949860475893
684 0.20948853552505553
685 0.20572004895186624
686 0.19769904452171483
687 0.19440952751269625
688 0.19914500997669138
689 0.2053174011331984
690 0.2136471979154959
691 0.22225919202075062
692 0.2339886642336204
693 0.23641241552108405
694 0.23087947980582557
695 0.22867742837281324
696 0.2269945185902975
697 0.22850818932736927
698 0.23132720553597408
699 0.23103332667853116
700 0.22520221346887115
701 0.22446984072768106
702 0.2262666003805145
703 0.2202342412087439
704 0.2167831716459061
705 0.2184914685302053
706 0.21603171528321496
707 0.2082961209467482
708 0.20507461281392314
709 0.21022121186034348
710 0.21216245802932043
711 0.20336031149773492
712 0.19064089323985733
713 0.18051092976057181
714 0.1738798944220743
715 0.17072746184218413
716 0.16675712211868898
717 0.1638985683962415
718 0.16018269852650757
719 0.14883233597939705
720 0.1365643349004313
721 0.12309608505188363
722 0.11307460612921516
723 0.11029311804542452
724 0.10262677434583023
725 0.09590679756076304
726 0.08756853201470793
727 0.07793338976087738
728 0.07112894525013713
729 0.06456222733906958
730 0.0590705111973886
731 0.04911734474501106
732 0.0384236403817837
733 0.026018710768137998
734 0.012445842895674186
735 0.003266112863616444
736 -0.005289857494028549
737 -0.012351700224648932
738 -0.01963511429956022
739 -0.03221773253291804
740 -0.03951330682035015
741 -0.04758153525596842
742 -0.05250182402208314
743 -0.05930286148866848
744 -0.05933440891678876
745 -0.06098902242089144
746 -0.0712525073907021
747 -0.07724321488463615
748 -0.0909129950999018
749 -0.09621931694075647
750 -0.09923881602882767
751 -0.10400243887678784
752 -0.1008614226162644
753 -0.10572935989404264
754 -0.10878933466253748
755 -0.11626628901844471
756 -0.12389602357031604
757 -0.12733803637069008
758 -0.1349566773867822
759 -0.13258909754657877
760 -0.12857782265411422
761 -0.1302008887300965
762 -0.13622925285900578
763 -0.1373278119707908
764 -0.1373752110601949
765 -0.1454166693826877
766 -0.15079606181933836
767 -0.15047727453814763
768 -0.1522772661511982
769 -0.1528891692071881
770 -0.15509551927715948
771 -0.16001609244788217
772 -0.16109080981266088
773 -0.16347009037683968
774 -0.1672388805441265
775 -0.17087473721959456
776 -0.1727188959618321
777 -0.17150679057382745
778 -0.1702623746750589
779 -0.17195375322133233
780 -0.17524726527321166
781 -0.17591949071377033
782 -0.17865356051866688
783 -0.17562161681346633
784 -0.173383259826829
785 -0.17003311683914413
786 -0.16751614465764153
787 -0.17465151747260377
788 -0.17651600159702197
789 -0.17507832982186555
790 -0.17093042998881902
791 -0.17120415854801874
792 -0.1792500714019184
793 -0.17608519420489888
794 -0.16797125328531648
795 -0.16243938424679993
796 -0.161775323975901
797 -0.16345024367269445
798 -0.16679191789662162
799 -0.16838236986774202
800 -0.1675695244437403
801 -0.16071246322954513
802 -0.15277193148220536
803 -0.15380324480044094
804 -0.15886860808140557
805 -0.16346609533397838
806 -0.17056070806390866
807 -0.17443012121225077
808 -0.17371314064379895
809 -0.17401900462982534
810 -0.17464306789833584
811 -0.17934993130032972
812 -0.18108547697578992
813 -0.18050987947342534
814 -0.17401500958696392
815 -0.16881671281418031
816 -0.16924828328894703
817 -0.16876531868191502
818 -0.1659423074304489
819 -0.16615970864794094
820 -0.1696144696595422
821 -0.1733668009773489
822 -0.17666878179298595
823 -0.17652768313150724
824 -0.17058826044916764
825 -0.17072994710935274
826 -0.16708640394226038
827 -0.1627211028917218
828 -0.1646335741042504
829 -0.17145463335891842
830 -0.1784001573416477
831 -0.17947856615518953
832 -0.17951087666595356
833 -0.17861755855913986
834 -0.17208638311905333
835 -0.1682172735648093
836 -0.1676255208070626
837 -0.16663468316925056
838 -0.17239270659362538
839 -0.17263043319329807
840 -0.17072964351525466
841 -0.16566028519142906
842 -0.16291881329951663
843 -0.16014902593970115
844 -0.1538312566742458
845 -0.15344074987860912
846 -0.15541354347570646
847 -0.1604749117138098
848 -0.16514976819913785
849 -0.16140453537424893
850 -0.16106249434475806
851 -0.16086155197674612
852 -0.15987870442465635
853 -0.16330514996835466
854 -0.1670376345820166
855 -0.1704600850828536
856 -0.17054455280852665
857 -0.16725473220541054
858 -0.16459772803917117
859 -0.16026180913327714
860 -0.15348891205065696
861 -0.1501109322731049
862 -0.15435528496040773
863 -0.1559248235506413
864 -0.16326884441472955
865 -0.1718414295163022
866 -0.17334665067910593
867 -0.17532773795602363
868 -0.17567807266533464
869 -0.17490863128787582
870 -0.17951517530291272
871 -0.18150412415539197
872 -0.18165290930849498
873 -0.18104130984660305
874 -0.17615704222950557
875 -0.17273459172866834
876 -0.17376959649566703
877 -0.17401101454410284
878 -0.17672124260199307
879 -0.17527957578397568
880 -0.1713370920398377
881 -0.1755454427676134
882 -0.1777356375822029
883 -0.1789268295893206
884 -0.1851479709165822
885 -0.18578419439761373
886 -0.1857275634618082
887 -0.18274808056561487
888 -0.18245420170817206
889 -0.18253467439098392
890 -0.18409311944543838
891 -0.18559493356408707
892 -0.18321089487440367
893 -0.18599343044544603
894 -0.18635193032441677
895 -0.18695167316788575
896 -0.1894315767131194
897 -0.19394090479125614
898 -0.2036488140467847
899 -0.20594779701208887
900 -0.20404331588528246
901 -0.19723472043723345
902 -0.19062307231433506
903 -0.19138851864893291
904 -0.19419137960215582
905 -0.19460972318766
906 -0.19379581108691635
907 -0.19690054098330445
908 -0.1997918647050616
909 -0.1971462576686992
910 -0.19579305361921595
911 -0.19633634061081673
912 -0.2023122439307189
913 -0.2051429416738092
914 -0.19810788824580394
915 -0.1970213142626026
916 -0.19489174542667986
917 -0.19201627336620664
918 -0.19472650142409698
919 -0.1963532589488426
920 -0.1953704113967527
921 -0.19690453602616553
922 -0.19716610437284432
923 -0.1984589860377587
924 -0.19811694500826815
925 -0.19279711187354265
926 -0.19578905857635487
927 -0.20175280168373622
928 -0.20101536722294322
929 -0.20089042381684652
930 -0.19904257362584576
931 -0.19701731921974142
932 -0.19500822006901886
933 -0.1931640613267812
934 -0.19279787495618628
935 -0.19256831352617343
936 -0.19111865662243388
937 -0.1922021271555785
938 -0.1907403100393178
939 -0.1893751208612513
940 -0.1919042532552745
941 -0.1905713745879719
942 -0.1892461824122934
943 -0.1905875298433538
944 -0.19198872098094755
945 -0.18957237178050024
946 -0.19223812911510563
947 -0.1921658216019534
948 -0.19047075160691684
949 -0.18873520593145654
950 -0.18621823374995417
951 -0.19178747501883753
952 -0.1933459200732921
953 -0.18935896560586918
954 -0.18916570972948143
955 -0.1905676831392087
956 -0.19229058992411263
957 -0.19051815069632094
958 -0.19773429978819312
959 -0.1993250553534115
960 -0.1938601285143462
961 -0.19331684152274542
962 -0.19414291383601
963 -0.19233106560453628
964 -0.1892824879659183
965 -0.18796176951113674
966 -0.19336607037153508
967 -0.19225028932762656
968 -0.189556216525118
969 -0.1919082482981357
970 -0.18932296364634216
971 -0.1907403100393178
972 -0.19228659488125155
973 -0.1913159075416826
974 -0.1941307536234892
975 -0.19326099285907328
976 -0.1941983030111364
977 -0.19957000895616261
978 -0.20751853078922466
979 -0.20606411575998007
980 -0.20801658397489686
981 -0.21090022120502983
982 -0.21055388153858012
983 -0.20560130145119127
984 -0.20163925540751637
985 -0.1979270961760351
986 -0.19831419592751698
987 -0.19500822006901886
988 -0.1919318056405337
989 -0.19436431009636312
990 -0.19340977801217618
991 -0.1953582511842319
992 -0.19872854447015986
993 -0.20056870816953642
994 -0.20064101568268855
995 -0.1978786304098893
996 -0.19899441145379781
997 -0.19909503443485277
998 -0.19824481678048433
999 -0.20258180236311996
1000 -0.20391068598756157
1001 -0.19940476495357973
1002 -0.19713809249903946
1003 -0.19399336560026326
1004 -0.19528993871394096
1005 -0.19812910522078897
1006 -0.1971502527115605
1007 -0.1964692741026357
1008 -0.2015026304669344
1009 -0.206817401882057
1010 -0.20912037989022225
1011 -0.2105740318368231
1012 -0.2064306057246731
1013 -0.2063379728293404
1014 -0.20816198127333485
1015 -0.21158043673131066
1016 -0.21462454064903214
1017 -0.21184600012085075
1018 -0.20976011973607933
1019 -0.20724421423131867
1020 -0.20426102069687258
1021 -0.19601862000636772
1022 -0.19218551241165083
1023 -0.19321652213578833
1024 -0.1949036020451026
1025 -0.19776661029895715
1026 -0.19518931573288578
1027 -0.1938802788125893
1028 -0.19656666512347332
1029 -0.19783492276924797
1030 -0.19357441482656312
1031 -0.19399782013167022
1032 -0.19035796841334096
1033 -0.18538892947647223
1034 -0.18551046583841424
1035 -0.18166936815797496
1036 -0.17639029510828141
1037 -0.173664978471751
1038 -0.17104397626503864
1039 -0.16600662485787887
1040 -0.16486728647157223
1041 -0.16215382645346466
1042 -0.15737094490006576
1043 -0.14807766859178828
1044 -0.1375364600199167
1045 -0.13635371758706716
1046 -0.12903371355392268
1047 -0.1229616417843723
1048 -0.11816260497559139
1049 -0.11217578320384747
1050 -0.10781923532167514
1051 -0.10186365738395342
1052 -0.10602323875148534
1053 -0.11076688638513976
1054 -0.11146694861556572
1055 -0.1105725638320103
1056 -0.11213100888646466
1057 -0.114672301493009
1058 -0.11159988210738503
1059 -0.1071662685865552
1060 -0.10833021180251179
1061 -0.11105229647882509
1062 -0.11064980455460482
1063 -0.10672006902169395
1064 -0.09852982554609813
1065 -0.09563926490698482
1066 -0.0954229303662345
1067 -0.08874666122180841
1068 -0.08242042319259535
1069 -0.08444644068134355
1070 -0.0864883098313759
1071 -0.08105615299162017
1072 -0.07283466568200203
1073 -0.062374821385746904
1074 -0.0483060656110863
1075 -0.041827810468553106
1076 -0.042827272764570434
1077 -0.038703849251013334
1078 -0.03217712834233388
1079 -0.022945544689465303
1080 -0.006699057906834338
1081 0.006000513646898353
1082 0.008778291092435886
1083 0.003164882694365545
1084 -0.0007042268598785872
1085 -0.002165280893495325
1086 -0.0066061214174034655
1087 -0.013076386474214607
1088 -0.02367791743065495
1089 -0.0298503085871622
1090 -0.03236252264315975
1091 -0.031597379902660316
1092 -0.03214865697998337
1093 -0.03553111047843227
1094 -0.04003334006365089
1095 -0.03791069463670882
1096 -0.03627917898645827
1097 -0.04588307740626685
1098 -0.05360175340470752
1099 -0.057735966859945975
1100 -0.06624746649430613
1101 -0.07698564158081844
1102 -0.09215295646726362
1103 -0.10459019659167346
1104 -0.11382607888150131
1105 -0.12247867717734029
1106 -0.13080109106211135
1107 -0.13765769278776052
1108 -0.14558160979117285
1109 -0.15189462093112327
1110 -0.15637194209259397
1111 -0.16141328854261494
1112 -0.15966130320716432
1113 -0.16196011108853103
1114 -0.1674041245467095
1115 -0.173214324375483
1116 -0.17792072828893102
1117 -0.1818176938225321
1118 -0.19281802525442937
1119 -0.20301260975524282
1120 -0.21182984486546863
1121 -0.2212875829041956
1122 -0.22580937478895102
1123 -0.2289620917734495
1124 -0.223453476483233
1125 -0.2227452490831472
1126 -0.2223147452851223
1127 -0.21983377506314705
1128 -0.2240579774522068
1129 -0.22561642250666125
1130 -0.22294219640829804
1131 -0.22247938209950924
1132 -0.22177931986908317
1133 -0.21837671607239129
1134 -0.2151515164908031
1135 -0.21628714423885687
1136 -0.21666149577911165
1137 -0.219673289186069
1138 -0.21983453814579068
1139 -0.21847733905344624
1140 -0.21732955109287166
1141 -0.22035350471234982
1142 -0.22314021041019072
1143 -0.22121557898514144
1144 -0.21480517682435318
1145 -0.21123394117041316
1146 -0.21251466262280672
1147 -0.21488595310126324
1148 -0.2204864382041688
1149 -0.2261637045411231
1150 -0.23003680913822822
1151 -0.23051208725363592
1152 -0.23033898167549127
1153 -0.22636049597182628
1154 -0.22930797195135366
1155 -0.23270658070518457
1156 -0.23480014758157997
1157 -0.23550051340610423
1158 -0.2365432238542169
1159 -0.24214770399998364
1160 -0.24816701136642882
1161 -0.2561115381566299
1162 -0.2549960607068191
1163 -0.24895184491662592
1164 -0.24662902020431543
1165 -0.2460938983823744
1166 -0.24601312210546455
1167 -0.24615821580980435
1168 -0.2477606529095081
1169 -0.24708783947024338
1170 -0.25166207297451604
1171 -0.25345007945898357
1172 -0.2522255102643599
1173 -0.2507115359331905
1174 -0.2515937605042251
1175 -0.24974591031322446
1176 -0.24669733267460647
1177 -0.24549339245626167
1178 -0.25123156917649125
1179 -0.2519037946170499
1180 -0.2522416655197419
1181 -0.252374599011561
1182 -0.25240660592822695
1183 -0.2533171459671646
1184 -0.25107878898052716
1185 -0.24377000699332219
1186 -0.24383831946361334
1187 -0.251276039899776
1188 -0.254847275553716
1189 -0.25252308057056594
1190 -0.25192364132119494
1191 -0.25061567107764027
1192 -0.24246989832532928
1193 -0.23831060136240556
1194 -0.23612857171747592
1195 -0.23701049269441266
1196 -0.23652752808738065
1197 -0.23317339005683457
1198 -0.22995218551810737
1199 -0.2299881874776346
1200 -0.2332017055247375
1201 -0.23769546634619854
1202 -0.23434873040266835
1203 -0.2364465959160229
1204 -0.24207969512379057
1205 -0.2474217153300743
1206 -0.25916703920422823
1207 -0.26569052815269023
1208 -0.26012927696952903
1209 -0.25254277138026326
1210 -0.25302250402707793
1211 -0.2559264474499017
1212 -0.24951620118356144
1213 -0.23433642249049724
1214 -0.2171001455573065
1215 -0.19557550470207363
1216 -0.16931214942262873
1217 -0.13739643622997744
1218 -0.09058667722153457
1219 -0.03746711984386908
1220 0.01670235579549817
1221 0.0663537693778522
1222 0.12362781901915953
1223 0.18545935891065168
1224 0.25304863782191034
1225 0.32694782442306236
1226 0.3950428430116171
1227 0.46697681318662543
1228 0.544593220738862
1229 0.6023199804392423
1230 0.6702792656800189
1231 0.7448874427639007
1232 0.8106687399763861
1233 0.8733581648243811
1234 0.9156572638628271
1235 0.9566483542787387
1236 0.9875502878741735
1237 1.0
1238 0.9811092654571543
1239 0.9147670464061755
1240 0.8170976075757874
1241 0.6936126868957537
1242 0.548355578915706
1243 0.4006388735831157
1244 0.2619194004178851
1245 0.12188165848595567
1246 -0.02042517365860519
1247 -0.13989682105183943
1248 -0.2408182213821437
1249 -0.33288284908837973
1250 -0.4175243809028426
1251 -0.4883031418407705
1252 -0.5304180609547821
1253 -0.5615258071642995
1254 -0.58595054864485
1255 -0.6349771632603369
1256 -0.7234112840644089
1257 -0.784627716323981
1258 -0.8080209967866456
1259 -0.823682490131265
1260 -0.8433192837931089
1261 -0.870227623916749
1262 -0.8876382289992739
1263 -0.8851740020313869
1264 -0.8591788267187057
1265 -0.8312123839742147
1266 -0.8059364784779166
1267 -0.7750507275221508
1268 -0.7449824050319543
1269 -0.7122281749089093
1270 -0.6820472443090744
1271 -0.6539686337540012
1272 -0.6171559047330248
1273 -0.5791636652394163
1274 -0.5392475765928917
1275 -0.4995404204001016
1276 -0.46114123445086597
1277 -0.4312298622834322
1278 -0.40952089380411505
1279 -0.3872800354630742
1280 -0.3614425543663098
1281 -0.33763879643940764
1282 -0.3226816365778862
1283 -0.30709213895752363
1284 -0.2912207476083015
1285 -0.2699292037373968
1286 -0.2504939788212506
1287 -0.24013521699459606
1288 -0.2301820505422183
1289 -0.22435539186396491
1290 -0.22480281400001556
1291 -0.22556795674051522
1292 -0.22202473296038017
1293 -0.21799836948927553
1294 -0.21164828971305616
1295 -0.2122969578112167
1296 -0.214439753536402
1297 -0.20993752395118326
1298 -0.20656723066525529
1299 -0.20711927082522186
1300 -0.20488478037128544
1301 -0.2018854315814571
1302 -0.19316406132678132
1303 -0.1858883529329841
1304 -0.18458038268942956
1305 -0.18303010280463483
1306 -0.18484564248487134
1307 -0.18834487421975732
1308 -0.19177131976345563
1309 -0.19110250136705176
1310 -0.1927854111495675
1311 -0.19417492075267606
1312 -0.1936474854223591
1313 -0.18856197184315127
1314 -0.18439498838860346
1315 -0.18047741306821352
1316 -0.1773165309140552
1317 -0.1801310734017637
1318 -0.18214833772214578
1319 -0.18521228834401227
1320 -0.18372662948074536
1321 -0.18154042970901696
1322 -0.17664000683653758
1323 -0.1746107573875718
1324 -0.1766246146637992
1325 -0.173330799017822
1326 -0.169779410068027
1327 -0.16767368297911067
1328 -0.16602278011326077
1329 -0.1684028237600832
1330 -0.16672360542633047
1331 -0.16334931709754152
1332 -0.16225874807147878
1333 -0.15745495313719293
1334 -0.15566295160986432
1335 -0.15805515546920768
1336 -0.15763650828960574
1337 -0.15398449635875555
1338 -0.148754192669306
1339 -0.14528327640232308
1340 -0.14641091406465456
1341 -0.14902021554739164
1342 -0.14723668278382107
1343 -0.14356035042792936
1344 -0.1374075215709588
1345 -0.13938537688765917
1346 -0.14033591392898492
1347 -0.13494746472987051
1348 -0.13726319094926276
1349 -0.13815757573281817
1350 -0.13347025544087165
1351 -0.13091786929854843
1352 -0.12716154293788007
1353 -0.12404065778611006
1354 -0.12566741531085568
1355 -0.13038643892537038
1356 -0.13223876283726765
1357 -0.13203334674835887
1358 -0.12641194826456637
1359 -0.12754757601262023
1360 -0.13033428171046135
1361 -0.13026566564607234
1362 -0.1281599385571558
1363 -0.12302626280590012
1364 -0.11934194036428625
1365 -0.11865772979514422
1366 -0.11927408738254086
1367 -0.11554976793853877
1368 -0.11014206003398552
1369 -0.10497207872910452
1370 -0.1054719616741624
1371 -0.10505730953742143
1372 -0.10226261375385826
1373 -0.10358333220864002
1374 -0.10394152849351268
1375 -0.10671607397883287
1376 -0.10635388265109902
1377 -0.10042214646038383
1378 -0.09952483331070883
1379 -0.0999280883175726
1380 -0.09392404461370507
1381 -0.09313504093670955
1382 -0.09258376385938638
1383 -0.09075545677843289
1384 -0.08977736735184794
1385 -0.08562254410982106
1386 -0.07866855136333395
1387 -0.0734985700584535
1388 -0.07552858259006268
1389 -0.07547612178105567
1390 -0.07413077930713419
1391 -0.07498069336740465
1392 -0.07258525754784428
1393 -0.06682352348521692
1394 -0.059418876642461704
1395 -0.05356867981129998
1396 -0.05199484258410736
1397 -0.04803696666723123
1398 -0.04402245981454933
1399 -0.04003257698100726
1400 -0.03751219775534986
1401 -0.03400497593474183
1402 -0.03319182691664169
1403 -0.03219389078591184
1404 -0.02711606369832842
1405 -0.022111022801932556
1406 -0.023662065769371132
1407 -0.01995359798665275
1408 -0.014489434230231302
1409 -0.01110405236566292
1410 -0.0037600315015746677
1411 0.0030451760918090987
1412 0.0037455419163332504
1413 0.00015738792436725824
1414 0.0023357261205338986
1415 0.009442499062984888
1416 0.016979775803460884
1417 0.022777815419713354
1418 0.024142241515136442
1419 0.025402049586643383
1420 0.03191337832258445
1421 0.035766636215544434
1422 0.03553231666002654
1423 0.039088004246780716
1424 0.04287694471231096
1425 0.04449894411155153
1426 0.05166217290587083
1427 0.057906871575530205
1428 0.06299978724175381
1429 0.07179376860367981
1430 0.07529223725592216
1431 0.07999464612650886
1432 0.08725450285902214
1433 0.09176782598002009
1434 0.09582232983508998
1435 0.09818176369512344
1436 0.09919216363247219
1437 0.10308172707905738
1438 0.10749842226186135
1439 0.11357418548017484
1440 0.12097066715326998
1441 0.12435235756907526
1442 0.13003761399175207
1443 0.13418874578501594
1444 0.13670912501067312
1445 0.14003894261617744
1446 0.1390645638278456
1447 0.14036943062134322
1448 0.13822294344739516
1449 0.14101288110545362
1450 0.15136500392773589
1451 0.15955865444748674
1452 0.16726069651251008
1453 0.1691607231079093
1454 0.1743508547110333
1455 0.17656966858762324
1456 0.1772377239013836
1457 0.17805087291948318
1458 0.1819041308124434
1459 0.18731952520862105
1460 0.1910843203330468
1461 0.19273522319889635
1462 0.18872842202732865
1463 0.1886641045998989
1464 0.19153927306627394
1465 0.19192977986191062
1466 0.19331881078698365
1467 0.19068536396314206
1468 0.19190545943686899
1469 0.19194993016015371
1470 0.19203439788582677
1471 0.19218717808179075
1472 0.19244505497970654
1473 0.19531205827642228
1474 0.19319358297627875
1475 0.196386775641201
1476 0.19974490871460793
1477 0.19926934619459202
1478 0.20373479154815
1479 0.20284088544263001
1480 0.20408082762050217
1481 0.2022128271312582
1482 0.19972475841636506
1483 0.1943615212350962
1484 0.1892921629112705
1485 0.1900454490333474
1486 0.19010577141791618
1487 0.19147065700188493
1488 0.19107216012052586
1489 0.18744846365757883
1490 0.1834019498882309
1491 0.17813134560229504
1492 0.1769560052564616
1493 0.17459657139642815
1494 0.17069085269446105
1495 0.16753872370866896
1496 0.1601947028445807
1497 0.15317239762780255
1498 0.1510303649852609
1499 0.1536033609143732
1500 0.1559071020051821
1501 0.15191274545074362
1502 0.14064608754666263
1503 0.13689821076026232
1504 0.13305787616246678
1505 0.12352305329559332
1506 0.11332846879477976
1507 0.10301341460876645
1508 0.09323317865059577
1509 0.08685155144625623
1510 0.0847984410607947
1511 0.0786100697328429
1512 0.07152790162004186
1513 0.05861909401847698
1514 0.0480381728488255
1515 0.0400708517988706
1516 0.027226361624735684
1517 0.018646070842049056
1518 0.013010043268161908
1519 0.006104975776366706
1520 -0.004694109693420545
1521 -0.01136562071234215
1522 -0.016317741311184797
1523 -0.02135063818693783
1524 -0.028460643089606275
1525 -0.04031429562592903
1526 -0.054982794244058386
1527 -0.06292179982611068
1528 -0.0704424618226589
1529 -0.082639046981277
1530 -0.08782889417979234
1531 -0.09127472693909011
1532 -0.09618685053554465
1533 -0.10543965116339837
1534 -0.11362513651348927
1535 -0.12036895504556278
1536 -0.12691552265838724
1537 -0.13333762554315054
1538 -0.14080241968653695
1539 -0.14409595092790595
1540 -0.14970842115939487
1541 -0.15148767447549627
1542 -0.15951697258546826
1543 -0.1621258145796597
1544 -0.16078817778685206
1545 -0.16855959899890838
1546 -0.17126554760932944
1547 -0.17494939137290766
1548 -0.1747760013901548
1549 -0.1789832854411888
1550 -0.186371777028562
1551 -0.19370811140102595
1552 -0.19780261225848417
1553 -0.19619941207613667
1554 -0.2007254834083616
1555 -0.20246133267791988
1556 -0.20140200748587933
1557 -0.2006728667049067
1558 -0.2046910650063516
1559 -0.2131267215732443
1560 -0.2186067369909498
1561 -0.21812700434413534
1562 -0.21731339583748965
1563 -0.22060321644060565
1564 -0.2240539824093456
1565 -0.2258658306408191
1566 -0.22460525948666865
1567 -0.22307512990011713
1568 -0.22400582023729765
1569 -0.22239521796793416
1570 -0.21985392536139003
1571 -0.22301081247268717
1572 -0.2275932111466198
1573 -0.22770599434019567
1574 -0.22450863154847478
1575 -0.21991824278882
1576 -0.22196441057581118
1577 -0.22146529071339727
1578 -0.21691090391326961
1579 -0.216138055491656
1580 -0.21427005500241225
1581 -0.21387555316391427
1582 -0.21249820377332684
1583 -0.21280823788615166
1584 -0.21723368623732142
1585 -0.21664534052372963
1586 -0.21862612420654925
1587 -0.22184763233937432
1588 -0.22232660190354503
1589 -0.2225800050805642
1590 -0.22270894352952209
1591 -0.22397350972653374
1592 -0.22251169261027304
1593 -0.2209330972575756
1594 -0.22173085410293736
1595 -0.21962113197115984
1596 -0.21472070909868013
1597 -0.2125665162436179
1598 -0.21199508886805174
1599 -0.21254712902801864
1600 -0.207562238429866
1601 -0.20254903236381028
1602 -0.20190112734829335
1603 -0.20307723077677087
1604 -0.20319770046197094
1605 -0.20209807467344432
1606 -0.2047561455164254
1607 -0.20467567283361343
1608 -0.2007853463043846
1609 -0.20356388683256588
1610 -0.20639905829655292
1611 -0.20498939839520158
1612 -0.2019492895203413
1613 -0.20161940870337147
1614 -0.2018005043672384
1615 -0.20369282528152377
1616 -0.20695033537387597
1617 -0.2074454601934288
1618 -0.20771501862582986
1619 -0.20794458005584282
1620 -0.20945855438701233
1621 -0.20957133758058832
1622 -0.20949086489777635
1623 -0.20816198127333474
1624 -0.20841138940749282
1625 -0.21139934106744385
1626 -0.21284500292832242
1627 -0.21005430218762033
1628 -0.20854432289931168
1629 -0.21003845052633618
1630 -0.21201523916629483
1631 -0.21418927872550242
1632 -0.2174306335624725
1633 -0.2175757272668123
1634 -0.21595296478492787
1635 -0.21309395157393485
1636 -0.21449114766866728
1637 -0.2173101638772723
1638 -0.21721353593907844
1639 -0.21309395157393463
1640 -0.21329519753604465
1641 -0.21799437444641445
1642 -0.22141282990439037
1643 -0.22158176535573637
1644 -0.2185255012254943
1645 -0.21656486784091777
1646 -0.21611820878751087
1647 -0.2148374873351172
1648 -0.21656486784091777
1649 -0.21982237793326986
1650 -0.22049859841668962
1651 -0.2222982864356423
1652 -0.22270894352952209
1653 -0.22425522837145562
1654 -0.2243881618632746
1655 -0.22334099688375497
1656 -0.22525346809628355
1657 -0.22882101230146057
1658 -0.23232793052797085
1659 -0.23282305534752368
1660 -0.23285936090114867
1661 -0.23156278778747108
1662 -0.23197743992421194
1663 -0.23558498113177706
1664 -0.23951471666468793
1665 -0.24438682406926482
1666 -0.243484752794085
1667 -0.24213124515050366
1668 -0.24178937920495036
1669 -0.24338888793853486
1670 -0.23536757991428525
1671 -0.22742305312408417
1672 -0.23052437597631736
1673 -0.22929629041686816
1674 -0.23095088473148107
1675 -0.23164725551314402
1676 -0.23400239073621854
1677 -0.24015122455032767
1678 -0.24052957113344375
1679 -0.2375416194734925
1680 -0.235500513406104
1681 -0.23370482043001262
1682 -0.23367250991924848
1683 -0.235315422699376
1684 -0.23712727093084962
1685 -0.2377068634760755
1686 -0.239651645199368
1687 -0.2417613673311455
1688 -0.2439838726564989
1689 -0.24745878396634313
1690 -0.24835240566725492
1691 -0.25061490799499664
1692 -0.25419860745555556
1693 -0.2574076517817617
1694 -0.25597415013340397
1695 -0.25375194840214865
1696 -0.24888783108329393
1697 -0.24614160106587668
1698 -0.2522298089013192
1699 -0.2563528003106178
1700 -0.2613615326557768
1701 -0.26045946138059706
1702 -0.25905010507334336
1703 -0.2589857876459134
1704 -0.2592635112479743
1705 -0.2622069921846405
1706 -0.2623520858889804
1707 -0.26096257628587205
1708 -0.25966200812933316
1709 -0.26242439340213264
1710 -0.26256918351237435
1711 -0.2621706866310154
1712 -0.2598155514079412
1713 -0.25341730945967367
1714 -0.2513798948410485
1715 -0.25275324918877495
1716 -0.25584551527854416
1717 -0.2561753960955139
1718 -0.25586136693982797
1719 -0.25355070244003863
1720 -0.2483887112208799
1721 -0.2437861622487042
1722 -0.24667748597046146
1723 -0.251609915759607
1724 -0.25389673851239036
1725 -0.2556644196146771
1726 -0.2535017771853467
1727 -0.2556959670427975
1728 -0.26227161320616843
1729 -0.2662413457414674
1730 -0.2671026569316155
1731 -0.2686529368164101
1732 -0.2672679009341983
1733 -0.2669901773321375
1734 -0.2655445154712588
1735 -0.2656411434094529
1736 -0.26840352868225203
1737 -0.2671672779531433
1738 -0.2669901773321375
1739 -0.2656774489630779
1740 -0.2661241080164848
1741 -0.2707105017332786
1742 -0.27245004245159987
1743 -0.2709922203782005
1744 -0.2679682667587223
1745 -0.2678194816056194
1746 -0.26948224108989205
1747 -0.2713022544910253
1748 -0.2740003223363948
1749 -0.2698605876730078
1750 -0.2682822959144081
1751 -0.27098036375977774
1752 -0.2702874000222697
1753 -0.2747488503329667
1754 -0.2750911949565553
1755 -0.27381446854702274
1756 -0.2737501511195929
1757 -0.27384677905778676
1758 -0.27527628566328344
1759 -0.27530859617404735
1760 -0.27403186976451477
1761 -0.2742452759391457
1762 -0.27723722264195805
1763 -0.27771619220612886
1764 -0.27815069104701495
1765 -0.27982591433790616
1766 -0.28129142290292997
1767 -0.2797212963139901
1768 -0.2790170639567655
1769 -0.2735484456689371
1770 -0.27552523430889564
1771 -0.2846458645275741
1772 -0.28701315996316923
1773 -0.285824896322171
1774 -0.2828655637242208
1775 -0.2827850910414087
1776 -0.28460909948540336
1777 -0.2880638604970043
1778 -0.29025805035445484
1779 -0.2911032062892207
1780 -0.2943768716369548
1781 -0.29603593967246444
1782 -0.2946909007926407
1783 -0.2931970767597142
1784 -0.29328154448538735
1785 -0.2950049299483266
1786 -0.2979645661403749
1787 -0.2967161551987453
1788 -0.2951577101442908
1789 -0.2947753685183139
1790 -0.2942240914409907
1791 -0.2921506748628383
1792 -0.28778168236353663
1793 -0.28830064893009577
1794 -0.2950210852037086
1795 -0.30306223993210357
1796 -0.3025300464762819
1797 -0.29985612397201666
1798 -0.30073865213714934
1799 -0.2992085225505977
1800 -0.2979638030577312
1801 -0.3006377255619963
1802 -0.301467489324024
1803 -0.2961325676106583
1804 -0.28898162753902035
1805 -0.282518764569225
1806 -0.28492312864108915
1807 -0.29034328116277175
1808 -0.2863644918650087
1809 -0.28444785052568133
1810 -0.28266831280497184
1811 -0.2825636947810558
1812 -0.28514498438998803
1813 -0.2825475395256737
1814 -0.28253537931315276
1815 -0.28401335168479536
1816 -0.28442400877867513
1817 -0.28627585401253697
1818 -0.28696423470847765
1819 -0.29127290482321055
1820 -0.28995618141128987
1821 -0.28695207449595683
1822 -0.28657003646407775
1823 -0.2866545041897508
1824 -0.2872337931408787
1825 -0.29166740666170843
1826 -0.29291581760333807
1827 -0.2870648576895328
1828 -0.28489850462194943
1829 -0.28414198653965517
1830 -0.28417875158182626
1831 -0.27677010969620996
1832 -0.2661402632718668
1833 -0.25971846398120135
1834 -0.2555593421022152
1835 -0.25586167053392606
1836 -0.2535183919292745
1837 -0.248154851153908
1838 -0.24366984350081322
1839 -0.23890680865155933
1840 -0.2312444599948259
1841 -0.22548718046360527
1842 -0.21490226425109293
1843 -0.20080226464241058
1844 -0.18539353170752937
1845 -0.17271828057883853
1846 -0.17130938376013083
1847 -0.17555760298013456
1848 -0.1790120603976375
1849 -0.17943040398314158
1850 -0.17794874016273587
1851 -0.1773892979157532
1852 -0.17419610525083096
1853 -0.17354820023531392
1854 -0.17288813500727618
1855 -0.16849868861563322
1856 -0.16934860267590413
1857 -0.1700618917955925
1858 -0.16532640933159792
1859 -0.16184333285209407
1860 -0.16132436628553481
1861 -0.1624236884799637
1862 -0.16089325529931398
1863 -0.16008010628121416
1864 -0.15700844997823382
1865 -0.14780411511652602
1866 -0.13816080769303574
1867 -0.13010026574904165
1868 -0.12633223866439824
1869 -0.12025248040322367
1870 -0.11311309335591069
1871 -0.10997282098854144
1872 -0.10759799495576972
1873 -0.09752835386105296
1874 -0.08260627698196721
1875 -0.06805086515151149
1876 -0.0638038685026977
1877 -0.06077637932890423
1878 -0.05702344082290112
1879 -0.054881711774457664
1880 -0.05348851072258598
1881 -0.05471600828332879
1882 -0.0637675629490726
1883 -0.07488037398044778
1884 -0.08208301177844879
1885 -0.09012770206115917
1886 -0.0954581692431179
1887 -0.10216568222156619
1888 -0.11251411359508534
1889 -0.11706374226970828
1890 -0.11722822318964765
1891 -0.12152027856045289
1892 -0.12802285412802805
1893 -0.13907134773197327
1894 -0.14775595294447819
1895 -0.1551638317474504
1896 -0.16521362613802204
1897 -0.1753078912518785
1898 -0.18412942499906337
1899 -0.19202026840906794
1900 -0.20432457504165868
1901 -0.22046705098856945
1902 -0.2293727488673294
1903 -0.23219023891064672
1904 -0.24083543511946992
1905 -0.24536122204708655
1906 -0.24838840762678194
1907 -0.252672472911865
1908 -0.25822080079986154
1909 -0.26208621890534234
1910 -0.2639666832012051
1911 -0.26175587859982674
1912 -0.26287089656109175
1913 -0.2705612570916297
1914 -0.28193194502092067
1915 -0.29351556044680704
1916 -0.29968718852067056
1917 -0.3092940153065984
1918 -0.3170288465604213
1919 -0.32116382309830327
1920 -0.3215663150225233
1921 -0.31865514459662103
1922 -0.31809570234963835
1923 -0.3163643268009767
1924 -0.3159335194088537
1925 -0.3152856143933367
1926 -0.3118470086371177
1927 -0.30854502782148074
1928 -0.3082916246444616
1929 -0.3109533869362058
1930 -0.3097531381666241
1931 -0.30958819775813917
1932 -0.3093104741560784
1933 -0.306628561566091
1934 -0.3093104741560784
1935 -0.30960435301352107
1936 -0.30985376114767915
1937 -0.3112351055811279
1938 -0.3099705393841161
1939 -0.30997053938411623
1940 -0.3112674160918917
1941 -0.3101519386420809
1942 -0.3107876834450771
1943 -0.31465310155055815
1944 -0.32136537265451126
1945 -0.32390559858431356
1946 -0.32450134638492156
1947 -0.32580221813555843
1948 -0.32303983286275906
1949 -0.3229593601799471
1950 -0.32455411078802665
1951 -0.32533464570126447
1952 -0.32885372414029546
1953 -0.3331907097229314
1954 -0.3302149182755011
1955 -0.3253669562120285
1956 -0.32339416261493104
1957 -0.3235712632359369
1958 -0.32812534644196667
1959 -0.329965510141343
1960 -0.3287732514574837
1961 -0.32737605536275105
1962 -0.3286567768151447
1963 -0.32885402773439354
1964 -0.3292040588496066
1965 -0.33093143935540714
1966 -0.33255819688015265
1967 -0.33255819688015265
1968 -0.3308991288446431
1969 -0.32903512339826047
1970 -0.3284918364066597
1971 -0.32576545309338745
1972 -0.32739221061813306
1973 -0.33181366392644196
1974 -0.33091128905716394
1975 -0.3308829735892611
1976 -0.3305329424740481
1977 -0.3286043160061376
1978 -0.3263656554254022
1979 -0.3226251807260181
1980 -0.32005264428545166
1981 -0.31630000937354674
1982 -0.3129257210447576
1983 -0.31390856859684724
1984 -0.31404119849456824
1985 -0.314270456330483
1986 -0.31668281048806945
1987 -0.3133569879254261
1988 -0.30839593907427987
1989 -0.30614959200192005
1990 -0.30675009792803276
1991 -0.3037743064806028
1992 -0.3025174267752152
1993 -0.3055983149245971
1994 -0.3101082310014399
1995 -0.30704321370283183
1996 -0.3109044616815142
1997 -0.3181764786265483
1998 -0.32465043513212244
1999 -0.33222801246908473
2000 -0.3366931734180346
2001 -0.33928586015684414
2002 -0.3414925138209135
2003 -0.34354160997402416
2004 -0.3441616781996738
2005 -0.348128003690818
2006 -0.3435494715495859
2007 -0.3401513222843009
2008 -0.3321797025973866
2009 -0.3139165860668567
2010 -0.2904708301514001
2011 -0.2570964224820347
2012 -0.229960946881271
2013 -0.18279685812065627
2014 -0.1247850430401708
2015 -0.06889276993657056
2016 -0.008756015635506764
2017 0.04665743560357294
2018 0.10703514846452689
2019 0.1742463843867672
2020 0.2456932198279449
2021 0.31861248724312663
2022 0.3940886145215281
2023 0.4790447634903836
2024 0.5559785377582473
2025 0.6260223523024453
2026 0.7072412393426444
2027 0.7810110745800698
2028 0.8506618942615678
2029 0.9046899868348477
2030 0.9465347211387725
2031 0.983395289548209
2032 0.9982155482593378
2033 0.9991508298328835
2034 0.954893612861212
2035 0.8704898076464211
2036 0.7561647511048102
2037 0.6089393232485623
2038 0.4497714573038689
2039 0.29253022762754877
2040 0.13793860003045189
2041 -0.021201254040436268
2042 -0.16951477385037605
2043 -0.2897260209878785
2044 -0.39464946436424586
2045 -0.4935965403864604
2046 -0.5764548238419609
2047 -0.6278897701878858
2048 -0.6582367188676395
2049 -0.6840450666452829
2050 -0.7103166382138693
2051 -0.784922198720527
2052 -0.8711412162862615
2053 -0.9113767779059418
2054 -0.9370829847320402
2055 -0.9563291157037996
2056 -0.9753207850165958
2057 -0.9970120483400489
2058 -1.0
2059 -0.9799230303946735
2060 -0.9563571275776045
2061 -0.9348984780147394
2062 -0.9058484170374534
2063 -0.8730743402102632
2064 -0.8420965443578711
2065 -0.8046634627066369
2066 -0.7750785643120182
2067 -0.7439640150088833
2068 -0.707956729324893
2069 -0.6681327948956657
2070 -0.6252970670594812
2071 -0.5858554742562309
2072 -0.552022531725546
2073 -0.5250307987477723
2074 -0.5003378736513652
2075 -0.47235036982633705
2076 -0.44874862094418866
2077 -0.4284766896675446
2078 -0.40534884862996423
2079 -0.39085480667132955
2080 -0.3771052976664059
2081 -0.35998890241970893
2082 -0.3496539823400606
2083 -0.33610942993549986
2084 -0.3260313200770255
2085 -0.3209020988571767
2086 -0.31674297697819054
2087 -0.31572041682832075
2088 -0.3125272241633986
2089 -0.3121970397523306
2090 -0.3132280494764683
2091 -0.31133142992522367
2092 -0.3086259599928384
2093 -0.30249803955961585
2094 -0.29339432767896323
2095 -0.2870890030306369
2096 -0.28262831580258374
2097 -0.2811106308331611
2098 -0.27472424550331664
2099 -0.2736172176277739
2100 -0.2724863480052251
2101 -0.26723559042343437
2102 -0.2629878306919765
2103 -0.2587000739581303
2104 -0.25454894216486657
2105 -0.25069568427190647
2106 -0.24855365162936494
2107 -0.24803837651156901
2108 -0.2475392566491551
2109 -0.2454655364769045
2110 -0.24175737228828442
2111 -0.23914036512443326
2112 -0.23405085650236435
2113 -0.23299229439296765
2114 -0.23086641700580823
2115 -0.22765706908550398
2116 -0.2284103552075808
2117 -0.2266268224440099
2118 -0.22488728172568861
2119 -0.2235745533566289
2120 -0.22556749725196945
2121 -0.23061670527755218
2122 -0.23413578371658317
2123 -0.23420409618687432
2124 -0.230813956196801
2125 -0.2271299373492851
2126 -0.22394073972722406
2127 -0.22536625128985943
2128 -0.22965477110634924
2129 -0.22845452233676755
2130 -0.2266143586373911
2131 -0.22435585135251068
2132 -0.22068368912341763
2133 -0.21827609309133622
2134 -0.21590080757001884
2135 -0.2124298913030357
2136 -0.21067020028647132
2137 -0.21194692669600368
2138 -0.21347705628255542
2139 -0.2125463659453748
2140 -0.2141892787255022
2141 -0.21693181729415634
2142 -0.21427374645117525
2143 -0.2127274616092416
2144 -0.2149065628880521
2145 -0.2117655274380389
2146 -0.20837508385386772
2147 -0.20859724319686457
2148 -0.20349157931941375
2149 -0.19955784874364169
2150 -0.19718655826518539
2151 -0.19417446126413018
2152 -0.19680391304511047
2153 -0.19817726739283692
2154 -0.19660266708300056
2155 -0.19353024769737615
2156 -0.19319637183754534
2157 -0.194460938034557
2158 -0.1934457799717033
2159 -0.19515700522212187
2160 -0.19806448419926093
2161 -0.19679991800224939
2162 -0.1952091624370309
2163 -0.19465788535970785
2164 -0.1936474854223591
2165 -0.18807900723611926
2166 -0.18195508184575804
2167 -0.17466321819657882
2168 -0.1705925590861268
2169 -0.17094335328398347
2170 -0.16879732559858107
2171 -0.16508069264620306
2172 -0.16115912228295193
2173 -0.15850211811671266
2174 -0.15468486218327948
2175 -0.15100870491132534
2176 -0.15109793076250344
2177 -0.1458111712211856
2178 -0.14041562352915316
2179 -0.13791139955887777
2180 -0.13591046557781494
2181 -0.1366997536594189
2182 -0.13360318893269052
2183 -0.1328101902128338
2184 -0.13045105994689832
2185 -0.12546616934874555
2186 -0.12339644421935625
2187 -0.1231067354887121
2188 -0.12537000089909744
2189 -0.12199571257030828
2190 -0.11689803877857974
2191 -0.11436150429754033
2192 -0.11192607147559164
2193 -0.11062578772366116
2194 -0.10289436351399306
2195 -0.1017351784235413
2196 -0.10192103221291293
2197 -0.09543402390201383
2198 -0.09242251489966458
2199 -0.08675341373236989
2200 -0.08233272350670495
2201 -0.0791522790530097
2202 -0.07105466847274666
2203 -0.06976654493333712
2204 -0.0688167709746551
2205 -0.06526108338790115
2206 -0.0626400811811888
2207 -0.05833616919196072
2208 -0.0524899674036603
2209 -0.04678039055594163
2210 -0.0427902041283017
2211 -0.04275865670018142
2212 -0.038406278944807415
2213 -0.029620287668603695
2214 -0.023311271571514358
2215 -0.01864486466045434
2216 -0.014220179391928323
2217 -0.011007424427469159
2218 -0.002712562927957296
2219 0.00022246843444095887
2220 0.0017518349383489618
2221 0.0073526236353527175
2222 0.013158828421264923
2223 0.018727306607504657
2224 0.02007158240468443
2225 0.022543799458293545
2226 0.027681773846508495
2227 0.029267771286222155
2228 0.03513811841562697
2229 0.04159622325991719
2230 0.049648775118189103
2231 0.058688169571411875
2232 0.06188876432335033
2233 0.0644494441454937
2234 0.06695796675272803
2235 0.06999731254494423
2236 0.07735349362155342
2237 0.08567267554610725
2238 0.08665476001555317
2239 0.08334832466850917
2240 0.08704063719584543
2241 0.09419188086158137
2242 0.10155205698105152
2243 0.10470818100970503
2244 0.10753042917852729
2245 0.11279734201570002
2246 0.11553512245884923
2247 0.11851015082363592
2248 0.12445697559299118
2249 0.13180946522083725
2250 0.13746241113275004
2251 0.13748996351800913
2252 0.14114996553458137
2253 0.1447498202505222
2254 0.14679122991200866
2255 0.14722972379575605
2256 0.14633981273309682
2257 0.15066863314607315
2258 0.150044285472954
2259 0.15219400460711974
2260 0.1558460165379696
2261 0.15931293776209166
2262 0.16083090713612247
2263 0.1566228600024444
2264 0.15607957301084374
2265 0.1557456971510125
2266 0.15446497569861894
2267 0.15612803877698966
2268 0.15820545039800327
2269 0.16052458366155054
2270 0.16528390787255143
2271 0.16454278196299543
2272 0.1658958109285411
2273 0.16449861483380857
2274 0.16325020389217904
2275 0.16614552265679738
2276 0.16668880964839783
2277 0.1684000348988166
2278 0.16971675831073751
2279 0.16670096986091876
2280 0.16593211648216633
2281 0.16150666813099646
2282 0.16250536734437016
2283 0.16466431832493722
2284 0.1598642148394145
2285 0.15458145034095794
2286 0.1530725377293911
2287 0.1481398043461477
2288 0.14526433228567437
2289 0.150583861826302
2290 0.1515385689944262
2291 0.14599792759805386
2292 0.13561748930786877
2293 0.12890598128655917
2294 0.12477176783132093
2295 0.11533387649673932
2296 0.10602075348431694
2297 0.10016208788939718
2298 0.0990390798424099
2299 0.10147204378678554
2300 0.09113577262578687
2301 0.07850051849948447
2302 0.07089569237136106
2303 0.062404343035244114
2304 0.05420239883567324
2305 0.047341802067162764
2306 0.04025164386863955
2307 0.030117381752394756
2308 0.01952430037022257
2309 0.007566029809983554
2310 -0.0028822614619471443
2311 -0.01062032467598728
2312 -0.021068615947917868
2313 -0.033043041763538894
2314 -0.043736746126766035
2315 -0.05415272688793282
2316 -0.0629702655922566
2317 -0.07160670863271357
2318 -0.08029530888807956
2319 -0.08920947553059722
2320 -0.10084155672262951
2321 -0.10985235130334114
2322 -0.11985767497062805
2323 -0.12706061636272714
2324 -0.13543518746240724
2325 -0.1437536063043171
2326 -0.15187477422697815
2327 -0.15846980760594864
2328 -0.1638164300432895
2329 -0.17210653341729654
2330 -0.1820193992731879
2331 -0.1917188589544485
2332 -0.19809649111592698
2333 -0.20113614050224138
2334 -0.20386176073286988
2335 -0.20797689056660662
2336 -0.21354536875284647
2337 -0.21666149577911153
2338 -0.2224150646720794
2339 -0.22697685355922292
2340 -0.2327264274093297
2341 -0.2369098697133576
2342 -0.2394702459414032
2343 -0.2417412170329023
2344 -0.2450188774234977
2345 -0.24424943604603888
2346 -0.2459448096351735
2347 -0.24782527393103604
2348 -0.24770373756909425
2349 -0.2546495651459215
2350 -0.2619091182843366
2351 -0.26494047399083087
2352 -0.26958332355949266
2353 -0.2669861822892763
2354 -0.26418332133605327
2355 -0.26564513845231397
2356 -0.26872971805045875
2357 -0.27031200485191964
2358 -0.26768255307093936
2359 -0.2677066984120434
2360 -0.2684152294062272
2361 -0.27368183864930173
2362 -0.2792140112819165
2363 -0.28186702040529477
2364 -0.2850279025594531
2365 -0.28349408152413835
2366 -0.2802284062621264
2367 -0.27730108058084213
2368 -0.2802445615175083
2369 -0.2835947045051933
2370 -0.2853742422259029
2371 -0.2840776691122253
2372 -0.2826036917834439
2373 -0.2825636947810558
2374 -0.28514498438998803
2375 -0.28251522901490966
2376 -0.2823018228402788
2377 -0.28320020266669543
2378 -0.2800231652571553
2379 -0.277969595383148
2380 -0.2759888117003284
2381 -0.27534459813357437
2382 -0.2732955019804638
2383 -0.27119376993440847
2384 -0.26702172476025776
2385 -0.2700096764202088
2386 -0.27587679158939604
2387 -0.2738427840149257
2388 -0.2742008052158609
2389 -0.27607327942600135
2390 -0.27929448396472845
2391 -0.28074014582560713
2392 -0.27771619220612886
2393 -0.2745993020972197
2394 -0.27444252685839476
2395 -0.27825207711071365
2396 -0.27528844587580426
2397 -0.2719581495922645
2398 -0.2700096764202087
2399 -0.2708757457358615
2400 -0.26934561614930974
2401 -0.26802042397363157
2402 -0.26949440130241287
2403 -0.27215616359415706
2404 -0.2692770000849207
2405 -0.26737251895811454
2406 -0.2657259147292238
2407 -0.2660274800782909
2408 -0.26931300204444786
2409 -0.27338042919468264
2410 -0.2699458184813246
2411 -0.2609419664990832
2412 -0.2604309900182463
2413 -0.26506185445832486
2414 -0.2691120596764358
2415 -0.2731180977653599
2416 -0.2755256937974415
2417 -0.27755094820354587
2418 -0.2791295435562434
2419 -0.2778006599318019
2420 -0.2764717763073604
2421 -0.2780180611492937
2422 -0.2798259143379064
2423 -0.28155329484370684
2424 -0.28173838555043496
2425 -0.2804899746088051
2426 -0.281770696061199
2427 -0.28175454080581686
2428 -0.28043781739389606
2429 -0.28177469110406006
2430 -0.280804003764491
2431 -0.2837797952119213
2432 -0.28534223530923686
2433 -0.2828814153855047
2434 -0.2841782920932804
2435 -0.28549132405643796
2436 -0.28316343762452467
2437 -0.2851603765627262
2438 -0.2901735826287818
2439 -0.29377712879348594
2440 -0.2941756256748449
2441 -0.2927662693675914
2442 -0.29135291801747654
2443 -0.29279857987835534
2444 -0.29445764791386475
2445 -0.2948598362439868
2446 -0.2951375598460476
2447 -0.2976306902805439
2448 -0.2947272063462659
2449 -0.29076856734674605
2450 -0.29625733593281756
2451 -0.29799288160827775
2452 -0.29665153417721735
2453 -0.2947753685183139
2454 -0.29271411215268217
2455 -0.29075717021686887
2456 -0.2890419499235891
2457 -0.2900607994352059
2458 -0.2885105195504112
2459 -0.28801539473085846
2460 -0.2859901403247539
2461 -0.2825313842702917
2462 -0.2816380661634781
2463 -0.2785818020332358
2464 -0.27761880118529125
2465 -0.2837761037631583
2466 -0.2888009913636992
2467 -0.2859975424117698
2468 -0.2921062041395537
2469 -0.2945905814056836
2470 -0.2960028660790567
2471 -0.30248188430423395
2472 -0.30588448810092594
2473 -0.3034599737308188
2474 -0.3020506174235651
2475 -0.30346027732491687
2476 -0.3051715025753352
2477 -0.3057349398651791
2478 -0.30763125582232576
2479 -0.3094875747770842
2480 -0.3111021720893088
2481 -0.30985376114767915
2482 -0.30970497599457625
2483 -0.30959219280100025
2484 -0.3083236315611274
2485 -0.3108366086997687
2486 -0.3093226343685992
2487 -0.3065319336278971
2488 -0.3079815905316369
2489 -0.3099022269138252
2490 -0.3131920475169412
2491 -0.3138116370645554
2492 -0.31313882362529033
2493 -0.3187605257031809
2494 -0.3176932104254182
2495 -0.31509976060396505
2496 -0.3177335110219045
2497 -0.320672091890677
2498 -0.34363442381185305
2499 -0.39166361312623854
2500 -0.7500639674945329
2501 -0.7963374608352151
2502 -0.8161190638980876
