0
1
2506
-3 0.07008310004992048
-2 0.06981756850430967
-1 0.06915105417580691
0 0.06812931736533845
1 0.06679142754471384
2 0.06517637637012211
3 0.0633261835884887
4 0.061329743355282414
5 0.059171344467943955
6 0.0568805332991402
7 0.054485898150129185
8 0.052015699840611836
9 0.04949927637167911
10 0.04696736091915846
11 0.04444795016166866
12 0.04196693772038284
13 0.03954630937901955
14 0.03720845098158839
15 0.034977652251105315
16 0.032874867586165916
17 0.03091660374948744
18 0.029116149341556742
19 0.027484938156328395
20 0.0260303947751086
21 0.02475775003151145
22 0.023670484739364592
23 0.02276827289821439
24 0.022045120632343897
25 0.021490253413397418
26 0.021091154564308635
27 0.02083678161267442
28 0.020716446095373948
29 0.020713260209463125
30 0.020810941149709675
31 0.0209968291702933
32 0.021257516581186253
33 0.02157974141172885
34 0.021949523562724397
35 0.022357651067727555
36 0.02279410178342071
37 0.02324473792358485
38 0.023700176995799665
39 0.024153732491455544
40 0.02459703963532031
41 0.025022126640358085
42 0.025422249785248627
43 0.025791308922650136
44 0.026127668886517758
45 0.026428409784351868
46 0.02669187900683623
47 0.02691655726737735
48 0.027101416458266747
49 0.027249989583207297
50 0.027365377064288064
51 0.027447912525170808
52 0.02749920544042393
53 0.027522832731060175
54 0.027522865079022362
55 0.027501565579804026
56 0.027460882671143976
57 0.027404008173513735
58 0.02733280174115878
59 0.027248461037089312
60 0.02715390982010976
61 0.027052805879808073
62 0.026946585096180312
63 0.026836795280231023
64 0.026724404083070225
65 0.026611402023497953
66 0.026497910983434837
67 0.026383316719067948
68 0.02626965555200684
69 0.026156761852861414
70 0.026045771838574577
71 0.025936333623099214
72 0.025830254875706546
73 0.025727420474348724
74 0.02562431899828941
75 0.025521527357756583
76 0.02541923883061982
77 0.025317702777349807
78 0.025219623515539875
79 0.025124106318993183
80 0.02502839924562106
81 0.024933250630151206
82 0.024837892594184077
83 0.024741774731826337
84 0.024642532174599358
85 0.024540259866838807
86 0.024438800848129022
87 0.024338058327672236
88 0.024236221272506017
89 0.024133107152393616
90 0.024028569878268572
91 0.023924484010856884
92 0.023819524048169022
93 0.02371050148818724
94 0.023598304101236485
95 0.0234846024376964
96 0.02337001380042707
97 0.023252980298123463
98 0.023134404745750993
99 0.02301592173218373
100 0.022900238423235606
101 0.022788040148794462
102 0.02267875400767355
103 0.022573334000731134
104 0.022474573689440027
105 0.022383035143714876
106 0.022298249577310927
107 0.022221342892477684
108 0.022153979997857877
109 0.022097296599704077
110 0.022047688237151124
111 0.02200648387603008
112 0.02197377660540644
113 0.021952641010548783
114 0.021946344978060566
115 0.021953593256449844
116 0.02197253521010994
117 0.022002008271414027
118 0.022042802325160454
119 0.022092801060290112
120 0.02214950552754093
121 0.022210125233725075
122 0.022275614724022508
123 0.02234446580231095
124 0.022415732352454133
125 0.02249094183564848
126 0.02256915040310276
127 0.022650382519267136
128 0.02273380807759006
129 0.022818449685571833
130 0.022902752260266033
131 0.02298330537612371
132 0.023058322556852393
133 0.023126194141627802
134 0.02318342204322063
135 0.02322993659204493
136 0.02326484833598083
137 0.023286867977558592
138 0.02329500122733669
139 0.023286766260279188
140 0.023261739734551458
141 0.0232181922322945
142 0.02315689756028728
143 0.023078036678896106
144 0.022979232770497605
145 0.022860785280924972
146 0.022722928766521076
147 0.02256785420598286
148 0.022394501143416543
149 0.02220279273329208
150 0.021992579846177286
151 0.021764131028902938
152 0.021520374397153996
153 0.021260799300060283
154 0.020987885857224636
155 0.020702069671242287
156 0.020404193768586997
157 0.020097759540681416
158 0.019786419369840973
159 0.0194744324126681
160 0.01916356953042155
161 0.018860929284605962
162 0.018569064465131322
163 0.01828997048269437
164 0.01802730009708571
165 0.01777950239567067
166 0.017547109706286004
167 0.01732649573928974
168 0.017119853851562856
169 0.016928542915178108
170 0.016749290505474412
171 0.016582533953360835
172 0.01642693722915864
173 0.016284472685189608
174 0.016156776638929924
175 0.016042947426535625
176 0.015939324467616423
177 0.0158432236943171
178 0.01575557375454375
179 0.015676221090546838
180 0.015603800572475212
181 0.015537690101592118
182 0.015476497154024858
183 0.01541924315341071
184 0.01536474169846533
185 0.015310980782850701
186 0.015258768298732897
187 0.015207777431799888
188 0.015158807797707981
189 0.015112695593273807
190 0.015071251251671079
191 0.01503687596791144
192 0.015009302984106139
193 0.014989619465063497
194 0.014980292753951817
195 0.014981458828281412
196 0.014993568386360883
197 0.015016250711557018
198 0.015050007921664804
199 0.015096829611832561
200 0.015155140907668127
201 0.015226610012991195
202 0.015309205406651868
203 0.015402053067693072
204 0.015505718108994808
205 0.01561613337529567
206 0.015734427388247575
207 0.015861976948964688
208 0.015999775758526333
209 0.0161475761300482
210 0.01629987178949182
211 0.016456507687308157
212 0.016619131111118873
213 0.016784276686383374
214 0.0169491301770137
215 0.01711135531346157
216 0.017272834227640917
217 0.017434604358095837
218 0.017595753893234953
219 0.017757376314582667
220 0.017918360317839024
221 0.018077182170016883
222 0.01823532544354178
223 0.01839338888929188
224 0.018549023828683262
225 0.018701505275343283
226 0.018852377239891735
227 0.01900382636305254
228 0.01915788134637106
229 0.019313115898339606
230 0.019469333653473662
231 0.01962718748435734
232 0.019787470805603165
233 0.019951269526451352
234 0.020115209314060745
235 0.020280542247457827
236 0.020449461777630636
237 0.020620665877377965
238 0.02079312094459204
239 0.020967187744209907
240 0.02114423053933414
241 0.02132471385947756
242 0.021506679326771687
243 0.02168707082141984
244 0.02186461092701798
245 0.02203950471389046
246 0.022211161302832672
247 0.02237739782064667
248 0.02253869078125663
249 0.0226949774493308
250 0.02284521435370736
251 0.022989283824783092
252 0.023126167379070937
253 0.023255675084802124
254 0.02337506835672396
255 0.02348225847873713
256 0.023580159070683244
257 0.023667938569223394
258 0.02374415996209767
259 0.023808596976102388
260 0.023861881205260057
261 0.02390551054318498
262 0.023937391127798822
263 0.023957094916184182
264 0.023965233700486057
265 0.023961911291514728
266 0.023945776420581173
267 0.023915598388811146
268 0.023871330196225612
269 0.02381385568527348
270 0.023745345869074792
271 0.023665858642285518
272 0.023577877131980618
273 0.023481091179422292
274 0.02337530264445226
275 0.023262983555494655
276 0.023144890909144938
277 0.02302094856402735
278 0.022889019563437675
279 0.022752099686697905
280 0.022612651158012795
281 0.02246858387809735
282 0.022319295763324924
283 0.02216639003957814
284 0.022012846315371908
285 0.02185806997803382
286 0.021702631225999854
287 0.021549626179148303
288 0.021398569652592018
289 0.02124705162451046
290 0.02109599721755278
291 0.020947081312872602
292 0.02080081832269064
293 0.020661498745633524
294 0.020528617989040324
295 0.0204044185419095
296 0.020291728595940826
297 0.020188972201373837
298 0.020095529561841668
299 0.020008518629977042
300 0.01992827989988843
301 0.01985211922224286
302 0.019777842781334702
303 0.019707967130296017
304 0.01964295094636662
305 0.01958136007776985
306 0.01952412431171927
307 0.019473348823870994
308 0.019427962864904547
309 0.019386860884437977
310 0.019349410862126503
311 0.01931871586935284
312 0.019294102706737804
313 0.019273557287462207
314 0.019256732799111283
315 0.01924354135868411
316 0.019233708239621203
317 0.01922648687277891
318 0.019224330256904582
319 0.01922815195930081
320 0.01923785181961027
321 0.01925305952364703
322 0.019275339239903787
323 0.019304888037584667
324 0.019341312735010892
325 0.019384222179887813
326 0.019432493711807306
327 0.019487333075816977
328 0.01955012061199311
329 0.019621953546537164
330 0.01970174575588006
331 0.019788375373563722
332 0.019881254290865444
333 0.019979074095160046
334 0.020079540155212038
335 0.020181373815863622
336 0.020284760486118707
337 0.020390329109726425
338 0.020496482529277056
339 0.0206034474786656
340 0.020713649119365747
341 0.020825269832735593
342 0.020938925377850894
343 0.021053637447810993
344 0.021169048959992876
345 0.021283946408132096
346 0.021395785536027716
347 0.02150766977251103
348 0.021618989398840063
349 0.021728393180319144
350 0.02183679596551308
351 0.021944852228610128
352 0.022053662016781654
353 0.022162718310536695
354 0.022271030831546124
355 0.02237797227044503
356 0.022482384024341162
357 0.02258635514592422
358 0.022691393920820088
359 0.022796993414957303
360 0.022903244476278076
361 0.023008389919496705
362 0.023112967007505137
363 0.02321706636068148
364 0.023320774393423224
365 0.02342405641877378
366 0.02352541231877148
367 0.023626170968559453
368 0.02372702329202775
369 0.02382700529102525
370 0.02392269810952459
371 0.02401268615233186
372 0.024097775257684508
373 0.024178516069814672
374 0.024255640160294432
375 0.024328943450446897
376 0.024397478120865807
377 0.02446011418839499
378 0.024517113892642422
379 0.02456921752152573
380 0.024617183345981963
381 0.024661457929535377
382 0.024704551876589174
383 0.02474793557233456
384 0.024787561242157054
385 0.024821487862756127
386 0.024849219263190277
387 0.02487089362673759
388 0.024888043743348603
389 0.02489971251203312
390 0.02490687118446001
391 0.024908308049272875
392 0.024904534135542465
393 0.024896782203448833
394 0.02488419548854394
395 0.024868141522692885
396 0.024848493095242206
397 0.024825587075398742
398 0.024799285881105953
399 0.02477090056457244
400 0.024741388727609046
401 0.02470823437319552
402 0.0246707950284089
403 0.024630918226476436
404 0.02458964888493886
405 0.02454609310368564
406 0.02449741887918448
407 0.024444465051993363
408 0.024388620664336832
409 0.024328128149244288
410 0.02426353207760272
411 0.024195645939911272
412 0.024125846069019883
413 0.02405329536105939
414 0.02397888683809402
415 0.023906074243548302
416 0.023834396611488003
417 0.023762831748427197
418 0.023689538220585907
419 0.023614265828241894
420 0.023538047850397984
421 0.023460250974545585
422 0.023379931006535952
423 0.02329764767188263
424 0.02321254476571212
425 0.02312307971444117
426 0.023025985681926802
427 0.022920245172331946
428 0.02280318542108038
429 0.022671738785321114
430 0.022527360222505066
431 0.02236884706376519
432 0.022195744671277332
433 0.02200743125152106
434 0.021803812341720054
435 0.021585931914394327
436 0.02135367078500712
437 0.021110274700219627
438 0.020855883605995103
439 0.02059006395308982
440 0.020311414364231044
441 0.020015078739926934
442 0.019704494705555194
443 0.019384129494384526
444 0.019057048470274694
445 0.01872391229180679
446 0.018386093256597864
447 0.018055509353297482
448 0.017745686289347362
449 0.017466867650720648
450 0.017226244079883154
451 0.017026959537249958
452 0.016875917564818932
453 0.016768835179630088
454 0.016690497668885442
455 0.016627720763653184
456 0.0165675384535816
457 0.016503524227339424
458 0.016435768973810463
459 0.016365574750136218
460 0.016291887163189727
461 0.01621839004832171
462 0.016156079039345756
463 0.0161139284065609
464 0.016101274461770017
465 0.016133977940813126
466 0.016221366698704647
467 0.016359263747326273
468 0.016539557325716388
469 0.016757021026662933
470 0.017001657810658467
471 0.017257480824764724
472 0.017516437032126266
473 0.01777276467971621
474 0.018025988605215593
475 0.01827466791095911
476 0.018513716652093636
477 0.018741743022770256
478 0.018957850197194953
479 0.019164909586972624
480 0.019363229726841905
481 0.019550912386318606
482 0.019730014242656992
483 0.019901234628192176
484 0.020064582518343407
485 0.02021958786347815
486 0.020364792622571865
487 0.020503768305263396
488 0.020635081958634376
489 0.020756182251899118
490 0.020866581142044205
491 0.02096913009945044
492 0.021067306689552485
493 0.02116009940137344
494 0.021250702606635224
495 0.02134079432837686
496 0.021432449638843165
497 0.021526917827851832
498 0.021624747663728405
499 0.02172481400807491
500 0.021825595866727034
501 0.021928493550812375
502 0.022034942698938517
503 0.022144752718010054
504 0.02225520296263344
505 0.022365828333869377
506 0.022477056875563763
507 0.022587722177631983
508 0.02269506729474567
509 0.02279897207080737
510 0.022900649909715614
511 0.02299990760171541
512 0.023094854005181555
513 0.023184822303441332
514 0.023270548229238044
515 0.023350086989034367
516 0.023422797084602844
517 0.02348699187539051
518 0.023543190308171792
519 0.02359156200690305
520 0.02363041197804841
521 0.023659154899277387
522 0.023678427479847268
523 0.023690379575892324
524 0.023694375339135737
525 0.023687954291290673
526 0.023671560283432577
527 0.023647274162353366
528 0.023614163071081037
529 0.023571609707345783
530 0.023521006886891974
531 0.023463119576148002
532 0.02339768061109665
533 0.023323737237538326
534 0.023242439357002737
535 0.023154791047347117
536 0.023061162640439895
537 0.022962222750549943
538 0.02285767537561644
539 0.02274612024213297
540 0.022628868760157628
541 0.02250812184040236
542 0.02238243508914835
543 0.022254436971348462
544 0.022125608785000212
545 0.021997750538218928
546 0.02187095080055184
547 0.021743052168321737
548 0.021616568356565044
549 0.02148974943085737
550 0.02136284088894784
551 0.021237720487756892
552 0.021115128426462203
553 0.020993768654111844
554 0.020871144422126
555 0.020748019937389738
556 0.02062641204243025
557 0.020507906505502795
558 0.020390755834707112
559 0.020272717897214434
560 0.020157931026547487
561 0.020048116807690957
562 0.019940994581531406
563 0.019836076246796796
564 0.019732637922450946
565 0.019631601817281172
566 0.01953079536080146
567 0.019429687225733648
568 0.019329503050950644
569 0.01922794864988959
570 0.019124978082871846
571 0.019019919140378618
572 0.01891295040594869
573 0.01880530241430911
574 0.018696250227150463
575 0.018587112332178645
576 0.01847942795187558
577 0.018375143384934116
578 0.018274314581197163
579 0.01817818435391395
580 0.018087540449817474
581 0.018000426534003078
582 0.017918352436275455
583 0.017840703452610178
584 0.01776963224196332
585 0.01770609772075452
586 0.01764981660426091
587 0.017603257994100008
588 0.017564645189699378
589 0.017534267676961736
590 0.017511518329081478
591 0.017494836029371092
592 0.017484030868474377
593 0.01747659643837223
594 0.017472690637545838
595 0.017472681137760418
596 0.01747449104656152
597 0.01747903211787613
598 0.017486249969377532
599 0.01749727303544158
600 0.01751234741179039
601 0.017530266210227834
602 0.017552409332543158
603 0.017576918949722752
604 0.01760469185193854
605 0.017637107645385473
606 0.017674973899636185
607 0.017719153725355895
608 0.017769917749420307
609 0.017827165703468716
610 0.017891675654233254
611 0.017963660407097445
612 0.01804289990271302
613 0.018129468062721643
614 0.018223810399647426
615 0.01832776324514273
616 0.018443886290057315
617 0.018573776922786805
618 0.018715638925874085
619 0.018868778366848714
620 0.01903433649533001
621 0.019213164792579018
622 0.019403200700147612
623 0.01960204211994528
624 0.019809153910294405
625 0.0200227202505197
626 0.02024009921758976
627 0.02046208134281059
628 0.020687430933686385
629 0.020912359043220346
630 0.021132617680406095
631 0.021347983681638042
632 0.02156060590380702
633 0.02176887362895256
634 0.021970693496387955
635 0.02216340539621859
636 0.02234627559100098
637 0.022517568277576457
638 0.022675414899070247
639 0.022820709697140687
640 0.022952511334891037
641 0.023070103145674585
642 0.02317500158492288
643 0.023268270880892603
644 0.023348769967815063
645 0.02341332136986798
646 0.023461859107935818
647 0.023495262825093306
648 0.0235124001039392
649 0.023513520610952264
650 0.023499287689598553
651 0.0234708737003844
652 0.023430862389365453
653 0.023382202899090862
654 0.023326029048797752
655 0.02326358031094391
656 0.023196595418079575
657 0.023123856413168307
658 0.02304312420926794
659 0.02295255602765353
660 0.022854133121762432
661 0.022749835533082814
662 0.022640024438532542
663 0.022528082969835585
664 0.02241581469810291
665 0.02230649250480491
666 0.022203195301802096
667 0.022103203098629728
668 0.02200594254245261
669 0.02191262950960055
670 0.021823587407291026
671 0.021739151459410463
672 0.021656332154665427
673 0.021577187506750514
674 0.021503467510394725
675 0.021435188439701342
676 0.021372680272267977
677 0.021316402824918916
678 0.021267933186407992
679 0.02122449871702563
680 0.02118655233501329
681 0.021154526876728644
682 0.021128442218754963
683 0.02110651246164436
684 0.021089033297631708
685 0.021077615726183132
686 0.021068988831118032
687 0.021062027829080957
688 0.02105428643521683
689 0.021044003853114664
690 0.02102953574339083
691 0.021011449982953928
692 0.020993718741899245
693 0.020976338936000198
694 0.020958586531915773
695 0.020939445310486356
696 0.02091839944247174
697 0.020896847185982354
698 0.02087468315941304
699 0.020849642158157947
700 0.020820902256700226
701 0.020791653216286045
702 0.02076335602631608
703 0.020734622384305637
704 0.020705331015617612
705 0.02067819010351443
706 0.020654586863745352
707 0.020632369084558715
708 0.020613604239087497
709 0.020603068390720302
710 0.02060159020392829
711 0.02060695337330214
712 0.020618098027296743
713 0.020636667976862106
714 0.020662836176396297
715 0.02069502614657209
716 0.020732286418919756
717 0.02077583602870917
718 0.02082710941078308
719 0.020886936317799813
720 0.020953455226250674
721 0.021023657115732914
722 0.02109712084649836
723 0.021171621226285745
724 0.02124560510256507
725 0.021316423828080192
726 0.021381833367574092
727 0.021440592913046105
728 0.021491009353316874
729 0.021533003359375764
730 0.02156411240773475
731 0.02158351588713291
732 0.021590895321408534
733 0.021585093941194355
734 0.021563255861099778
735 0.021522308650086055
736 0.021461993198644502
737 0.02138277398098559
738 0.021283806315183906
739 0.021164926247238605
740 0.021025041783262824
741 0.020865138023062217
742 0.020685815858331503
743 0.020488699642049427
744 0.02027811608953881
745 0.020055540910154584
746 0.019827092169944664
747 0.0195945558429519
748 0.019363631488572963
749 0.019140438802592096
750 0.018927607075114167
751 0.018733875836263576
752 0.018564413518215323
753 0.018429153634126123
754 0.01833565857530328
755 0.018290630288838802
756 0.018303830347637808
757 0.018378675272690114
758 0.018523235739112638
759 0.01874513554574462
760 0.019051339933581095
761 0.01944872721971973
762 0.01994190639772091
763 0.020538282239375084
764 0.021239890037505926
765 0.022046389827389986
766 0.02295823346185551
767 0.023973514589714036
768 0.025089694921803983
769 0.026299927646583007
770 0.0275959920946454
771 0.02896977585473521
772 0.030410948066616858
773 0.031907944397729794
774 0.033447352287276806
775 0.035014021979863766
776 0.03659132816592491
777 0.038162101841880826
778 0.03970760354890111
779 0.04120790227524243
780 0.04264377203181581
781 0.043994877047425496
782 0.04524079806822654
783 0.04636094179989274
784 0.04733824661215579
785 0.048159600086811666
786 0.048808900164859226
787 0.04927532056336558
788 0.04955220203586548
789 0.0496365119043847
790 0.04952796919890386
791 0.04922323290700188
792 0.04872541005782887
793 0.0480418840863064
794 0.04718724747388916
795 0.04617825575563296
796 0.045030708915496334
797 0.043764433016661705
798 0.04239872412987507
799 0.040953563248916136
800 0.03944968037015346
801 0.037910629596323714
802 0.036357099153545486
803 0.034808595851881126
804 0.03328594757990979
805 0.03180619679755711
806 0.03038329420098031
807 0.029025579165694048
808 0.027741108564308434
809 0.026540046414066328
810 0.025431248379188035
811 0.02442214997362084
812 0.023516102687761654
813 0.022714986275027958
814 0.02202008971781731
815 0.021431318887518674
816 0.020946912898401004
817 0.020564656723412063
818 0.0202809083568653
819 0.02008893894235013
820 0.019981029242762887
821 0.01994819090939019
822 0.01998126777443502
823 0.020072156802274855
824 0.02021147620674221
825 0.02039193118747624
826 0.020607217459218334
827 0.020853075341890594
828 0.021121704078306835
829 0.02140259889435678
830 0.021690769516245
831 0.021980467656636086
832 0.022265482315380968
833 0.022538497597502632
834 0.02279612727906131
835 0.0230382188322455
836 0.023263971718488728
837 0.02347088474768683
838 0.023658212635514375
839 0.023825801665305013
840 0.023973638415014847
841 0.02410141750102177
842 0.024206920691287152
843 0.024292377044638824
844 0.024360000310559113
845 0.0244125982435412
846 0.024452087511076727
847 0.024478082194268117
848 0.02449228746667622
849 0.02449418101750576
850 0.024485326890750694
851 0.024468553665919147
852 0.024445155307351238
853 0.02441715426083132
854 0.024384333360540432
855 0.024347233508126682
856 0.0243056241078283
857 0.02425782916317926
858 0.024204232325994158
859 0.024146293494635967
860 0.02408575527982561
861 0.024022943560579334
862 0.023958928689635003
863 0.023893979087083895
864 0.023825682688978077
865 0.023752051431860568
866 0.023671486382962747
867 0.023584284387425786
868 0.023489326940900758
869 0.02338379902843995
870 0.0232679551248294
871 0.0231418346976185
872 0.023004909617207588
873 0.02285758563631227
874 0.022700694060539706
875 0.022534273458466692
876 0.0223584700516019
877 0.022173478568553204
878 0.02198178747455876
879 0.02178810299034649
880 0.02159459112365884
881 0.0214036858318162
882 0.02121873766375226
883 0.021042933903347973
884 0.020880441690666298
885 0.020734344905670134
886 0.020610814996302306
887 0.02051428131662635
888 0.020448847555715487
889 0.020420152007080788
890 0.020433558850503714
891 0.020494441046737605
892 0.020605206968901148
893 0.020770514581146735
894 0.020994435638305584
895 0.02128056573275304
896 0.021632150089331528
897 0.02204877694439262
898 0.022528941309008885
899 0.02306834264579393
900 0.023664941986662063
901 0.02431712172678295
902 0.025019963634253593
903 0.025766015365602985
904 0.026546999410032062
905 0.02735825195624321
906 0.02819258870552119
907 0.029039293126886717
908 0.0298885217912113
909 0.03073105250821711
910 0.03155765935051557
911 0.032355632395513145
912 0.03311169820421619
913 0.033814995449890174
914 0.03444987931208042
915 0.035002955539202164
916 0.03546329267544065
917 0.03582160029597675
918 0.03607020574680602
919 0.03620080733279923
920 0.03621010178550624
921 0.03609778648676703
922 0.03586651424581135
923 0.03552274879538181
924 0.03507637266149411
925 0.034537339565558524
926 0.0339136410954691
927 0.03321694163543293
928 0.03245926448251116
929 0.031650909612024256
930 0.03080157835788418
931 0.029922259673755277
932 0.029024472126355855
933 0.028116528850891383
934 0.027205624752231695
935 0.026301168383795273
936 0.025412502526807434
937 0.02454696257793229
938 0.023712064258657316
939 0.022914153579206488
940 0.02215972463230114
941 0.021454197886940474
942 0.020800378876489466
943 0.020199659308483924
944 0.01965508458738471
945 0.019168453819702
946 0.018737319891933158
947 0.018358589874705972
948 0.018030085166613315
949 0.01775182966309362
950 0.017520634040192988
951 0.017331200940458223
952 0.01718153182391797
953 0.017068867999749576
954 0.016991459531147873
955 0.016943000639625675
956 0.016920236601906363
957 0.01692071675086776
958 0.01693896984340718
959 0.016972740289182532
960 0.01701708024991944
961 0.017069695002679193
962 0.01712616201881068
963 0.017183589367867506
964 0.017241454441903042
965 0.017295073079957965
966 0.01734362123119467
967 0.01738736055059365
968 0.017425540515296656
969 0.01745719004354646
970 0.01748169533317332
971 0.017498927482277438
972 0.017507829448055446
973 0.01750745136288486
974 0.017499491461906047
975 0.01748591371210545
976 0.017466845791918328
977 0.017441333266020792
978 0.017410987844064127
979 0.017377292474333336
980 0.017339171560471146
981 0.017295479562612927
982 0.01724652160969963
983 0.01719565304042395
984 0.01714592755592118
985 0.01709774936461754
986 0.017053182293947016
987 0.01701473489105045
988 0.016983774715097627
989 0.016961042870326935
990 0.016947030901931392
991 0.01694264012170106
992 0.01694606471607059
993 0.016955339997931942
994 0.01697202031605745
995 0.016995935659791735
996 0.01702614305511621
997 0.01706462960293355
998 0.017111363603410406
999 0.01716531744701175
1000 0.017224430158290897
1001 0.017287647772498544
1002 0.01735595753631735
1003 0.017427656719153133
1004 0.017501323654254136
1005 0.017577667752823708
1006 0.01765821737411336
1007 0.017742495123391207
1008 0.017828648894957926
1009 0.017914978561104026
1010 0.01800070438973612
1011 0.018085732425214485
1012 0.01816891157103155
1013 0.01825138388948458
1014 0.018332695586047897
1015 0.018411715962655315
1016 0.01848906640219092
1017 0.018564155498145465
1018 0.018637236488503982
1019 0.01870726059582676
1020 0.018777561878924612
1021 0.018849853491210756
1022 0.018924388933551244
1023 0.019001813807596645
1024 0.019080664564543014
1025 0.01916314165045669
1026 0.0192482252188797
1027 0.019335130155964782
1028 0.019421645982714657
1029 0.019508878101641515
1030 0.019599021034065904
1031 0.019690758394643612
1032 0.01978496630239953
1033 0.01988089585135944
1034 0.019979263238052495
1035 0.020080123901163555
1036 0.02018345259384138
1037 0.020289370100444782
1038 0.020396688012504282
1039 0.02050573098894105
1040 0.020615950173799913
1041 0.02072574450861737
1042 0.02083397747036607
1043 0.020940919026599666
1044 0.021043823708603887
1045 0.02114169051226898
1046 0.02123661980153458
1047 0.021329608668026585
1048 0.021420530994998837
1049 0.021505988567210328
1050 0.02158654537882199
1051 0.021662541356015898
1052 0.021731925066051292
1053 0.021794736767043396
1054 0.021849453753401152
1055 0.02189688604662516
1056 0.021934874343388155
1057 0.021961389086416407
1058 0.02197781056254414
1059 0.021983255442010328
1060 0.02197735255735788
1061 0.021958702915478644
1062 0.021926744505660935
1063 0.021883186963080642
1064 0.02182729454269943
1065 0.021759221605240638
1066 0.02168057948201493
1067 0.0215934479740037
1068 0.021498675493257388
1069 0.021394492348065924
1070 0.021279250301129166
1071 0.02115286372331643
1072 0.02101478805081787
1073 0.02086532802148507
1074 0.020706879366587785
1075 0.02053947039247664
1076 0.020363106888918108
1077 0.02017876253803688
1078 0.019987260365654836
1079 0.0197909818781509
1080 0.019592537243664932
1081 0.019395825514251976
1082 0.01920364984575889
1083 0.019016694374228257
1084 0.01883683667488052
1085 0.018665749598378627
1086 0.018504075362082522
1087 0.018349823053442373
1088 0.018201317954022227
1089 0.018058388546560267
1090 0.0179229135214768
1091 0.01779586314217475
1092 0.017675409166699473
1093 0.017559978027314366
1094 0.017450009548928225
1095 0.017348478873948126
1096 0.017254929284464076
1097 0.017168813805120326
1098 0.017090698377924336
1099 0.017020429044605698
1100 0.01695863306162289
1101 0.01690404233800182
1102 0.016855562052089792
1103 0.016812290600867478
1104 0.016772966212338612
1105 0.01673675607306592
1106 0.016703407685289853
1107 0.016673055635811916
1108 0.016646172749142214
1109 0.01662169189947341
1110 0.016597588076040892
1111 0.016576754235081988
1112 0.01656216954647898
1113 0.01655535303260252
1114 0.016555989080288207
1115 0.016563475758574742
1116 0.016580247958780388
1117 0.016605664814374914
1118 0.01664005937167029
1119 0.016683341597128313
1120 0.016734301857595682
1121 0.01679232719017192
1122 0.01685450848828845
1123 0.016920863269777736
1124 0.016991126000841232
1125 0.017065986628321917
1126 0.017147291645261947
1127 0.01723349140422497
1128 0.01732576036590699
1129 0.017425024766738545
1130 0.017530505282561563
1131 0.017641109539236338
1132 0.017753359450510778
1133 0.017868236976813955
1134 0.017986847600926045
1135 0.018108766138925363
1136 0.018232144764642865
1137 0.018355390168369907
1138 0.01847828235929726
1139 0.01860144781745878
1140 0.018725666848287224
1141 0.018848478799477587
1142 0.018969176662076186
1143 0.01908835841158893
1144 0.019208014849355172
1145 0.019328195452221357
1146 0.01944789827582545
1147 0.0195687930909641
1148 0.019692485851295592
1149 0.019817970350648778
1150 0.019943407561501515
1151 0.020067344056673896
1152 0.020190225185341727
1153 0.020313207525029308
1154 0.020437568586921966
1155 0.020564759998248614
1156 0.020694506124938193
1157 0.020826358829487898
1158 0.02096057358270848
1159 0.021097087041476826
1160 0.02123254833199223
1161 0.021365736889189513
1162 0.021496657623022473
1163 0.021625102158282606
1164 0.02175086719682432
1165 0.021872420051621686
1166 0.021990116535760364
1167 0.0221046354556573
1168 0.022216397428444168
1169 0.022323950508298943
1170 0.02242507229416747
1171 0.02251838477531749
1172 0.022604631900627642
1173 0.022682871224172188
1174 0.022751930423615275
1175 0.02281437676099331
1176 0.02287202314444108
1177 0.022923558092139723
1178 0.022967546173512127
1179 0.023002745158464954
1180 0.02302995322225134
1181 0.023048722050106003
1182 0.023057984626930705
1183 0.02305814159440734
1184 0.023051149961820068
1185 0.023039063734430276
1186 0.023019715264136768
1187 0.022991448867065795
1188 0.022954286319723075
1189 0.022909637932689016
1190 0.022855516609060943
1191 0.022791962379541356
1192 0.022721376237686074
1193 0.022646383047457138
1194 0.022567362041608606
1195 0.022484937054974174
1196 0.022401083099577498
1197 0.022315783473728017
1198 0.022229209631870864
1199 0.022139873330861985
1200 0.022046968866967817
1201 0.021951112684472723
1202 0.021852490566965622
1203 0.02175297147436328
1204 0.021655121488570732
1205 0.021557701985601304
1206 0.021458416021667294
1207 0.021356272291254256
1208 0.021254930097685906
1209 0.021156545070090634
1210 0.02105802331362984
1211 0.020958997393323027
1212 0.02086189200818362
1213 0.020766455638842093
1214 0.020669881385692025
1215 0.020569521789152223
1216 0.02046198125773995
1217 0.02034715452989848
1218 0.020223348039545043
1219 0.02009149024722097
1220 0.019952746492802823
1221 0.01980818143844498
1222 0.019658721159878455
1223 0.019501961318953535
1224 0.019338915974086626
1225 0.01916902317530086
1226 0.018992015766884016
1227 0.018807928371458928
1228 0.018612951785231837
1229 0.018406288433683533
1230 0.01818860297718172
1231 0.017962516583501686
1232 0.017732993907077416
1233 0.01750079117683667
1234 0.01726975274261181
1235 0.017042836690056976
1236 0.01682526575335813
1237 0.016626310239077863
1238 0.01645398425695821
1239 0.01631480749028371
1240 0.016211400453111837
1241 0.01614213937266139
1242 0.016101163479632915
1243 0.016087595427152428
1244 0.016097267183035596
1245 0.01611913546827084
1246 0.01614644012251732
1247 0.016179030467623416
1248 0.01621776412059423
1249 0.016249398121271488
1250 0.01626036379862442
1251 0.016249398121271418
1252 0.016217764120594284
1253 0.016179030467623364
1254 0.016146440122517328
1255 0.016119135468270842
1256 0.016097267183035564
1257 0.016087595427152428
1258 0.016101163479632908
1259 0.016142139372661356
1260 0.016211400453111858
1261 0.01631480749028372
1262 0.016453984256958147
1263 0.016626310239077853
1264 0.016825265753358097
1265 0.017042836690056982
1266 0.017269752742611846
1267 0.0175007911768367
1268 0.01773299390707741
1269 0.01796251658350172
1270 0.01818860297718178
1271 0.01840628843368353
1272 0.01861295178523185
1273 0.018807928371458935
1274 0.018992015766884
1275 0.019169023175300913
1276 0.0193389159740867
1277 0.019501961318953508
1278 0.01965872115987845
1279 0.019808181438444983
1280 0.019952746492802795
1281 0.020091490247220997
1282 0.02022334803954503
1283 0.020347154529898468
1284 0.02046198125773994
1285 0.020569521789152247
1286 0.020669881385692083
1287 0.020766455638842083
1288 0.02086189200818364
1289 0.020958997393323006
1290 0.021058023313629836
1291 0.021156545070090665
1292 0.021254930097685885
1293 0.021356272291254228
1294 0.021458416021667308
1295 0.021557701985601446
1296 0.021655121488570735
1297 0.02175297147436321
1298 0.021852490566965598
1299 0.021951112684472727
1300 0.022046968866967852
1301 0.022139873330861967
1302 0.022229209631870802
1303 0.022315783473728062
1304 0.022401083099577494
1305 0.022484937054974237
1306 0.022567362041608696
1307 0.022646383047457166
1308 0.022721376237686004
1309 0.022791962379541345
1310 0.022855516609061016
1311 0.02290963793268905
1312 0.02295428631972308
1313 0.022991448867065882
1314 0.02301971526413681
1315 0.023039063734430258
1316 0.023051149961820082
1317 0.023058141594407264
1318 0.023057984626930726
1319 0.023048722050105993
1320 0.023029953222251303
1321 0.023002745158464913
1322 0.02296754617351213
1323 0.022923558092139727
1324 0.022872023144441082
1325 0.02281437676099331
1326 0.022751930423615247
1327 0.022682871224172195
1328 0.022604631900627687
1329 0.02251838477531752
1330 0.022425072294167504
1331 0.02232395050829885
1332 0.02221639742844412
1333 0.022104635455657256
1334 0.021990116535760388
1335 0.02187242005162166
1336 0.021750867196824432
1337 0.021625102158282613
1338 0.02149665762302248
1339 0.021365736889189517
1340 0.021232548331992184
1341 0.021097087041476854
1342 0.02096057358270851
1343 0.02082635882948781
1344 0.020694506124938224
1345 0.02056475999824863
1346 0.020437568586921917
1347 0.02031320752502926
1348 0.02019022518534173
1349 0.020067344056673913
1350 0.01994340756150154
1351 0.019817970350648823
1352 0.019692485851295505
1353 0.01956879309096409
1354 0.01944789827582547
1355 0.019328195452221416
1356 0.019208014849355175
1357 0.019088358411588926
1358 0.018969176662076162
1359 0.01884847879947759
1360 0.018725666848287192
1361 0.01860144781745876
1362 0.0184782823592973
1363 0.01835539016836989
1364 0.018232144764642823
1365 0.018108766138925314
1366 0.017986847600926083
1367 0.017868236976813896
1368 0.017753359450510778
1369 0.017641109539236383
1370 0.01753050528256154
1371 0.01742502476673863
1372 0.01732576036590693
1373 0.017233491404225032
1374 0.017147291645261947
1375 0.017065986628321927
1376 0.016991126000841208
1377 0.016920863269777757
1378 0.016854508488288508
1379 0.01679232719017196
1380 0.016734301857595675
1381 0.016683341597128337
1382 0.016640059371670287
1383 0.016605664814374844
1384 0.016580247958780384
1385 0.016563475758574763
1386 0.016555989080288196
1387 0.016555353032602547
1388 0.016562169546478996
1389 0.01657675423508196
1390 0.01659758807604084
1391 0.016621691899473403
1392 0.016646172749142252
1393 0.01667305563581193
1394 0.01670340768528988
1395 0.01673675607306586
1396 0.016772966212338664
1397 0.01681229060086751
1398 0.016855562052089827
1399 0.016904042338001853
1400 0.016958633061622888
1401 0.01702042904460569
1402 0.017090698377924336
1403 0.017168813805120337
1404 0.017254929284464114
1405 0.01734847887394816
1406 0.01745000954892821
1407 0.017559978027314415
1408 0.017675409166699536
1409 0.0177958631421747
1410 0.017922913521476784
1411 0.01805838854656028
1412 0.01820131795402223
1413 0.018349823053442342
1414 0.018504075362082522
1415 0.01866574959837858
1416 0.018836836674880512
1417 0.019016694374228288
1418 0.019203649845758883
1419 0.019395825514251994
1420 0.019592537243664946
1421 0.019790981878150884
1422 0.019987260365654777
1423 0.020178762538036864
1424 0.02036310688891809
1425 0.020539470392476628
1426 0.020706879366587706
1427 0.02086532802148504
1428 0.021014788050817888
1429 0.021152863723316415
1430 0.021279250301129107
1431 0.021394492348065938
1432 0.021498675493257353
1433 0.02159344797400374
1434 0.021680579482014906
1435 0.021759221605240638
1436 0.021827294542699473
1437 0.021883186963080642
1438 0.021926744505661008
1439 0.021958702915478624
1440 0.021977352557357867
1441 0.02198325544201034
1442 0.021977810562544105
1443 0.02196138908641644
1444 0.021934874343388183
1445 0.02189688604662516
1446 0.02184945375340115
1447 0.021794736767043393
1448 0.021731925066051285
1449 0.021662541356015842
1450 0.021586545378821938
1451 0.02150598856721028
1452 0.02142053099499884
1453 0.02132960866802654
1454 0.021236619801534608
1455 0.021141690512268975
1456 0.021043823708603932
1457 0.02094091902659961
1458 0.020833977470366083
1459 0.02072574450861741
1460 0.020615950173799902
1461 0.020505730988941047
1462 0.02039668801250422
1463 0.020289370100444765
1464 0.020183452593841345
1465 0.020080123901163507
1466 0.019979263238052446
1467 0.019880895851359475
1468 0.019784966302399468
1469 0.01969075839464363
1470 0.019599021034065977
1471 0.019508878101641553
1472 0.019421645982714678
1473 0.019335130155964816
1474 0.019248225218879707
1475 0.019163141650456746
1476 0.01908066456454308
1477 0.019001813807596593
1478 0.01892438893355128
1479 0.01884985349121079
1480 0.018777561878924674
1481 0.018707260595826863
1482 0.018637236488504
1483 0.018564155498145506
1484 0.018489066402190914
1485 0.01841171596265534
1486 0.01833269558604785
1487 0.018251383889484617
1488 0.01816891157103148
1489 0.018085732425214444
1490 0.018000704389736073
1491 0.017914978561104036
1492 0.01782864889495796
1493 0.017742495123391138
1494 0.01765821737411335
1495 0.017577667752823673
1496 0.01750132365425418
1497 0.017427656719153167
1498 0.017355957536317357
1499 0.017287647772498558
1500 0.017224430158290914
1501 0.017165317447011733
1502 0.017111363603410482
1503 0.017064629602933503
1504 0.017026143055116186
1505 0.016995935659791725
1506 0.016972020316057414
1507 0.016955339997931966
1508 0.016946064716070602
1509 0.01694264012170103
1510 0.016947030901931424
1511 0.016961042870326955
1512 0.016983774715097617
1513 0.017014734891050487
1514 0.01705318229394702
1515 0.017097749364617488
1516 0.01714592755592124
1517 0.01719565304042394
1518 0.017246521609699583
1519 0.01729547956261288
1520 0.017339171560471153
1521 0.01737729247433327
1522 0.017410987844064134
1523 0.01744133326602078
1524 0.017466845791918303
1525 0.017485913712105464
1526 0.017499491461906023
1527 0.01750745136288483
1528 0.01750782944805541
1529 0.017498927482277434
1530 0.017481695333173272
1531 0.017457190043546462
1532 0.01742554051529671
1533 0.01738736055059369
1534 0.01734362123119456
1535 0.017295073079957986
1536 0.017241454441903028
1537 0.01718358936786749
1538 0.017126162018810665
1539 0.017069695002679193
1540 0.01701708024991941
1541 0.01697274028918255
1542 0.016938969843407158
1543 0.01692071675086778
1544 0.016920236601906346
1545 0.016943000639625696
1546 0.016991459531147824
1547 0.01706886799974959
1548 0.017181531823918007
1549 0.017331200940458206
1550 0.01752063404019304
1551 0.01775182966309365
1552 0.018030085166613297
1553 0.018358589874705962
1554 0.018737319891933262
1555 0.019168453819702027
1556 0.019655084587384693
1557 0.02019965930848392
1558 0.020800378876489528
1559 0.02145419788694058
1560 0.022159724632301172
1561 0.022914153579206488
1562 0.0237120642586573
1563 0.024546962577932332
1564 0.025412502526807355
1565 0.026301168383795284
1566 0.027205624752231622
1567 0.028116528850891373
1568 0.029024472126355876
1569 0.029922259673755162
1570 0.03080157835788417
1571 0.03165090961202431
1572 0.03245926448251112
1573 0.03321694163543299
1574 0.03391364109546904
1575 0.03453733956555852
1576 0.03507637266149405
1577 0.03552274879538166
1578 0.03586651424581137
1579 0.036097786486767154
1580 0.036210101785506196
1581 0.03620080733279938
1582 0.036070205746806014
1583 0.03582160029597665
1584 0.035463292675440586
1585 0.03500295553920214
1586 0.03444987931208042
1587 0.03381499544989015
1588 0.03311169820421628
1589 0.032355632395513124
1590 0.031557659350515556
1591 0.03073105250821719
1592 0.029888521791211372
1593 0.029039293126886693
1594 0.02819258870552118
1595 0.027358251956243262
1596 0.026546999410031955
1597 0.025766015365602954
1598 0.02501996363425356
1599 0.02431712172678297
1600 0.02366494198666213
1601 0.02306834264579386
1602 0.022528941309008878
1603 0.022048776944392674
1604 0.02163215008933162
1605 0.021280565732753026
1606 0.02099443563830553
1607 0.020770514581146652
1608 0.02060520696890115
1609 0.020494441046737612
1610 0.020433558850503714
1611 0.02042015200708087
1612 0.02044884755571557
1613 0.020514281316626394
1614 0.020610814996302337
1615 0.02073434490567011
1616 0.02088044169066629
1617 0.021042933903347938
1618 0.021218737663752266
1619 0.02140368583181625
1620 0.021594591123658816
1621 0.021788102990346492
1622 0.02198178747455889
1623 0.022173478568553288
1624 0.02235847005160188
1625 0.02253427345846665
1626 0.022700694060539706
1627 0.02285758563631229
1628 0.023004909617207622
1629 0.023141834697618522
1630 0.023267955124829324
1631 0.023383799028439983
1632 0.02348932694090078
1633 0.023584284387425766
1634 0.02367148638296279
1635 0.023752051431860547
1636 0.023825682688978115
1637 0.0238939790870839
1638 0.023958928689635013
1639 0.024022943560579373
1640 0.02408575527982556
1641 0.02414629349463587
1642 0.024204232325994106
1643 0.024257829163179243
1644 0.024305624107828296
1645 0.024347233508126655
1646 0.024384333360540435
1647 0.024417154260831346
1648 0.02444515530735128
1649 0.024468553665919143
1650 0.024485326890750735
1651 0.02449418101750569
1652 0.02449228746667617
1653 0.024478082194268117
1654 0.024452087511076716
1655 0.02441259824354123
1656 0.02436000031055908
1657 0.024292377044638835
1658 0.024206920691287107
1659 0.024101417501021745
1660 0.02397363841501486
1661 0.023825801665305006
1662 0.023658212635514403
1663 0.023470884747686844
1664 0.0232639717184887
1665 0.023038218832245484
1666 0.022796127279061322
1667 0.022538497597502632
1668 0.022265482315380968
1669 0.02198046765663608
1670 0.021690769516245087
1671 0.02140259889435673
1672 0.02112170407830676
1673 0.020853075341890633
1674 0.020607217459218376
1675 0.020391931187476297
1676 0.02021147620674222
1677 0.02007215680227482
1678 0.019981267774435003
1679 0.01994819090939026
1680 0.01998102924276287
1681 0.02008893894235014
1682 0.02028090835686539
1683 0.020564656723412063
1684 0.020946912898401067
1685 0.021431318887518706
1686 0.02202008971781727
1687 0.02271498627502794
1688 0.02351610268776165
1689 0.024422149973620803
1690 0.025431248379188053
1691 0.0265400464140663
1692 0.027741108564308368
1693 0.0290255791656941
1694 0.03038329420098032
1695 0.03180619679755715
1696 0.03328594757990973
1697 0.03480859585188117
1698 0.0363570991535455
1699 0.03791062959632376
1700 0.0394496803701535
1701 0.04095356324891614
1702 0.04239872412987503
1703 0.04376443301666176
1704 0.04503070891549621
1705 0.04617825575563299
1706 0.04718724747388916
1707 0.04804188408630652
1708 0.04872541005782887
1709 0.04922323290700188
1710 0.04952796919890382
1711 0.04963651190438474
1712 0.049552202035865495
1713 0.04927532056336564
1714 0.04880890016485932
1715 0.04815960008681158
1716 0.04733824661215583
1717 0.046360941799892655
1718 0.045240798068226507
1719 0.04399487704742546
1720 0.042643772031815824
1721 0.041207902275242334
1722 0.03970760354890113
1723 0.03816210184188085
1724 0.036591328165924995
1725 0.035014021979863856
1726 0.033447352287276716
1727 0.03190794439772981
1728 0.0304109480666168
1729 0.028969775854735192
1730 0.027595992094645357
1731 0.026299927646583003
1732 0.02508969492180397
1733 0.023973514589714074
1734 0.022958233461855472
1735 0.022046389827390062
1736 0.02123989003750597
1737 0.020538282239375046
1738 0.01994190639772092
1739 0.019448727219719665
1740 0.019051339933581022
1741 0.01874513554574464
1742 0.01852323573911264
1743 0.018378675272690104
1744 0.018303830347637814
1745 0.01829063028883877
1746 0.018335658575303306
1747 0.01842915363412613
1748 0.018564413518215278
1749 0.018733875836263587
1750 0.018927607075114154
1751 0.019140438802592065
1752 0.01936363148857298
1753 0.019594555842951892
1754 0.019827092169944598
1755 0.020055540910154598
1756 0.020278116089538844
1757 0.02048869964204945
1758 0.020685815858331475
1759 0.020865138023062235
1760 0.021025041783262814
1761 0.021164926247238595
1762 0.021283806315183843
1763 0.02138277398098556
1764 0.021461993198644468
1765 0.021522308650086086
1766 0.02156325586109978
1767 0.02158509394119438
1768 0.021590895321408555
1769 0.021583515887132882
1770 0.021564112407734787
1771 0.021533003359375736
1772 0.021491009353316867
1773 0.021440592913046057
1774 0.021381833367574064
1775 0.021316423828080237
1776 0.021245605102565058
1777 0.021171621226285707
1778 0.021097120846498407
1779 0.0210236571157329
1780 0.020953455226250736
1781 0.02088693631779985
1782 0.020827109410783074
1783 0.020775836028709194
1784 0.02073228641891973
1785 0.02069502614657209
1786 0.02066283617639626
1787 0.020636667976862113
1788 0.02061809802729679
1789 0.020606953373302168
1790 0.020601590203928228
1791 0.02060306839072038
1792 0.020613604239087473
1793 0.02063236908455873
1794 0.02065458686374535
1795 0.02067819010351441
1796 0.020705331015617605
1797 0.02073462238430564
1798 0.020763356026316095
1799 0.020791653216286093
1800 0.020820902256700143
1801 0.020849642158157947
1802 0.02087468315941305
1803 0.02089684718598238
1804 0.02091839944247174
1805 0.02093944531048633
1806 0.0209585865319158
1807 0.020976338936000222
1808 0.0209937187418993
1809 0.021011449982953886
1810 0.021029535743390764
1811 0.02104400385311469
1812 0.021054286435216875
1813 0.02106202782908098
1814 0.02106898883111808
1815 0.0210776157261831
1816 0.02108903329763174
1817 0.021106512461644338
1818 0.021128442218754998
1819 0.021154526876728592
1820 0.021186552335013206
1821 0.02122449871702568
1822 0.02126793318640793
1823 0.021316402824918916
1824 0.021372680272267946
1825 0.021435188439701363
1826 0.021503467510394756
1827 0.021577187506750535
1828 0.021656332154665368
1829 0.021739151459410452
1830 0.021823587407291015
1831 0.021912629509600576
1832 0.0220059425424526
1833 0.022103203098629714
1834 0.022203195301802137
1835 0.022306492504804903
1836 0.02241581469810288
1837 0.022528082969835606
1838 0.02264002443853257
1839 0.022749835533082803
1840 0.02285413312176243
1841 0.02295255602765349
1842 0.023043124209267976
1843 0.023123856413168276
1844 0.023196595418079585
1845 0.023263580310943863
1846 0.023326029048797794
1847 0.023382202899090872
1848 0.023430862389365443
1849 0.023470873700384354
1850 0.023499287689598594
1851 0.023513520610952212
1852 0.023512400103939173
1853 0.02349526282509336
1854 0.023461859107935887
1855 0.023413321369867984
1856 0.023348769967815035
1857 0.023268270880892696
1858 0.023175001584922878
1859 0.02307010314567468
1860 0.022952511334891
1861 0.022820709697140656
1862 0.02267541489907029
1863 0.02251756827757654
1864 0.022346275591001007
1865 0.02216340539621864
1866 0.02197069349638793
1867 0.021768873628952603
1868 0.02156060590380699
1869 0.021347983681638004
1870 0.021132617680406154
1871 0.02091235904322035
1872 0.020687430933686416
1873 0.020462081342810554
1874 0.0202400992175897
1875 0.020022720250519804
1876 0.019809153910294364
1877 0.019602042119945266
1878 0.019403200700147595
1879 0.01921316479257901
1880 0.01903433649533
1881 0.018868778366848717
1882 0.01871563892587412
1883 0.01857377692278683
1884 0.018443886290057363
1885 0.01832776324514274
1886 0.01822381039964739
1887 0.018129468062721664
1888 0.018042899902713
1889 0.01796366040709742
1890 0.017891675654233257
1891 0.017827165703468713
1892 0.017769917749420317
1893 0.017719153725355943
1894 0.017674973899636185
1895 0.017637107645385484
1896 0.01760469185193852
1897 0.017576918949722766
1898 0.01755240933254318
1899 0.0175302662102278
1900 0.017512347411790394
1901 0.017497273035441567
1902 0.01748624996937755
1903 0.017479032117876183
1904 0.01747449104656147
1905 0.017472681137760408
1906 0.01747269063754585
1907 0.017476596438372335
1908 0.01748403086847441
1909 0.01749483602937112
1910 0.01751151832908142
1911 0.0175342676769617
1912 0.017564645189699402
1913 0.017603257994100008
1914 0.017649816604260904
1915 0.017706097720754526
1916 0.017769632241963262
1917 0.017840703452610098
1918 0.017918352436275427
1919 0.01800042653400309
1920 0.01808754044981745
1921 0.01817818435391403
1922 0.01827431458119712
1923 0.018375143384934137
1924 0.01847942795187552
1925 0.018587112332178655
1926 0.018696250227150473
1927 0.018805302414309135
1928 0.018912950405948727
1929 0.019019919140378615
1930 0.019124978082871846
1931 0.019227948649889554
1932 0.019329503050950613
1933 0.01942968722573367
1934 0.01953079536080148
1935 0.019631601817281172
1936 0.01973263792245099
1937 0.019836076246796806
1938 0.019940994581531438
1939 0.0200481168076909
1940 0.020157931026547463
1941 0.020272717897214458
1942 0.02039075583470717
1943 0.02050790650550285
1944 0.020626412042430275
1945 0.02074801993738972
1946 0.020871144422126033
1947 0.020993768654111743
1948 0.021115128426462217
1949 0.02123772048775686
1950 0.021362840888947802
1951 0.021489749430857363
1952 0.021616568356565082
1953 0.021743052168321775
1954 0.021870950800551854
1955 0.021997750538218928
1956 0.02212560878500025
1957 0.02225443697134857
1958 0.022382435089148302
1959 0.022508121840402313
1960 0.022628868760157662
1961 0.02274612024213297
1962 0.022857675375616504
1963 0.02296222275054993
1964 0.023061162640439857
1965 0.023154791047347127
1966 0.023242439357002712
1967 0.02332373723753834
1968 0.023397680611096698
1969 0.023463119576147988
1970 0.023521006886891897
1971 0.023571609707345786
1972 0.023614163071081013
1973 0.023647274162353387
1974 0.02367156028343266
1975 0.023687954291290655
1976 0.023694375339135737
1977 0.023690379575892317
1978 0.023678427479847282
1979 0.023659154899277408
1980 0.023630411978048382
1981 0.023591562006903027
1982 0.0235431903081718
1983 0.0234869918753905
1984 0.023422797084602855
1985 0.023350086989034322
1986 0.023270548229238047
1987 0.02318482230344134
1988 0.023094854005181603
1989 0.022999907601715396
1990 0.022900649909715617
1991 0.02279897207080737
1992 0.022695067294745675
1993 0.02258772217763196
1994 0.02247705687556375
1995 0.0223658283338693
1996 0.022255202962633443
1997 0.022144752718010054
1998 0.022034942698938468
1999 0.021928493550812396
2000 0.021825595866727006
2001 0.02172481400807488
2002 0.021624747663728367
2003 0.021526917827851773
2004 0.021432449638843283
2005 0.021340794328376843
2006 0.02125070260663523
2007 0.021160099401373485
2008 0.021067306689552433
2009 0.020969130099450402
2010 0.0208665811420442
2011 0.02075618225189911
2012 0.02063508195863438
2013 0.0205037683052634
2014 0.020364792622571876
2015 0.0202195878634782
2016 0.020064582518343418
2017 0.019901234628192155
2018 0.01973001424265704
2019 0.019550912386318575
2020 0.019363229726841978
2021 0.01916490958697262
2022 0.0189578501971949
2023 0.018741743022770242
2024 0.018513716652093618
2025 0.018274667910959098
2026 0.018025988605215638
2027 0.017772764679716196
2028 0.017516437032126318
2029 0.017257480824764734
2030 0.0170016578106584
2031 0.01675702102666295
2032 0.01653955732571645
2033 0.01635926374732621
2034 0.01622136669870462
2035 0.016133977940813147
2036 0.016101274461769965
2037 0.01611392840656092
2038 0.01615607903934575
2039 0.016218390048321697
2040 0.01629188716318975
2041 0.01636557475013621
2042 0.016435768973810452
2043 0.016503524227339455
2044 0.016567538453581603
2045 0.016627720763653184
2046 0.01669049766888548
2047 0.01676883517963006
2048 0.016875917564818894
2049 0.017026959537249968
2050 0.01722624407988312
2051 0.017466867650720603
2052 0.01774568628934735
2053 0.018055509353297493
2054 0.018386093256597905
2055 0.018723912291806786
2056 0.019057048470274666
2057 0.019384129494384547
2058 0.019704494705555152
2059 0.020015078739926927
2060 0.02031141436423103
2061 0.02059006395308986
2062 0.02085588360599511
2063 0.021110274700219648
2064 0.021353670785007155
2065 0.021585931914394344
2066 0.021803812341720054
2067 0.02200743125152103
2068 0.022195744671277357
2069 0.022368847063765147
2070 0.022527360222505104
2071 0.022671738785321097
2072 0.02280318542108038
2073 0.022920245172331967
2074 0.023025985681926823
2075 0.023123079714441164
2076 0.023212544765712117
2077 0.02329764767188262
2078 0.02337993100653597
2079 0.02346025097454558
2080 0.023538047850398005
2081 0.02361426582824187
2082 0.023689538220585924
2083 0.023762831748427214
2084 0.023834396611487996
2085 0.023906074243548295
2086 0.023978886838094002
2087 0.02405329536105936
2088 0.02412584606901991
2089 0.024195645939911276
2090 0.024263532077602745
2091 0.024328128149244274
2092 0.024388620664336818
2093 0.024444465051993367
2094 0.024497418879184434
2095 0.02454609310368569
2096 0.024589648884938795
2097 0.024630918226476447
2098 0.024670795028408903
2099 0.024708234373195522
2100 0.02474138872760902
2101 0.024770900564572467
2102 0.02479928588110596
2103 0.02482558707539877
2104 0.024848493095242213
2105 0.024868141522692823
2106 0.02488419548854393
2107 0.024896782203448882
2108 0.02490453413554246
2109 0.02490830804927283
2110 0.024906871184460055
2111 0.024899712512033084
2112 0.024888043743348572
2113 0.024870893626737584
2114 0.024849219263190267
2115 0.024821487862756092
2116 0.024787561242157096
2117 0.0247479355723346
2118 0.02470455187658919
2119 0.024661457929535367
2120 0.02461718334598195
2121 0.02456921752152574
2122 0.024517113892642432
2123 0.02446011418839494
2124 0.024397478120865772
2125 0.024328943450446887
2126 0.024255640160294464
2127 0.02417851606981468
2128 0.024097775257684476
2129 0.024012686152331816
2130 0.023922698109524576
2131 0.023827005291025286
2132 0.02372702329202775
2133 0.023626170968559474
2134 0.023525412318771474
2135 0.02342405641877376
2136 0.023320774393423203
2137 0.02321706636068149
2138 0.023112967007505158
2139 0.02300838991949671
2140 0.022903244476278083
2141 0.022796993414957313
2142 0.022691393920820088
2143 0.022586355145924195
2144 0.022482384024341145
2145 0.02237797227044503
2146 0.022271030831546145
2147 0.022162718310536723
2148 0.02205366201678165
2149 0.021944852228610114
2150 0.021836795965513085
2151 0.021728393180319116
2152 0.02161898939884005
2153 0.021507669772511038
2154 0.021395785536027695
2155 0.021283946408132075
2156 0.021169048959992876
2157 0.021053637447810976
2158 0.020938925377850925
2159 0.020825269832735614
2160 0.02071364911936576
2161 0.0206034474786656
2162 0.020496482529277073
2163 0.020390329109726463
2164 0.020284760486118686
2165 0.02018137381586359
2166 0.020079540155212048
2167 0.019979074095160056
2168 0.01988125429086544
2169 0.019788375373563778
2170 0.019701745755880056
2171 0.01962195354653714
2172 0.01955012061199313
2173 0.01948733307581702
2174 0.019432493711807306
2175 0.019384222179887802
2176 0.019341312735010906
2177 0.019304888037584653
2178 0.01927533923990378
2179 0.019253059523647018
2180 0.019237851819610272
2181 0.019228151959300784
2182 0.019224330256904596
2183 0.01922648687277892
2184 0.019233708239621203
2185 0.019243541358684096
2186 0.019256732799111314
2187 0.019273557287462165
2188 0.01929410270673777
2189 0.01931871586935283
2190 0.019349410862126475
2191 0.019386860884437997
2192 0.019427962864904495
2193 0.01947334882387101
2194 0.01952412431171927
2195 0.019581360077769852
2196 0.019642950946366578
2197 0.01970796713029601
2198 0.019777842781334733
2199 0.01985211922224284
2200 0.019928279899888424
2201 0.020008518629977066
2202 0.020095529561841685
2203 0.020188972201373844
2204 0.020291728595940833
2205 0.020404418541909476
2206 0.0205286179890403
2207 0.02066149874563352
2208 0.020800818322690658
2209 0.020947081312872574
2210 0.021095997217552794
2211 0.02124705162451047
2212 0.021398569652591976
2213 0.02154962617914831
2214 0.02170263122599986
2215 0.021858069978033832
2216 0.02201284631537191
2217 0.022166390039578182
2218 0.02231929576332493
2219 0.022468583878097345
2220 0.02261265115801279
2221 0.022752099686697926
2222 0.022889019563437692
2223 0.023020948564027345
2224 0.02314489090914496
2225 0.023262983555494658
2226 0.02337530264445227
2227 0.023481091179422306
2228 0.023577877131980625
2229 0.023665858642285542
2230 0.02374534586907482
2231 0.023813855685273486
2232 0.02387133019622558
2233 0.02391559838881115
2234 0.02394577642058116
2235 0.02396191129151472
2236 0.02396523370048608
2237 0.023957094916184182
2238 0.02393739112779882
2239 0.023905510543185005
2240 0.023861881205260067
2241 0.023808596976102384
2242 0.023744159962097694
2243 0.02366793856922339
2244 0.023580159070683244
2245 0.02348225847873716
2246 0.02337506835672395
2247 0.02325567508480212
2248 0.023126167379070948
2249 0.02298928382478309
2250 0.022845214353707347
2251 0.022694977449330852
2252 0.022538690781256636
2253 0.022377397820646662
2254 0.02221116130283268
2255 0.022039504713890483
2256 0.02186461092701798
2257 0.02168707082141986
2258 0.021506679326771656
2259 0.021324713859477557
2260 0.021144230539334126
2261 0.020967187744209904
2262 0.020793120944592035
2263 0.02062066587737797
2264 0.020449461777630618
2265 0.020280542247457796
2266 0.020115209314060748
2267 0.019951269526451387
2268 0.019787470805603165
2269 0.01962718748435736
2270 0.01946933365347369
2271 0.0193131158983396
2272 0.019157881346371038
2273 0.01900382636305253
2274 0.018852377239891707
2275 0.01870150527534327
2276 0.018549023828683262
2277 0.018393388889291866
2278 0.01823532544354171
2279 0.0180771821700169
2280 0.017918360317839024
2281 0.017757376314582674
2282 0.017595753893234953
2283 0.017434604358095854
2284 0.017272834227640924
2285 0.017111355313461595
2286 0.016949130177013664
2287 0.01678427668638338
2288 0.016619131111118863
2289 0.01645650768730812
2290 0.016299871789491795
2291 0.016147576130048157
2292 0.015999775758526368
2293 0.015861976948964684
2294 0.015734427388247575
2295 0.015616133375295696
2296 0.015505718108994834
2297 0.01540205306769309
2298 0.01530920540665191
2299 0.015226610012991183
2300 0.01515514090766819
2301 0.015096829611832579
2302 0.015050007921664811
2303 0.015016250711557027
2304 0.014993568386360904
2305 0.01498145882828143
2306 0.014980292753951777
2307 0.014989619465063515
2308 0.015009302984106127
2309 0.015036875967911466
2310 0.015071251251671044
2311 0.015112695593273827
2312 0.015158807797707959
2313 0.015207777431799924
2314 0.015258768298732933
2315 0.015310980782850718
2316 0.015364741698465306
2317 0.015419243153410696
2318 0.015476497154024839
2319 0.015537690101592108
2320 0.015603800572475167
2321 0.015676221090546835
2322 0.015755573754543683
2323 0.015843223694317114
2324 0.015939324467616384
2325 0.01604294742653562
2326 0.01615677663892996
2327 0.016284472685189594
2328 0.016426937229158646
2329 0.016582533953360873
2330 0.016749290505474402
2331 0.016928542915178094
2332 0.017119853851562866
2333 0.01732649573928974
2334 0.017547109706286014
2335 0.017779502395670638
2336 0.018027300097085714
2337 0.018289970482694363
2338 0.01856906446513132
2339 0.018860929284605976
2340 0.019163569530421528
2341 0.019474432412668115
2342 0.019786419369840984
2343 0.02009775954068143
2344 0.020404193768586928
2345 0.020702069671242284
2346 0.02098788585722462
2347 0.02126079930006026
2348 0.02152037439715399
2349 0.021764131028902952
2350 0.021992579846177255
2351 0.02220279273329207
2352 0.022394501143416536
2353 0.022567854205982858
2354 0.022722928766521072
2355 0.022860785280924986
2356 0.022979232770497612
2357 0.023078036678896057
2358 0.023156897560287285
2359 0.023218192232294523
2360 0.023261739734551472
2361 0.023286766260279146
2362 0.023295001227336715
2363 0.0232868679775586
2364 0.023264848335980855
2365 0.023229936592044934
2366 0.023183422043220648
2367 0.023126194141627823
2368 0.023058322556852386
2369 0.02298330537612374
2370 0.022902752260266033
2371 0.022818449685571823
2372 0.02273380807759006
2373 0.022650382519267136
2374 0.022569150403102763
2375 0.02249094183564844
2376 0.0224157323524541
2377 0.02234446580231094
2378 0.022275614724022466
2379 0.02221012523372507
2380 0.02214950552754092
2381 0.022092801060290098
2382 0.022042802325160447
2383 0.022002008271414047
2384 0.021972535210109948
2385 0.021953593256449827
2386 0.021946344978060573
2387 0.02195264101054878
2388 0.021973776605406416
2389 0.02200648387603008
2390 0.0220476882371511
2391 0.022097296599704063
2392 0.022153979997857877
2393 0.02222134289247768
2394 0.022298249577310927
2395 0.0223830351437149
2396 0.022474573689440024
2397 0.022573334000731082
2398 0.022678754007673548
2399 0.022788040148794438
2400 0.022900238423235585
2401 0.023015921732183718
2402 0.02313440474575098
2403 0.023252980298123484
2404 0.023370013800427056
2405 0.023484602437696362
2406 0.02359830410123648
2407 0.023710501488187256
2408 0.023819524048169016
2409 0.023924484010856898
2410 0.02402856987826856
2411 0.024133107152393612
2412 0.024236221272506044
2413 0.024338058327672232
2414 0.02443880084812904
2415 0.024540259866838814
2416 0.024642532174599344
2417 0.024741774731826337
2418 0.02483789259418408
2419 0.024933250630151196
2420 0.02502839924562105
2421 0.02512410631899318
2422 0.025219623515539896
2423 0.025317702777349797
2424 0.025419238830619823
2425 0.02552152735775659
2426 0.02562431899828941
2427 0.025727420474348738
2428 0.025830254875706546
2429 0.02593633362309922
2430 0.026045771838574615
2431 0.026156761852861404
2432 0.02626965555200685
2433 0.02638331671906794
2434 0.026497910983434826
2435 0.02661140202349797
2436 0.026724404083070245
2437 0.026836795280231033
2438 0.0269465850961803
2439 0.027052805879808045
2440 0.027153909820109748
2441 0.027248461037089312
2442 0.027332801741158763
2443 0.027404008173513763
2444 0.02746088267114399
2445 0.027501565579804026
2446 0.027522865079022334
2447 0.0275228327310602
2448 0.027499205440423946
2449 0.027447912525170818
2450 0.027365377064288064
2451 0.027249989583207335
2452 0.027101416458266758
2453 0.026916557267377322
2454 0.02669187900683623
2455 0.02642840978435187
2456 0.026127668886517765
2457 0.02579130892265014
2458 0.025422249785248634
2459 0.02502212664035808
2460 0.02459703963532031
2461 0.024153732491455544
2462 0.023700176995799682
2463 0.02324473792358486
2464 0.02279410178342072
2465 0.022357651067727555
2466 0.021949523562724414
2467 0.02157974141172888
2468 0.021257516581186263
2469 0.02099682917029329
2470 0.020810941149709675
2471 0.020713260209463114
2472 0.020716446095373937
2473 0.020836781612674434
2474 0.021091154564308635
2475 0.0214902534133974
2476 0.02204512063234392
2477 0.022768272898214398
2478 0.023670484739364592
2479 0.02475775003151146
2480 0.0260303947751086
2481 0.027484938156328402
2482 0.02911614934155671
2483 0.03091660374948746
2484 0.032874867586165916
2485 0.03497765225110528
2486 0.0372084509815884
2487 0.03954630937901953
2488 0.04196693772038284
2489 0.04444795016166865
2490 0.046967360919158437
2491 0.0494992763716791
2492 0.052015699840611815
2493 0.054485898150129206
2494 0.0568805332991402
2495 0.05917134446794393
2496 0.06132974335528243
2497 0.06332618358848871
2498 0.06517637637012211
2499 0.06679142754471383
2500 0.06812931736533848
2501 0.06915105417580691
2502 0.06981756850430966
