0
1
200
0 0.07008310004992048
1 0.06981756850430967
2 0.06915105417580691
3 0.06812931736533845
4 0.06679142754471384
5 0.06517637637012211
6 0.0633261835884887
7 0.061329743355282414
8 0.059171344467943955
9 0.0568805332991402
10 0.054485898150129185
11 0.052015699840611836
12 0.04949927637167911
13 0.04696736091915846
14 0.04444795016166866
15 0.04196693772038284
16 0.03954630937901955
17 0.03720845098158839
18 0.034977652251105315
19 0.032874867586165916
20 0.03091660374948744
21 0.029116149341556742
22 0.027484938156328395
23 0.0260303947751086
24 0.02475775003151145
25 0.023670484739364592
26 0.02276827289821439
27 0.022045120632343897
28 0.021490253413397418
29 0.021091154564308635
30 0.02083678161267442
31 0.020716446095373948
32 0.020713260209463125
33 0.020810941149709675
34 0.0209968291702933
35 0.021257516581186253
36 0.02157974141172885
37 0.021949523562724397
38 0.022357651067727555
39 0.02279410178342071
40 0.02324473792358485
41 0.023700176995799665
42 0.024153732491455544
43 0.02459703963532031
44 0.025022126640358085
45 0.025422249785248627
46 0.025791308922650136
47 0.026127668886517758
48 0.026428409784351868
49 0.02669187900683623
50 0.02691655726737735
51 0.027101416458266747
52 0.027249989583207297
53 0.027365377064288064
54 0.027447912525170808
55 0.02749920544042393
56 0.027522832731060175
57 0.027522865079022362
58 0.027501565579804026
59 0.027460882671143976
60 0.027404008173513735
61 0.02733280174115878
62 0.027248461037089312
63 0.02715390982010976
64 0.027052805879808073
65 0.026946585096180312
66 0.026836795280231023
67 0.026724404083070225
68 0.026611402023497953
69 0.026497910983434837
70 0.026383316719067948
71 0.02626965555200684
72 0.026156761852861414
73 0.026045771838574577
74 0.025936333623099214
75 0.025830254875706546
76 0.025727420474348724
77 0.02562431899828941
78 0.025521527357756583
79 0.02541923883061982
80 0.025317702777349807
81 0.025219623515539875
82 0.025124106318993183
83 0.02502839924562106
84 0.024933250630151206
85 0.024837892594184077
86 0.024741774731826337
87 0.024642532174599358
88 0.024540259866838807
89 0.024438800848129022
90 0.024338058327672236
91 0.024236221272506017
92 0.024133107152393616
93 0.024028569878268572
94 0.023924484010856884
95 0.023819524048169022
96 0.02371050148818724
97 0.023598304101236485
98 0.0234846024376964
99 0.02337001380042707
100 0.023252980298123463
101 0.023134404745750993
102 0.02301592173218373
103 0.022900238423235606
104 0.022788040148794462
105 0.02267875400767355
106 0.022573334000731134
107 0.022474573689440027
108 0.022383035143714876
109 0.022298249577310927
110 0.022221342892477684
111 0.022153979997857877
112 0.022097296599704077
113 0.022047688237151124
114 0.02200648387603008
115 0.02197377660540644
116 0.021952641010548783
117 0.021946344978060566
118 0.021953593256449844
119 0.02197253521010994
120 0.022002008271414027
121 0.022042802325160454
122 0.022092801060290112
123 0.02214950552754093
124 0.022210125233725075
125 0.022275614724022508
126 0.02234446580231095
127 0.022415732352454133
128 0.02249094183564848
129 0.02256915040310276
130 0.022650382519267136
131 0.02273380807759006
132 0.022818449685571833
133 0.022902752260266033
134 0.02298330537612371
135 0.023058322556852393
136 0.023126194141627802
137 0.02318342204322063
138 0.02322993659204493
139 0.02326484833598083
140 0.023286867977558592
141 0.02329500122733669
142 0.023286766260279188
143 0.023261739734551458
144 0.0232181922322945
145 0.02315689756028728
146 0.023078036678896106
147 0.022979232770497605
148 0.022860785280924972
149 0.022722928766521076
150 0.02256785420598286
151 0.022394501143416543
152 0.02220279273329208
153 0.021992579846177286
154 0.021764131028902938
155 0.021520374397153996
156 0.021260799300060283
157 0.020987885857224636
158 0.020702069671242287
159 0.020404193768586997
160 0.020097759540681416
161 0.019786419369840973
162 0.0194744324126681
163 0.01916356953042155
164 0.018860929284605962
165 0.018569064465131322
166 0.01828997048269437
167 0.01802730009708571
168 0.01777950239567067
169 0.017547109706286004
170 0.01732649573928974
171 0.017119853851562856
172 0.016928542915178108
173 0.016749290505474412
174 0.016582533953360835
175 0.01642693722915864
176 0.016284472685189608
177 0.016156776638929924
178 0.016042947426535625
179 0.015939324467616423
180 0.0158432236943171
181 0.01575557375454375
182 0.015676221090546838
183 0.015603800572475212
184 0.015537690101592118
185 0.015476497154024858
186 0.01541924315341071
187 0.01536474169846533
188 0.015310980782850701
189 0.015258768298732897
190 0.015207777431799888
191 0.015158807797707981
192 0.015112695593273807
193 0.015071251251671079
194 0.01503687596791144
195 0.015009302984106139
196 0.014989619465063497
197 0.014980292753951817
198 0.014981458828281412
199 0.014993568386360883
