0
1
2500
0 0.299
1 0.294
2 0.295
3 0.295
4 0.299
5 0.301
6 0.305
7 0.306
8 0.303
9 0.309
10 0.311
11 0.306
12 0.311
13 0.31
14 0.303
15 0.305
16 0.303
17 0.301
18 0.309
19 0.311
20 0.306
21 0.317
22 0.32
23 0.315
24 0.313
25 0.315
26 0.319
27 0.32
28 0.323
29 0.321
30 0.321
31 0.323
32 0.324
33 0.325
34 0.325
35 0.323
36 0.325
37 0.329
38 0.326
39 0.328
40 0.329
41 0.325
42 0.326
43 0.327
44 0.329
45 0.331
46 0.332
47 0.337
48 0.336
49 0.332
50 0.334
51 0.339
52 0.336
53 0.338
54 0.34
55 0.336
56 0.335
57 0.333
58 0.334
59 0.337
60 0.338
61 0.339
62 0.342
63 0.343
64 0.344
65 0.343
66 0.342
67 0.344
68 0.341
69 0.343
70 0.344
71 0.346
72 0.353
73 0.352
74 0.349
75 0.35
76 0.35
77 0.349
78 0.351
79 0.354
80 0.354
81 0.358
82 0.36
83 0.36
84 0.355
85 0.349
86 0.355
87 0.359
88 0.356
89 0.36
90 0.364
91 0.362
92 0.36
93 0.364
94 0.363
95 0.36
96 0.363
97 0.368
98 0.369
99 0.37
100 0.368
101 0.37
102 0.372
103 0.368
104 0.369
105 0.376
106 0.376
107 0.378
108 0.386
109 0.387
110 0.383
111 0.389
112 0.396
113 0.395
114 0.393
115 0.39
116 0.388
117 0.392
118 0.4
119 0.402
120 0.397
121 0.394
122 0.398
123 0.399
124 0.403
125 0.408
126 0.406
127 0.411
128 0.416
129 0.413
130 0.416
131 0.418
132 0.417
133 0.419
134 0.416
135 0.415
136 0.422
137 0.424
138 0.427
139 0.432
140 0.435
141 0.437
142 0.44
143 0.436
144 0.428
145 0.432
146 0.442
147 0.452
148 0.451
149 0.447
150 0.454
151 0.458
152 0.461
153 0.461
154 0.463
155 0.466
156 0.468
157 0.472
158 0.476
159 0.48
160 0.48
161 0.49
162 0.495
163 0.492
164 0.496
165 0.499
166 0.502
167 0.503
168 0.498
169 0.498
170 0.506
171 0.513
172 0.517
173 0.52
174 0.528
175 0.529
176 0.533
177 0.536
178 0.538
179 0.545
180 0.542
181 0.544
182 0.548
183 0.553
184 0.564
185 0.567
186 0.567
187 0.565
188 0.57
189 0.579
190 0.585
191 0.589
192 0.592
193 0.59
194 0.59
195 0.6
196 0.603
197 0.605
198 0.609
199 0.613
200 0.612
201 0.612
202 0.621
203 0.623
204 0.625
205 0.63
206 0.627
207 0.631
208 0.633
209 0.633
210 0.637
211 0.643
212 0.647
213 0.646
214 0.643
215 0.644
216 0.652
217 0.655
218 0.652
219 0.651
220 0.653
221 0.654
222 0.653
223 0.648
224 0.648
225 0.654
226 0.652
227 0.646
228 0.645
229 0.644
230 0.642
231 0.643
232 0.636
233 0.634
234 0.638
235 0.634
236 0.633
237 0.63
238 0.621
239 0.617
240 0.612
241 0.603
242 0.599
243 0.593
244 0.586
245 0.58
246 0.572
247 0.573
248 0.569
249 0.555
250 0.544
251 0.54
252 0.541
253 0.534
254 0.523
255 0.519
256 0.508
257 0.497
258 0.491
259 0.484
260 0.476
261 0.466
262 0.455
263 0.448
264 0.45
265 0.452
266 0.444
267 0.44
268 0.432
269 0.419
270 0.413
271 0.414
272 0.406
273 0.397
274 0.398
275 0.397
276 0.394
277 0.39
278 0.389
279 0.388
280 0.382
281 0.378
282 0.373
283 0.367
284 0.362
285 0.359
286 0.354
287 0.348
288 0.355
289 0.354
290 0.351
291 0.347
292 0.341
293 0.343
294 0.334
295 0.329
296 0.331
297 0.332
298 0.336
299 0.335
300 0.329
301 0.329
302 0.327
303 0.325
304 0.324
305 0.323
306 0.323
307 0.323
308 0.327
309 0.324
310 0.318
311 0.315
312 0.315
313 0.323
314 0.32
315 0.316
316 0.323
317 0.325
318 0.318
319 0.316
320 0.317
321 0.319
322 0.322
323 0.318
324 0.311
325 0.31
326 0.306
327 0.309
328 0.317
329 0.311
330 0.304
331 0.297
332 0.305
333 0.311
334 0.307
335 0.311
336 0.31
337 0.312
338 0.311
339 0.307
340 0.307
341 0.311
342 0.309
343 0.305
344 0.306
345 0.308
346 0.313
347 0.313
348 0.31
349 0.31
350 0.309
351 0.308
352 0.31
353 0.31
354 0.313
355 0.31
356 0.308
357 0.311
358 0.315
359 0.313
360 0.307
361 0.307
362 0.309
363 0.307
364 0.307
365 0.308
366 0.301
367 0.302
368 0.305
369 0.31
370 0.311
371 0.304
372 0.306
373 0.313
374 0.311
375 0.301
376 0.302
377 0.307
378 0.31
379 0.309
380 0.31
381 0.314
382 0.309
383 0.311
384 0.31
385 0.309
386 0.31
387 0.308
388 0.31
389 0.313
390 0.311
391 0.315
392 0.318
393 0.313
394 0.311
395 0.315
396 0.317
397 0.314
398 0.317
399 0.317
400 0.314
401 0.317
402 0.314
403 0.315
404 0.311
405 0.311
406 0.315
407 0.31
408 0.314
409 0.318
410 0.319
411 0.322
412 0.325
413 0.324
414 0.323
415 0.321
416 0.317
417 0.317
418 0.315
419 0.313
420 0.313
421 0.316
422 0.317
423 0.318
424 0.316
425 0.309
426 0.317
427 0.319
428 0.316
429 0.32
430 0.32
431 0.32
432 0.32
433 0.316
434 0.314
435 0.319
436 0.318
437 0.313
438 0.317
439 0.319
440 0.316
441 0.321
442 0.326
443 0.321
444 0.321
445 0.321
446 0.318
447 0.313
448 0.309
449 0.311
450 0.313
451 0.317
452 0.317
453 0.315
454 0.316
455 0.318
456 0.316
457 0.315
458 0.316
459 0.312
460 0.315
461 0.311
462 0.314
463 0.322
464 0.321
465 0.315
466 0.307
467 0.318
468 0.326
469 0.321
470 0.316
471 0.315
472 0.31
473 0.303
474 0.303
475 0.308
476 0.317
477 0.32
478 0.318
479 0.309
480 0.306
481 0.316
482 0.321
483 0.316
484 0.312
485 0.313
486 0.314
487 0.315
488 0.311
489 0.312
490 0.316
491 0.314
492 0.312
493 0.313
494 0.313
495 0.313
496 0.31
497 0.307
498 0.307
499 0.31
500 0.315
501 0.31
502 0.309
503 0.315
504 0.317
505 0.314
506 0.308
507 0.309
508 0.309
509 0.309
510 0.31
511 0.307
512 0.308
513 0.309
514 0.306
515 0.302
516 0.303
517 0.308
518 0.31
519 0.308
520 0.304
521 0.308
522 0.31
523 0.307
524 0.306
525 0.303
526 0.305
527 0.306
528 0.305
529 0.307
530 0.307
531 0.306
532 0.302
533 0.303
534 0.307
535 0.304
536 0.303
537 0.306
538 0.305
539 0.297
540 0.294
541 0.307
542 0.311
543 0.299
544 0.299
545 0.304
546 0.304
547 0.304
548 0.302
549 0.302
550 0.3
551 0.295
552 0.296
553 0.298
554 0.3
555 0.3
556 0.299
557 0.299
558 0.301
559 0.304
560 0.305
561 0.304
562 0.305
563 0.303
564 0.297
565 0.299
566 0.301
567 0.301
568 0.303
569 0.304
570 0.299
571 0.294
572 0.292
573 0.293
574 0.296
575 0.296
576 0.295
577 0.294
578 0.291
579 0.288
580 0.287
581 0.296
582 0.31
583 0.311
584 0.306
585 0.304
586 0.305
587 0.302
588 0.302
589 0.308
590 0.305
591 0.303
592 0.301
593 0.295
594 0.291
595 0.302
596 0.309
597 0.301
598 0.295
599 0.296
600 0.297
601 0.297
602 0.295
603 0.297
604 0.3
605 0.298
606 0.298
607 0.296
608 0.296
609 0.299
610 0.299
611 0.296
612 0.297
613 0.301
614 0.299
615 0.294
616 0.295
617 0.298
618 0.298
619 0.297
620 0.296
621 0.294
622 0.296
623 0.298
624 0.3
625 0.3
626 0.296
627 0.298
628 0.298
629 0.299
630 0.293
631 0.285
632 0.295
633 0.3
634 0.296
635 0.294
636 0.289
637 0.292
638 0.296
639 0.299
640 0.295
641 0.292
642 0.29
643 0.288
644 0.289
645 0.295
646 0.301
647 0.299
648 0.298
649 0.299
650 0.298
651 0.298
652 0.3
653 0.304
654 0.306
655 0.308
656 0.309
657 0.305
658 0.309
659 0.32
660 0.321
661 0.323
662 0.318
663 0.315
664 0.317
665 0.319
666 0.326
667 0.326
668 0.33
669 0.332
670 0.332
671 0.333
672 0.336
673 0.336
674 0.334
675 0.334
676 0.332
677 0.332
678 0.333
679 0.331
680 0.33
681 0.333
682 0.335
683 0.338
684 0.339
685 0.341
686 0.345
687 0.352
688 0.358
689 0.357
690 0.358
691 0.358
692 0.359
693 0.362
694 0.359
695 0.362
696 0.363
697 0.363
698 0.365
699 0.366
700 0.364
701 0.361
702 0.361
703 0.368
704 0.372
705 0.369
706 0.368
707 0.36
708 0.353
709 0.351
710 0.345
711 0.345
712 0.349
713 0.35
714 0.351
715 0.351
716 0.35
717 0.347
718 0.347
719 0.351
720 0.358
721 0.359
722 0.354
723 0.353
724 0.355
725 0.349
726 0.341
727 0.343
728 0.345
729 0.339
730 0.339
731 0.345
732 0.345
733 0.341
734 0.334
735 0.322
736 0.311
737 0.309
738 0.306
739 0.3
740 0.297
741 0.293
742 0.283
743 0.281
744 0.282
745 0.278
746 0.275
747 0.274
748 0.273
749 0.276
750 0.282
751 0.281
752 0.277
753 0.275
754 0.276
755 0.277
756 0.278
757 0.273
758 0.274
759 0.279
760 0.274
761 0.273
762 0.277
763 0.279
764 0.272
765 0.27
766 0.27
767 0.267
768 0.271
769 0.273
770 0.27
771 0.267
772 0.269
773 0.267
774 0.265
775 0.265
776 0.27
777 0.271
778 0.263
779 0.265
780 0.267
781 0.263
782 0.265
783 0.265
784 0.265
785 0.267
786 0.26
787 0.261
788 0.264
789 0.267
790 0.274
791 0.267
792 0.265
793 0.268
794 0.266
795 0.269
796 0.267
797 0.262
798 0.263
799 0.264
800 0.261
801 0.261
802 0.262
803 0.26
804 0.255
805 0.253
806 0.257
807 0.257
808 0.251
809 0.245
810 0.239
811 0.239
812 0.251
813 0.254
814 0.248
815 0.24
816 0.231
817 0.227
818 0.229
819 0.225
820 0.222
821 0.223
822 0.22
823 0.219
824 0.219
825 0.224
826 0.236
827 0.246
828 0.257
829 0.273
830 0.289
831 0.317
832 0.349
833 0.377
834 0.419
835 0.462
836 0.496
837 0.534
838 0.576
839 0.618
840 0.649
841 0.684
842 0.73
843 0.768
844 0.81
845 0.852
846 0.878
847 0.897
848 0.921
849 0.932
850 0.938
851 0.941
852 0.932
853 0.925
854 0.929
855 0.93
856 0.924
857 0.922
858 0.913
859 0.904
860 0.887
861 0.847
862 0.795
863 0.735
864 0.676
865 0.609
866 0.533
867 0.474
868 0.409
869 0.339
870 0.288
871 0.244
872 0.203
873 0.172
874 0.153
875 0.128
876 0.1
877 0.096
878 0.1
879 0.101
880 0.102
881 0.109
882 0.122
883 0.13
884 0.14
885 0.151
886 0.166
887 0.181
888 0.191
889 0.199
890 0.212
891 0.222
892 0.238
893 0.251
894 0.252
895 0.259
896 0.269
897 0.269
898 0.274
899 0.292
900 0.297
901 0.292
902 0.291
903 0.29
904 0.291
905 0.29
906 0.295
907 0.294
908 0.289
909 0.292
910 0.294
911 0.297
912 0.301
913 0.3
914 0.296
915 0.295
916 0.303
917 0.301
918 0.302
919 0.3
920 0.298
921 0.303
922 0.304
923 0.309
924 0.311
925 0.309
926 0.309
927 0.31
928 0.315
929 0.32
930 0.32
931 0.316
932 0.313
933 0.318
934 0.321
935 0.317
936 0.319
937 0.321
938 0.322
939 0.327
940 0.325
941 0.322
942 0.322
943 0.327
944 0.327
945 0.32
946 0.318
947 0.321
948 0.324
949 0.328
950 0.327
951 0.327
952 0.329
953 0.329
954 0.329
955 0.328
956 0.329
957 0.332
958 0.333
959 0.332
960 0.333
961 0.336
962 0.339
963 0.341
964 0.338
965 0.337
966 0.341
967 0.345
968 0.347
969 0.345
970 0.343
971 0.345
972 0.348
973 0.352
974 0.348
975 0.343
976 0.343
977 0.345
978 0.35
979 0.351
980 0.347
981 0.345
982 0.349
983 0.353
984 0.353
985 0.352
986 0.354
987 0.356
988 0.355
989 0.357
990 0.362
991 0.361
992 0.36
993 0.367
994 0.365
995 0.354
996 0.36
997 0.366
998 0.361
999 0.366
1000 0.37
1001 0.369
1002 0.363
1003 0.359
1004 0.371
1005 0.381
1006 0.381
1007 0.371
1008 0.365
1009 0.372
1010 0.384
1011 0.387
1012 0.381
1013 0.38
1014 0.383
1015 0.384
1016 0.386
1017 0.391
1018 0.394
1019 0.391
1020 0.394
1021 0.397
1022 0.397
1023 0.398
1024 0.397
1025 0.402
1026 0.401
1027 0.401
1028 0.401
1029 0.398
1030 0.403
1031 0.401
1032 0.405
1033 0.412
1034 0.409
1035 0.413
1036 0.416
1037 0.417
1038 0.419
1039 0.413
1040 0.414
1041 0.419
1042 0.417
1043 0.426
1044 0.43
1045 0.428
1046 0.428
1047 0.431
1048 0.435
1049 0.436
1050 0.44
1051 0.438
1052 0.438
1053 0.442
1054 0.44
1055 0.448
1056 0.454
1057 0.455
1058 0.463
1059 0.463
1060 0.462
1061 0.463
1062 0.461
1063 0.464
1064 0.461
1065 0.469
1066 0.477
1067 0.475
1068 0.478
1069 0.48
1070 0.483
1071 0.489
1072 0.492
1073 0.493
1074 0.496
1075 0.499
1076 0.501
1077 0.506
1078 0.51
1079 0.513
1080 0.516
1081 0.521
1082 0.53
1083 0.531
1084 0.528
1085 0.531
1086 0.537
1087 0.544
1088 0.546
1089 0.549
1090 0.553
1091 0.556
1092 0.561
1093 0.568
1094 0.571
1095 0.57
1096 0.578
1097 0.581
1098 0.582
1099 0.589
1100 0.59
1101 0.591
1102 0.594
1103 0.597
1104 0.604
1105 0.612
1106 0.613
1107 0.611
1108 0.611
1109 0.615
1110 0.625
1111 0.631
1112 0.632
1113 0.636
1114 0.639
1115 0.64
1116 0.644
1117 0.648
1118 0.65
1119 0.654
1120 0.658
1121 0.657
1122 0.657
1123 0.658
1124 0.658
1125 0.659
1126 0.663
1127 0.668
1128 0.667
1129 0.664
1130 0.663
1131 0.664
1132 0.671
1133 0.669
1134 0.667
1135 0.663
1136 0.658
1137 0.664
1138 0.668
1139 0.671
1140 0.671
1141 0.664
1142 0.66
1143 0.658
1144 0.657
1145 0.656
1146 0.651
1147 0.649
1148 0.648
1149 0.646
1150 0.644
1151 0.642
1152 0.633
1153 0.628
1154 0.622
1155 0.613
1156 0.607
1157 0.6
1158 0.595
1159 0.592
1160 0.585
1161 0.572
1162 0.566
1163 0.56
1164 0.557
1165 0.551
1166 0.536
1167 0.531
1168 0.526
1169 0.508
1170 0.501
1171 0.504
1172 0.499
1173 0.493
1174 0.491
1175 0.482
1176 0.472
1177 0.463
1178 0.455
1179 0.453
1180 0.451
1181 0.445
1182 0.44
1183 0.434
1184 0.424
1185 0.419
1186 0.419
1187 0.413
1188 0.407
1189 0.405
1190 0.401
1191 0.392
1192 0.39
1193 0.388
1194 0.381
1195 0.382
1196 0.376
1197 0.37
1198 0.369
1199 0.366
1200 0.367
1201 0.364
1202 0.356
1203 0.355
1204 0.363
1205 0.369
1206 0.367
1207 0.361
1208 0.356
1209 0.349
1210 0.345
1211 0.344
1212 0.347
1213 0.348
1214 0.346
1215 0.345
1216 0.343
1217 0.343
1218 0.343
1219 0.342
1220 0.338
1221 0.333
1222 0.335
1223 0.336
1224 0.337
1225 0.338
1226 0.333
1227 0.334
1228 0.332
1229 0.333
1230 0.336
1231 0.335
1232 0.336
1233 0.334
1234 0.335
1235 0.335
1236 0.333
1237 0.331
1238 0.329
1239 0.33
1240 0.331
1241 0.335
1242 0.335
1243 0.332
1244 0.33
1245 0.329
1246 0.332
1247 0.33
1248 0.333
1249 0.328
1250 0.324
1251 0.326
1252 0.328
1253 0.324
1254 0.314
1255 0.326
1256 0.341
1257 0.341
1258 0.333
1259 0.33
1260 0.33
1261 0.331
1262 0.328
1263 0.327
1264 0.333
1265 0.333
1266 0.327
1267 0.327
1268 0.324
1269 0.32
1270 0.324
1271 0.324
1272 0.324
1273 0.326
1274 0.33
1275 0.332
1276 0.329
1277 0.326
1278 0.327
1279 0.33
1280 0.329
1281 0.327
1282 0.328
1283 0.328
1284 0.326
1285 0.33
1286 0.333
1287 0.331
1288 0.33
1289 0.331
1290 0.333
1291 0.331
1292 0.328
1293 0.327
1294 0.33
1295 0.332
1296 0.329
1297 0.33
1298 0.331
1299 0.329
1300 0.33
1301 0.327
1302 0.322
1303 0.319
1304 0.324
1305 0.333
1306 0.328
1307 0.327
1308 0.334
1309 0.332
1310 0.328
1311 0.327
1312 0.33
1313 0.333
1314 0.334
1315 0.336
1316 0.329
1317 0.328
1318 0.336
1319 0.336
1320 0.332
1321 0.334
1322 0.333
1323 0.329
1324 0.331
1325 0.332
1326 0.331
1327 0.33
1328 0.325
1329 0.322
1330 0.328
1331 0.329
1332 0.33
1333 0.329
1334 0.323
1335 0.325
1336 0.333
1337 0.334
1338 0.326
1339 0.32
1340 0.32
1341 0.329
1342 0.337
1343 0.338
1344 0.336
1345 0.332
1346 0.328
1347 0.327
1348 0.327
1349 0.331
1350 0.332
1351 0.329
1352 0.33
1353 0.333
1354 0.33
1355 0.329
1356 0.331
1357 0.335
1358 0.334
1359 0.334
1360 0.336
1361 0.333
1362 0.336
1363 0.339
1364 0.339
1365 0.334
1366 0.332
1367 0.332
1368 0.327
1369 0.327
1370 0.328
1371 0.328
1372 0.322
1373 0.323
1374 0.331
1375 0.325
1376 0.334
1377 0.339
1378 0.33
1379 0.329
1380 0.326
1381 0.329
1382 0.332
1383 0.333
1384 0.331
1385 0.328
1386 0.332
1387 0.334
1388 0.328
1389 0.32
1390 0.326
1391 0.337
1392 0.334
1393 0.329
1394 0.326
1395 0.329
1396 0.33
1397 0.328
1398 0.324
1399 0.318
1400 0.326
1401 0.33
1402 0.324
1403 0.324
1404 0.322
1405 0.32
1406 0.32
1407 0.322
1408 0.32
1409 0.318
1410 0.319
1411 0.321
1412 0.323
1413 0.321
1414 0.325
1415 0.331
1416 0.327
1417 0.331
1418 0.333
1419 0.329
1420 0.318
1421 0.302
1422 0.309
1423 0.326
1424 0.335
1425 0.329
1426 0.319
1427 0.322
1428 0.325
1429 0.327
1430 0.327
1431 0.327
1432 0.326
1433 0.326
1434 0.325
1435 0.324
1436 0.322
1437 0.32
1438 0.322
1439 0.32
1440 0.322
1441 0.327
1442 0.326
1443 0.325
1444 0.321
1445 0.314
1446 0.316
1447 0.321
1448 0.318
1449 0.317
1450 0.322
1451 0.323
1452 0.322
1453 0.323
1454 0.322
1455 0.324
1456 0.326
1457 0.32
1458 0.319
1459 0.32
1460 0.317
1461 0.321
1462 0.325
1463 0.326
1464 0.32
1465 0.313
1466 0.315
1467 0.317
1468 0.317
1469 0.317
1470 0.315
1471 0.308
1472 0.313
1473 0.32
1474 0.321
1475 0.32
1476 0.319
1477 0.322
1478 0.319
1479 0.318
1480 0.316
1481 0.313
1482 0.312
1483 0.313
1484 0.308
1485 0.313
1486 0.32
1487 0.316
1488 0.318
1489 0.317
1490 0.317
1491 0.316
1492 0.309
1493 0.316
1494 0.32
1495 0.32
1496 0.317
1497 0.312
1498 0.316
1499 0.318
1500 0.32
1501 0.32
1502 0.31
1503 0.31
1504 0.313
1505 0.311
1506 0.314
1507 0.312
1508 0.308
1509 0.315
1510 0.319
1511 0.317
1512 0.317
1513 0.318
1514 0.318
1515 0.317
1516 0.319
1517 0.318
1518 0.317
1519 0.317
1520 0.319
1521 0.319
1522 0.314
1523 0.317
1524 0.315
1525 0.309
1526 0.307
1527 0.309
1528 0.313
1529 0.319
1530 0.317
1531 0.312
1532 0.317
1533 0.318
1534 0.315
1535 0.31
1536 0.309
1537 0.311
1538 0.313
1539 0.315
1540 0.313
1541 0.317
1542 0.323
1543 0.319
1544 0.309
1545 0.312
1546 0.315
1547 0.316
1548 0.317
1549 0.314
1550 0.314
1551 0.314
1552 0.317
1553 0.316
1554 0.315
1555 0.315
1556 0.314
1557 0.311
1558 0.31
1559 0.313
1560 0.316
1561 0.317
1562 0.317
1563 0.319
1564 0.317
1565 0.315
1566 0.317
1567 0.319
1568 0.319
1569 0.321
1570 0.319
1571 0.311
1572 0.315
1573 0.322
1574 0.321
1575 0.32
1576 0.33
1577 0.334
1578 0.329
1579 0.334
1580 0.341
1581 0.335
1582 0.325
1583 0.33
1584 0.342
1585 0.345
1586 0.348
1587 0.354
1588 0.356
1589 0.356
1590 0.357
1591 0.352
1592 0.35
1593 0.351
1594 0.35
1595 0.35
1596 0.347
1597 0.349
1598 0.358
1599 0.357
1600 0.355
1601 0.355
1602 0.354
1603 0.352
1604 0.355
1605 0.367
1606 0.373
1607 0.373
1608 0.374
1609 0.377
1610 0.379
1611 0.38
1612 0.382
1613 0.379
1614 0.373
1615 0.376
1616 0.383
1617 0.388
1618 0.387
1619 0.386
1620 0.387
1621 0.383
1622 0.381
1623 0.383
1624 0.385
1625 0.382
1626 0.385
1627 0.386
1628 0.381
1629 0.381
1630 0.376
1631 0.37
1632 0.369
1633 0.367
1634 0.365
1635 0.366
1636 0.369
1637 0.369
1638 0.37
1639 0.372
1640 0.377
1641 0.379
1642 0.375
1643 0.379
1644 0.377
1645 0.366
1646 0.361
1647 0.357
1648 0.365
1649 0.37
1650 0.363
1651 0.36
1652 0.356
1653 0.351
1654 0.34
1655 0.331
1656 0.329
1657 0.324
1658 0.323
1659 0.321
1660 0.32
1661 0.314
1662 0.304
1663 0.3
1664 0.293
1665 0.288
1666 0.295
1667 0.301
1668 0.292
1669 0.286
1670 0.292
1671 0.293
1672 0.295
1673 0.296
1674 0.292
1675 0.292
1676 0.292
1677 0.289
1678 0.289
1679 0.29
1680 0.289
1681 0.29
1682 0.296
1683 0.299
1684 0.29
1685 0.284
1686 0.286
1687 0.288
1688 0.291
1689 0.29
1690 0.289
1691 0.289
1692 0.287
1693 0.281
1694 0.283
1695 0.282
1696 0.277
1697 0.28
1698 0.284
1699 0.29
1700 0.287
1701 0.285
1702 0.282
1703 0.28
1704 0.284
1705 0.285
1706 0.285
1707 0.285
1708 0.282
1709 0.277
1710 0.275
1711 0.277
1712 0.275
1713 0.275
1714 0.28
1715 0.278
1716 0.28
1717 0.282
1718 0.281
1719 0.279
1720 0.277
1721 0.28
1722 0.277
1723 0.277
1724 0.277
1725 0.276
1726 0.278
1727 0.277
1728 0.275
1729 0.272
1730 0.272
1731 0.268
1732 0.26
1733 0.259
1734 0.26
1735 0.258
1736 0.252
1737 0.244
1738 0.243
1739 0.242
1740 0.24
1741 0.229
1742 0.219
1743 0.227
1744 0.237
1745 0.243
1746 0.241
1747 0.243
1748 0.255
1749 0.27
1750 0.288
1751 0.305
1752 0.339
1753 0.376
1754 0.411
1755 0.455
1756 0.496
1757 0.535
1758 0.568
1759 0.608
1760 0.651
1761 0.685
1762 0.724
1763 0.774
1764 0.817
1765 0.851
1766 0.886
1767 0.914
1768 0.938
1769 0.961
1770 0.973
1771 0.989
1772 0.996
1773 0.983
1774 0.972
1775 0.963
1776 0.963
1777 0.959
1778 0.949
1779 0.94
1780 0.93
1781 0.909
1782 0.86
1783 0.802
1784 0.738
1785 0.665
1786 0.595
1787 0.529
1788 0.474
1789 0.409
1790 0.34
1791 0.289
1792 0.243
1793 0.202
1794 0.181
1795 0.158
1796 0.13
1797 0.112
1798 0.111
1799 0.116
1800 0.111
1801 0.113
1802 0.123
1803 0.129
1804 0.137
1805 0.148
1806 0.163
1807 0.178
1808 0.186
1809 0.201
1810 0.212
1811 0.226
1812 0.242
1813 0.254
1814 0.264
1815 0.276
1816 0.283
1817 0.281
1818 0.283
1819 0.287
1820 0.292
1821 0.297
1822 0.298
1823 0.297
1824 0.296
1825 0.307
1826 0.298
1827 0.285
1828 0.292
1829 0.302
1830 0.317
1831 0.313
1832 0.304
1833 0.307
1834 0.309
1835 0.307
1836 0.305
1837 0.31
1838 0.31
1839 0.309
1840 0.311
1841 0.314
1842 0.314
1843 0.315
1844 0.322
1845 0.323
1846 0.32
1847 0.319
1848 0.321
1849 0.327
1850 0.324
1851 0.323
1852 0.326
1853 0.328
1854 0.326
1855 0.326
1856 0.329
1857 0.324
1858 0.328
1859 0.332
1860 0.333
1861 0.336
1862 0.334
1863 0.336
1864 0.333
1865 0.323
1866 0.323
1867 0.338
1868 0.347
1869 0.344
1870 0.341
1871 0.343
1872 0.346
1873 0.344
1874 0.341
1875 0.343
1876 0.343
1877 0.341
1878 0.348
1879 0.352
1880 0.345
1881 0.342
1882 0.344
1883 0.346
1884 0.349
1885 0.351
1886 0.35
1887 0.351
1888 0.35
1889 0.353
1890 0.358
1891 0.353
1892 0.35
1893 0.35
1894 0.348
1895 0.35
1896 0.355
1897 0.356
1898 0.356
1899 0.36
1900 0.361
1901 0.362
1902 0.363
1903 0.363
1904 0.366
1905 0.368
1906 0.37
1907 0.371
1908 0.369
1909 0.368
1910 0.368
1911 0.364
1912 0.363
1913 0.373
1914 0.379
1915 0.369
1916 0.37
1917 0.376
1918 0.373
1919 0.37
1920 0.366
1921 0.373
1922 0.382
1923 0.384
1924 0.384
1925 0.383
1926 0.381
1927 0.38
1928 0.393
1929 0.397
1930 0.391
1931 0.39
1932 0.394
1933 0.397
1934 0.389
1935 0.386
1936 0.391
1937 0.391
1938 0.394
1939 0.398
1940 0.398
1941 0.4
1942 0.402
1943 0.401
1944 0.402
1945 0.403
1946 0.403
1947 0.399
1948 0.403
1949 0.411
1950 0.404
1951 0.404
1952 0.414
1953 0.418
1954 0.42
1955 0.419
1956 0.42
1957 0.423
1958 0.423
1959 0.427
1960 0.426
1961 0.425
1962 0.431
1963 0.431
1964 0.428
1965 0.435
1966 0.444
1967 0.446
1968 0.448
1969 0.452
1970 0.449
1971 0.444
1972 0.442
1973 0.446
1974 0.453
1975 0.458
1976 0.461
1977 0.464
1978 0.466
1979 0.467
1980 0.469
1981 0.469
1982 0.469
1983 0.471
1984 0.476
1985 0.481
1986 0.478
1987 0.482
1988 0.49
1989 0.494
1990 0.496
1991 0.495
1992 0.497
1993 0.5
1994 0.504
1995 0.506
1996 0.51
1997 0.518
1998 0.52
1999 0.516
2000 0.521
2001 0.526
2002 0.532
2003 0.539
2004 0.539
2005 0.538
2006 0.542
2007 0.547
2008 0.548
2009 0.557
2010 0.564
2011 0.565
2012 0.57
2013 0.575
2014 0.578
2015 0.577
2016 0.579
2017 0.587
2018 0.596
2019 0.596
2020 0.598
2021 0.6
2022 0.602
2023 0.607
2024 0.608
2025 0.611
2026 0.616
2027 0.618
2028 0.621
2029 0.627
2030 0.626
2031 0.621
2032 0.625
2033 0.644
2034 0.647
2035 0.644
2036 0.648
2037 0.648
2038 0.648
2039 0.65
2040 0.657
2041 0.663
2042 0.667
2043 0.668
2044 0.67
2045 0.666
2046 0.663
2047 0.668
2048 0.671
2049 0.674
2050 0.674
2051 0.678
2052 0.673
2053 0.672
2054 0.679
2055 0.677
2056 0.678
2057 0.674
2058 0.675
2059 0.677
2060 0.676
2061 0.679
2062 0.672
2063 0.673
2064 0.672
2065 0.668
2066 0.666
2067 0.66
2068 0.656
2069 0.649
2070 0.642
2071 0.63
2072 0.629
2073 0.636
2074 0.636
2075 0.625
2076 0.613
2077 0.608
2078 0.601
2079 0.597
2080 0.594
2081 0.584
2082 0.571
2083 0.562
2084 0.558
2085 0.556
2086 0.55
2087 0.544
2088 0.535
2089 0.527
2090 0.523
2091 0.519
2092 0.511
2093 0.499
2094 0.493
2095 0.485
2096 0.48
2097 0.476
2098 0.468
2099 0.462
2100 0.458
2101 0.454
2102 0.448
2103 0.435
2104 0.431
2105 0.436
2106 0.423
2107 0.412
2108 0.414
2109 0.409
2110 0.404
2111 0.397
2112 0.395
2113 0.393
2114 0.39
2115 0.387
2116 0.381
2117 0.377
2118 0.369
2119 0.366
2120 0.366
2121 0.361
2122 0.36
2123 0.366
2124 0.367
2125 0.362
2126 0.36
2127 0.357
2128 0.351
2129 0.344
2130 0.336
2131 0.333
2132 0.338
2133 0.341
2134 0.342
2135 0.344
2136 0.343
2137 0.345
2138 0.346
2139 0.344
2140 0.342
2141 0.342
2142 0.344
2143 0.342
2144 0.332
2145 0.326
2146 0.327
2147 0.328
2148 0.33
2149 0.334
2150 0.33
2151 0.327
2152 0.329
2153 0.333
2154 0.334
2155 0.334
2156 0.336
2157 0.337
2158 0.333
2159 0.323
2160 0.32
2161 0.328
2162 0.332
2163 0.328
2164 0.33
2165 0.329
2166 0.327
2167 0.33
2168 0.331
2169 0.327
2170 0.327
2171 0.338
2172 0.333
2173 0.328
2174 0.33
2175 0.321
2176 0.327
2177 0.339
2178 0.338
2179 0.329
2180 0.329
2181 0.333
2182 0.326
2183 0.328
2184 0.329
2185 0.323
2186 0.327
2187 0.332
2188 0.332
2189 0.332
2190 0.332
2191 0.33
2192 0.333
2193 0.331
2194 0.323
2195 0.321
2196 0.323
2197 0.324
2198 0.325
2199 0.325
2200 0.328
2201 0.333
2202 0.328
2203 0.322
2204 0.325
2205 0.331
2206 0.332
2207 0.325
2208 0.325
2209 0.328
2210 0.326
2211 0.329
2212 0.327
2213 0.328
2214 0.33
2215 0.328
2216 0.331
2217 0.331
2218 0.328
2219 0.325
2220 0.327
2221 0.329
2222 0.326
2223 0.33
2224 0.33
2225 0.329
2226 0.33
2227 0.333
2228 0.331
2229 0.327
2230 0.324
2231 0.32
2232 0.327
2233 0.331
2234 0.33
2235 0.326
2236 0.322
2237 0.324
2238 0.33
2239 0.331
2240 0.329
2241 0.328
2242 0.332
2243 0.333
2244 0.332
2245 0.331
2246 0.327
2247 0.329
2248 0.325
2249 0.318
2250 0.324
2251 0.325
2252 0.324
2253 0.326
2254 0.327
2255 0.323
2256 0.317
2257 0.324
2258 0.331
2259 0.327
2260 0.322
2261 0.322
2262 0.321
2263 0.325
2264 0.329
2265 0.331
2266 0.335
2267 0.327
2268 0.327
2269 0.336
2270 0.333
2271 0.326
2272 0.331
2273 0.332
2274 0.333
2275 0.333
2276 0.328
2277 0.328
2278 0.329
2279 0.328
2280 0.326
2281 0.325
2282 0.323
2283 0.324
2284 0.325
2285 0.326
2286 0.324
2287 0.321
2288 0.324
2289 0.329
2290 0.332
2291 0.329
2292 0.325
2293 0.323
2294 0.328
2295 0.328
2296 0.321
2297 0.314
2298 0.31
2299 0.32
2300 0.324
2301 0.327
2302 0.324
2303 0.321
2304 0.322
2305 0.319
2306 0.319
2307 0.326
2308 0.325
2309 0.324
2310 0.332
2311 0.328
2312 0.319
2313 0.318
2314 0.318
2315 0.319
2316 0.319
2317 0.321
2318 0.32
2319 0.318
2320 0.317
2321 0.319
2322 0.325
2323 0.323
2324 0.322
2325 0.324
2326 0.322
2327 0.321
2328 0.318
2329 0.311
2330 0.311
2331 0.318
2332 0.321
2333 0.322
2334 0.329
2335 0.328
2336 0.322
2337 0.317
2338 0.315
2339 0.318
2340 0.327
2341 0.327
2342 0.326
2343 0.322
2344 0.313
2345 0.316
2346 0.315
2347 0.312
2348 0.315
2349 0.317
2350 0.317
2351 0.318
2352 0.32
2353 0.32
2354 0.318
2355 0.312
2356 0.311
2357 0.312
2358 0.311
2359 0.313
2360 0.313
2361 0.313
2362 0.317
2363 0.314
2364 0.309
2365 0.309
2366 0.308
2367 0.315
2368 0.316
2369 0.307
2370 0.307
2371 0.317
2372 0.326
2373 0.319
2374 0.313
2375 0.315
2376 0.309
2377 0.304
2378 0.304
2379 0.311
2380 0.313
2381 0.309
2382 0.305
2383 0.301
2384 0.308
2385 0.313
2386 0.309
2387 0.307
2388 0.303
2389 0.307
2390 0.311
2391 0.304
2392 0.314
2393 0.326
2394 0.318
2395 0.319
2396 0.318
2397 0.306
2398 0.305
2399 0.309
2400 0.312
2401 0.311
2402 0.313
2403 0.308
2404 0.295
2405 0.299
2406 0.315
2407 0.318
2408 0.311
2409 0.308
2410 0.307
2411 0.307
2412 0.308
2413 0.309
2414 0.308
2415 0.307
2416 0.309
2417 0.305
2418 0.307
2419 0.31
2420 0.311
2421 0.31
2422 0.316
2423 0.319
2424 0.313
2425 0.308
2426 0.306
2427 0.309
2428 0.307
2429 0.307
2430 0.31
2431 0.309
2432 0.31
2433 0.304
2434 0.307
2435 0.31
2436 0.307
2437 0.3
2438 0.301
2439 0.309
2440 0.309
2441 0.313
2442 0.317
2443 0.316
2444 0.314
2445 0.315
2446 0.315
2447 0.313
2448 0.31
2449 0.307
2450 0.304
2451 0.302
2452 0.307
2453 0.306
2454 0.302
2455 0.303
2456 0.312
2457 0.318
2458 0.312
2459 0.308
2460 0.306
2461 0.307
2462 0.306
2463 0.302
2464 0.305
2465 0.304
2466 0.296
2467 0.3
2468 0.31
2469 0.311
2470 0.308
2471 0.304
2472 0.296
2473 0.294
2474 0.298
2475 0.303
2476 0.31
2477 0.307
2478 0.304
2479 0.306
2480 0.303
2481 0.304
2482 0.306
2483 0.301
2484 0.293
2485 0.29
2486 0.298
2487 0.31
2488 0.308
2489 0.299
2490 0.296
2491 0.302
2492 0.312
2493 0.315
2494 0.311
2495 0.309
2496 0.31
2497 0.316
2498 0.315
2499 0.313
