0
1
2506
-3 0.0037882449186007502
-2 0.023531728545550638
-1 0.06946653720272443
0 0.4275593132824781
1 0.46801804251707085
2 0.48854172098980386
3 0.4929553815185038
4 0.4983453075890377
5 0.5020237597540528
6 0.5074301021364289
7 0.5093907626180899
8 0.5072330694962512
9 0.5141274290901613
10 0.5168146097633384
11 0.5121019850474048
12 0.5169439638336875
13 0.5152358460733005
14 0.507100582324317
15 0.50807431635604
16 0.505753229657454
17 0.5043943284234168
18 0.5136953296224555
19 0.5171682721153348
20 0.5138192790690008
21 0.526587179601295
22 0.5307023143687681
23 0.5257055047721373
24 0.5234571659555413
25 0.5259775969068388
26 0.5312192329884062
27 0.5334767480662114
28 0.5372377077706247
29 0.5355638676094885
30 0.5358541813842508
31 0.5383806404458668
32 0.5399940420878075
33 0.541374075019944
34 0.5414941305692837
35 0.5397093960707113
36 0.5422580614616356
37 0.5469160376758397
38 0.5443669111485163
39 0.5464955332923715
40 0.547317007695186
41 0.5430124557401259
42 0.5439977848560867
43 0.545554717618774
44 0.5485639550098833
45 0.5518254970294143
46 0.5541365859777398
47 0.5600547776675929
48 0.5592968899348648
49 0.5552886798648856
50 0.5576670870303874
51 0.5633925760726571
52 0.5610390472016501
53 0.5633632670018213
54 0.5652269148018076
55 0.5605562688721568
56 0.5586901871998363
57 0.5562619527602096
58 0.5575786371151118
59 0.5614471199625237
60 0.5635181985959163
61 0.5656272863756493
62 0.5696944999809628
63 0.5715132739859334
64 0.5728837703042082
65 0.5718825010621097
66 0.5707427165377587
67 0.5726155255496486
68 0.5696469692700662
69 0.5720785749041305
70 0.5741749929684167
71 0.5778027662716444
72 0.5862629817472933
73 0.5858931562256123
74 0.5827695310428291
75 0.5834869908061884
76 0.5834460866511147
77 0.5827824388511283
78 0.5855551744308479
79 0.5896886316221284
80 0.591023790759249
81 0.5962938993732955
82 0.5989434463020898
83 0.5984228969191085
84 0.5921260423229644
85 0.5853330404526287
86 0.5917443836241935
87 0.5968633072405404
88 0.595061933386579
89 0.6001997929215432
90 0.6050793197177673
91 0.6034679765462028
92 0.6015887640220365
93 0.6056821535966003
94 0.6047410998301507
95 0.6020340093908937
96 0.6060067449706132
97 0.6124550226573092
98 0.6146367575352856
99 0.6162091177130473
100 0.6144845986901236
101 0.6167112073631159
102 0.6188369344982378
103 0.6150718678447769
104 0.6169191143822266
105 0.6254680178660031
106 0.6274184425045513
107 0.6315479300558897
108 0.6415117425165578
109 0.6439491532173935
110 0.641238331231047
111 0.6489784300274559
112 0.6577290965869728
113 0.6574252765584065
114 0.6548644176377402
115 0.6510344201223731
116 0.6491992448548658
117 0.6547724742682269
118 0.6647609118812318
119 0.6677165754018207
120 0.6624201535094183
121 0.6590162273514388
122 0.6635292847711142
123 0.6660106319448621
124 0.6718966195551463
125 0.6787174955124561
126 0.6784352833676939
127 0.685120539051484
128 0.6915848576480643
129 0.6896481016134355
130 0.6934470704641893
131 0.6961155533116011
132 0.6954836484547845
133 0.6974578151902492
134 0.6944606490690823
135 0.6941697368488152
136 0.7028131183581858
137 0.7070250277144813
138 0.7123829877982987
139 0.7197028203040916
140 0.7247577968976999
141 0.728088852913889
142 0.7311622754205893
143 0.7261509757309876
144 0.7175641789339227
145 0.7230963668831047
146 0.7365645259032232
147 0.7499440976989606
148 0.7508997573914332
149 0.7481200349032384
150 0.7567792192296409
151 0.7628738496136459
152 0.7676761461768744
153 0.7690273462238795
154 0.772324002381018
155 0.7768964387379852
156 0.7808274336242743
157 0.7870446391643942
158 0.7933793806470788
159 0.7998142528637175
160 0.8025888238702666
161 0.8155298926860218
162 0.8229664095467171
163 0.8216578268218149
164 0.8271271423794674
165 0.8316775097162319
166 0.835792030988895
167 0.837033411329673
168 0.8320434814310228
169 0.8331261986306161
170 0.8437934884151349
171 0.8542865503342891
172 0.8617060524376374
173 0.8678443597256489
174 0.8787197795728255
175 0.8822495813962216
176 0.8884574884153325
177 0.8935789466877598
178 0.8976301344324945
179 0.9063080165846622
180 0.904599077335224
181 0.9081134001688814
182 0.914652900519786
183 0.9232665118219215
184 0.9379690341757315
185 0.9435834208863239
186 0.944975387779297
187 0.9443591634797125
188 0.9519281675123421
189 0.9646002923442865
190 0.9742905776863915
191 0.9810098728765799
192 0.9855574459883579
193 0.9846629641346478
194 0.9863739919530734
195 0.9989267604649291
196 1.0046733962546037
197 1.0090709912513962
198 1.0150583365852548
199 1.020606940846279
200 1.0209375603306103
201 1.022648588149036
202 1.0339382461765099
203 1.0383204137582278
204 1.0422514086445172
205 1.0486335435289924
206 1.0467160988149387
207 1.0517686415362129
208 1.054993025997066
209 1.0565962925796406
210 1.06275992424924
211 1.0711185589577679
212 1.0767709397653953
213 1.07634137495377
214 1.0736503254243974
215 1.0757689498179923
216 1.085564922876266
217 1.0899257206670327
218 1.0873228829600834
219 1.0863218518108373
220 1.088431538036075
221 1.0893507608751742
222 1.0877278226193718
223 1.082036834219899
224 1.0819294483860065
225 1.0880660425069886
226 1.0855237806283404
227 1.0781655786235544
228 1.0757064377791148
229 1.0735971119065295
230 1.0705658054952176
231 1.0702128423724724
232 1.06172728746593
233 1.0586264670579597
234 1.0619430179318725
235 1.0570731650586158
236 1.0543830743273999
237 1.048693520911789
238 1.0362484985864784
239 1.0284245179602407
240 1.019438308387491
241 1.0063809155694858
242 0.9983388928647714
243 0.9882789042607857
244 0.9771263014906927
245 0.9671733233186419
246 0.9558177820578532
247 0.9536085334455546
248 0.9454121926415552
249 0.9260043713568858
250 0.9097451392839351
251 0.9018170432344952
252 0.899630000951505
253 0.8888743835115107
254 0.8731202734064671
255 0.8636612832544849
256 0.8468373637581471
257 0.8300381701978927
258 0.8186176830258927
259 0.8063821249633543
260 0.7927981396027439
261 0.7768808740138053
262 0.7605902743996424
263 0.7500653687535718
264 0.7502558970977266
265 0.750758332051142
266 0.7401980892239169
267 0.7321436348966078
268 0.7190244443182822
269 0.7008572890958338
270 0.6905763634046382
271 0.688064607487835
272 0.6767184655318024
273 0.664721583584082
274 0.663607959979676
275 0.6611233789205957
276 0.6566232142599142
277 0.651008604505775
278 0.6483755961486228
279 0.6454614352286121
280 0.6369638090521275
281 0.6299224571440067
282 0.6215961638241538
283 0.6122461568400415
284 0.6040647823147175
285 0.5981482637015783
286 0.5907998213542006
287 0.5835428762892426
288 0.5902413850846787
289 0.5888583563600628
290 0.5845004535780292
291 0.5783491162219184
292 0.5699687878951463
293 0.5694395233873546
294 0.5578724593934173
295 0.5509629962117264
296 0.5524256739923665
297 0.5539663277523174
298 0.5584380048312145
299 0.5569948614146963
300 0.5497599853699411
301 0.5483617157484387
302 0.5451632842132894
303 0.5421569418309132
304 0.5403603741552507
305 0.5388985329129674
306 0.5388792215923921
307 0.5391443332453665
308 0.5430321123640481
309 0.5389239946036611
310 0.5311621656636483
311 0.526977892301475
312 0.527066479525856
313 0.5357513636358046
314 0.5332211730270987
315 0.5296136948836134
316 0.5371178903141373
317 0.5390950893674407
318 0.5311996986242844
319 0.5282632091151652
320 0.5291728953404028
321 0.531616831813315
322 0.5344719741486862
323 0.5290814345833421
324 0.5199050720683955
325 0.517076566838674
326 0.5125255002726582
327 0.5161031931596032
328 0.5244090754866616
329 0.517149473505823
330 0.5079123828041642
331 0.49971775516719424
332 0.508409042789419
333 0.5159277283129137
334 0.5130750198498767
335 0.5177201890395282
336 0.5171424715480422
337 0.5191824056837695
338 0.5177081328188916
339 0.5131128916871115
340 0.5128888214983164
341 0.5168494858080935
342 0.5144903899631671
343 0.5099965065549615
344 0.5111365291721649
345 0.5141363672585183
346 0.520262588227282
347 0.5207044624017017
348 0.5173821064610172
349 0.516785776878207
350 0.5153648397909972
351 0.5143195332922399
352 0.5166593178165911
353 0.5171298018325954
354 0.520291060759761
355 0.5171205033115861
356 0.5151588689824627
357 0.5186990289087716
358 0.5230857645759365
359 0.5205751083313527
360 0.5134758525601172
361 0.512642783073065
362 0.5143232648393299
363 0.5121341891269736
364 0.5116609474113418
365 0.5117751978939101
366 0.5039213248006374
367 0.5049126820269165
368 0.5089673632258886
369 0.5151253271378222
370 0.5164485157887473
371 0.5093201890395282
372 0.511590596876327
373 0.5188897953457787
374 0.5161991061690585
375 0.5049026842766561
376 0.5054714786490907
377 0.5113489034929758
378 0.5156241463771999
379 0.5155884337940878
380 0.5172087151340093
381 0.5214815241458994
382 0.5163843457224618
383 0.5180802549038009
384 0.5167953134920686
385 0.5155573043457281
386 0.5164228160052013
387 0.5145813745345232
388 0.5171078335961393
389 0.520890999629861
390 0.5198163840602678
391 0.5246385903895762
392 0.5279076105525926
393 0.5225922527415727
394 0.5203814468856125
395 0.5247275164905563
396 0.5272851050005319
397 0.5246601982733798
398 0.5278185621918124
399 0.5278058924763657
400 0.5246446335492
401 0.5273700464122643
402 0.5239251153154648
403 0.5242536612801144
404 0.5196492589364307
405 0.5193969543080087
406 0.5234868353790294
407 0.5189513485864992
408 0.5239658821614327
409 0.5294955505038396
410 0.5321660918216277
411 0.5366216057308404
412 0.5405563321642193
413 0.5396939536063314
414 0.5380016386629768
415 0.534774597286243
416 0.5294284703795156
417 0.528222665312744
418 0.5252609736818367
419 0.5227123082909124
420 0.5228134279216348
421 0.5264511989751229
422 0.5280234583691379
423 0.5289051482476012
424 0.5262365280910838
425 0.5189380804255476
426 0.5274967435667325
427 0.5304461408841507
428 0.5282155625712164
429 0.5327853269629973
430 0.5331800307791729
431 0.5331166822019388
432 0.5324794484640551
433 0.5276886096759589
434 0.5253137110140002
435 0.5303041170983549
436 0.5292112648393957
437 0.5240757018676597
438 0.5282733441745312
439 0.5308787165375612
440 0.5288310661654962
441 0.5349924012718674
442 0.5408190099448595
443 0.5358476770882279
444 0.5352066967539488
445 0.5340928501059958
446 0.5294163991095734
447 0.5224913712037025
448 0.5172117259757946
449 0.5191980862410016
450 0.5221725848964612
451 0.5272439627526061
452 0.5278027593747803
453 0.5259549143918261
454 0.5270604363662322
455 0.5291196818225348
456 0.5269308442030309
457 0.5254943423916411
458 0.5259617790405012
459 0.521462004831083
460 0.524178119173138
461 0.5205712545244626
462 0.5247958185468995
463 0.5339794211124791
464 0.5328462781932564
465 0.5256520316853637
466 0.5173272134396876
467 0.5297225157013677
468 0.5393008220831229
469 0.5342626321457139
470 0.5275838807579467
471 0.5241433804374884
472 0.516574614497711
473 0.5077168001971536
474 0.5076977269694305
475 0.5147363061286182
476 0.5264386515194762
477 0.5308185225379659
478 0.5280778687780151
479 0.5175429439056304
480 0.514271028733881
481 0.5255769872401451
482 0.5317853919210136
483 0.5266434254370015
484 0.521761479817749
485 0.522245094685599
486 0.5231738541385598
487 0.524042260806766
488 0.5198701960236404
489 0.5209912827222265
490 0.5252644671360742
491 0.5232556624487067
492 0.5209786130067796
493 0.5217494085478067
494 0.5215095355419793
495 0.5208876284354234
496 0.5168742267934827
497 0.5130722256248903
498 0.5131413642195904
499 0.5169342041762791
500 0.5225965827341671
501 0.5178368884437361
502 0.5172552870467488
503 0.5240673621448074
504 0.526417058684978
505 0.5226493200663305
506 0.5153484385284605
507 0.5154595559094434
508 0.5152070131881692
509 0.5151658709402435
510 0.5159933734533763
511 0.5127309948954882
512 0.5134384418592812
513 0.5138906891859194
514 0.5099844352850194
515 0.5053105189446775
516 0.5065862991445061
517 0.5125642301243033
518 0.5152295798701299
519 0.5131543942876895
520 0.5089540950649372
521 0.5131261598480629
522 0.5152862868422357
523 0.5118818844985519
524 0.5100820464121985
525 0.5065169224569537
526 0.5084623785670871
527 0.5097381587669157
528 0.509084047580791
529 0.5113040146486545
530 0.5111528296509551
531 0.5095707955502262
532 0.5050231001786482
533 0.5059454561193326
534 0.5101301906179051
535 0.5071958968882676
536 0.5061059396380414
537 0.5086805429053639
538 0.5065687982097501
539 0.49744793072659454
540 0.4947061015516881
541 0.5091232536181406
542 0.5138412072151413
543 0.5012143566211805
544 0.5005611827571591
545 0.5057915991564467
546 0.5062805429053638
547 0.5062770344018207
548 0.5037445472298865
549 0.5028072250105267
550 0.49959285334923975
551 0.4935706470199314
552 0.49430656651620336
553 0.49680141994375504
554 0.4994474583690063
555 0.4997726481885238
556 0.49890097110962656
557 0.49929240451511125
558 0.5021438153033925
559 0.5061416522211534
560 0.5078244305506466
561 0.5069493822773119
562 0.507417432420982
563 0.5043482176470764
564 0.497334278689531
565 0.49902102665896636
566 0.5014527696021363
567 0.5021309074950935
568 0.5044488610920942
569 0.5048535626585302
570 0.49824745836900625
571 0.491360439609476
572 0.4882218481480178
573 0.4891693054267436
574 0.49264924987740377
575 0.49289528830265505
576 0.4915152553705187
577 0.4895230900385401
578 0.48528585630065646
579 0.4817617372842318
580 0.4822185777373268
581 0.49479574835797274
582 0.5126818732773625
583 0.5157378198903169
584 0.5106527984712627
585 0.5076789133106131
586 0.5078629158826917
587 0.5045812260042285
588 0.5048621404742348
589 0.5112541723252242
590 0.508026431719239
591 0.5048022853512384
592 0.5009164174021227
593 0.49343512753015845
594 0.4896131158117395
595 0.5022484283883525
596 0.5103867244551747
597 0.501698331841683
598 0.4940847928906366
599 0.49404472527391996
600 0.4947934517947443
601 0.4947994799050627
602 0.4929611715359699
603 0.49539604758072503
604 0.4988382209778972
605 0.4968769620507315
606 0.4965202673808964
607 0.494224520113204
608 0.4943158650372126
609 0.4975973168228235
610 0.4976888998396844
611 0.4946819590118036
612 0.4958788259102183
613 0.500006853436685
614 0.4975846471073767
615 0.49190632842335097
616 0.4927024633952719
617 0.4960216862343711
618 0.49624238522872866
619 0.49499194445979366
620 0.493523699705234
621 0.4913699762233375
622 0.49382355009385787
623 0.49664648834966013
624 0.49922338818021117
625 0.4992043149524881
626 0.49488419827324825
627 0.49668098899245744
628 0.4963812759129392
629 0.49633167168236103
630 0.4887999410414616
631 0.48016549770044814
632 0.49102631162160154
633 0.49715266989947093
634 0.4930846197558007
635 0.48999970294860945
636 0.48425575417342664
637 0.4876659465345766
638 0.49273456669109394
639 0.4962458786829662
640 0.49159103557034745
641 0.4871924667260926
642 0.4839342959009992
643 0.4816036725885516
644 0.4836240723601568
645 0.4916039433786465
646 0.49941004766817043
647 0.49824722027615403
648 0.4972997629974281
649 0.4981592465465831
650 0.49720552306468657
651 0.4977041042112119
652 0.5008271309484903
653 0.5063783921253954
654 0.5098546050289657
655 0.5127947038253747
656 0.5142728240703948
657 0.5111454673405218
658 0.5172114878829422
659 0.5310017893554341
660 0.5340578732774941
661 0.5364450662529417
662 0.5306538098104093
663 0.5269560613741244
664 0.5293591944757097
665 0.5329400355135456
666 0.5420342143163871
667 0.544026156604819
668 0.5496372578554151
669 0.5528489726008213
670 0.5537767582063194
671 0.5555986653128755
672 0.5592462110730776
673 0.5594418087293938
674 0.5571207220308078
675 0.5565526268876242
676 0.5540610438707635
677 0.5537358540512459
678 0.5544657454371995
679 0.5522644761951011
680 0.5514559096005858
681 0.5553021861186893
682 0.5586303471261453
683 0.5630636547060498
684 0.5655612808825344
685 0.5694985419719941
686 0.5761798280158421
687 0.5862183460451299
688 0.5947030644133153
689 0.5951129726010185
690 0.5967486813560143
691 0.5972285646767745
692 0.5987854974394619
693 0.6023001806257716
694 0.5997608288051621
695 0.6032881817069187
696 0.6049366974864668
697 0.6056024037568295
698 0.608090853672105
699 0.6091047926296503
700 0.606616580807227
701 0.6033131607851601
702 0.6040390825311714
703 0.6126223858739986
704 0.6178355494230872
705 0.6145446983327202
706 0.6115076876383834
707 0.6003135822677125
708 0.5898649330071749
709 0.5849619779496231
710 0.5771651721811085
711 0.5767135232999748
712 0.581311659440488
713 0.5831964389385738
714 0.5847118540513775
715 0.5846300457412303
716 0.5830955574007036
717 0.5797071959669042
718 0.5802720206993968
719 0.5859463697434801
720 0.5947379404580706
721 0.5964713976493511
722 0.591042250492162
723 0.5890342823431512
724 0.5895282703632199
725 0.5814283437953903
726 0.5713858561261606
727 0.572088111517992
728 0.5733393888252839
729 0.566877366791932
730 0.5669845145329727
731 0.5734587300960668
732 0.5730763571187393
733 0.5666566742243223
734 0.5551035776205878
735 0.537483623936076
736 0.5213287819045384
737 0.5154439911852635
738 0.5094763175246323
739 0.50068463097699
740 0.4946258504852026
741 0.48725954685041667
742 0.474072201516558
743 0.4696739930249555
744 0.46902131682269205
745 0.4635738321923901
746 0.45921303440162353
747 0.45741670481881336
748 0.45666147400196616
749 0.4608137663281174
750 0.46795392625442644
751 0.467129556842879
752 0.46237986030270845
753 0.4596044678071082
754 0.46037502525528295
755 0.46138269800965775
756 0.46213442032296176
757 0.4567905899794629
758 0.4577256156355943
759 0.46277272869205455
760 0.4576847114805207
761 0.4567177047883672
762 0.4609154844043443
763 0.46258932456548074
764 0.4544036200475621
765 0.45095587967647066
766 0.45003436027414306
767 0.4469264371246455
768 0.4513096642882672
769 0.45349223570460057
770 0.45007165514192676
771 0.4463423010715777
772 0.4476629550664221
773 0.44508956373941416
774 0.4428185424078054
775 0.4431403610328853
776 0.4486326186744563
777 0.44950102534266256
778 0.4407781320863735
779 0.4421399283291437
780 0.4438457495263021
781 0.43969565297963253
782 0.44166004500838346
783 0.44177359626170043
784 0.44171375618800945
785 0.44316049384251194
786 0.43546131425048196
787 0.43646244618347485
788 0.4406178716112115
789 0.44525331766881393
790 0.4531514661115977
791 0.44593506484906087
792 0.44332352706660705
793 0.4461031272950016
794 0.44421427737322716
795 0.44705034648087527
796 0.44432539475421007
797 0.43837232701960194
798 0.43866034423113576
799 0.43920706958336775
800 0.435805562248417
801 0.43537925279817713
802 0.43572724739250757
803 0.4325886559310493
804 0.4263010998559144
805 0.4235505706055032
806 0.4272111464338044
807 0.4262324438736666
808 0.4179464562633825
809 0.4090928496956195
810 0.40140015935030693
811 0.4019775530144996
812 0.415869334470366
813 0.4196775010583824
814 0.41185208544828317
815 0.4000428153599313
816 0.38710884928570355
817 0.3803170443063773
818 0.38059588525670196
819 0.3752904244121959
820 0.3710967517452666
821 0.3710627122388682
822 0.36727665119641356
823 0.36612405964751
824 0.3674783927961003
825 0.3760322648082916
826 0.39367139250427313
827 0.41082317378531474
828 0.4303181258344505
829 0.45676957411441593
830 0.48610601155266153
831 0.5307175123135478
832 0.5823699895805967
833 0.6327540890485658
834 0.69934560553012
835 0.7680119472414626
836 0.8277934621446402
837 0.8917057622739121
838 0.9597753132660453
839 1.0273172978681107
840 1.0832210314028672
841 1.1434961739734608
842 1.2158888374373138
843 1.2809247954466114
844 1.349153978369791
845 1.4147359009357
846 1.4603650972422313
847 1.495018828702073
848 1.5311495656854104
849 1.5506631147765648
850 1.5611745141688316
851 1.5649301600414833
852 1.5543258584815465
853 1.5454173653192018
854 1.5483082202376848
855 1.5483745860834521
856 1.5404859592052242
857 1.535070901698038
858 1.5205515518046973
859 1.5022124466658504
860 1.4694060840032583
861 1.4052998843353943
862 1.3214331233036618
863 1.2239957974306819
864 1.1238162419398274
865 1.013167275834693
866 0.8926146270100983
867 0.7895338033582264
868 0.6817590678654919
869 0.5715091756594431
870 0.48451202201504284
871 0.4097253616204983
872 0.3430826750421466
873 0.29102935001555147
874 0.25438756017277875
875 0.2143296606339891
876 0.17486980384503892
877 0.1645392588739595
878 0.16685854667107497
879 0.16884069920348754
880 0.17245506703665822
881 0.1837943443440159
882 0.20259546289365696
883 0.21714851341679697
884 0.23422124408731898
885 0.25310358755090795
886 0.2766532057497104
887 0.30007057486943073
888 0.31774940982947664
889 0.3329562111860892
890 0.353417779476115
891 0.3714343731873786
892 0.39530977965120306
893 0.4149571135890477
894 0.4211000140035161
895 0.43232887315914215
896 0.44620195036249555
897 0.450254460822996
898 0.46005793706576564
899 0.482987681587378
900 0.4912510017319547
901 0.48707193499104834
902 0.4855566206619912
903 0.48408585630065654
904 0.4851654253493588
905 0.4846850808921997
906 0.49013605897673923
907 0.48910655529501407
908 0.48390498683016325
909 0.487287420937391
910 0.4905239989279863
911 0.49507061966835536
912 0.5000728589298
913 0.4991320432562026
914 0.49483024900077005
915 0.49411364082507353
916 0.5030128204171034
917 0.5017303128777051
918 0.5027596792503247
919 0.500517743946005
920 0.4987523207680078
921 0.504834367171007
922 0.5075306233216467
923 0.5141680951523825
924 0.5171744375347588
925 0.5155573043457281
926 0.5159930131007239
927 0.5181905507957325
928 0.5250426935105076
929 0.5315794211124791
930 0.531942620078337
931 0.5274423331578553
932 0.5242084271324463
933 0.5297038178756027
934 0.5333669283599844
935 0.5297787615370745
936 0.532261046032926
937 0.535204039838068
938 0.5373982063386392
939 0.543202608682323
940 0.5412669272789032
941 0.5380326458515364
942 0.5381842062511939
943 0.5434710915297347
944 0.5430292173553151
945 0.5348877881869075
946 0.5321817723788597
947 0.535725065406754
948 0.5401205011494236
949 0.5454286189098105
950 0.5452166199909576
951 0.5456742969824093
952 0.5480460625427825
953 0.5482892059593008
954 0.5483712523623001
955 0.5475626857677848
956 0.5491256466407906
957 0.5529152161867884
958 0.5545824297921018
959 0.5541399571721775
960 0.5559776670957657
961 0.5602373452558099
962 0.5644529861591953
963 0.5670488219083638
964 0.5641559085195045
965 0.5635714121137843
966 0.5687692490315452
967 0.5742353307038656
968 0.5770898745937322
969 0.575176024117663
970 0.5732085997710735
971 0.5758704410133568
972 0.5799124524968822
973 0.5843336888068442
974 0.5796284049252903
975 0.5735084501596973
976 0.5731739618191706
977 0.5759810972579406
978 0.5820915154096723
979 0.5834968877727021
980 0.579214404837845
981 0.577208971344915
982 0.5820533840035317
983 0.5872480878197072
984 0.5881096298392383
985 0.5876544875038672
986 0.5902189557118237
987 0.5929032413762677
988 0.5927603810521149
989 0.5958580683584996
990 0.6019943021268295
991 0.6019712592591642
992 0.6017841235855005
993 0.6090644869200814
994 0.6064402794221806
995 0.5946442017520435
996 0.600759065729422
997 0.6077416371457552
998 0.6039536649337347
999 0.6101301893623277
1000 0.6148456233525534
1001 0.6134911679441628
1002 0.6067676435451266
1003 0.6035426756880745
1004 0.6183340083098124
1005 0.6311108835358225
1006 0.631546354197966
1007 0.6200484073226755
1008 0.6133439561513622
1009 0.6221323937643672
1010 0.6371450388752729
1011 0.6420326522521916
1012 0.6362370507677592
1013 0.6350153206241552
1014 0.6384517040038613
1015 0.6406521367076028
1016 0.6443270803690747
1017 0.6510440789960347
1018 0.6553353627901433
1019 0.6532188119162303
1020 0.6570935609668128
1021 0.6610504937295002
1022 0.6618270943372989
1023 0.6634276889546873
1024 0.6631276155225168
1025 0.6688844721059984
1026 0.6683663565953512
1027 0.66839482912783
1028 0.6682337321143111
1029 0.6653127215949307
1030 0.6708929164407137
1031 0.6701121231494261
1032 0.6758307475430206
1033 0.6846192859397723
1034 0.6831719498397653
1035 0.6885779168201835
1036 0.6928978104558766
1037 0.694713451359262
1038 0.6967189856359387
1039 0.6903931973709166
1040 0.6915652010241422
1041 0.697685256573482
1042 0.6976808257971409
1043 0.7090016132729745
1044 0.7148533383333137
1045 0.713892374800784
1046 0.7147037141442323
1047 0.7189576022868105
1048 0.7245906717738627
1049 0.7270944633697712
1050 0.7320934322205251
1051 0.7306687635862252
1052 0.7312246651996663
1053 0.7362394368674524
1054 0.7360805506827207
1055 0.746731900341102
1056 0.7557722822298765
1057 0.7596299307886709
1058 0.7698298696587709
1059 0.7710958902011914
1060 0.7704987240800243
1061 0.7714967229114319
1062 0.7695518802961087
1063 0.7730632930717275
1064 0.7715497133857533
1065 0.7820020941933806
1066 0.7925936037780709
1067 0.7925576681514122
1068 0.7970637236133066
1069 0.8007962258345463
1070 0.806018565644844
1071 0.8144214757028827
1072 0.8195651403046185
1073 0.8223528421630134
1074 0.827042200967735
1075 0.8319018179978793
1076 0.8360537499713783
1077 0.8434553907873182
1078 0.8499255144506703
1079 0.855410171688956
1080 0.8611849046091515
1081 0.8693188706833792
1082 0.8811230499835164
1083 0.8838951871177312
1084 0.8820596514975714
1085 0.8867930475589519
1086 0.8955244178471989
1087 0.9055720970883903
1088 0.9102574862531697
1089 0.9155874499902127
1090 0.9219566921156945
1091 0.9276747180637845
1092 0.9357106976088753
1093 0.9456327693761128
1094 0.9510981152938232
1095 0.9523381979598453
1096 0.9626899353224548
1097 0.9681303172112293
1098 0.9714734444973607
1099 0.9805871727136298
1100 0.9833657133601211
1101 0.9859482809483381
1102 0.9908870493727486
1103 0.9966555160897734
1104 1.007009449231865
1105 1.0179512499741141
1106 1.0206318040914684
1107 1.0193968057869132
1108 1.0206122482512927
1109 1.0272494970384818
1110 1.0408880150677695
1111 1.0503576014155172
1112 1.0540290516227513
1113 1.0600889067457477
1114 1.0649202893362653
1115 1.0677711016790419
1116 1.073777144838666
1117 1.0799252117840856
1118 1.0840927084817644
1119 1.0900702791089094
1120 1.095530195361806
1121 1.095305526727506
1122 1.0956338496486087
1123 1.0969352073721834
1124 1.0975602475803248
1125 1.099763813385652
1126 1.105400391376247
1127 1.111719314992594
1128 1.1110527721838745
1129 1.1076802135671073
1130 1.1066062972267652
1131 1.1083652311580452
1132 1.1163231188907732
1133 1.114421837346404
1134 1.11131485151901
1135 1.105836338224095
1136 1.1002908821139619
1137 1.1072446055958582
1138 1.1129662623072913
1139 1.1170047652872734
1140 1.11643667014409
1141 1.107522148871427
1142 1.1012890032051692
1143 1.0975222384339842
1144 1.0951479382175302
1145 1.0926914542889714
1146 1.0860442077515218
1147 1.0824793068398237
1148 1.080158818586742
1149 1.0768523877228897
1150 1.0730824898501194
1151 1.068428468226552
1152 1.055876298160201
1153 1.0467258584723471
1154 1.0362524682264205
1155 1.0226238471636466
1156 1.0121187139745502
1157 1.001057456128466
1158 0.9923706207586357
1159 0.9854373904390181
1160 0.9736689086726876
1161 0.9553603431592536
1162 0.9444447033369495
1163 0.934315099952559
1164 0.9272396077542933
1165 0.9163870784163709
1166 0.8958514280442404
1167 0.8850410148017064
1168 0.8739876962355063
1169 0.8501454927397232
1170 0.8386232874914961
1171 0.8386884314052441
1172 0.8312860763107472
1173 0.8223903751236494
1174 0.8166003005228206
1175 0.802785618417592
1176 0.7872373418119772
1177 0.772873500482183
1178 0.760586903205205
1179 0.755456268671568
1180 0.7507675083123511
1181 0.7417266502378721
1182 0.732986717183226
1183 0.7227122957880532
1184 0.7085274127591858
1185 0.7000461878452379
1186 0.697183304232519
1187 0.6884140621070372
1188 0.6795341637369715
1189 0.6745682355041435
1190 0.667435300579162
1191 0.6552774589270285
1192 0.6504344812522731
1193 0.6459855938988833
1194 0.636710905978201
1195 0.6353319326279682
1196 0.6267651678567833
1197 0.6182738078834692
1198 0.6153250090115556
1199 0.6109514407215955
1200 0.610538399432307
1201 0.6056792585878673
1202 0.5960946860029416
1203 0.5950807470453963
1204 0.6046777512529166
1205 0.6121775008577938
1206 0.6098748738921207
1207 0.6015764546592421
1208 0.5932313262045181
1209 0.5829880493070105
1210 0.5767546655479008
1211 0.5749138225227273
1212 0.5780150032833496
1213 0.579161191319977
1214 0.5768147651904973
1215 0.5751002439178342
1216 0.5724130632446572
1217 0.5718951707775567
1218 0.5712669974678298
1219 0.5691170055330234
1220 0.5635340014129484
1221 0.5572372841259098
1222 0.5588197793630376
1223 0.5601048580838754
1224 0.5613648354666722
1225 0.5620785486336357
1226 0.5563470314810475
1227 0.5566473430060704
1228 0.5544242428366214
1229 0.5557282574760768
1230 0.5592493441746628
1231 0.5585892048782196
1232 0.559602768433807
1233 0.557458581565772
1234 0.5582449418309792
1235 0.5578126042704209
1236 0.5550243039665215
1237 0.5520971129784116
1238 0.549526854752989
1239 0.5506793089927869
1240 0.5524569407498319
1241 0.5572284682173531
1242 0.5573169181326286
1243 0.553656940749832
1244 0.5508622369336563
1245 0.5495237216514036
1246 0.5526245270100683
1247 0.5506792082090404
1248 0.5531427798298212
1249 0.5470514349058127
1250 0.5420425540392395
1251 0.5434482867549217
1252 0.5447001775570237
1253 0.5397294066205379
1254 0.5301184350228149
1255 0.5449509098924786
1256 0.563526159351854
1257 0.5650785089797891
1258 0.5561727885663774
1259 0.5515535207277649
1260 0.5505027845641939
1261 0.5509483902857034
1262 0.547707842655166
1263 0.5469621484521803
1264 0.5534239323926798
1265 0.5532816705140318
1266 0.5462170526946992
1267 0.5446865339941145
1268 0.5403352728172095
1269 0.5356139480257712
1270 0.5396217826937926
1271 0.5401207392422758
1272 0.5409347355016049
1273 0.5440986663939569
1274 0.5492807004946856
1275 0.551781820125408
1276 0.5484216931312351
1277 0.5448815332049262
1278 0.5458165588610575
1279 0.5490600015003279
1280 0.5481091730271644
1281 0.5458952340696193
1282 0.5466758043173601
1283 0.5466789374189454
1284 0.5451120069059976
1285 0.5499342132353059
1286 0.5536575391953366
1287 0.5518981441276577
1288 0.5509000079871447
1289 0.5519897271445185
1290 0.5539320501530668
1291 0.5514026960827176
1292 0.547707842655166
1293 0.5464951729397193
1294 0.549839735209712
1295 0.5522143957788184
1296 0.5493054414800747
1297 0.5502467333393766
1298 0.5511468829507526
1299 0.548822425057729
1300 0.5489586437767534
1301 0.5444846701346279
1302 0.5380426586511023
1303 0.5347894413051181
1304 0.5410044875911152
1305 0.5515648526781403
1306 0.5475339751424537
1307 0.547119736962156
1308 0.554560821908298
1309 0.5524670758091981
1310 0.5478907705960353
1311 0.5467036784043345
1312 0.5504143346489184
1313 0.5545599853699411
1314 0.5562431391013922
1315 0.5579868321357855
1316 0.5503757270570732
1317 0.5494248985839097
1318 0.5581922044988156
1319 0.5587758643661789
1320 0.5546856078932003
1321 0.5561738631975864
1322 0.5545446587386136
1323 0.5500347344205236
1324 0.5518508364603081
1325 0.552798293739034
1326 0.5513108749730047
1327 0.5491515845171887
1328 0.5428893678729476
1329 0.5394440613741902
1330 0.5460443605969425
1331 0.5479228738918576
1332 0.5491102041764108
1333 0.5475128434443544
1334 0.5410890686501953
1335 0.5437097676445528
1336 0.5527577499366128
1337 0.5536167573000631
1338 0.5439126053515021
1339 0.5363402086483815
1340 0.5368296285830033
1341 0.5484092615086406
1342 0.5592970121946649
1343 0.5617057122701695
1344 0.5592079638338847
1345 0.5535811605500033
1346 0.5479385544490897
1347 0.5461071107286721
1348 0.5462837724663709
1349 0.5509354824774043
1350 0.5523817589955078
1351 0.549516841953423
1352 0.5506223639278292
1353 0.5536860117278155
1354 0.5506067992036492
1355 0.5497158108041766
1356 0.5523529261103767
1357 0.5572287063102054
1358 0.5568617757972573
1359 0.5571460614617014
1360 0.5593031561380354
1361 0.5566626846867035
1362 0.5603318232814037
1363 0.5638659550973945
1364 0.5635848025345358
1365 0.5574488068590583
1366 0.5539821305693494
1367 0.5525807278462617
1368 0.5464511356830604
1369 0.545731003954515
1370 0.5462149942243228
1371 0.5455457794504173
1372 0.5390206469326835
1373 0.5402592695738341
1374 0.5493478814027563
1375 0.5449850867079825
1376 0.5555641496207727
1377 0.5611637930962365
1378 0.55134201947067
1379 0.5489676827288569
1380 0.5453556265082202
1381 0.5488162596383052
1382 0.5526531368516527
1383 0.5540205000683422
1384 0.5518381667448612
1385 0.5487082753589076
1386 0.5527349451617998
1387 0.5541475575754629
1388 0.5467831901512531
1389 0.5380570264842731
1390 0.5450869055679561
1391 0.5577757920150896
1392 0.5552393352032131
1393 0.5493272724074251
1394 0.5453994256720267
1395 0.5481376455596435
1396 0.5488892670892009
1397 0.5458898044048055
1398 0.5405371366766962
1399 0.5340250492763673
1400 0.5426278869833165
1401 0.547263794177318
1402 0.540978671974517
1403 0.5399749688600844
1404 0.5369441386344771
1405 0.5342658810803514
1406 0.5339755673055891
1407 0.5357885362437883
1408 0.5334547798297554
1409 0.531190400103275
1410 0.532390400103275
1411 0.535014845694028
1412 0.5377967424856513
1413 0.5368168430345043
1414 0.5421791481602217
1415 0.5495623141939432
1416 0.5466306924294922
1417 0.5511651045908132
1418 0.5524447536468375
1419 0.5454955982503877
1420 0.5300639845236219
1421 0.5112457440061394
1422 0.5195412531809795
1423 0.5406929262852015
1424 0.5528311177401609
1425 0.5469279931127297
1426 0.5354995602340975
1427 0.5378657588205514
1428 0.5415007721744122
1429 0.5444242165661266
1430 0.5449040998868868
1431 0.5449072329884722
1432 0.5436536591179518
1433 0.5432526890986056
1434 0.5416739254085677
1435 0.5398900274483521
1436 0.5370668510996977
1437 0.5344807900572429
1438 0.5363126949140595
1439 0.5346921905305912
1440 0.5375845054739461
1441 0.5435151287863935
1442 0.5426873881804085
1443 0.5406321123640481
1444 0.534787505094542
1445 0.5262924135741379
1446 0.5278939820389889
1447 0.5332220095654556
1448 0.5306284703795155
1449 0.5301479886132509
1450 0.535959032562063
1451 0.5377271277052466
1452 0.5371141587670474
1453 0.5382921905305913
1454 0.5375591660430524
1455 0.5397573021835655
1456 0.5414313804375542
1457 0.534534125834911
1458 0.5325704330354113
1459 0.5330951901511872
1460 0.530404039838068
1461 0.5354025325031173
1462 0.5403037894429452
1463 0.5409830019671116
1464 0.5333283207681394
1465 0.5245589563828575
1466 0.525800697076288
1467 0.5279450212534286
1468 0.5280770322396583
1469 0.5275251153154649
1470 0.5244875061756232
1471 0.5170279614965683
1472 0.5229490481951544
1473 0.5317092513685326
1474 0.5340517078580702
1475 0.5335394831486355
1476 0.5325924012718675
1477 0.5354284703795156
1478 0.5318884477623121
1479 0.5298896408252051
1480 0.5266565713381529
1481 0.5224911331108503
1482 0.5205687198683819
1483 0.5210363946100943
1484 0.5162733291252256
1485 0.5223966550852563
1486 0.5307526178285976
1487 0.5275464851064163
1488 0.5296874015637604
1489 0.5284655706364099
1490 0.5278629748504291
1491 0.5260536001502143
1492 0.5188340657860923
1493 0.5266657325500566
1494 0.5318101329064028
1495 0.5320593044332392
1496 0.5283298130537847
1497 0.5226930120196427
1498 0.5269626879299474
1499 0.5297949247067589
1500 0.5320435016162072
1501 0.5310271287863279
1502 0.5193583467161637
1503 0.5182063536127646
1504 0.5210079220776155
1505 0.5192262198968816
1506 0.5222298903140715
1507 0.5200951027507925
1508 0.5164815964969888
1509 0.5246546312994605
1510 0.5299504547463585
1511 0.5286484985772794
1512 0.5288347977125863
1513 0.5299120852473658
1514 0.5300065632729596
1515 0.5291032805599981
1516 0.5311403196869924
1517 0.5300541090331616
1518 0.5289517201603409
1519 0.5290021609292758
1520 0.5310300388443663
1521 0.5307266799521994
1522 0.5251147421632464
1523 0.5272344261387446
1524 0.52393197996414
1525 0.5164317541735582
1526 0.5136594947795434
1527 0.5163182029202414
1528 0.5219514097163992
1529 0.5293000751073235
1530 0.5276889700286111
1531 0.5226294253495563
1532 0.5276921031301965
1533 0.5285010451266696
1534 0.5245092363192271
1535 0.5181778810802856
1536 0.5164855661369309
1537 0.5187781803030379
1538 0.5215855538346604
1539 0.5244463639276975
1540 0.5234791341919973
1541 0.5286640633014591
1542 0.5351324888470872
1543 0.5301900896593335
1544 0.5186949370090294
1545 0.521102039750557
1546 0.5246359334736953
1547 0.5263280103241977
1548 0.5274553632259544
1549 0.5241523186058453
1550 0.5239532124459858
1551 0.5241523186058452
1552 0.527493372372295
1553 0.5265900896593334
1554 0.5253298741836846
1555 0.5247808522682244
1556 0.5230096240234555
1557 0.5193243072097653
1558 0.5182694640971465
1559 0.5220336942122508
1560 0.5261735549158075
1561 0.528130844203031
1562 0.5286738380081729
1563 0.5307615559969545
1564 0.5285320523152294
1565 0.5263970266590982
1566 0.528715218348951
1567 0.531373926489649
1568 0.5318660033401515
1569 0.5336351731145441
1570 0.530686013889978
1571 0.521978923450721
1572 0.5264381689070238
1573 0.5348074148606219
1574 0.5354123072098311
1575 0.5363205584512074
1576 0.5485392140244942
1577 0.5544536741672573
1578 0.5508833686317556
1579 0.5570602684623066
1580 0.5644259486105778
1581 0.5575129919746492
1582 0.5467182843303575
1583 0.5529556377294095
1584 0.5681294806375808
1585 0.5746772048782853
1586 0.580660205170244
1587 0.5889971097351677
1588 0.5925649056555989
1589 0.5931078994607408
1590 0.593623119962655
1591 0.5875473397628265
1592 0.5845285657578557
1593 0.5849079278933981
1594 0.5834933943184645
1595 0.5831620390795231
1596 0.5804013747697457
1597 0.5836252830448942
1598 0.5942487586163012
1599 0.5942134214351469
1600 0.5921886766216417
1601 0.591677901945374
1602 0.5903741253987709
1603 0.5891291142946494
1604 0.5946072672369123
1605 0.610267021576162
1606 0.6196009876503897
1607 0.6217408445258303
1608 0.6240995800181045
1609 0.6283312618313743
1610 0.6315107574479061
1611 0.6332661828756427
1612 0.6351678398219698
1613 0.6313280675998889
1614 0.6248002781662745
1615 0.6287001285548983
1616 0.6378232926012823
1617 0.6448205922034387
1618 0.6447566451807
1619 0.6436862373439013
1620 0.644002727087914
1621 0.6391269468880854
1622 0.6365656117817141
1623 0.6385525855417313
1624 0.6408261264801153
1625 0.6381096367361025
1626 0.6412268584066092
1627 0.6418807314998818
1628 0.6357889103901687
1629 0.6339360968787998
1630 0.6265978046400937
1631 0.6182484684525755
1632 0.6153598850563107
1633 0.6121392471918531
1634 0.609641022569864
1635 0.6108632288991722
1636 0.6145516788144477
1637 0.6154071927236604
1638 0.6174845375602237
1639 0.6209325160241673
1640 0.6274032381330238
1641 0.6303427234346227
1642 0.6265555877609589
1643 0.6298312344797982
1644 0.6257268482665013
1645 0.6114946726195898
1646 0.6036857590557739
1647 0.5988383506046775
1648 0.6076207450580586
1649 0.6131977060185096
1650 0.6052580399258423
1651 0.5999184022658323
1652 0.5926377908466945
1653 0.5834084378574268
1654 0.5675439096006516
1655 0.5540071096475907
1656 0.5485577895904593
1657 0.5412129930557305
1658 0.5385413620574278
1659 0.5349512590239416
1660 0.5316710041293399
1661 0.5222705563762926
1662 0.5081049846680007
1663 0.5000225339939172
1664 0.4900315617248315
1665 0.4839233243032761
1666 0.49129142327457587
1667 0.49744068711100475
1668 0.4874511748667907
1669 0.48036482690385424
1670 0.48641634230399844
1671 0.4883579660832953
1672 0.49112382196503407
1673 0.4921566968411968
1674 0.4876185380834802
1675 0.4868926163374688
1676 0.48618890092076567
1677 0.48259179592949875
1678 0.48222883505649294
1679 0.48321767267599697
1680 0.48272452119428527
1681 0.484848935605346
1682 0.4919419251734109
1683 0.49475929645529376
1684 0.4840631737856437
1685 0.476225564645802
1686 0.4776346685559219
1687 0.480217733805897
1688 0.48396265260042587
1689 0.4832045267748456
1690 0.4818653979977827
1691 0.48100096096951855
1692 0.4777137041171361
1693 0.470371442238488
1694 0.4712628917743594
1695 0.4694254199436235
1696 0.46413226846191197
1697 0.4678961231750583
1698 0.4735204068521645
1699 0.4808399862157998
1700 0.4779376735221846
1701 0.4749758445821717
1702 0.4709120021712959
1703 0.468562442940231
1704 0.472983679250193
1705 0.47459394779054853
1706 0.4747261968696306
1707 0.4740224814529276
1708 0.46955453592112023
1709 0.4628882161559476
1710 0.45969291772238363
1711 0.46116826521847076
1712 0.45918769497072986
1713 0.45965177547445796
1714 0.46539306733375985
1715 0.46417039986805253
1716 0.4668100347810275
1717 0.46913776308474203
1718 0.46795043280018883
1719 0.4654049005108498
1720 0.46291995909911743
1721 0.46560133470552284
1722 0.4622949188909761
1723 0.4619633255591824
1724 0.4617677279028662
1725 0.46074752274215025
1726 0.46266763942139005
1727 0.4612026650775214
1728 0.4582530296672509
1729 0.4539364064422487
1730 0.4521657766429845
1731 0.44585058457372756
1732 0.43548001207624715
1733 0.4327236777590644
1734 0.432380150466434
1735 0.42849646324749463
1736 0.41972418880417417
1737 0.408829933822127
1738 0.40554303732239677
1739 0.40241761323814323
1740 0.3974326117775921
1741 0.38295402230347153
1742 0.37108323906471496
1743 0.3803013422730918
1744 0.39355810081986187
1745 0.4026834241203687
1746 0.4032697344768649
1747 0.40896253682711353
1748 0.4273436271789909
1749 0.4516484912439461
1750 0.481740007140628
1751 0.5142242123015414
1752 0.567636084636269
1753 0.6274983081773744
1754 0.6877062547905918
1755 0.7581463443534782
1756 0.8256660368917942
1757 0.8904660550098478
1758 0.9488395406341142
1759 1.0144456057399078
1760 1.0833900676962704
1761 1.1437997559091748
1762 1.2102285173498017
1763 1.288406186102322
1764 1.3586879879259812
1765 1.4175192728015003
1766 1.4744734793659653
1767 1.5216731146889877
1768 1.5621094175651629
1769 1.5987252294412218
1770 1.621401872886371
1771 1.6443681915704627
1772 1.6534758916764136
1773 1.637872859358575
1774 1.6218853440183678
1775 1.6082195653969158
1776 1.6045387008356204
1777 1.596733317251401
1778 1.5816797744121696
1779 1.565508998681242
1780 1.5441742997141954
1781 1.5044715039380114
1782 1.427509775311629
1783 1.3331889353545456
1784 1.2271388347177867
1785 1.1092780504848683
1786 0.994334292082082
1787 0.884970917408849
1788 0.7879271655812143
1789 0.6815249848771306
1790 0.5727342769974847
1791 0.4857598058680971
1792 0.4092511460574041
1793 0.34355569371423156
1794 0.3026790739072981
1795 0.26299524414834274
1796 0.22113934195002918
1797 0.19353143326496483
1798 0.18786831538750992
1799 0.19165220212653622
1800 0.18717921232357765
1801 0.19117004728355774
1802 0.20480904149854998
1803 0.21578138829295973
1804 0.2298826526258607
1805 0.24825977333779584
1806 0.27160776576996376
1807 0.29512877412718164
1808 0.31140865528577927
1809 0.3346616569812898
1810 0.35427969689760397
1811 0.37727305313031295
1812 0.4022282817849977
1813 0.42260070093049673
1814 0.4399889840229281
1815 0.4579092642817682
1816 0.4688538377729503
1817 0.46909602239131154
1818 0.472815717587999
1819 0.478998660578174
1820 0.4865516237009191
1821 0.49369118518172367
1822 0.4959649792622654
1823 0.4957741977759528
1824 0.49548982637706773
1825 0.506316838884675
1826 0.4957189408370141
1827 0.4813780451560949
1828 0.4898001141762977
1829 0.503849175364152
1830 0.5225181520452055
1831 0.5196215071092563
1832 0.5098943122930301
1833 0.5121787025693371
1834 0.5140173863403876
1835 0.5120333075891036
1836 0.5102552146956596
1837 0.51579777579706
1838 0.5164292195174776
1839 0.5160432157768067
1840 0.518828621071973
1841 0.5228266960825861
1842 0.5240416623612614
1843 0.5265768214983821
1844 0.5351128171738596
1845 0.5369569306097239
1846 0.5340418108915562
1847 0.5332015013538711
1848 0.5359775073442815
1849 0.5428903266711045
1850 0.5404076818226006
1851 0.5397376305103379
1852 0.5432371243744258
1853 0.5457255742897014
1854 0.5439564045153087
1855 0.5440010552667776
1856 0.5470360932251794
1857 0.5423712523623001
1858 0.5473195423512667
1859 0.5527731924009925
1860 0.5551505249352853
1861 0.5590059626652922
1862 0.5571709247068904
1863 0.5583464218143537
1864 0.5536044415105208
1865 0.5423551899763622
1866 0.543513449282932
1867 0.5619685058838619
1868 0.5743247394172981
1869 0.5728170505325364
1870 0.5700219863637086
1871 0.5721667867265537
1872 0.5753566554953039
1873 0.573183620692832
1874 0.5697823514507336
1875 0.5715799937576053
1876 0.5718703075323676
1877 0.5708239264024011
1878 0.5790569385876693
1879 0.5835510600887273
1880 0.5759019458636743
1881 0.5720526370277322
1882 0.5741089874753018
1883 0.5771148536719735
1884 0.5813745318320177
1885 0.5842953193078514
1886 0.583755235560748
1887 0.5850784242116729
1888 0.584724163414172
1889 0.5886272842134868
1890 0.5940655925825796
1891 0.5885357011966259
1892 0.5844243130255481
1893 0.5835788119159014
1894 0.5815700072285338
1895 0.5844623221718885
1896 0.5908445943654697
1897 0.5932028536720392
1898 0.5944117918403962
1899 0.5995749908062542
1900 0.6016273716138816
1901 0.603439742106576
1902 0.6051354282443683
1903 0.6059909421535812
1904 0.6101243993448617
1905 0.6133514407215955
1906 0.6162690950958439
1907 0.6175733478281514
1908 0.6152804955691922
1909 0.6135850475242521
1910 0.6127522161300523
1911 0.6084443937643013
1912 0.6084306494176455
1913 0.6202893764357654
1914 0.6275147158666591
1915 0.6176067888890451
1916 0.6184754336501038
1917 0.6245302194609388
1918 0.6211575600604248
1919 0.6174625693237676
1920 0.6137801625681159
1921 0.6228493773420217
1922 0.6347259656475499
1923 0.6388396503818562
1924 0.6395340672775498
1925 0.638369657600862
1926 0.6365974555086308
1927 0.6372217964875208
1928 0.6527305888726179
1929 0.6585062956402759
1930 0.6529218565363396
1931 0.6519395232128584
1932 0.6561341697272504
1933 0.6588377516629641
1934 0.6498212742212217
1935 0.646044612483523
1936 0.6513380020580869
1937 0.6525404359304209
1938 0.6570777581497806
1939 0.662563013833571
1940 0.6638097230554161
1941 0.6667685196775903
1942 0.6694528053420342
1943 0.6689156166036638
1944 0.6702227643447046
1945 0.6713222582087922
1946 0.6712780836430279
1947 0.6676170316290222
1948 0.6725847702476695
1949 0.6815824125545409
1950 0.6753473707680229
1951 0.6766823925960379
1952 0.6890586366793006
1953 0.6955726968155646
1954 0.6992034659112721
1955 0.6990579486712385
1956 0.7008011805692329
1957 0.7047672745438239
1958 0.7058247896216291
1959 0.7106912713004485
1960 0.71039082246632
1961 0.7101912551700618
1962 0.7171109541948655
1963 0.7180738539379711
1964 0.7165630319516241
1965 0.7261250378545894
1966 0.7383017146415937
1967 0.743056004308221
1968 0.746806966262374
1969 0.7513422300113575
1970 0.7476635548027957
1971 0.7415340634233409
1972 0.7393583717049885
1973 0.7449318392112019
1974 0.7547649848774596
1975 0.7627756249916566
1976 0.7682727138525368
1977 0.7731576703135745
1978 0.7765710108256154
1979 0.7786265247348282
1980 0.7813770539852392
1981 0.781973859753754
1982 0.7828229701506904
1983 0.7863149858712928
1984 0.7932497884838775
1985 0.8000579947257404
1986 0.7987874211471788
1987 0.8050457689352246
1988 0.8158677522209861
1989 0.8224007482758677
1990 0.8260159526473951
1991 0.826050468339498
1992 0.8292333351504674
1993 0.8339037580365717
1994 0.8399633750667159
1995 0.8443802813840835
1996 0.8511120081968665
1997 0.8616217094714098
1998 0.8653253637582128
1999 0.8625960820389532
2000 0.8694707699596356
2001 0.8773964686621003
2002 0.8867206600296142
2003 0.8964278228199605
2004 0.8981451168415565
2005 0.8984475018862611
2006 0.9041352349243482
2007 0.9115273391264268
2008 0.9156217275894634
2009 0.928170764554229
2010 0.9386418582369273
2011 0.9426762693171671
2012 0.9503682239078695
2013 0.9577197993568325
2014 0.9625163059025947
2015 0.9631283160426369
2016 0.967469442160176
2017 0.9787681756651125
2018 0.9910833677343694
2019 0.9934981109694979
2020 0.997100883718431
2021 1.0005775728077058
2022 1.0042971672206467
2023 1.0111811536623383
2024 1.014133085635837
2025 1.0191883003222977
2026 1.0263661090422949
2027 1.0305998493259407
2028 1.0356770322488575
2029 1.0431017159324627
2030 1.042786178559859
2031 1.038982367005447
2032 1.0461185723411197
2033 1.0695094873084217
2034 1.0760511834388078
2035 1.0748433449426702
2036 1.0796440592212269
2037 1.0803232867946988
2038 1.0813993623891633
2039 1.0853810361372398
2040 1.0952962282064969
2041 1.1044219269089615
2042 1.1108756342604709
2043 1.113186961301649
2044 1.115328491253803
2045 1.1108599472764915
2046 1.107796537569357
2047 1.1137556334142835
2048 1.1183944506663235
2049 1.1229533657201816
2050 1.1239544119187335
2051 1.1282401287389223
2052 1.1231805840598674
2053 1.1224351279497342
2054 1.1301060731021375
2055 1.1285617243204555
2056 1.1293761817161838
2057 1.12496158701135
2058 1.1258648697243114
2059 1.1281226078456634
2060 1.1272606046897333
2061 1.1298217874376935
2062 1.121882734839836
2063 1.121740934097587
2064 1.119442652173814
2065 1.1137079868703348
2066 1.1093538156353913
2067 1.1003956174587215
2068 1.0927856942217131
2069 1.081453672014294
2070 1.069795947276294
2071 1.0541077204045652
2072 1.0514424929185389
2073 1.0579234723465614
2074 1.0562281465614214
2075 1.0412029539948688
2076 1.023902162019556
2077 1.013931322560097
2078 1.0028793632350221
2079 0.995222031546917
2080 0.9879540747939205
2081 0.9724784452865493
2082 0.9533995453684871
2083 0.939060805376734
2084 0.9310978332825391
2085 0.9258785107407744
2086 0.9163644109506637
2087 0.9060802148487772
2088 0.8923760516790268
2089 0.8799252242869446
2090 0.8719147064325479
2091 0.8637434669665897
2092 0.8508032196398858
2093 0.8333285601518609
2094 0.8220721657858593
2095 0.8095079244495658
2096 0.8004961373530702
2097 0.7926310144789067
2098 0.7807358506074135
2099 0.7710102130348487
2100 0.7635204826562856
2101 0.7557628829251204
2102 0.7453904750008107
2103 0.728094398411755
2104 0.7206081765367349
2105 0.7223378620906098
2106 0.7054491590331765
2107 0.6904335030804856
2108 0.6891406830822998
2109 0.6812941722994603
2110 0.6732731439837395
2111 0.6633139146578236
2112 0.6588903667353274
2113 0.6549150964995274
2114 0.6498723134356613
2115 0.6443559132542059
2116 0.6352810307226342
2117 0.627879851043093
2118 0.6166981772950166
2119 0.6111757490032429
2120 0.6093673481504904
2121 0.6033226973990214
2122 0.6022422767626568
2123 0.6087545014720914
2124 0.609809106491858
2125 0.6037644557403891
2126 0.5997830200851648
2127 0.5940618610354896
2128 0.5845511324398164
2129 0.5736259710529564
2130 0.5624127924545623
2131 0.5580203890297315
2132 0.5634933353507272
2133 0.5678412253331946
2134 0.57006699746783
2135 0.5728742336903466
2136 0.5724381645826987
2137 0.5748254948672518
2138 0.575852103540244
2139 0.5734425669263824
2140 0.5709319106817985
2141 0.5705529088989085
2142 0.5717472411412423
2143 0.5676995619000512
2144 0.5546734143634581
2145 0.5460656081280939
2146 0.5459875313650369
2147 0.5473417486805751
2148 0.5502024579898654
2149 0.5545985929617863
2150 0.5502816093841317
2151 0.5469401802157242
2152 0.5493468218208527
2153 0.5543868321357857
2154 0.5564452410537313
2155 0.5572152000564015
2156 0.5594951445070618
2157 0.5596979822140111
2158 0.5535408548404342
2159 0.541130210898121
2160 0.5371828147492952
2161 0.5459847586161038
2162 0.5511979221651924
2163 0.5477264396971845
2164 0.5496248262328205
2165 0.5484219312240876
2166 0.5464286912608998
2167 0.5495681192607148
2168 0.5506076357420062
2169 0.5468010514386613
2170 0.5475935921725978
2171 0.5594619415390203
2172 0.5543578834176021
2173 0.5481023083784893
2174 0.5486942464023359
2175 0.5395194812213666
2176 0.5470724292948063
2177 0.5610788516845042
2178 0.5606770451268012
2179 0.5507695792855865
2180 0.5496435391078912
2181 0.5528969794974222
2182 0.5453013383591431
2183 0.5466913690415399
2184 0.547187891717689
2185 0.5411363763175451
2186 0.5458732658331631
2187 0.5521072480377778
2188 0.5530443321642852
2189 0.5533317509303144
2190 0.5532591038320712
2191 0.5510893394402901
2192 0.5535152773166884
2193 0.5501021748974999
2194 0.5402019491069183
2195 0.5368582233752823
2196 0.5386144853413758
2197 0.5400827300959353
2198 0.5418066506733543
2199 0.5427848770477877
2200 0.5468300216328983
2201 0.5521738519763971
2202 0.5464926382836386
2203 0.5397626095885792
2204 0.543072295813817
2205 0.5499665546239804
2206 0.5511725827342987
2207 0.5435361382246926
2208 0.5429651480727763
2209 0.5459781170109753
2210 0.5442977725538162
2211 0.5475693123236077
2212 0.5458007560440253
2213 0.5470796693454394
2214 0.5494292285765043
2215 0.5478055910914508
2216 0.5510046210721046
2217 0.5507240820040561
2218 0.5469912194301638
2219 0.5433690131008555
2220 0.545267536945597
2221 0.547541077883981
2222 0.5449510472015843
2223 0.5493912194301638
2224 0.5497861613391916
2225 0.5491412113649705
2226 0.5505181111955214
2227 0.5535941906181026
2228 0.5508436613676914
2229 0.5453053079990853
2230 0.5408876659271075
2231 0.5366684307857377
2232 0.5447020987182944
2233 0.5498116230298854
2234 0.5487850143568933
2235 0.5437737146672915
2236 0.5390588941718762
2237 0.5415315412701196
2238 0.5487348116808104
2239 0.5506198292717484
2240 0.5489202742777605
2241 0.5482254970294144
2242 0.552826766271513
2243 0.5542823413106256
2244 0.5530950110260726
2245 0.5513202742777605
2246 0.5462677315564864
2247 0.5469635834360418
2248 0.5415226031017627
2249 0.5335673722849155
2250 0.5395586722094108
2251 0.5411629126394478
2252 0.5407513313750308
2253 0.5429526006171296
2254 0.5434808662364485
2255 0.5385796092966206
2256 0.5323482990571924
2257 0.5403223650089103
2258 0.5484070872052123
2259 0.54429149130134
2260 0.5382095456820875
2261 0.5374207515445464
2262 0.5367479425326563
2263 0.5421318404928718
2264 0.5479573745346549
2265 0.5513172784852808
2266 0.5556187981225021
2267 0.5473789212885586
2268 0.5475365097985343
2269 0.5569928029443202
2270 0.5539447198685136
2271 0.5465292124461174
2272 0.5515825917057484
2273 0.5531456898878598
2274 0.5544116953809746
2275 0.5539351832546521
2276 0.5480676704265863
2277 0.5473699831202017
2278 0.547938914801742
2279 0.5464292897064044
2280 0.5436663288333986
2281 0.5418728942593216
2282 0.5394066506733544
2283 0.5404012783103245
2284 0.5415950121071538
2285 0.5425205011494235
2286 0.5401521067834878
2287 0.5371549406623207
2288 0.5411052318198797
2289 0.5475599130188518
2290 0.5513397078581359
2291 0.5478851028383693
2292 0.5429049325971274
2293 0.5404102164786811
2294 0.5452454528760887
2295 0.5442385158763243
2296 0.5349232626771673
2297 0.5255980974621908
2298 0.5211014563543579
2299 0.5327097848560209
2300 0.5389303981159373
2301 0.5431107875726098
2302 0.5399306935105734
2303 0.5360719853698754
2304 0.536271790758986
2305 0.53304077974231
2306 0.5336088748854936
2307 0.5417032344794036
2308 0.5418726561664692
2309 0.5418402139940481
2310 0.550080328920844
2311 0.5449804785322201
2312 0.5339369597137441
2313 0.5312473451682331
2314 0.5306258134636348
2315 0.5317653598951336
2316 0.532125187666554
2317 0.5342915808638975
2318 0.5330633464242708
2319 0.5306949520583351
2320 0.5298261699881709
2321 0.532709323719622
2322 0.5397768365476876
2323 0.5383772692514293
2324 0.5374549133107447
2325 0.5392301111954556
2326 0.5366058029138082
2327 0.5342884477623121
2328 0.5294324400194578
2329 0.5209784907469794
2330 0.5209784907469796
2331 0.5294957885966919
2332 0.5346956839848289
2333 0.5377640622203779
2334 0.54599067089337
2335 0.5446930597661909
2336 0.5369467955503578
2337 0.5300444501595
2338 0.5275211241994692
2339 0.5317840727702043
2340 0.5427353950770096
2341 0.5437673326310688
2342 0.5420245769187789
2343 0.5359777303878283
2344 0.5248525405683108
2345 0.5264672398850073
2346 0.5248444389383107
2347 0.5217710164316105
2348 0.525200758206188
2349 0.5279450212534286
2350 0.5287023105406519
2351 0.5303568544305184
2352 0.5327283818980395
2353 0.5323844942527567
2354 0.5291479162621616
2355 0.5215627490598475
2356 0.5194158902266262
2357 0.5200161894493784
2358 0.5191380080744583
2359 0.5214875673055234
2360 0.5219703456350165
2361 0.5224468577613391
2362 0.526476898758669
2363 0.5227095355419794
2364 0.5165328738042806
2365 0.5159330357179273
2366 0.5153988792973955
2367 0.5231393384464569
2368 0.5240904050124726
2369 0.5146725971987318
2370 0.5154897265596462
2371 0.5277587221181216
2372 0.5385366530979186
2373 0.5313196383405718
2374 0.5236082501694941
2375 0.5234710325619972
2376 0.5154094905424661
2377 0.5090268429469272
2378 0.5090459161746503
2379 0.5170324137489629
2380 0.5195174924698008
2381 0.5146955242333447
2382 0.5094062050824697
2383 0.5051111897412712
2384 0.5130599162620956
2385 0.5190251775264462
2386 0.5148879887880756
2387 0.5119859999217538
2388 0.5074700474933456
2389 0.5117498735123219
2390 0.5166099516788651
2391 0.5112835214863756
2392 0.5238553632259545
2393 0.5382052978589773
2394 0.530971781055347
2395 0.5308935669831844
2396 0.5275984616429593
2397 0.5131569439930759
2398 0.5108518831550686
2399 0.5151127732554277
2400 0.5190277121825269
2401 0.5183575600865175
2402 0.5192683209429643
2403 0.512006147780686
2404 0.49746917825774595
2405 0.5025374230123055
2406 0.5213940480780864
2407 0.5262751571589821
2408 0.5189194898102769
2409 0.5144960577208332
2410 0.5124851945630893
2411 0.5122513496675803
2412 0.5134228771351013
2413 0.514569303264581
2414 0.5135173551606953
2415 0.5123113270503769
2416 0.514054781991918
2417 0.510006043168823
2418 0.5124247409945883
2419 0.5162589612920551
2420 0.5182856272668309
2421 0.5185152644295455
2422 0.5256680940713012
2423 0.5288579628400515
2424 0.5216388896123284
2425 0.5148494819799773
2426 0.511648155436095
2427 0.514260154354948
2428 0.5123144601519622
2429 0.5125889711096925
2430 0.515930024876142
2431 0.5149640070807565
2432 0.5155166232342014
2433 0.5090678844111064
2434 0.5119699590118694
2435 0.5147341318251899
2436 0.5108056715949815
2437 0.5028629731844755
2438 0.5041076239359443
2439 0.5136762563947324
2440 0.5157624386159058
2441 0.5216322480071999
2442 0.5268778687780151
2443 0.5263184737103364
2444 0.5242087874850987
2445 0.5249133394401586
2446 0.5243767491472927
2447 0.5213168328943962
2448 0.5167319649148344
2449 0.5120021781407438
2450 0.5077231886601242
2451 0.5052789133106131
2452 0.5103257882742213
2453 0.5092902564821778
2454 0.5054683455475054
2455 0.507760361268108
2456 0.5189174313399009
2457 0.5263067627930464
2458 0.5199051943281956
2459 0.514432709143599
2460 0.5111302629689943
2461 0.5112982246311886
2462 0.5096370391361934
2463 0.5050197289842105
2464 0.5073134177815267
2465 0.5054539777143348
2466 0.4971412156892954
2467 0.5022506026917809
2468 0.5142320421751213
2469 0.5163121812366709
2470 0.5124059273357708
2471 0.5060154312523897
2472 0.4956295321235817
2473 0.4927276805663654
2474 0.4978368294759985
2475 0.5050678731899172
2476 0.5138435037783697
2477 0.5113386526005574
2478 0.5079249517358644
2479 0.5093783309954953
2480 0.5060748101896817
2481 0.5067820190606223
2482 0.5078218958945658
2483 0.5008245962924096
2484 0.49081419044294855
2485 0.48767789554471874
2486 0.49783032517997566
2487 0.5122241962859106
2488 0.510657503865815
2489 0.5005044757850535
2490 0.49716038970076526
2491 0.5049697644009801
2492 0.517758933940479
2493 0.5225267298609101
2494 0.5187621393931535
2495 0.5166082786021514
2496 0.5181085043927333
2497 0.5210272302522209
2498 0.4997526660045407
2499 0.4491890378455875
2500 0.07328942554981593
2501 0.024725202773474356
2502 0.003965620934856304
