0
1
2506
-3 -0.6178768556398022
-2 -0.5981333720128523
-1 -0.5521985633556785
0 -0.19410578727592487
1 -0.1536470580413321
2 -0.1331233795685991
3 -0.12870971903989914
4 -0.12331979296936524
5 -0.11964134080435018
6 -0.11423499842197404
7 -0.11227433794031305
8 -0.11443203106215172
9 -0.10753767146824167
10 -0.10485049079506459
11 -0.10956311551099818
12 -0.1047211367247155
13 -0.10642925448510243
14 -0.11456451823408598
15 -0.11359078420236302
16 -0.11591187090094901
17 -0.11727077213498616
18 -0.1079697709359475
19 -0.10449682844306818
20 -0.10784582148940214
21 -0.09507792095710799
22 -0.09096278618963483
23 -0.09595959578626567
24 -0.0982079346028617
25 -0.0956875036515642
26 -0.09044586756999673
27 -0.08818835249219159
28 -0.08442739278777822
29 -0.08610123294891447
30 -0.08581091917415218
31 -0.08328446011253621
32 -0.08167105847059541
33 -0.08029102553845902
34 -0.08017096998911921
35 -0.08195570448769163
36 -0.07940703909676738
37 -0.07474906288256322
38 -0.07729818940988664
39 -0.07516956726603141
40 -0.07434809286321697
41 -0.07865264481827705
42 -0.07766731570231622
43 -0.0761103829396289
44 -0.07310114554851965
45 -0.06983960352898866
46 -0.06752851458066311
47 -0.06161032289081003
48 -0.062368210623538145
49 -0.06637642069351735
50 -0.0639980135280156
51 -0.058272524485745825
52 -0.06062605335675286
53 -0.058301833556581695
54 -0.056438185756595316
55 -0.061108831686246146
56 -0.06297491335856664
57 -0.06540314779819334
58 -0.06408646344329116
59 -0.06021798059587924
60 -0.05814690196248662
61 -0.056037814182753665
62 -0.051970600577440185
63 -0.05015182657246953
64 -0.04878133025419473
65 -0.04978259949629327
66 -0.05092238402064431
67 -0.0490495750087544
68 -0.052018131288336766
69 -0.04958652565427246
70 -0.047490107589986286
71 -0.043862334286758564
72 -0.03540211881110966
73 -0.03577194433279063
74 -0.038895569515573825
75 -0.038178109752214584
76 -0.03821901390728821
77 -0.03888266170727461
78 -0.036109926127555037
79 -0.031976468936274594
80 -0.030641309799153915
81 -0.025371201185107495
82 -0.022721654256313117
83 -0.023242203639294412
84 -0.029539058235438564
85 -0.03633206010577428
86 -0.0299207169342095
87 -0.024801793317862586
88 -0.026603167171823983
89 -0.02146530763685972
90 -0.016585780840635667
91 -0.018197124012200194
92 -0.020076336536366424
93 -0.01598294696180269
94 -0.016924000728252286
95 -0.019631091167509274
96 -0.01565835558778972
97 -0.009210077901093738
98 -0.007028343023117389
99 -0.005455982845355645
100 -0.007180501868279343
101 -0.004953893195287051
102 -0.002828166060165116
103 -0.006593232713626107
104 -0.004745986176176387
105 0.0038029173076001843
106 0.005753341946148294
107 0.009882829497486756
108 0.019846641958154887
109 0.022284052658990583
110 0.01957323067264405
111 0.02731332946905296
112 0.0360639960285698
113 0.035760176000003585
114 0.03319931707933721
115 0.029369319563970153
116 0.027534144296462837
117 0.03310737370982397
118 0.0430958113228288
119 0.04605147484341776
120 0.040755052951015336
121 0.03735112679303587
122 0.04186418421271121
123 0.044345531386459136
124 0.050231518996743385
125 0.05705239495405312
126 0.056770182809290914
127 0.063455438493081
128 0.06991975708966136
129 0.06798300105503252
130 0.07178196990578634
131 0.07445045275319817
132 0.07381854789638154
133 0.07579271463184623
134 0.07279554851067938
135 0.07250463629041226
136 0.08114801779978287
137 0.08535992715607832
138 0.09071788723989571
139 0.09803771974568865
140 0.10309269633929696
141 0.10642375235548607
142 0.10949717486218635
143 0.10448587517258467
144 0.0958990783755197
145 0.10143126632470179
146 0.11489942534482023
147 0.12827899714055768
148 0.12923465683303026
149 0.12645493434483546
150 0.1351141186712379
151 0.14120874905524294
152 0.14601104561847145
153 0.1473622456654765
154 0.150658901822615
155 0.15523133817958223
156 0.15916233306587135
157 0.1653795386059912
158 0.17171428008867584
159 0.17814915230531458
160 0.18092372331186368
161 0.19386479212761887
162 0.2013013089883141
163 0.1999927262634119
164 0.20546204182106442
165 0.21001240915782893
166 0.21412693043049202
167 0.21536831077127006
168 0.21037838087261984
169 0.21146109807221314
170 0.22212838785673195
171 0.23262144977588617
172 0.24004095187923447
173 0.24617925916724592
174 0.2570546790144226
175 0.2605844808378186
176 0.2667923878569295
177 0.2719138461293569
178 0.27596503387409155
179 0.28464291602625924
180 0.2829339767768211
181 0.28644829961047846
182 0.292987799961383
183 0.3016014112635186
184 0.31630393361732856
185 0.3219183203279209
186 0.32331028722089405
187 0.32269406292130953
188 0.33026306695393914
189 0.3429351917858835
190 0.35262547712798853
191 0.35934477231817696
192 0.36389234542995497
193 0.36299786357624486
194 0.36470889139467044
195 0.37726165990652616
196 0.38300829569620076
197 0.38740589069299325
198 0.39339323602685183
199 0.39894184028787605
200 0.3992724597722074
201 0.40098348759063296
202 0.4122731456181069
203 0.41665531319982485
204 0.4205863080861142
205 0.42696844297058945
206 0.4250509982565357
207 0.4301035409778099
208 0.43332792543866294
209 0.43493119202123764
210 0.4410948236908371
211 0.4494534583993649
212 0.4551058392069923
213 0.45467627439536706
214 0.45198522486599446
215 0.45410384925958935
216 0.4638998223178631
217 0.4682606201086298
218 0.46565778240168043
219 0.46465675125243433
220 0.466766437477672
221 0.4676856603167713
222 0.4660627220609689
223 0.460371733661496
224 0.4602643478276035
225 0.4664009419485856
226 0.46385868006993747
227 0.4565004780651515
228 0.4540413372207118
229 0.45193201134812655
230 0.44890070493681467
231 0.4485477418140694
232 0.4400621869075271
233 0.43696136649955675
234 0.44027791737346955
235 0.43540806450021285
236 0.4327179737689969
237 0.42702842035338595
238 0.4145833980280754
239 0.40675941740183774
240 0.397773207829088
241 0.3847158150110829
242 0.37667379230636844
243 0.3666138037023827
244 0.3554612009322897
245 0.34550822276023896
246 0.3341526814994502
247 0.33194343288715167
248 0.3237470920831522
249 0.3043392707984829
250 0.2880800387255321
251 0.2801519426760922
252 0.27796490039310207
253 0.26720928295310775
254 0.2514551728480642
255 0.24199618269608192
256 0.22517226319974415
257 0.20837306963948976
258 0.1969525824674897
259 0.1847170244049513
260 0.17113303904434096
261 0.15521577345540238
262 0.13892517384123948
263 0.1284002681951688
264 0.1285907965393236
265 0.129093231492739
266 0.11853298866551398
267 0.11047853433820487
268 0.0973593437598792
269 0.07919218853743082
270 0.06891126284623528
271 0.06639950692943208
272 0.05505336497339941
273 0.04305648302567899
274 0.04194285942127307
275 0.039458278362192734
276 0.03495811370151125
277 0.029343503947372063
278 0.026710495590219874
279 0.02379633467020914
280 0.0152987084937245
281 0.008257356585603781
282 -6.893673424912539e-05
283 -0.009418943718361494
284 -0.017600318243685464
285 -0.023516836856824708
286 -0.030865279204202345
287 -0.03812222426916034
288 -0.031423715473724245
289 -0.032806744198340176
290 -0.037164646980373806
291 -0.043315984336484536
292 -0.051696312663256694
293 -0.052225577171048365
294 -0.06379264116498562
295 -0.07070210434667656
296 -0.06923942656603643
297 -0.0676987728060856
298 -0.06322709572718843
299 -0.06467023914370662
300 -0.07190511518846188
301 -0.07330338480996423
302 -0.07650181634511355
303 -0.07950815872748973
304 -0.08130472640315223
305 -0.08276656764543555
306 -0.08278587896601086
307 -0.08252076731303648
308 -0.07863298819435482
309 -0.08274110595474182
310 -0.0905029348947547
311 -0.094687208256928
312 -0.09459862103254701
313 -0.0859137369225984
314 -0.08844392753130426
315 -0.09205140567478953
316 -0.0845472102442657
317 -0.0825700111909623
318 -0.09046540193411856
319 -0.09340189144323774
320 -0.09249220521800017
321 -0.09004826874508798
322 -0.08719312640971677
323 -0.09258366597506085
324 -0.10176002849000743
325 -0.10458853371972898
326 -0.10913960028574476
327 -0.10556190739879978
328 -0.09725602507174136
329 -0.10451562705258
330 -0.11375271775423879
331 -0.12194734539120872
332 -0.11325605776898395
333 -0.10573737224548929
334 -0.10859008070852627
335 -0.10394491151887475
336 -0.1045226290103608
337 -0.10248269487463346
338 -0.10395696773951135
339 -0.10855220887129147
340 -0.10877627906008658
341 -0.10481561475030943
342 -0.10717471059523587
343 -0.11166859400344142
344 -0.11052857138623806
345 -0.10752873329988466
346 -0.10140251233112096
347 -0.10096063815670131
348 -0.10428299409738573
349 -0.10487932368019592
350 -0.10630026076740573
351 -0.10734556726616307
352 -0.10500578274181183
353 -0.10453529872580758
354 -0.10137403979864201
355 -0.10454459724681686
356 -0.1065062315759403
357 -0.10296607164963134
358 -0.09857933598246649
359 -0.10108999222705028
360 -0.10818924799828578
361 -0.10902231748533797
362 -0.10734183571907308
363 -0.10953091143142935
364 -0.11000415314706113
365 -0.10988990266449283
366 -0.11774377575776551
367 -0.11675241853148643
368 -0.11269773733251431
369 -0.10653977342058074
370 -0.10521658476965567
371 -0.11234491151887471
372 -0.11007450368207594
373 -0.10277530521262424
374 -0.10546599438934445
375 -0.11676241628174688
376 -0.11619362190931226
377 -0.11031619706542717
378 -0.10604095418120307
379 -0.10607666676431515
380 -0.10445638542439362
381 -0.10018357641250353
382 -0.10528075483594113
383 -0.10358484565460202
384 -0.10486978706633432
385 -0.10610779621267485
386 -0.10524228455320161
387 -0.10708372602387972
388 -0.10455726696226364
389 -0.100774100928542
390 -0.1018487164981352
391 -0.0970265101688268
392 -0.09375749000581035
393 -0.09907284781683023
394 -0.10128365367279046
395 -0.0969375840678467
396 -0.09437999555787102
397 -0.09700490228502312
398 -0.09384653836659052
399 -0.0938592080820373
400 -0.09702046700920297
401 -0.0942950541461387
402 -0.09773998524293814
403 -0.09741143927828855
404 -0.1020158416219723
405 -0.10226814625039427
406 -0.09817826517937356
407 -0.1027137519719038
408 -0.09769921839697027
409 -0.0921695500545634
410 -0.0894990087367753
411 -0.08504349482756257
412 -0.08110876839418368
413 -0.08197114695207153
414 -0.08366346189542617
415 -0.08689050327215997
416 -0.09223663017888739
417 -0.09344243524565898
418 -0.0964041268765663
419 -0.09895279226749054
420 -0.0988516726367682
421 -0.09521390158328003
422 -0.09364164218926507
423 -0.09275995231080181
424 -0.09542857246731917
425 -0.1027270201328554
426 -0.09416835699167048
427 -0.09121895967425231
428 -0.09344953798718658
429 -0.08887977359540566
430 -0.0884850697792301
431 -0.08854841835646421
432 -0.08918565209434781
433 -0.09397649088244409
434 -0.09635138954440281
435 -0.09136098346004806
436 -0.09245383571900723
437 -0.09758939869074323
438 -0.09339175638387176
439 -0.09078638402084171
440 -0.09283403439290672
441 -0.08667269928653554
442 -0.08084609061354342
443 -0.08581742347017507
444 -0.08645840380445413
445 -0.08757225045240713
446 -0.09224870144882957
447 -0.09917372935470048
448 -0.1044533745826084
449 -0.10246701431740135
450 -0.09949251566194173
451 -0.09442113780579686
452 -0.09386234118362269
453 -0.0957101861665769
454 -0.09460466419217073
455 -0.09254541873586819
456 -0.09473425635537203
457 -0.0961707581667619
458 -0.09570332151790173
459 -0.10020309572732
460 -0.09748698138526501
461 -0.10109384603394034
462 -0.09686928201150347
463 -0.08768567944592387
464 -0.0888188223651466
465 -0.09601306887303929
466 -0.10433788711871539
467 -0.09194258485703521
468 -0.08236427847528005
469 -0.08740246841268906
470 -0.09408121980045625
471 -0.09752172012091453
472 -0.10509048606069193
473 -0.11394830036124937
474 -0.11396737358897246
475 -0.10692879442978476
476 -0.09522644903892674
477 -0.09084657802043705
478 -0.09358723178038786
479 -0.10412215665277258
480 -0.10739407182452199
481 -0.09608811331825784
482 -0.08987970863738937
483 -0.09502167512140147
484 -0.09990362074065395
485 -0.09942000587280397
486 -0.09849124641984319
487 -0.09762283975163699
488 -0.10179490453476259
489 -0.10067381783617646
490 -0.09640063342232874
491 -0.09840943810969627
492 -0.10068648755162335
493 -0.09991569201059625
494 -0.10015556501642364
495 -0.1007774721229796
496 -0.10479087376492024
497 -0.10859287493351266
498 -0.10852373633881252
499 -0.10473089638212385
500 -0.09906851782423587
501 -0.10382821211466686
502 -0.10440981351165413
503 -0.09759773841359554
504 -0.09524804187342495
505 -0.09901578049207249
506 -0.1063166620299425
507 -0.1062055446489596
508 -0.10645808737023377
509 -0.1064992296181595
510 -0.1056717271050267
511 -0.10893410566291473
512 -0.10822665869912174
513 -0.10777441137248356
514 -0.1116806652733836
515 -0.11635458161372547
516 -0.11507880141389681
517 -0.10910087043409966
518 -0.10643552068827311
519 -0.10851070627071346
520 -0.1127110054934658
521 -0.10853894071034009
522 -0.10637881371616731
523 -0.10978321605985109
524 -0.11158305414620451
525 -0.11514817810144928
526 -0.11320272199131587
527 -0.11192694179148721
528 -0.112581052977612
529 -0.11036108590974847
530 -0.11051227090744786
531 -0.11209430500817674
532 -0.1166420003797548
533 -0.11571964443907035
534 -0.11153490994049786
535 -0.11446920367013536
536 -0.11555916092036156
537 -0.11298455765303905
538 -0.11509630234865287
539 -0.12421716983180842
540 -0.12695899900671487
541 -0.11254184694026237
542 -0.1078238933432617
543 -0.12045074393722244
544 -0.12110391780124385
545 -0.11587350140195629
546 -0.11538455765303912
547 -0.11538806615658226
548 -0.11792055332851648
549 -0.1188578755478763
550 -0.12207224720916321
551 -0.12809445353847154
552 -0.1273585340421996
553 -0.12486368061464792
554 -0.12221764218939668
555 -0.12189245236987917
556 -0.1227641294487764
557 -0.1223726960432917
558 -0.11952128525501049
559 -0.11552344833724959
560 -0.11384067000775633
561 -0.11471571828109106
562 -0.11424766813742093
563 -0.11731688291132658
564 -0.12433082186887195
565 -0.1226440738994366
566 -0.12021233095626671
567 -0.11953419306330948
568 -0.11721623946630877
569 -0.11681153789987275
570 -0.12341764218939671
571 -0.13030466094892695
572 -0.13344325241038518
573 -0.13249579513165938
574 -0.1290158506809992
575 -0.1287698122557479
576 -0.13014984518788425
577 -0.13214201051986285
578 -0.1363792442577465
579 -0.1399033632741712
580 -0.13944652282107617
581 -0.12686935220043022
582 -0.10898322728104048
583 -0.1059272806680861
584 -0.1110123020871403
585 -0.11398618724778986
586 -0.11380218467571124
587 -0.11708387455417446
588 -0.11680296008416813
589 -0.11041092823317877
590 -0.11363866883916396
591 -0.11686281520716457
592 -0.12074868315628029
593 -0.12822997302824451
594 -0.13205198474666346
595 -0.11941667217005048
596 -0.11127837610322822
597 -0.11996676871671996
598 -0.12758030766776635
599 -0.127620375284483
600 -0.12687164876365864
601 -0.12686562065334028
602 -0.12870392902243305
603 -0.12626905297767793
604 -0.12282687958050575
605 -0.12478813850767145
606 -0.12514483317750658
607 -0.12744058044519896
608 -0.12734923552119037
609 -0.12406778373557947
610 -0.12397620071871857
611 -0.12698314154659934
612 -0.12578627464818465
613 -0.12165824712171791
614 -0.12408045345102625
615 -0.129758772135052
616 -0.12896263716313106
617 -0.12564341432403187
618 -0.1254227153296743
619 -0.1266731560986093
620 -0.12814140085316894
621 -0.13029512433506546
622 -0.1278415504645451
623 -0.12501861220874283
624 -0.12244171237819179
625 -0.12246078560591483
626 -0.1267809022851547
627 -0.12498411156594552
628 -0.12528382464546378
629 -0.12533342887604193
630 -0.13286515951694133
631 -0.14149960285795482
632 -0.13063878893680142
633 -0.12451243065893203
634 -0.12858048080260226
635 -0.1316653976097935
636 -0.13740934638497632
637 -0.13399915402382634
638 -0.12893053386730902
639 -0.12541922187543675
640 -0.13007406498805552
641 -0.13447263383231034
642 -0.13773080465740378
643 -0.14006142796985138
644 -0.13804102819824615
645 -0.13006115717975647
646 -0.12225505289023253
647 -0.12341788028224893
648 -0.12436533756097484
649 -0.12350585401181985
650 -0.12445957749371639
651 -0.12396099634719104
652 -0.12083796960991267
653 -0.11528670843300759
654 -0.11181049552943723
655 -0.10887039673302823
656 -0.1073922764880082
657 -0.11051963321788116
658 -0.10445361267546072
659 -0.09066331120296889
660 -0.08760722728090886
661 -0.08522003430546121
662 -0.09101129074799363
663 -0.09470903918427853
664 -0.09230590608269329
665 -0.08872506504485733
666 -0.07963088624201586
667 -0.07763894395358395
668 -0.0720278427029879
669 -0.06881612795758163
670 -0.06788834235208352
671 -0.06606643524552747
672 -0.06241888948532537
673 -0.06222329182900921
674 -0.0645443785275952
675 -0.06511247367077877
676 -0.06760405668763947
677 -0.06792924650715704
678 -0.06719935512120345
679 -0.06940062436330185
680 -0.07020919095781719
681 -0.06636291443971365
682 -0.06303475343225762
683 -0.05860144585235316
684 -0.05610381967586853
685 -0.05216655858640884
686 -0.04548527254256085
687 -0.03544675451327306
688 -0.02696203614508763
689 -0.026552127957384486
690 -0.02491641920238863
691 -0.02443653588162842
692 -0.022879603118941105
693 -0.01936491993263134
694 -0.021904271753240834
695 -0.018376918851484292
696 -0.016728403071936127
697 -0.01606269680157346
698 -0.013574246886297936
699 -0.012560307928752623
700 -0.015048519751175937
701 -0.018351939773242898
702 -0.017626018027231516
703 -0.009042714684404318
704 -0.0038295511353158007
705 -0.007120402225682776
706 -0.010157412920019593
707 -0.021351518290690485
708 -0.031800167551228053
709 -0.03670312260877984
710 -0.04449992837729444
711 -0.04495157725842813
712 -0.040353441117914945
713 -0.0384686616198292
714 -0.03695324650702547
715 -0.03703505481717262
716 -0.03856954315769934
717 -0.04195790459149873
718 -0.0413930798590062
719 -0.03571873081492283
720 -0.02692716010033236
721 -0.025193702909051874
722 -0.030622850066240992
723 -0.03263081821525171
724 -0.0321368301951831
725 -0.04023675676301264
726 -0.05027924443224241
727 -0.04957698904041097
728 -0.04832571173311906
729 -0.05478773376647095
730 -0.054680586025430244
731 -0.04820637046233611
732 -0.048588743439663684
733 -0.05500842633408065
734 -0.06656152293781514
735 -0.084181476622327
736 -0.10033631865386461
737 -0.10622110937313944
738 -0.11218878303377067
739 -0.12098046958141295
740 -0.12703925007320038
741 -0.1344055537079863
742 -0.14759289904184497
743 -0.15199110753344747
744 -0.15264378373571091
745 -0.15809126836601284
746 -0.16245206615677943
747 -0.1642483957395896
748 -0.1650036265564368
749 -0.16085133423028558
750 -0.15371117430397652
751 -0.15453554371552397
752 -0.15928524025569452
753 -0.1620606327512948
754 -0.16129007530312
755 -0.1602824025487452
756 -0.1595306802354412
757 -0.16487451057894004
758 -0.1639394849228087
759 -0.15889237186634841
760 -0.16398038907788226
761 -0.16494739577003575
762 -0.16074961615405864
763 -0.15907577599292222
764 -0.1672614805108409
765 -0.1707092208819323
766 -0.1716307402842599
767 -0.17473866343375744
768 -0.17035543627013577
769 -0.1681728648538024
770 -0.1715934454164762
771 -0.17532279948682528
772 -0.17400214549198084
773 -0.1765755368189888
774 -0.17884655815059758
775 -0.17852473952551767
776 -0.17303248188394665
777 -0.1721640752157404
778 -0.18088696847202945
779 -0.17952517222925923
780 -0.17781935103210084
781 -0.18196944757877043
782 -0.1800050555500195
783 -0.17989150429670253
784 -0.1799513443703935
785 -0.17850460671589102
786 -0.186203786307921
787 -0.1852026543749281
788 -0.18104722894719144
789 -0.17641178288958903
790 -0.16851363444680528
791 -0.1757300357093421
792 -0.1783415734917959
793 -0.17556197326340134
794 -0.1774508231851758
795 -0.1746147540775277
796 -0.1773397058041929
797 -0.18329277353880102
798 -0.1830047563272672
799 -0.1824580309750352
800 -0.18585953830998597
801 -0.18628584776022583
802 -0.1859378531658954
803 -0.18907644462735368
804 -0.19536400070248855
805 -0.19811452995289974
806 -0.19445395412459854
807 -0.19543265668473636
808 -0.20371864429502046
809 -0.21257225086278347
810 -0.22026494120809603
811 -0.21968754754390335
812 -0.20579576608803696
813 -0.20198759950002054
814 -0.2098130151101198
815 -0.22162228519847166
816 -0.2345562512726994
817 -0.24134805625202566
818 -0.241069215301701
819 -0.24637467614620706
820 -0.2505683488131364
821 -0.25060238831953474
822 -0.2543884493619894
823 -0.25554104091089297
824 -0.2541867077623027
825 -0.24563283575011136
826 -0.22799370805412983
827 -0.21084192677308822
828 -0.19134697472395246
829 -0.16489552644398703
830 -0.13555908900574143
831 -0.09094758824485516
832 -0.03929511097780625
833 0.011088988490162821
834 0.07768050497171708
835 0.14634684668305964
836 0.20612836158623726
837 0.2700406617155091
838 0.3381102127076423
839 0.4056521973097077
840 0.4615559308444642
841 0.5218310734150579
842 0.5942237368789108
843 0.6592596948882085
844 0.727488877811388
845 0.7930708003772969
846 0.8386999966838283
847 0.87335372814367
848 0.9094844651270074
849 0.9289980142181619
850 0.9395094136104286
851 0.9432650594830804
852 0.9326607579231435
853 0.9237522647607989
854 0.9266431196792818
855 0.9267094855250492
856 0.9188208586468213
857 0.913405801139635
858 0.8988864512462943
859 0.8805473461074474
860 0.8477409834448554
861 0.7836347837769914
862 0.6997680227452588
863 0.6023306968722789
864 0.5021511413814245
865 0.39150217527629005
866 0.27094952645169534
867 0.16786870279982347
868 0.060093967307088936
869 -0.050155924898959814
870 -0.13715307854336012
871 -0.2119397389379047
872 -0.27858242551625634
873 -0.3306357505428515
874 -0.3672775403856242
875 -0.4073354399244139
876 -0.44679529671336404
877 -0.4571258416844435
878 -0.454806553887328
879 -0.4528244013549154
880 -0.4492100335217447
881 -0.4378707562143871
882 -0.41906963766474603
883 -0.404516587141606
884 -0.387443856471084
885 -0.368561513007495
886 -0.34501189480869254
887 -0.32159452568897223
888 -0.3039156907289263
889 -0.28870888937231376
890 -0.26824732108228794
891 -0.25023072737102436
892 -0.2263553209071999
893 -0.20670798696935527
894 -0.20056508655488686
895 -0.18933622739926081
896 -0.1754631501959074
897 -0.17141063973540693
898 -0.16160716349263732
899 -0.13867741897102498
900 -0.13041409882644828
901 -0.13459316556735462
902 -0.13610847989641178
903 -0.13757924425774642
904 -0.13649967520904416
905 -0.13698001966620327
906 -0.13152904158166373
907 -0.1325585452633889
908 -0.1377601137282397
909 -0.13437767962101194
910 -0.13114110163041665
911 -0.1265944808900476
912 -0.12159224162860294
913 -0.12253305730220038
914 -0.1268348515576329
915 -0.12755145973332943
916 -0.11865228014129958
917 -0.11993478768069787
918 -0.11890542130807824
919 -0.12114735661239795
920 -0.12291277979039517
921 -0.11683073338739591
922 -0.1141344772367563
923 -0.10749700540602047
924 -0.10449066302364418
925 -0.10610779621267485
926 -0.10567208745767909
927 -0.10347454976267045
928 -0.09662240704789538
929 -0.09008567944592383
930 -0.08972248048006592
931 -0.09422276740054769
932 -0.09745667342595665
933 -0.09196128268280024
934 -0.08829817219841851
935 -0.09188633902132848
936 -0.08940405452547695
937 -0.08646106072033499
938 -0.08426689421976374
939 -0.07846249187608001
940 -0.08039817327949972
941 -0.08363245470686653
942 -0.08348089430720906
943 -0.07819400902866824
944 -0.0786358832030879
945 -0.08677731237149544
946 -0.0894833281795433
947 -0.08594003515164894
948 -0.0815445994089794
949 -0.07623648164859242
950 -0.07644848056744535
951 -0.07599080357599364
952 -0.07361903801562042
953 -0.07337589459910221
954 -0.07329384819610285
955 -0.07410241479061819
956 -0.0725394539176124
957 -0.06874988437161456
958 -0.06708267076630114
959 -0.0675251433862255
960 -0.06568743346263728
961 -0.061427755302593035
962 -0.0572121143992077
963 -0.05461627865003915
964 -0.05750919203889848
965 -0.05809368844461871
966 -0.05289585152685772
967 -0.047429769854537396
968 -0.044575225964670784
969 -0.04648907644073996
970 -0.04845650078732944
971 -0.045794659545046135
972 -0.04175264806152079
973 -0.03733141175155874
974 -0.04203669563311263
975 -0.04815665039870565
976 -0.04849113873923239
977 -0.045684003300462406
978 -0.03957358514873066
979 -0.03816821278570082
980 -0.04245069572055793
981 -0.04445612921348796
982 -0.03961171655487128
983 -0.034417012738695796
984 -0.03355547071916465
985 -0.03401061305453579
986 -0.03144614484657926
987 -0.028761859182135252
988 -0.028904719506288035
989 -0.025807032199903324
990 -0.01967079843157349
991 -0.01969384129923879
992 -0.019880976972902475
993 -0.012600613638321545
994 -0.015224821136222366
995 -0.027020898806359495
996 -0.020906034828981013
997 -0.013923463412647719
998 -0.01771143562466826
999 -0.011534911196075304
1000 -0.006819477205849522
1001 -0.008173932614240154
1002 -0.014897457013276383
1003 -0.018122424870328446
1004 -0.003331092248590517
1005 0.009445782977419492
1006 0.009881253639563048
1007 -0.00161669323572744
1008 -0.008321144407040793
1009 0.0004672932059642809
1010 0.01547993831686989
1011 0.020367551693788677
1012 0.0145719502093562
1013 0.01335022006575226
1014 0.016786603445458348
1015 0.018987036149199832
1016 0.02266197981067175
1017 0.02937897843763171
1018 0.0336702622317403
1019 0.03155371135782736
1020 0.035428460408409856
1021 0.03938539317109724
1022 0.040161993778895955
1023 0.04176258839628433
1024 0.041462514964113795
1025 0.04721937154759548
1026 0.04670125603694819
1027 0.04672972856942703
1028 0.04656863155590818
1029 0.04364762103652775
1030 0.04922781588231073
1031 0.04844702259102318
1032 0.05416564698461768
1033 0.06295418538136932
1034 0.0615068492813623
1035 0.06691281626178058
1036 0.07123270989747366
1037 0.07304835080085903
1038 0.07505388507753574
1039 0.06872809681251368
1040 0.06990010046573925
1041 0.07602015601507905
1042 0.0760157252387379
1043 0.08733651271457155
1044 0.0931882377749107
1045 0.09222727424238109
1046 0.09303861358582932
1047 0.09729250172840753
1048 0.10292557121545975
1049 0.10542936281136828
1050 0.11042833166212218
1051 0.10900366302782227
1052 0.10955956464126337
1053 0.11457433630904945
1054 0.11441545012431775
1055 0.12506679978269908
1056 0.1341071816714735
1057 0.13796483023026795
1058 0.1481647691003679
1059 0.14943078964278844
1060 0.14883362352162133
1061 0.14983162235302894
1062 0.1478867797377057
1063 0.15139819251332454
1064 0.14988461282735033
1065 0.16033699363497766
1066 0.1709285032196679
1067 0.1708925675930092
1068 0.1753986230549036
1069 0.1791311252761434
1070 0.18435346508644102
1071 0.19275637514447974
1072 0.1979000397462155
1073 0.20068774160461045
1074 0.205377100409332
1075 0.21023671743947636
1076 0.2143886494129753
1077 0.22179029022891528
1078 0.22826041389226737
1079 0.23374507113055298
1080 0.23951980405074857
1081 0.24765377012497625
1082 0.25945794942511347
1083 0.2622300865593282
1084 0.2603945509391684
1085 0.265127947000549
1086 0.273859317288796
1087 0.2839069965299873
1088 0.28859238569476675
1089 0.2939223494318097
1090 0.30029159155729157
1091 0.3060096175053816
1092 0.3140455970504723
1093 0.3239676688177099
1094 0.3294330147354202
1095 0.33067309740144235
1096 0.3410248347640519
1097 0.34646521665282637
1098 0.34980834393895777
1099 0.35892207215522687
1100 0.36170061280171817
1101 0.3642831803899351
1102 0.36922194881434567
1103 0.37499041553137047
1104 0.3853443486734621
1105 0.39628614941571116
1106 0.3989667035330654
1107 0.3977317052285102
1108 0.39894714769288975
1109 0.4055843964800788
1110 0.41922291450936655
1111 0.4286925008571142
1112 0.43236395106434833
1113 0.4384238061873448
1114 0.4432551887778623
1115 0.4461060011206389
1116 0.45211204428026297
1117 0.45826011122568266
1118 0.46242760792336146
1119 0.46840517855050645
1120 0.473865094803403
1121 0.47364042616910307
1122 0.4739687490902057
1123 0.47527010681378046
1124 0.4758951470219218
1125 0.47809871282724903
1126 0.48373529081784394
1127 0.49005421443419095
1128 0.4893876716254716
1129 0.48601511300870437
1130 0.4849411966683622
1131 0.48670013059964223
1132 0.4946580183323702
1133 0.49275673678800114
1134 0.48964975096060714
1135 0.48417123766569203
1136 0.4786257815555589
1137 0.4855795050374553
1138 0.4913011617488884
1139 0.4953396647288705
1140 0.494771569585687
1141 0.4858570483130241
1142 0.47962390264676624
1143 0.47585713787558126
1144 0.47348283765912724
1145 0.47102635373056845
1146 0.4643791071931188
1147 0.4608142062814208
1148 0.45849371802833894
1149 0.45518728716448675
1150 0.4514173892917165
1151 0.44676336766814895
1152 0.43421119760179805
1153 0.42506075791394415
1154 0.4145873676680175
1155 0.40095874660524367
1156 0.39045361341614726
1157 0.379392355570063
1158 0.37070552020023273
1159 0.36377228988061516
1160 0.35200380811428467
1161 0.3336952426008506
1162 0.32277960277854656
1163 0.31264999939415605
1164 0.3055745071958903
1165 0.29472197785796794
1166 0.2741863274858375
1167 0.2633759142433034
1168 0.25232259567710336
1169 0.2284803921813202
1170 0.2169581869330931
1171 0.2170233308468411
1172 0.20962097575234429
1173 0.20072527456524647
1174 0.19493519996441766
1175 0.18112051785918903
1176 0.16557224125357428
1177 0.15120839992378
1178 0.13892180264680198
1179 0.13379116811316505
1180 0.1291024077539481
1181 0.12006154967946914
1182 0.1113216166248231
1183 0.10104719522965022
1184 0.08686231220078289
1185 0.0783810872868349
1186 0.07551820367411599
1187 0.06674896154863419
1188 0.05786906317856855
1189 0.052903134945740504
1190 0.045770200020759044
1191 0.03361235836862553
1192 0.02876938069387014
1193 0.024320493340480365
1194 0.015045805419798053
1195 0.013666832069565205
1196 0.005100067298380306
1197 -0.0033912926749337657
1198 -0.006340091546847337
1199 -0.010713659836807499
1200 -0.011126701126095928
1201 -0.015985841970535652
1202 -0.025570414555461385
1203 -0.026584353513006698
1204 -0.0169873493054864
1205 -0.009487599700609195
1206 -0.011790226666282266
1207 -0.020088645899160817
1208 -0.028433774353884833
1209 -0.038677051251392425
1210 -0.04491043501050218
1211 -0.04675127803567569
1212 -0.04365009727505331
1213 -0.04250390923842595
1214 -0.044850335367905614
1215 -0.04656485664056875
1216 -0.04925203731374572
1217 -0.04976992978084627
1218 -0.05039810309057313
1219 -0.052548095025379604
1220 -0.05813109914545456
1221 -0.06442781643249318
1222 -0.06284532119536534
1223 -0.061560242474527516
1224 -0.06030026509173081
1225 -0.05958655192476725
1226 -0.06531806907735549
1227 -0.06501775755233252
1228 -0.06724085772178157
1229 -0.06593684308232617
1230 -0.062415756383740195
1231 -0.06307589568018335
1232 -0.062062332124596
1233 -0.06420651899263097
1234 -0.06342015872742379
1235 -0.06385249628798206
1236 -0.06664079659188149
1237 -0.06956798757999139
1238 -0.07213824580541395
1239 -0.07098579156561602
1240 -0.06920815980857109
1241 -0.0644366323410499
1242 -0.06434818242577434
1243 -0.068008159808571
1244 -0.07080286362474664
1245 -0.07214137890699934
1246 -0.0690405735483347
1247 -0.07098589234936259
1248 -0.06852232072858178
1249 -0.07461366565259031
1250 -0.07962254651916345
1251 -0.07821681380348122
1252 -0.07696492300137925
1253 -0.08193569393786504
1254 -0.0915466655355881
1255 -0.07671419066592433
1256 -0.058138941206548944
1257 -0.0565865915786139
1258 -0.06549231199202554
1259 -0.0701115798306381
1260 -0.07116231599420908
1261 -0.07071671027269955
1262 -0.07395725790323693
1263 -0.07470295210622269
1264 -0.06824116816572312
1265 -0.0683834300443712
1266 -0.07544804786370374
1267 -0.07697856656428848
1268 -0.08132982774119346
1269 -0.08605115253263174
1270 -0.08204331786461039
1271 -0.08154436131612719
1272 -0.08073036505679809
1273 -0.07756643416444609
1274 -0.07238440006371738
1275 -0.06988328043299497
1276 -0.07324340742716784
1277 -0.0767835673534768
1278 -0.07584854169734545
1279 -0.0726050990580751
1280 -0.07355592753123852
1281 -0.0757698664887837
1282 -0.07498929624104289
1283 -0.0749861631394576
1284 -0.07655309365240537
1285 -0.07173088732309707
1286 -0.0680075613630664
1287 -0.06976695643074526
1288 -0.07076509257125829
1289 -0.06967537341388441
1290 -0.06773305040533617
1291 -0.07026240447568532
1292 -0.07395725790323693
1293 -0.07516992761868369
1294 -0.071825365348691
1295 -0.0694507047795846
1296 -0.07235965907832831
1297 -0.07141836721902639
1298 -0.07051821760765031
1299 -0.07284267550067391
1300 -0.07270645678164955
1301 -0.07718043042377509
1302 -0.08362244190730062
1303 -0.08687565925328489
1304 -0.08066061296728777
1305 -0.0701002478802627
1306 -0.07413112541594924
1307 -0.07454536359624697
1308 -0.06710427865010493
1309 -0.06919802474920489
1310 -0.07377432996236766
1311 -0.07496142215406842
1312 -0.07125076590948454
1313 -0.06710511518846185
1314 -0.06542196145701074
1315 -0.06367826842261748
1316 -0.0712893735013298
1317 -0.07224020197449321
1318 -0.06347289605958739
1319 -0.06288923619222409
1320 -0.06697949266520264
1321 -0.06549123736081652
1322 -0.06712044181978938
1323 -0.07163036613787932
1324 -0.06981426409809488
1325 -0.06886680681936896
1326 -0.07035422558539828
1327 -0.07251351604121425
1328 -0.07877573268545535
1329 -0.08222103918421275
1330 -0.07562073996146046
1331 -0.0737422266665454
1332 -0.0725548963819922
1333 -0.0741522571140486
1334 -0.08057603190820761
1335 -0.07795533291385015
1336 -0.06890735062179021
1337 -0.06804834325833986
1338 -0.07775249520690086
1339 -0.08532489191002146
1340 -0.08483547197539965
1341 -0.0732558390497624
1342 -0.06236808836373808
1343 -0.05995938828823344
1344 -0.06245713672451825
1345 -0.06808394000839968
1346 -0.07372654610931328
1347 -0.07555798982973083
1348 -0.07538132809203202
1349 -0.07072961808099865
1350 -0.06928334156289517
1351 -0.07214825860497998
1352 -0.07104273663057381
1353 -0.06797908883058745
1354 -0.07105830135475377
1355 -0.07194928975422632
1356 -0.06931217444802629
1357 -0.06443639424819758
1358 -0.0648033247611457
1359 -0.06451903909670154
1360 -0.06236194442036758
1361 -0.06500241587169941
1362 -0.06133327727699922
1363 -0.057799145461008505
1364 -0.05808029802386716
1365 -0.06421629369934467
1366 -0.06768296998905354
1367 -0.0690843727121413
1368 -0.0752139648753426
1369 -0.07593409660388795
1370 -0.07545010633408011
1371 -0.0761193211079857
1372 -0.08264445362571948
1373 -0.08140583098456888
1374 -0.0723172191556467
1375 -0.07668001385042045
1376 -0.06610095093763024
1377 -0.06050130746216642
1378 -0.070323081087733
1379 -0.07269741782954608
1380 -0.07630947405018274
1381 -0.0728488409200978
1382 -0.06901196370675022
1383 -0.06764460049006071
1384 -0.06982693381354177
1385 -0.07295682519949531
1386 -0.06893015539660319
1387 -0.0675175429829401
1388 -0.07488191040714987
1389 -0.08360807407412985
1390 -0.07657819499044682
1391 -0.06388930854331332
1392 -0.06642576535518985
1393 -0.07233782815097789
1394 -0.07626567488637626
1395 -0.07352745499875946
1396 -0.07277583346920202
1397 -0.07577529615359746
1398 -0.08112796388170673
1399 -0.08764005128203567
1400 -0.07903721357508642
1401 -0.074401306381085
1402 -0.08068642858388597
1403 -0.08169013169831851
1404 -0.08472096192392586
1405 -0.08739921947805152
1406 -0.08768953325281381
1407 -0.08587656431461466
1408 -0.08821032072864754
1409 -0.09047470045512795
1410 -0.08927470045512798
1411 -0.08665025486437494
1412 -0.08386835807275161
1413 -0.08484825752389868
1414 -0.07948595239818124
1415 -0.07210278636445977
1416 -0.07503440812891071
1417 -0.07049999596758971
1418 -0.06922034691156542
1419 -0.07616950230801522
1420 -0.09160111603478105
1421 -0.11041935655226354
1422 -0.10212384737742342
1423 -0.08097217427320147
1424 -0.06883398281824205
1425 -0.0747371074456733
1426 -0.08616554032430546
1427 -0.08379934173785153
1428 -0.08016432838399079
1429 -0.07724088399227635
1430 -0.07676100067151614
1431 -0.07675786756993075
1432 -0.07801144144045113
1433 -0.07841241145979738
1434 -0.07999117514983523
1435 -0.08177507311005083
1436 -0.08459824945870531
1437 -0.08718431050116004
1438 -0.08535240564434343
1439 -0.08697291002781171
1440 -0.08408059508445687
1441 -0.07814997177200944
1442 -0.07897771237799445
1443 -0.0810329881943549
1444 -0.08687759546386098
1445 -0.09537268698426504
1446 -0.09377111851941411
1447 -0.08844309099294734
1448 -0.09103663017888741
1449 -0.09151711194515211
1450 -0.08570606799633995
1451 -0.0839379728531564
1452 -0.08455094179135558
1453 -0.08337291002781166
1454 -0.08410593451535053
1455 -0.08190779837483741
1456 -0.08023372012084873
1457 -0.08713097472349196
1458 -0.08909466752299167
1459 -0.08856991040721574
1460 -0.09126106072033491
1461 -0.08626256805528565
1462 -0.08136131111545775
1463 -0.08068209859129138
1464 -0.08833677979026355
1465 -0.09710614417554542
1466 -0.095864403482115
1467 -0.09372007930497439
1468 -0.09358806831874467
1469 -0.0941399852429381
1470 -0.09717759438277973
1471 -0.1046371390618347
1472 -0.09871605236324854
1473 -0.08995584918987032
1474 -0.08761339270033275
1475 -0.08812561740976743
1476 -0.0890726992865355
1477 -0.08623663017888739
1478 -0.08977665279609082
1479 -0.0917754597331979
1480 -0.09500852922025005
1481 -0.09917396744755269
1482 -0.10109638069002103
1483 -0.10062870594830864
1484 -0.10539177143317735
1485 -0.09926844547314662
1486 -0.09091248272980534
1487 -0.09411861545198663
1488 -0.09197769899464259
1489 -0.0931995299219931
1490 -0.09380212570797386
1491 -0.09561150040818867
1492 -0.1028310347723107
1493 -0.09499936800834641
1494 -0.08985496765200018
1495 -0.08960579612516373
1496 -0.09333528750461828
1497 -0.09897208853876027
1498 -0.09470241262845558
1499 -0.09187017585164403
1500 -0.08962159894219579
1501 -0.09063797177207511
1502 -0.1023067538422393
1503 -0.10345874694563839
1504 -0.10065717848078748
1505 -0.1024388806615214
1506 -0.09943521024433144
1507 -0.10156999780761045
1508 -0.10518350406141419
1509 -0.09701046925894241
1510 -0.09171464581204447
1511 -0.0930166019811236
1512 -0.09283030284581661
1513 -0.09175301531103719
1514 -0.09165853728544338
1515 -0.09256181999840485
1516 -0.09052478087141058
1517 -0.09161099152524133
1518 -0.0927133803980621
1519 -0.0926629396291272
1520 -0.09063506171403668
1521 -0.09093842060620361
1522 -0.09655035839515658
1523 -0.09443067441965836
1524 -0.09773312059426298
1525 -0.10523334638484472
1526 -0.10800560577885954
1527 -0.10534689763816152
1528 -0.09971369084200377
1529 -0.0923650254510795
1530 -0.09397613052979181
1531 -0.09903567520884671
1532 -0.09397299742820642
1533 -0.09316405543173334
1534 -0.09715586423917588
1535 -0.10348721947811734
1536 -0.1051795344214721
1537 -0.10288692025536506
1538 -0.10007954672374253
1539 -0.09721873663070546
1540 -0.09818596636640564
1541 -0.09300103725694386
1542 -0.08653261171131577
1543 -0.09147501089906951
1544 -0.1029701635493736
1545 -0.10056306080784594
1546 -0.09702916708470766
1547 -0.09533709023420522
1548 -0.09420973733244853
1549 -0.09751278195255764
1550 -0.09771188811241716
1551 -0.09751278195255775
1552 -0.09417172818610797
1553 -0.09507501089906956
1554 -0.09633522637471836
1555 -0.09688424829017861
1556 -0.09865547653494744
1557 -0.10234079334863766
1558 -0.10339563646125649
1559 -0.0996314063461522
1560 -0.09549154564259543
1561 -0.09353425635537194
1562 -0.09299126255023005
1563 -0.09090354456144845
1564 -0.09313304824317359
1565 -0.0952680738993048
1566 -0.092949882209452
1567 -0.09029117406875398
1568 -0.08979909721825141
1569 -0.08802992744385885
1570 -0.09097908666842491
1571 -0.0996861771076819
1572 -0.09522693165137919
1573 -0.08685768569778107
1574 -0.08625279334857183
1575 -0.08534454210719555
1576 -0.07312588653390872
1577 -0.06721142639114563
1578 -0.07078173192664738
1579 -0.06460483209609635
1580 -0.05723915194782514
1581 -0.06415210858375375
1582 -0.07494681622804544
1583 -0.06870946282899348
1584 -0.05353561992082212
1585 -0.04698789568011763
1586 -0.04100489538815899
1587 -0.03266799082323524
1588 -0.029100194902804022
1589 -0.028557201097662133
1590 -0.028041980595747917
1591 -0.03411776079557649
1592 -0.03713653480054724
1593 -0.03675717266500489
1594 -0.038171706239938485
1595 -0.03850306147887983
1596 -0.041263725788657224
1597 -0.03803981751350871
1598 -0.02741634194210174
1599 -0.02745167912325608
1600 -0.02947642393676131
1601 -0.02998719861302901
1602 -0.031290975159632084
1603 -0.032535986263753536
1604 -0.0270578333214907
1605 -0.011398078982240989
1606 -0.002064112908013227
1607 7.574396742737743e-05
1608 0.002434479459701544
1609 0.0066661612729713715
1610 0.009845656889503118
1611 0.011601082317239775
1612 0.01350273926356682
1613 0.009662967041485948
1614 0.00313517760787152
1615 0.007035027996495358
1616 0.016158192042879382
1617 0.02315549164503572
1618 0.02309154462229701
1619 0.02202113678549833
1620 0.02233762652951099
1621 0.017461846329682396
1622 0.014900511223311153
1623 0.01688748498332837
1624 0.019161025921712316
1625 0.016444536177699587
1626 0.01956175784820624
1627 0.020215630941478824
1628 0.014123809831765755
1629 0.012270996320396854
1630 0.004932704081690775
1631 -0.003416632105827433
1632 -0.006305215502092287
1633 -0.009525853366549875
1634 -0.012024077988538995
1635 -0.010801871659230744
1636 -0.007113421743955239
1637 -0.00625790783474256
1638 -0.00418056299817926
1639 -0.0007325845342356363
1640 0.005738137574620827
1641 0.00867762287621976
1642 0.004890487202555915
1643 0.008166133921395202
1644 0.004061747708098307
1645 -0.010170427938813176
1646 -0.01797934150262903
1647 -0.022826749953725467
1648 -0.01404435550034433
1649 -0.008467394539893314
1650 -0.0164070606325607
1651 -0.0217466982925707
1652 -0.029027309711708416
1653 -0.03825666270097616
1654 -0.054121190957751364
1655 -0.06765799091081226
1656 -0.07310731096794365
1657 -0.08045210750267251
1658 -0.08312373850097521
1659 -0.08671384153446138
1660 -0.08999409642906309
1661 -0.09939454418211036
1662 -0.11356011589040227
1663 -0.1216425665644858
1664 -0.13163353883357148
1665 -0.13774177625512685
1666 -0.1303736772838271
1667 -0.12422441344739821
1668 -0.13421392569161228
1669 -0.14130027365454872
1670 -0.13524875825440452
1671 -0.13330713447510767
1672 -0.1305412785933689
1673 -0.12950840371720618
1674 -0.13404656247492275
1675 -0.13477248422093419
1676 -0.1354761996376373
1677 -0.13907330462890422
1678 -0.13943626550191002
1679 -0.138447427882406
1680 -0.1389405793641177
1681 -0.13681616495305698
1682 -0.12972317538499206
1683 -0.1269058041031092
1684 -0.1376019267727593
1685 -0.14543953591260095
1686 -0.14403043200248106
1687 -0.14144736675250597
1688 -0.1377024479579771
1689 -0.13846057378355736
1690 -0.13979970256062024
1691 -0.1406641395888844
1692 -0.14395139644126687
1693 -0.15129365831991498
1694 -0.15040220878404353
1695 -0.15223968061477944
1696 -0.157532832096491
1697 -0.15376897738334466
1698 -0.14814469370623845
1699 -0.14082511434260314
1700 -0.14372742703621838
1701 -0.14668925597623128
1702 -0.15075309838710704
1703 -0.15310265761817193
1704 -0.14868142130820994
1705 -0.14707115276785443
1706 -0.14693890368877238
1707 -0.14764261910547538
1708 -0.15211056463728273
1709 -0.15877688440245535
1710 -0.16197218283601933
1711 -0.1604968353399322
1712 -0.1624774055876731
1713 -0.162013325083945
1714 -0.15627203322464311
1715 -0.15749470069035043
1716 -0.15485506577737546
1717 -0.15252733747366093
1718 -0.15371466775821413
1719 -0.15626020004755314
1720 -0.15874514145928553
1721 -0.15606376585288012
1722 -0.15937018166742684
1723 -0.15970177499922056
1724 -0.15989737265553677
1725 -0.1609175778162527
1726 -0.1589974611370129
1727 -0.16046243548088157
1728 -0.16341207089115206
1729 -0.16772869411615426
1730 -0.16949932391541844
1731 -0.1758145159846754
1732 -0.1861850884821558
1733 -0.18894142279933857
1734 -0.18928495009196894
1735 -0.19316863731090833
1736 -0.2019409117542288
1737 -0.21283516673627595
1738 -0.2161220632360062
1739 -0.21924748732025973
1740 -0.22423248878081087
1741 -0.23871107825493143
1742 -0.250581861493688
1743 -0.24136375828531115
1744 -0.2281069997385411
1745 -0.21898167643803423
1746 -0.21839536608153803
1747 -0.21270256373128943
1748 -0.19432147337941208
1749 -0.17001660931445683
1750 -0.13992509341777498
1751 -0.1074408882568616
1752 -0.05402901592213394
1753 0.005833207618971437
1754 0.06604115423218881
1755 0.1364812437950752
1756 0.20400093633339123
1757 0.2688009544514448
1758 0.3271744400757113
1759 0.39278050518150487
1760 0.4617249671378675
1761 0.5221346553507719
1762 0.5885634167913988
1763 0.666741085543919
1764 0.7370228873675783
1765 0.7958541722430973
1766 0.8528083788075623
1767 0.9000080141305847
1768 0.9404443170067599
1769 0.9770601288828188
1770 0.9997367723279681
1771 1.0227030910120596
1772 1.0318107911180108
1773 1.0162077588001721
1774 1.0002202434599647
1775 0.9865544648385128
1776 0.9828736002772175
1777 0.9750682166929981
1778 0.9600146738537666
1779 0.9438438981228391
1780 0.9225091991557924
1781 0.8828064033796085
1782 0.8058446747532261
1783 0.7115238347961427
1784 0.6054737341593838
1785 0.4876129499264653
1786 0.37266919152367906
1787 0.2633058168504461
1788 0.16626206502281138
1789 0.059859884318727685
1790 -0.04893082356091827
1791 -0.13590529469030588
1792 -0.21241395450099887
1793 -0.2781094068441714
1794 -0.31898602665110487
1795 -0.3586698564100602
1796 -0.4005257586083738
1797 -0.42813366729343816
1798 -0.43379678517089304
1799 -0.43001289843186674
1800 -0.4344858882348253
1801 -0.4304950532748452
1802 -0.416856059059853
1803 -0.40588371226544323
1804 -0.39178244793254224
1805 -0.37340532722060715
1806 -0.3500573347884392
1807 -0.3265363264312213
1808 -0.3102564452726237
1809 -0.28700344357711316
1810 -0.267385403660799
1811 -0.24439204742809
1812 -0.21943681877340526
1813 -0.19906439962790623
1814 -0.18167611653547489
1815 -0.16375583627663476
1816 -0.15281126278545265
1817 -0.15256907816709142
1818 -0.14884938297040395
1819 -0.142666439980229
1820 -0.13511347685748387
1821 -0.1279739153766793
1822 -0.12570012129613756
1823 -0.1258909027824502
1824 -0.12617527418133523
1825 -0.11534826167372791
1826 -0.12594615972138884
1827 -0.14028705540230807
1828 -0.13186498638210525
1829 -0.11781592519425099
1830 -0.0991469485131975
1831 -0.10204359344914671
1832 -0.1117707882653729
1833 -0.1094863979890659
1834 -0.10764771421801533
1835 -0.10963179296929937
1836 -0.11140988586274336
1837 -0.10586732476134297
1838 -0.1052358810409254
1839 -0.10562188478159629
1840 -0.10283647948642993
1841 -0.09883840447581682
1842 -0.09762343819714159
1843 -0.09508827906002082
1844 -0.08655228338454335
1845 -0.08470816994867902
1846 -0.08762328966684674
1847 -0.08846359920453184
1848 -0.08568759321412145
1849 -0.07877477388729848
1850 -0.08125741873580239
1851 -0.08192747004806511
1852 -0.07842797618397712
1853 -0.0759395262687016
1854 -0.07770869604309427
1855 -0.0776640452916254
1856 -0.07462900733322353
1857 -0.07929384819610286
1858 -0.07434555820713629
1859 -0.06889190815741042
1860 -0.06651457562311769
1861 -0.06265913789311073
1862 -0.06449417585151251
1863 -0.06331867874404928
1864 -0.06806065904788217
1865 -0.07930991058204073
1866 -0.07815165127547097
1867 -0.059696594674541026
1868 -0.04734036114110485
1869 -0.04884805002586656
1870 -0.05164311419469436
1871 -0.04949831383184922
1872 -0.04630844506309906
1873 -0.04848147986557094
1874 -0.051882749107669324
1875 -0.050085106800797696
1876 -0.0497947930260354
1877 -0.05084117415600187
1878 -0.04260816197073369
1879 -0.0381140404696757
1880 -0.04576315469472869
1881 -0.049612463530670725
1882 -0.04755611308310115
1883 -0.0445502468864295
1884 -0.040290568726385256
1885 -0.03736978125055157
1886 -0.03790986499765492
1887 -0.036586676346730074
1888 -0.03694093714423097
1889 -0.033037816344916204
1890 -0.027599507975823334
1891 -0.03312939936177706
1892 -0.03724078753285487
1893 -0.03808628864250152
1894 -0.04009509332986916
1895 -0.037202778386514423
1896 -0.030820506192933306
1897 -0.028462246886363785
1898 -0.027253308718006797
1899 -0.022090109752148757
1900 -0.020037728944521382
1901 -0.018225358451826934
1902 -0.016529672314034682
1903 -0.01567415840482178
1904 -0.011540701213541227
1905 -0.00831365983680743
1906 -0.005396005462559028
1907 -0.00409175273025153
1908 -0.006384604989210785
1909 -0.008080053034150825
1910 -0.008912884428350698
1911 -0.0132207067941017
1912 -0.013234451140757497
1913 -0.0013757241226375339
1914 0.0058496153082561175
1915 -0.004058311669357884
1916 -0.003189666908299138
1917 0.0028651189025358237
1918 -0.0005075404979781872
1919 -0.0042025312346353205
1920 -0.00788493799028711
1921 0.001184276783618765
1922 0.013060865089146945
1923 0.017174549823453233
1924 0.01786896671914684
1925 0.01670455704245899
1926 0.014932354950227822
1927 0.015556695929117792
1928 0.031065488314214962
1929 0.03684119508187289
1930 0.031256755977936646
1931 0.030274422654455457
1932 0.0344690691688474
1933 0.03717265110456114
1934 0.02815617366281875
1935 0.02437951192512
1936 0.029672901499683935
1937 0.03087533537201792
1938 0.03541265759137768
1939 0.04089791327516801
1940 0.04214462249701312
1941 0.04510341911918736
1942 0.04778770478363126
1943 0.04725051604526087
1944 0.048557663786301664
1945 0.04965715765038925
1946 0.04961298308462492
1947 0.045951931070619234
1948 0.050919669689266533
1949 0.05991731199613792
1950 0.05368227020961991
1951 0.055017292037634946
1952 0.0673935361208976
1953 0.07390759625716159
1954 0.07753836535286918
1955 0.07739284811283553
1956 0.07913608001082995
1957 0.08310217398542097
1958 0.08415968906322613
1959 0.08902617074204555
1960 0.08872572190791705
1961 0.0885261546116588
1962 0.09544585363646252
1963 0.09640875337956811
1964 0.09489793139322111
1965 0.10445993729618641
1966 0.1166366140831907
1967 0.12139090374981809
1968 0.125141865703971
1969 0.1296771294529545
1970 0.1259984542443927
1971 0.11986896286493798
1972 0.11769327114658557
1973 0.12326673865279891
1974 0.13309988431905662
1975 0.14111052443325367
1976 0.14660761329413385
1977 0.15149256975517156
1978 0.15490591026721245
1979 0.15696142417642522
1980 0.1597119534268362
1981 0.16030875919535104
1982 0.1611578695922874
1983 0.16464988531288982
1984 0.17158468792547454
1985 0.1783928941673374
1986 0.17712232058877586
1987 0.18338066837682165
1988 0.1942026516625831
1989 0.20073564771746477
1990 0.20435085208899217
1991 0.20438536778109506
1992 0.20756823459206442
1993 0.21223865747816872
1994 0.21829827450831296
1995 0.22271518082568054
1996 0.22944690763846354
1997 0.23995660891300685
1998 0.24366026319980982
1999 0.24093098148055025
2000 0.2478056694012326
2001 0.25573136810369734
2002 0.2650555594712113
2003 0.2747627222615575
2004 0.27648001628315355
2005 0.27678240132785814
2006 0.28247013436594526
2007 0.28986223856802384
2008 0.2939566270310604
2009 0.306505663995826
2010 0.3169767576785243
2011 0.3210111687587641
2012 0.3287031233494665
2013 0.33605469879842953
2014 0.3408512053441918
2015 0.341463215484234
2016 0.3458043416017731
2017 0.3571030751067096
2018 0.3694182671759665
2019 0.37183301041109496
2020 0.375435783160028
2021 0.3789124722493028
2022 0.3826320666622437
2023 0.38951605310393533
2024 0.3924679850774341
2025 0.3975231997638947
2026 0.4047010084838919
2027 0.40893474876753777
2028 0.4140119316904546
2029 0.42143661537405974
2030 0.42112107800145593
2031 0.41731726644704403
2032 0.42445347178271675
2033 0.4478443867500187
2034 0.45438608288040483
2035 0.45317824438426724
2036 0.4579789586628239
2037 0.45865818623629584
2038 0.4597342618307604
2039 0.46371593557883684
2040 0.4736311276480939
2041 0.4827568263505585
2042 0.4892105337020679
2043 0.491521860743246
2044 0.4936633906954001
2045 0.48919484671808855
2046 0.48613143701095407
2047 0.49209053285588056
2048 0.4967293501079205
2049 0.5012882651617786
2050 0.5022893113603305
2051 0.5065750281805194
2052 0.5015154835014645
2053 0.5007700273913313
2054 0.5084409725437345
2055 0.5068966237620526
2056 0.5077110811577809
2057 0.5032964864529471
2058 0.5041997691659085
2059 0.5064575072872605
2060 0.5055955041313304
2061 0.5081566868792905
2062 0.500217634281433
2063 0.5000758335391841
2064 0.49777755161541093
2065 0.4920428863119318
2066 0.4876887150769883
2067 0.47873051690031854
2068 0.47112059366331016
2069 0.459788571455891
2070 0.44813084671789094
2071 0.4324426198461623
2072 0.4297773923601359
2073 0.4362583717881584
2074 0.4345630460030184
2075 0.4195378534364659
2076 0.4022370614611531
2077 0.39226622200169403
2078 0.3812142626766192
2079 0.37355693098851406
2080 0.36628897423551754
2081 0.3508133447281463
2082 0.3317344448100842
2083 0.317395704818331
2084 0.3094327327241362
2085 0.30421341018237147
2086 0.2946993103922607
2087 0.28441511429037425
2088 0.2707109511206238
2089 0.2582601237285417
2090 0.2502496058741449
2091 0.2420783664081867
2092 0.22913811908148285
2093 0.2116634595934579
2094 0.20040706522745633
2095 0.1878428238911628
2096 0.17883103679466728
2097 0.17096591392050375
2098 0.1590707500490105
2099 0.14934511247644577
2100 0.14185538209788262
2101 0.13409778236671743
2102 0.12372537444240772
2103 0.10642929785335209
2104 0.09894307597833196
2105 0.10067276153220683
2106 0.08378405847477355
2107 0.0687684025220826
2108 0.06747558252389685
2109 0.05962907174105736
2110 0.051608043425336536
2111 0.04164881409942067
2112 0.037225266176924454
2113 0.03324999594112443
2114 0.02820721287725836
2115 0.022690812695802975
2116 0.013615930164231238
2117 0.0062147504846900015
2118 -0.004966923263386325
2119 -0.010489351555160065
2120 -0.012297752407912532
2121 -0.018342403159381515
2122 -0.019422823795746114
2123 -0.012910599086311536
2124 -0.011855994066544917
2125 -0.0179006448180139
2126 -0.02188208047323814
2127 -0.027603239522913325
2128 -0.03711396811858658
2129 -0.04803912950544653
2130 -0.059252308103840634
2131 -0.06364471152867146
2132 -0.05817176520767575
2133 -0.05382387522520837
2134 -0.051598103090573
2135 -0.04879086686805634
2136 -0.04922693597570427
2137 -0.0468396056911512
2138 -0.045812997018158996
2139 -0.04822253363202056
2140 -0.05073318987660447
2141 -0.05111219165949443
2142 -0.04991785941716065
2143 -0.05396553865835174
2144 -0.06699168619494489
2145 -0.07559949243030906
2146 -0.0756775691933661
2147 -0.0743233518778279
2148 -0.07146264256853752
2149 -0.0670665075966167
2150 -0.07138349117427123
2151 -0.07472492034267875
2152 -0.07231827873755026
2153 -0.0672782684226173
2154 -0.06521985950467168
2155 -0.0644499005020015
2156 -0.062169956051341124
2157 -0.061967118344391836
2158 -0.06812424571796871
2159 -0.080534889660282
2160 -0.08448228580910777
2161 -0.07568034194229911
2162 -0.0704671783932106
2163 -0.07393866086121847
2164 -0.07204027432558247
2165 -0.0732431693343154
2166 -0.07523640929750319
2167 -0.07209698129768816
2168 -0.07105746481639674
2169 -0.07486404911974165
2170 -0.07407150838580512
2171 -0.06220315901938267
2172 -0.0673072171408009
2173 -0.07356279217991368
2174 -0.07297085415606708
2175 -0.08214561933703635
2176 -0.0745926712635967
2177 -0.06058624887389874
2178 -0.060988055431601795
2179 -0.07089552127281651
2180 -0.07202156145051175
2181 -0.06876812106098074
2182 -0.07636376219925989
2183 -0.07497373151686304
2184 -0.07447720884071396
2185 -0.08052872424085789
2186 -0.07579183472523987
2187 -0.06955785252062519
2188 -0.06862076839411779
2189 -0.06833334962808857
2190 -0.06840599672633174
2191 -0.07057576111811281
2192 -0.06814982324171459
2193 -0.07156292566090305
2194 -0.08146315145148464
2195 -0.08480687718312063
2196 -0.08305061521702717
2197 -0.08158237046246763
2198 -0.07985844988504864
2199 -0.0788802235106153
2200 -0.07483507892550467
2201 -0.06949124858200584
2202 -0.07517246227476437
2203 -0.08190249096982372
2204 -0.07859280474458596
2205 -0.0716985459344226
2206 -0.07049251782410426
2207 -0.07812896233371036
2208 -0.07869995248562667
2209 -0.07568698354742764
2210 -0.07736732800458679
2211 -0.07409578823479523
2212 -0.07586434451437762
2213 -0.07458543121296357
2214 -0.07223587198189863
2215 -0.07385950946695219
2216 -0.07066047948629839
2217 -0.07094101855434687
2218 -0.07467388112823914
2219 -0.07829608745754746
2220 -0.07639756361280592
2221 -0.07412402267442197
2222 -0.07671405335681869
2223 -0.07227388112823918
2224 -0.0718789392192114
2225 -0.07252388919343244
2226 -0.07114698936288155
2227 -0.0680709099403004
2228 -0.0708214391907116
2229 -0.07635979255931769
2230 -0.0807774346312955
2231 -0.08499666977266529
2232 -0.07696300184010851
2233 -0.07185347752851756
2234 -0.07288008620150965
2235 -0.07789138589111144
2236 -0.08260620638652671
2237 -0.08013355928828336
2238 -0.07293028887759256
2239 -0.07104527128665461
2240 -0.0727448262806425
2241 -0.0734396035289886
2242 -0.06883833428689001
2243 -0.06738275924777737
2244 -0.06857008953233035
2245 -0.07034482628064243
2246 -0.07539736900191651
2247 -0.07470151712236117
2248 -0.08014249745664026
2249 -0.0880977282734875
2250 -0.08210642834899218
2251 -0.08050218791895514
2252 -0.08091376918337212
2253 -0.07871249994127338
2254 -0.07818423432195443
2255 -0.08308549126178233
2256 -0.08931680150121057
2257 -0.08134273554949267
2258 -0.07325801335319071
2259 -0.07737360925706294
2260 -0.08345555487631551
2261 -0.08424434901385658
2262 -0.08491715802574662
2263 -0.07953326006553119
2264 -0.07370772602374809
2265 -0.07034782207312218
2266 -0.06604630243590082
2267 -0.07428617926984438
2268 -0.07412859075986866
2269 -0.06467229761408277
2270 -0.06772038068988939
2271 -0.07513588811228555
2272 -0.07008250885265455
2273 -0.06851941067054312
2274 -0.0672534051774284
2275 -0.06772991730375089
2276 -0.07359743013181663
2277 -0.07429511743820127
2278 -0.07372618575666101
2279 -0.0752358108519986
2280 -0.07799877172500436
2281 -0.07979220629908135
2282 -0.0822584498850486
2283 -0.08126382224807849
2284 -0.08007008845124919
2285 -0.07914459940897944
2286 -0.08151299377491517
2287 -0.08451015989608224
2288 -0.08055986873852328
2289 -0.0741051875395512
2290 -0.07032539270026705
2291 -0.07377999772003363
2292 -0.0787601679612756
2293 -0.08125488407972181
2294 -0.07641964768231424
2295 -0.07742658468207864
2296 -0.08674183788123568
2297 -0.09606700309621219
2298 -0.10056364420404507
2299 -0.08895531570238202
2300 -0.08273470244246561
2301 -0.07855431298579318
2302 -0.08173440704782953
2303 -0.08559311518852752
2304 -0.08539330979941695
2305 -0.08862432081609295
2306 -0.08805622567290938
2307 -0.07996186607899936
2308 -0.07979244439193378
2309 -0.07982488656435482
2310 -0.07158477163755894
2311 -0.07668462202618287
2312 -0.08772814084465885
2313 -0.09041775539016983
2314 -0.09103928709476816
2315 -0.08989974066326933
2316 -0.08953991289184893
2317 -0.08737351969450546
2318 -0.08860175413413218
2319 -0.0909701485000679
2320 -0.09183893057023207
2321 -0.08895577683878098
2322 -0.08188826401071536
2323 -0.0832878313069737
2324 -0.08421018724765827
2325 -0.08243498936294735
2326 -0.08505929764459474
2327 -0.08737665279609086
2328 -0.09223266053894519
2329 -0.10068660981142352
2330 -0.10068660981142341
2331 -0.09216931196171108
2332 -0.08696941657357404
2333 -0.08390103833802509
2334 -0.07567442966503302
2335 -0.07697204079221209
2336 -0.08471830500804511
2337 -0.09162065039890299
2338 -0.09414397635893379
2339 -0.08988102778819862
2340 -0.07892970548139333
2341 -0.07789776792733416
2342 -0.07964052363962404
2343 -0.0856873701705747
2344 -0.0968125599900922
2345 -0.09519786067339564
2346 -0.09682066162009229
2347 -0.09989408412679246
2348 -0.09646434235221502
2349 -0.09372007930497439
2350 -0.0929627900177511
2351 -0.09130824612788457
2352 -0.08893671866036346
2353 -0.08928060630564627
2354 -0.09251718429624134
2355 -0.10010235149855551
2356 -0.10224921033177681
2357 -0.10164891110902452
2358 -0.10252709248394465
2359 -0.10017753325287959
2360 -0.09969475492338642
2361 -0.09921824279706382
2362 -0.09518820179973397
2363 -0.09895556501642355
2364 -0.10513222675412237
2365 -0.1057320648404757
2366 -0.10626622126100749
2367 -0.09852576211194608
2368 -0.09757469554593035
2369 -0.10699250335967114
2370 -0.10617537399875676
2371 -0.09390637844028138
2372 -0.08312844746048431
2373 -0.09034546221783113
2374 -0.09805685038890888
2375 -0.09819406799640573
2376 -0.10625561001593686
2377 -0.11263825761147572
2378 -0.11261918438375262
2379 -0.10463268680944005
2380 -0.10214760808860213
2381 -0.10696957632505821
2382 -0.11225889547593326
2383 -0.11655391081713173
2384 -0.10860518429630739
2385 -0.10263992303195679
2386 -0.10677711177032734
2387 -0.10967910063664921
2388 -0.1141950530650574
2389 -0.10991522704608103
2390 -0.10505514887953782
2391 -0.11038157907202739
2392 -0.09780973733244847
2393 -0.08345980269942566
2394 -0.09069331950305592
2395 -0.09077153357521861
2396 -0.09406663891544365
2397 -0.10850815656532709
2398 -0.11081321740333439
2399 -0.10655232730297526
2400 -0.1026373883758761
2401 -0.1033075404718855
2402 -0.1023967796154387
2403 -0.10965895277771698
2404 -0.12419592230065701
2405 -0.11912767754609743
2406 -0.10027105248031654
2407 -0.09538994339942086
2408 -0.10274561074812605
2409 -0.10716904283756978
2410 -0.10917990599531369
2411 -0.10941375089082261
2412 -0.1082422234233017
2413 -0.10709579729382201
2414 -0.10814774539770766
2415 -0.10935377350802611
2416 -0.10761031856648495
2417 -0.11165905738957993
2418 -0.10924035956381462
2419 -0.1054061392663479
2420 -0.10337947329157204
2421 -0.10314983612885742
2422 -0.09599700648710174
2423 -0.09280713771835147
2424 -0.10002621094607456
2425 -0.1068156185784257
2426 -0.11001694512230797
2427 -0.10740494620345498
2428 -0.10935064040644071
2429 -0.10907612944871048
2430 -0.10573507568226093
2431 -0.10670109347764645
2432 -0.10614847732420152
2433 -0.11259721614729656
2434 -0.10969514154653359
2435 -0.10693096873321306
2436 -0.11085942896342149
2437 -0.11880212737392748
2438 -0.11755747662245863
2439 -0.1079888441636706
2440 -0.1059026619424972
2441 -0.10003285255120309
2442 -0.09478723178038784
2443 -0.0953466268480666
2444 -0.09745631307330427
2445 -0.09675176111824435
2446 -0.09728835141111025
2447 -0.10034826766400673
2448 -0.10493313564356854
2449 -0.10966292241765918
2450 -0.11394191189827874
2451 -0.11638618724778982
2452 -0.1113393122841817
2453 -0.11237484407622511
2454 -0.11619675501089755
2455 -0.11390473929029499
2456 -0.10274766921850209
2457 -0.09535833776535652
2458 -0.10175990623020736
2459 -0.107232391414804
2460 -0.11053483758940863
2461 -0.11036687592721439
2462 -0.11202806142220956
2463 -0.11664537157419241
2464 -0.11435168277687624
2465 -0.1162111228440682
2466 -0.12452388486910754
2467 -0.11941449786662206
2468 -0.10743305838328165
2469 -0.10535291932173207
2470 -0.10925917322263212
2471 -0.11564966930601328
2472 -0.12603556843482128
2473 -0.12893741999203756
2474 -0.12382827108240446
2475 -0.11659722736848577
2476 -0.10782159678003322
2477 -0.11032644795784552
2478 -0.11374014882253858
2479 -0.11228676956290762
2480 -0.11559029036872126
2481 -0.1148830814977807
2482 -0.11384320466383713
2483 -0.12084050426599335
2484 -0.1308509101154544
2485 -0.13398720501368422
2486 -0.1238347753784273
2487 -0.10944090427249231
2488 -0.11100759669258797
2489 -0.12116062477334943
2490 -0.1245047108576377
2491 -0.11669533615742289
2492 -0.10390616661792396
2493 -0.09913837069749287
2494 -0.10290296116524944
2495 -0.10505682195625154
2496 -0.1035565961656697
2497 -0.1006378703061821
2498 -0.12191243455386225
2499 -0.17247606271281546
2500 -0.5483756750085871
2501 -0.5969398977849286
2502 -0.6176994796235467
