0
1
2506
-3 -1.0
-2 -0.9760639734852201
-1 -0.9203748753126648
0 -0.4862408417778614
1 -0.43719067241506393
2 -0.4123087761202485
3 -0.40695787161735764
4 -0.4004233908856544
5 -0.3959638167690094
6 -0.38940943370988734
7 -0.38703242557078377
8 -0.3896483063723152
9 -0.38128992458112
10 -0.37803211916752155
11 -0.38374547311691365
12 -0.3778752966676946
13 -0.3799461344577987
14 -0.38980892729009275
15 -0.3886284201393765
16 -0.3914423912606947
17 -0.39308985614498093
18 -0.38181378068024896
19 -0.3776033563617971
20 -0.38166351047996105
21 -0.3661843371256751
22 -0.36119535054320195
23 -0.3672532362362315
24 -0.36997901141071954
25 -0.3669233651418625
26 -0.3605686638844833
27 -0.35783176386314663
28 -0.3532721616720228
29 -0.3553014429901268
30 -0.3549494808773803
31 -0.35188652642466156
32 -0.3499305177885884
33 -0.34825743387497765
34 -0.3481118844437556
35 -0.35027560859126927
36 -0.34718573227931016
37 -0.3415386314801272
38 -0.34462906685113015
39 -0.34204843027057663
40 -0.341052515190011
41 -0.34627114183550955
42 -0.3450765773761135
43 -0.34318902882624436
44 -0.33954077772001423
45 -0.33558664491682444
46 -0.3327847945751945
47 -0.32560987064158275
48 -0.32652869637713056
49 -0.3313880527260208
50 -0.3285045890955861
51 -0.32156328835477943
52 -0.3244165907670664
53 -0.3215988212277976
54 -0.31933942648279956
55 -0.3250018874205779
56 -0.3272642328724432
57 -0.330208104634348
58 -0.32861182141371537
59 -0.32392186346317275
60 -0.3214109897987394
61 -0.31885403571851934
62 -0.31392314639131014
63 -0.31171815442383666
64 -0.3100566322308709
65 -0.3112705217136058
66 -0.3126523402979797
67 -0.31038183895116955
68 -0.31398077028270566
69 -0.3110328114508101
70 -0.3084912175091856
71 -0.30409308394692314
72 -0.29383633565608636
73 -0.2942846938921534
74 -0.2980716231195403
75 -0.2972018102616102
76 -0.2972514004433079
77 -0.2980559743289046
78 -0.2946944463630876
79 -0.28968324657698985
80 -0.28806456544090364
81 -0.28167534548838247
82 -0.2784631653717383
83 -0.27909425378899644
84 -0.2867282499682363
85 -0.29496375065066693
86 -0.28719095416502294
87 -0.28098502345273646
88 -0.28316892033467256
89 -0.276940032647889
90 -0.2710243348419269
91 -0.27297784788996526
92 -0.2752561125394697
93 -0.2702934887571935
94 -0.27143437596490105
95 -0.27471631899766524
96 -0.26989997017244705
97 -0.2620823961009323
98 -0.25943736825912944
99 -0.25753111627154623
100 -0.2596218381440327
101 -0.2569224075247052
102 -0.2543452807100628
103 -0.2589098619638057
104 -0.25667035130119
105 -0.24630608204018412
106 -0.24394148333280907
107 -0.23893509614253783
108 -0.22685546097008524
109 -0.22390046436133204
110 -0.2271869313378827
111 -0.21780321701884686
112 -0.20719434014847093
113 -0.20756267657768934
114 -0.21066733572416396
115 -0.21531063595484
116 -0.217535512004696
117 -0.2107788033340402
118 -0.19866931384051645
119 -0.1950860130545794
120 -0.20150713392896025
121 -0.20563388624436896
122 -0.20016247784951913
123 -0.19715421482636497
124 -0.19001833353168207
125 -0.18174903967994593
126 -0.18209117977575962
127 -0.1739863052597519
128 -0.1661492839796509
129 -0.16849731154527547
130 -0.16389162893836495
131 -0.16065649184722364
132 -0.16142258215293526
133 -0.15902919969735996
134 -0.16266281619083045
135 -0.16301550382941332
136 -0.15253669406641635
137 -0.1474303827418777
138 -0.14093465599706323
139 -0.13206045181643689
140 -0.12593204732296437
141 -0.12189363917614249
142 -0.11816757319905813
143 -0.12424302596667824
144 -0.13465323521318728
145 -0.12794628319102153
146 -0.11161815095751915
147 -0.09539741750893838
148 -0.09423882279635654
149 -0.09760882134566728
150 -0.08711085302612431
151 -0.07972202351529778
152 -0.07389995583761755
153 -0.07226182749294507
154 -0.06826512403987928
155 -0.0627217275478783
156 -0.05795598308223382
157 -0.05041854949310709
158 -0.042738621119836506
159 -0.034937299179546244
160 -0.03157354603269813
161 -0.015884431985940584
162 -0.0068687654440827695
163 -0.008455226647782754
164 -0.001824498014515119
165 0.0036921430850378467
166 0.008680385896638665
167 0.010185374241817424
168 0.0041358291555617654
169 0.005448462127895848
170 0.01838095853772681
171 0.03110222967020637
172 0.040097268358809224
173 0.04753904959548794
174 0.060723872635837894
175 0.0650032304043624
176 0.07252939092488475
177 0.07873839452928544
178 0.08364985489294474
179 0.09417049153494506
180 0.09209865781200133
181 0.09635924961623066
182 0.10428741755002946
183 0.11473013538096444
184 0.132554748886079
185 0.13936135463550858
186 0.1410489066950864
187 0.14030182672416514
188 0.14947811418380064
189 0.16484117379917618
190 0.17658919817354746
191 0.18473534050951512
192 0.19024859402840466
193 0.18916416831246008
194 0.19123853411351144
195 0.20645689200874817
196 0.21342383002391574
197 0.21875525746769275
198 0.22601401987114023
199 0.23274087422072487
200 0.23314170098933307
201 0.2352160667903842
202 0.24890309178528192
203 0.2542158157913448
204 0.2589815602569896
205 0.26671894605486246
206 0.26439433058256734
207 0.27051978436917246
208 0.2744288691794883
209 0.27637259056908015
210 0.2838450738379139
211 0.29397867061298255
212 0.30083133853316246
213 0.3003105553261485
214 0.29704805950197044
215 0.2996165753028359
216 0.3114927302555941
217 0.3167795465802934
218 0.31362399442220457
219 0.3124103935915101
220 0.3149680731975659
221 0.31608249366486585
222 0.31411492330814794
223 0.3072154494463444
224 0.3070852601537182
225 0.3145249644311223
226 0.311442851421857
227 0.3025221299516472
228 0.29954078878773327
229 0.2969835460554733
230 0.29330853955679537
231 0.29288062446215446
232 0.2825931558941268
233 0.27883387405181614
234 0.2828546968790111
235 0.27695072726048653
236 0.2736893938359408
237 0.2667916596778499
238 0.2517039279490356
239 0.24221851943353334
240 0.23132408182237607
241 0.2154939422881832
242 0.2057441903026851
243 0.1935479559140032
244 0.1800270899585461
245 0.1679605897436578
246 0.15419369116366766
247 0.15151530702635485
248 0.14157846738267077
249 0.11804938134894538
250 0.09833748970096501
251 0.08872585677757949
252 0.08607439449950705
253 0.07303481399330325
254 0.0539353073248674
255 0.04246769383988758
256 0.022071202989752958
257 0.0017046886459373134
258 -0.012140947156022208
259 -0.026974734735853212
260 -0.04344328911620199
261 -0.0627405974523847
262 -0.0824905175614179
263 -0.09525039445903016
264 -0.09501940728454383
265 -0.09441027990894302
266 -0.10721299786343508
267 -0.11697782133548906
268 -0.132882881428664
269 -0.15490784507333077
270 -0.1673719326979196
271 -0.1704170617824946
272 -0.18417256510863234
273 -0.1987169935297317
274 -0.20006709590407457
275 -0.20307927953042748
276 -0.2085350573796777
277 -0.21534193353611109
278 -0.21853406310358037
279 -0.22206704818198353
280 -0.23236915136277092
281 -0.2409057393913705
282 -0.2510001270607173
283 -0.26233561472407985
284 -0.2722543099890933
285 -0.2794272055669528
286 -0.28833609490951384
287 -0.297134057456206
288 -0.2890131155208028
289 -0.2906898313855715
290 -0.29597313794435964
291 -0.3034307161934302
292 -0.3135906132421137
293 -0.31423226744717714
294 -0.32825560576418567
295 -0.33663229840084363
296 -0.3348590199459619
297 -0.33299120725671894
298 -0.3275699663476468
299 -0.3293195623021955
300 -0.3380907694564397
301 -0.3397859626334637
302 -0.3436635833957157
303 -0.347308324736035
304 -0.34948639484426836
305 -0.3512586591212742
306 -0.35128207121460386
307 -0.3509606629122559
308 -0.34624731111342
309 -0.3512277906223268
310 -0.36063784949652333
311 -0.36571065630379596
312 -0.36560325751887435
313 -0.3550741320483439
314 -0.3581416104448495
315 -0.36251513915566347
316 -0.3534174224512049
317 -0.3510203637629261
318 -0.3605923463848163
319 -0.36415240154421613
320 -0.3630495427975613
321 -0.36008663466435764
322 -0.3566252008093094
323 -0.3631604253118851
324 -0.37428539497869595
325 -0.37771453531963317
326 -0.3832320241302697
327 -0.3788946055965535
328 -0.36882496320893887
329 -0.3776261468695017
330 -0.3888247403969647
331 -0.39875950308137353
332 -0.3882226143081491
333 -0.37910733052909984
334 -0.3825658136772807
335 -0.37693423948348603
336 -0.3776346356980318
337 -0.3751615200876477
338 -0.3769488558512092
339 -0.3825198997282865
340 -0.38279155138214405
341 -0.3779898371696855
342 -0.3808498887067906
343 -0.3862980514751031
344 -0.38491594423868913
345 -0.3812790883863112
346 -0.3738519600074284
347 -0.3733162535356146
348 -0.37734411413966773
349 -0.37806707473645973
350 -0.37978974883176786
351 -0.3810570269141512
352 -0.3782203874703757
353 -0.3776499958366274
354 -0.37381744131228634
355 -0.37766126890523233
356 -0.3800394576890045
357 -0.37574754226699525
358 -0.3704292801392691
359 -0.37347307603544144
360 -0.3820798638539571
361 -0.38308983624320236
362 -0.3810525029703642
363 -0.3837064304779849
364 -0.3842801654108515
365 -0.38414165375648734
366 -0.3936633024258075
367 -0.39246142978254994
368 -0.387545734127144
369 -0.38008012216837583
370 -0.3784759534598018
371 -0.38711798549929555
372 -0.3843654549323595
373 -0.37551626644046887
374 -0.37877832539085055
375 -0.3924735505622382
376 -0.39178397229746487
377 -0.3846584720787585
378 -0.3794753783062781
379 -0.37951867448199017
380 -0.377554325239143
381 -0.3723741821735298
382 -0.3785537500856194
383 -0.37649771337506743
384 -0.37805551301581475
385 -0.37955641429100295
386 -0.378507110610789
387 -0.3807395834965467
388 -0.3776766290438278
389 -0.37309010499346373
390 -0.37439291594886515
391 -0.36854671065201916
392 -0.3645835117162193
393 -0.3710275895650973
394 -0.3737078616278786
395 -0.3684389010298099
396 -0.3653382067680784
397 -0.368520514318615
398 -0.3646914695601846
399 -0.3647068296987802
400 -0.3685393842231214
401 -0.36523522798673247
402 -0.3694116926690859
403 -0.369013379733549
404 -0.37459553021243863
405 -0.3749014119093985
406 -0.36994304166390546
407 -0.375441642324999
408 -0.3693622689541809
409 -0.36265837157909353
410 -0.35942073889991744
411 -0.35401909342118787
412 -0.3492488250117566
413 -0.3502943302740197
414 -0.3523460095075771
415 -0.35625831543176345
416 -0.36273969621585833
417 -0.3642015548521177
418 -0.36779216382191626
419 -0.3708820401338754
420 -0.3707594476771505
421 -0.36634919333519966
422 -0.36444306353286415
423 -0.36337414617727126
424 -0.36660944973520493
425 -0.3754577279894309
426 -0.3650816266007765
427 -0.3615059226507412
428 -0.3642101658658954
429 -0.35867000873280175
430 -0.3581914892785871
431 -0.3582682899715651
432 -0.3590408407500546
433 -0.36484901758584753
434 -0.3677282276794991
435 -0.36167810528916355
436 -0.36300302550797825
437 -0.3692291289546872
438 -0.3641401142977353
439 -0.36098148924753204
440 -0.3634639596425664
441 -0.35599426061380746
442 -0.34893036741627603
443 -0.3549573663653218
444 -0.3557344593326346
445 -0.35708483211398145
446 -0.36275433082861785
447 -0.37114989336978244
448 -0.3775506750429485
449 -0.37514250975285746
450 -0.3715363741776708
451 -0.365388085601816
452 -0.36471062811673105
453 -0.36695086430518264
454 -0.3656105839477721
455 -0.36311405624405846
456 -0.3657676950996389
457 -0.36750923909945377
458 -0.3669425419434451
459 -0.3723978464288267
460 -0.3691049632610427
461 -0.37347774820098456
462 -0.36835609498288646
463 -0.35722234783550566
464 -0.35859611446514583
465 -0.36731806437127723
466 -0.3774106637333894
467 -0.36238321015932506
468 -0.35077094355772964
469 -0.3568789967365369
470 -0.3649759857646031
471 -0.3691470787920862
472 -0.37832307759968176
473 -0.38906185511064384
474 -0.3890849785519336
475 -0.3805517520674887
476 -0.36636440525203906
477 -0.36105446548605047
478 -0.36437709903469484
479 -0.3771491227485043
480 -0.381115831450215
481 -0.36740904455818235
482 -0.35988228069707195
483 -0.3661161474464748
484 -0.37203477771426774
485 -0.37144846688288047
486 -0.3703224846949359
487 -0.36926967124881116
488 -0.3743276769765319
489 -0.3729685267146149
490 -0.3677879285301695
491 -0.3702233043315407
492 -0.3729838868532105
493 -0.3720494123270274
494 -0.3723402225374315
495 -0.3730941920634545
496 -0.37795984241833025
497 -0.382569201257944
498 -0.38248538103314456
499 -0.37788712879534314
500 -0.3710223400954745
501 -0.3767927588772183
502 -0.37749786374738004
503 -0.3692392396236599
504 -0.3663905833404071
505 -0.37095840395305746
506 -0.3798096329141504
507 -0.37967491967773703
508 -0.37998109002673675
509 -0.38003096886047427
510 -0.3790277455960471
511 -0.38298289257711315
512 -0.3821252187439079
513 -0.38157693637357315
514 -0.3863126860878626
515 -0.39197911191038437
516 -0.3904324188714494
517 -0.3831850699668907
518 -0.37995373129370025
519 -0.38246958402075293
520 -0.3875618197915758
521 -0.3825038140638548
522 -0.3798849825554561
523 -0.38401231217494447
524 -0.3861943471679211
525 -0.39051652774828904
526 -0.38815795263989583
527 -0.38661125960096077
528 -0.3874042717659125
529 -0.3847128931013193
530 -0.384896182341554
531 -0.3868141625165745
532 -0.39232756425722015
533 -0.3912093453719697
534 -0.38613597950565326
535 -0.38969337261022596
536 -0.39101478306313
537 -0.3878934609481436
538 -0.3904536361422346
539 -0.40151132636750975
540 -0.4048353849313173
541 -0.3873567402984537
542 -0.3816369258762835
543 -0.3969450972368155
544 -0.39773697303864397
545 -0.39139587397111186
546 -0.3908031026669464
547 -0.39080735620372964
548 -0.3938776188403098
549 -0.39501398210423067
550 -0.3989109278898213
551 -0.40621195404606847
552 -0.4053197615177214
553 -0.40229512417809543
554 -0.39908719759823463
555 -0.3986929534876521
556 -0.39974973181852014
557 -0.3992751772490488
558 -0.39581826733778747
559 -0.390971486887418
560 -0.38893136937450523
561 -0.38999223477536393
562 -0.38942479384848305
563 -0.3931457585777003
564 -0.40164911249603763
565 -0.3996041823872981
566 -0.3966560570886102
567 -0.3958339161284229
568 -0.3930237434250554
569 -0.3925331031911524
570 -0.40054201845763593
571 -0.4088915005830135
572 -0.41269657418907046
573 -0.4115479236786689
574 -0.4073290105316869
575 -0.4070307256706287
576 -0.40870380958423935
577 -0.4111190126511882
578 -0.4162560260078818
579 -0.4205284942213049
580 -0.4199746433708207
581 -0.404726701561516
582 -0.38304244520602715
583 -0.37933756614124137
584 -0.38550239550036036
585 -0.38910778730467466
586 -0.38888471165463834
587 -0.3928632707290338
588 -0.39252270387013977
589 -0.38477331947782545
590 -0.38868647311309545
591 -0.3925952692713709
592 -0.39730630406241474
593 -0.4063762511965495
594 -0.4110098698405764
595 -0.39569143958931563
596 -0.3858249705243182
597 -0.39635834953163185
598 -0.4055886289315044
599 -0.40563720493532596
600 -0.40472948580159074
601 -0.4047221776177291
602 -0.40695085208553594
603 -0.4039989283688973
604 -0.39982580698566184
605 -0.4022035406506017
606 -0.40263597968902953
607 -0.40541923053315665
608 -0.4053084884491166
609 -0.40133021802676105
610 -0.40121918729068096
611 -0.40486465415683637
612 -0.4034136317153858
613 -0.3984090145873135
614 -0.40134557816535665
615 -0.4082296918885642
616 -0.40726449708518964
617 -0.40324043489908723
618 -0.40297287031522033
619 -0.4044888430769641
620 -0.40626887065666406
621 -0.40887993886236873
622 -0.40590534682327273
623 -0.4024829556071534
624 -0.3993588492520922
625 -0.3993819726933818
626 -0.40461946924338676
627 -0.40244112872814986
628 -0.4028044860947486
629 -0.40286462381921506
630 -0.4119957228556923
631 -0.42246369642388026
632 -0.4092965808884048
633 -0.4018692860427293
634 -0.4068011895478144
635 -0.41054119064833083
636 -0.4175048710595548
637 -0.41337052190824475
638 -0.4072255766315085
639 -0.4029686350234736
640 -0.4086119374047056
641 -0.4139445454931513
642 -0.4178945912263503
643 -0.4207201240683136
644 -0.41827069095826275
645 -0.40859628861407016
646 -0.39913255248818524
647 -0.40054230710967587
648 -0.40169095762007767
649 -0.40064896212372514
650 -0.4018052094700284
651 -0.4012007542599707
652 -0.39741455055842
653 -0.39068447509496473
654 -0.38647008589176945
655 -0.3829056550103389
656 -0.38111365487270676
657 -0.38490510804388045
658 -0.3775509636949884
659 -0.36083228182864313
660 -0.3571272362970648
661 -0.35423312118365013
662 -0.3612541550792657
663 -0.365737123044204
664 -0.3628236829074506
665 -0.3584824477107471
666 -0.34745711352616426
667 -0.34504218086621896
668 -0.3382395582465688
669 -0.3343458335748489
670 -0.33322103203157305
671 -0.3310122416461486
672 -0.32659013693151284
673 -0.3263530039727972
674 -0.3291669750941154
675 -0.32985570564780553
676 -0.3328763781026881
677 -0.33327062221327064
678 -0.3323857378687851
679 -0.33505444821092134
680 -0.3360347145008513
681 -0.33137167840954906
682 -0.3273367800286381
683 -0.32196205640914877
684 -0.3189340575253682
685 -0.31416071622382213
686 -0.30606065430364116
687 -0.29389044978157075
688 -0.2836039953914191
689 -0.28310704290649413
690 -0.28112399022593304
691 -0.28054220333833235
692 -0.2786546547884633
693 -0.2743936261104377
694 -0.27747221110875564
695 -0.27319582229213457
696 -0.2711972430061854
697 -0.2703901735325539
698 -0.26737329949562194
699 -0.2661440498742914
700 -0.26916063525918343
701 -0.2731655388887394
702 -0.27228546714008073
703 -0.2618794931853188
704 -0.25555931062308146
705 -0.2595489762992894
706 -0.2632308983895779
707 -0.27680208005256857
708 -0.2894695074665673
709 -0.2954136085419288
710 -0.30486607159920864
711 -0.30541362844370745
712 -0.29983907480071925
713 -0.2975540610263967
714 -0.29571684642909757
715 -0.29581602679249297
716 -0.2976763648310816
717 -0.3017842472419836
718 -0.301099481573037
719 -0.29422018044565657
720 -0.28356171339358294
721 -0.2814601553262879
722 -0.28804218577048646
723 -0.29047654739398165
724 -0.28987766066407317
725 -0.2996976124394879
726 -0.3118726295573848
727 -0.3110212497301653
728 -0.30950426279054544
729 -0.3173384998305717
730 -0.31720859918998523
731 -0.30935957931544333
732 -0.30982314946834966
733 -0.31760605662296626
734 -0.33161246156445945
735 -0.3529740250327208
736 -0.372559359339233
737 -0.3796937895822434
738 -0.3869287030185654
739 -0.39758731050092233
740 -0.4049326773692443
741 -0.4138632208563864
742 -0.4298509084162421
743 -0.43518307963089164
744 -0.4359743520921313
745 -0.442578613984991
746 -0.4478654303096897
747 -0.45004321176588313
748 -0.45095881638755975
749 -0.4459247818122123
750 -0.43726840381199894
751 -0.43826782865847524
752 -0.44402612666053076
753 -0.4473908757402185
754 -0.44645668986607534
755 -0.44523503708064627
756 -0.4443236859957529
757 -0.45080228253977284
758 -0.4496687035159268
759 -0.44354983238734735
760 -0.4497182936976245
761 -0.4508906449533958
762 -0.44580146382965136
763 -0.44377218251154715
764 -0.4536961272461839
765 -0.45787599775423715
766 -0.45899320246161157
767 -0.4627610953176994
768 -0.4574470867267565
769 -0.4548010447070774
770 -0.4589479880019446
771 -0.46346927307997554
772 -0.46186817726351603
773 -0.4649880300817941
774 -0.4677413044196024
775 -0.4673511473790106
776 -0.460692604893874
777 -0.45963979144774925
778 -0.47021499733406646
779 -0.46856402268386943
780 -0.46649596913384017
781 -0.4715273416543606
782 -0.4691458095714701
783 -0.4690081456281895
784 -0.46908069278438436
785 -0.4673267393528413
786 -0.4766608452451433
787 -0.47544712222920094
788 -0.47040928923590253
789 -0.4647895028882111
790 -0.45521417696720257
791 -0.4639629862059933
792 -0.4671290859068504
793 -0.4637592355792961
794 -0.4660491841346929
795 -0.46261087372093435
796 -0.46591447089827953
797 -0.4731316768297271
798 -0.4727824989570555
799 -0.47211967608472993
800 -0.4762434959383075
801 -0.4767603325056149
802 -0.4763384410099558
803 -0.4801435146160129
804 -0.48776623772664784
805 -0.4911008438332243
806 -0.48666294210619687
807 -0.4878494728558952
808 -0.4978949958693806
809 -0.508628672132476
810 -0.5179549107818727
811 -0.517254907159578
812 -0.5004131959627118
813 -0.49579636247244385
814 -0.5052835106916584
815 -0.5196004877406907
816 -0.5352809907736706
817 -0.5435150404044289
818 -0.5431769873786059
819 -0.549609066633043
820 -0.554693268694168
821 -0.5547345365141281
822 -0.5593245703304031
823 -0.5607219155201651
824 -0.559079988757542
825 -0.5487096958975541
826 -0.5273248868027558
827 -0.5065309124831315
828 -0.482896193404705
829 -0.4508277611388135
830 -0.41526171020074465
831 -0.36117692530396406
832 -0.2985560074974165
833 -0.2374728084239548
834 -0.15674053572684288
835 -0.0734928471764742
836 -0.0010166847700110448
837 0.07646743806364276
838 0.15899160695817582
839 0.24087618036188396
840 0.30865111174919946
841 0.38172572401177485
842 0.46949102140747123
843 0.5483374116767019
844 0.631055110457162
845 0.7105634012476025
846 0.7658819900679867
847 0.8078944662212122
848 0.8516975910786317
849 0.8753548562942686
850 0.8880983588754086
851 0.8926515188387905
852 0.8797953862481418
853 0.8689951681827974
854 0.8724998982135574
855 0.8725803568942025
856 0.8630165744488025
857 0.8564516256018753
858 0.8388490813603933
859 0.8166156541114356
860 0.7768428368425817
861 0.6991236397644509
862 0.5974477119649568
863 0.4793195001613748
864 0.3578667443166659
865 0.22372139101588018
866 0.07756930087745784
867 -0.04740080950005532
868 -0.17806158725946675
869 -0.3117231230328922
870 -0.41719418455824064
871 -0.5078618458473645
872 -0.588656154647975
873 -0.6517630405228827
874 -0.6961857406804381
875 -0.7447499638744675
876 -0.7925891495124298
877 -0.8051133931065215
878 -0.8023016028846893
879 -0.7998985388424651
880 -0.7955166574114267
881 -0.7817694764470265
882 -0.7589759269086136
883 -0.7413325256844586
884 -0.7206343884291113
885 -0.697742365808103
886 -0.6691919693193067
887 -0.6408019050962481
888 -0.6193689568714242
889 -0.6009329803561136
890 -0.5761263833857846
891 -0.5542839530970299
892 -0.5253385869718151
893 -0.5015191276014814
894 -0.4940717778846532
895 -0.48045846244558255
896 -0.46363942736264596
897 -0.45872636340358075
898 -0.446841111959725
899 -0.41904221976740375
900 -0.40902417767220234
901 -0.4140906722284532
902 -0.41592776464050496
903 -0.4177108468672831
904 -0.41640203055793634
905 -0.4169843765045804
906 -0.4103758793199739
907 -0.4116239988458108
908 -0.41793012409936847
909 -0.41382942768708053
910 -0.40990556004224943
911 -0.40439346113151964
912 -0.3983289927804645
913 -0.39946959133613225
914 -0.40468487468251246
915 -0.40555365511752983
916 -0.39476472836582654
917 -0.3963195772997067
918 -0.3950716242406622
919 -0.3977896361124561
920 -0.3999299481666403
921 -0.39255637485419836
922 -0.38928756677899856
923 -0.38124062305146245
924 -0.377595881711143
925 -0.37955641429100295
926 -0.37902818246984327
927 -0.37636399607149384
928 -0.36805679594395235
929 -0.36013198955430836
930 -0.35969166502793914
931 -0.3651475910989458
932 -0.36906821938486967
933 -0.3624058784817821
934 -0.3579649038626401
935 -0.36231502048012454
936 -0.3593056210938468
937 -0.35573768044650556
938 -0.3530775811181466
939 -0.3460406097798555
940 -0.34838733451556414
941 -0.3523084179203205
942 -0.3521246735612531
943 -0.3457151144075171
944 -0.3462508208793309
945 -0.3561210883622792
946 -0.3594017285651273
947 -0.35510601472516723
948 -0.34977720505467236
949 -0.34334190468636416
950 -0.3435989217274623
951 -0.3430440566991023
952 -0.3401686450234017
953 -0.3398738699282544
954 -0.3397744009128191
955 -0.34075466720274916
956 -0.33885981046901836
957 -0.33426552311596014
958 -0.33224427550755375
959 -0.3327807075052037
960 -0.33055275856323285
961 -0.32538853469525886
962 -0.3202776994269334
963 -0.317130636097375
964 -0.32063786171617004
965 -0.32134647635224245
966 -0.3150448750424715
967 -0.30841806701240226
968 -0.30495735868319007
969 -0.30727761667849063
970 -0.3096628249940844
971 -0.30643573985767714
972 -0.3015354043408668
973 -0.2961753153341372
974 -0.3018797696177119
975 -0.30929930116069304
976 -0.3097048183398804
977 -0.30630158568030763
978 -0.29889361585797103
979 -0.2971898116671693
980 -0.3023816829202197
981 -0.30481297165160026
982 -0.29893984449551403
983 -0.2926420416036941
984 -0.2915975505193069
985 -0.29214934265555237
986 -0.2890403077870467
987 -0.28578601213935906
988 -0.28595920895565763
989 -0.28220372553129824
990 -0.27476445812769057
991 -0.27479239416480716
992 -0.2750192682327939
993 -0.2661929145301529
994 -0.2693743743696059
995 -0.2836753575809676
996 -0.2762619978587242
997 -0.2677966724014397
998 -0.2723890232255065
999 -0.2649009094110739
1000 -0.2591841496359818
1001 -0.2608262246203614
1002 -0.2689774942407047
1003 -0.2728872863318199
1004 -0.25495500363477985
1005 -0.23946494980414001
1006 -0.23893700663502027
1007 -0.25287655076373794
1008 -0.2610046969427917
1009 -0.25035002830866904
1010 -0.23214943725688963
1011 -0.22622393567903087
1012 -0.23325023728930572
1013 -0.23473140270386772
1014 -0.23056530085245386
1015 -0.22789760468819387
1016 -0.2234422841083321
1017 -0.21529892601243905
1018 -0.2100963850313723
1019 -0.21266238699916618
1020 -0.207964832212722
1021 -0.20316764194405013
1022 -0.20222612964100906
1023 -0.20028564761032397
1024 -0.20064944185071887
1025 -0.19367011264885947
1026 -0.1942982503592504
1027 -0.1942637316641086
1028 -0.19445903774382067
1029 -0.1980003269389251
1030 -0.1912351737212843
1031 -0.19218176902715578
1032 -0.18524879064808686
1033 -0.17459399982871682
1034 -0.17634867878609584
1035 -0.1697947508458063
1036 -0.16455752470280516
1037 -0.1623563311532823
1038 -0.15992492023665428
1039 -0.16759399417007959
1040 -0.16617311470174023
1041 -0.1587534609735115
1042 -0.15875883262838186
1043 -0.14503406782447148
1044 -0.1379397247567523
1045 -0.13910474958362573
1046 -0.13812112174954116
1047 -0.13296391741338875
1048 -0.12613466158653808
1049 -0.1230991880521034
1050 -0.11703868458579147
1051 -0.11876588262488674
1052 -0.11809193490571257
1053 -0.1120122728828542
1054 -0.11220489866270278
1055 -0.0992917272762106
1056 -0.08833161381892451
1057 -0.0836547908259464
1058 -0.07128888763191299
1059 -0.06975402672062636
1060 -0.07047800149529448
1061 -0.06926807689730274
1062 -0.07162590823482362
1063 -0.06736884444154134
1064 -0.06920383385780915
1065 -0.05653188250002361
1066 -0.04369125826972642
1067 -0.043734824852441956
1068 -0.038271905286122454
1069 -0.03374680354510462
1070 -0.02741549613601868
1071 -0.01722822210926178
1072 -0.010992296645620514
1073 -0.007612624301133186
1074 -0.0019274767958612493
1075 0.003964083390935569
1076 0.008997681092486998
1077 0.017971065636508632
1078 0.025815124693467695
1079 0.032464452824238155
1080 0.03946545441571492
1081 0.049326674011089366
1082 0.0636374792393839
1083 0.06699828167936439
1084 0.06477296875571215
1085 0.07051150486063285
1086 0.08109698788271524
1087 0.0932782990065979
1088 0.09895863391604309
1089 0.1054204192697954
1090 0.11314217452206954
1091 0.1200744273753025
1092 0.12981685293190304
1093 0.14184588374478158
1094 0.14847179978222247
1095 0.14997521489048182
1096 0.16252515109562227
1097 0.16912080197470436
1098 0.17317384473428588
1099 0.18422287966423845
1100 0.18759144540691342
1101 0.1907224230720399
1102 0.19670994250836094
1103 0.20370334726393624
1104 0.2162559455239046
1105 0.22952124548993513
1106 0.23277101719383642
1107 0.23127376611484296
1108 0.23274730865699422
1109 0.24079398197752666
1110 0.25732864907780106
1111 0.26880910886830556
1112 0.27326019415642033
1113 0.2806068638546584
1114 0.28646419399835255
1115 0.2899203783837778
1116 0.29720180910968264
1117 0.3046554224740101
1118 0.3097078900800678
1119 0.3169548021108304
1120 0.32357413549024594
1121 0.32330175831055175
1122 0.323699800839085
1123 0.3252775028072512
1124 0.3260352707512253
1125 0.32870676533343657
1126 0.33554027469706993
1127 0.3432010262687577
1128 0.3423929426172505
1129 0.33830421876289485
1130 0.33700225551857677
1131 0.33913470032985593
1132 0.3487824512218116
1133 0.34647743117985885
1134 0.34271067468689487
1135 0.33606879517026966
1136 0.32934575748367245
1137 0.3377761091269824
1138 0.3447127637387546
1139 0.3496088457187816
1140 0.3489201151650918
1141 0.338112588915886
1142 0.33055583030341995
1143 0.3259891903354384
1144 0.323110705767623
1145 0.32013258571757985
1146 0.3120737916173588
1147 0.30775188144399457
1148 0.304938635848512
1149 0.3009300820227614
1150 0.296359643636829
1151 0.2907173371884364
1152 0.2754997048190362
1153 0.2644061627102159
1154 0.25170874054486214
1155 0.23518607203902886
1156 0.22245016629378966
1157 0.20904004242237262
1158 0.19850855134052714
1159 0.19010304459718252
1160 0.17583551729956426
1161 0.15363911478734749
1162 0.14040553103134745
1163 0.12812489911378577
1164 0.11954692107997866
1165 0.10638984936491647
1166 0.08149343892929273
1167 0.06838742669263675
1168 0.05498692801287319
1169 0.026081815529742203
1170 0.012112861745221748
1171 0.012191839015708084
1172 0.0032175885155665274
1173 -0.007567121189426151
1174 -0.014586722278405961
1175 -0.03133496202231023
1176 -0.05018492630030236
1177 -0.06759893962339902
1178 -0.08249460463140856
1179 -0.08871473308265854
1180 -0.0943991550620944
1181 -0.10535984582346036
1182 -0.11595570992151905
1183 -0.1284119120581666
1184 -0.1456089651569703
1185 -0.1558911842553753
1186 -0.1593620032535602
1187 -0.16999340022463683
1188 -0.18075895137308318
1189 -0.18677939802259014
1190 -0.1954270167872696
1191 -0.21016658482128836
1192 -0.21603797227366273
1193 -0.2214315840426947
1194 -0.23267575858556666
1195 -0.23434755791429773
1196 -0.24473348131988482
1197 -0.25502798766477064
1198 -0.25860296608896993
1199 -0.26390526473751186
1200 -0.26440601564038757
1201 -0.2702969985231042
1202 -0.2819168619606012
1203 -0.2831461115819316
1204 -0.27151117665787905
1205 -0.2624188498533271
1206 -0.2652104413042281
1207 -0.27527103580426904
1208 -0.28538825826286585
1209 -0.29780670234546425
1210 -0.3053637496099697
1211 -0.3075954969698913
1212 -0.30383577825378494
1213 -0.30244619636671677
1214 -0.3052908877652263
1215 -0.3073694888580244
1216 -0.3106272942716227
1217 -0.31125516157501
1218 -0.3120167279369348
1219 -0.31462327219885244
1220 -0.32139183124219306
1221 -0.3290256609546405
1222 -0.32710712172057643
1223 -0.32554915561303666
1224 -0.3240216211306479
1225 -0.32315635046154123
1226 -0.33010495938620965
1227 -0.3297408764937746
1228 -0.3324360535763189
1229 -0.33085513049428183
1230 -0.3265863385135622
1231 -0.3273866588623756
1232 -0.3261578643598777
1233 -0.3287573708449375
1234 -0.32780402641424766
1235 -0.3283281711654167
1236 -0.3317085690357401
1237 -0.335257351126535
1238 -0.33837340552686224
1239 -0.3369762268038926
1240 -0.33482111367015654
1241 -0.32903634892769296
1242 -0.3289291166095636
1243 -0.333366292810755
1244 -0.33675445398377246
1245 -0.3383772039448131
1246 -0.3346179403475391
1247 -0.33697634898913986
1248 -0.3339896361703556
1249 -0.34137448255140246
1250 -0.34744700285719154
1251 -0.34574276179259367
1252 -0.34422503108210145
1253 -0.35025134878685615
1254 -0.36190321708642403
1255 -0.34392105555564634
1256 -0.32140133857057707
1257 -0.3195193463874072
1258 -0.330316202908597
1259 -0.3359163755809098
1260 -0.3371902363213185
1261 -0.3366500059057179
1262 -0.34057868614637576
1263 -0.34148272904740773
1264 -0.3336487806594215
1265 -0.3338212519498839
1266 -0.3423860464226035
1267 -0.34424157186536564
1268 -0.3495168264694195
1269 -0.35524072796158046
1270 -0.3503818267315226
1271 -0.3497769164026324
1272 -0.3487900674546769
1273 -0.3449542735714285
1274 -0.33867183081820407
1275 -0.3356395966426765
1276 -0.3397132490104767
1277 -0.34400516443248585
1278 -0.3428715854086398
1279 -0.3389393954020712
1280 -0.34009213298246366
1281 -0.34277620346319526
1282 -0.34182987856432745
1283 -0.3418260801463767
1284 -0.34372574947593415
1285 -0.3378795441790883
1286 -0.33336556728491895
1287 -0.3354985711552415
1288 -0.3367086622200255
1289 -0.3353875404191615
1290 -0.3330327637287188
1291 -0.3360992279473486
1292 -0.34057868614637576
1293 -0.34204886714437266
1294 -0.3379940846810793
1295 -0.33511516323946766
1296 -0.33864183606684894
1297 -0.33750066020710134
1298 -0.3364093631810914
1299 -0.3392274213724005
1300 -0.33906227651083587
1301 -0.3444863016599826
1302 -0.3522962788955959
1303 -0.35624031927484945
1304 -0.34870550345900486
1305 -0.3359026372827566
1306 -0.3407894745499308
1307 -0.3412916765044789
1308 -0.33227047184095815
1309 -0.3348088264236755
1310 -0.34035691332625584
1311 -0.3417960853950215
1312 -0.33729746863944765
1313 -0.3322714860188343
1314 -0.330230913387089
1315 -0.3281169458880655
1316 -0.33734427458107075
1317 -0.3384970121614632
1318 -0.32786796255666495
1319 -0.32716036209846866
1320 -0.3321191874627941
1321 -0.33031490007868114
1322 -0.3322900672713006
1323 -0.3377576772481995
1324 -0.335555924639633
1325 -0.3344072741292313
1326 -0.3362105473354684
1327 -0.3388283646659912
1328 -0.3464203674994347
1329 -0.3505972873006208
1330 -0.34259540981099534
1331 -0.34031799287257436
1332 -0.33887853215176855
1333 -0.34081509357925543
1334 -0.34860296155145476
1335 -0.34542575524878527
1336 -0.3344564274371329
1337 -0.33341500924486045
1338 -0.3451798448094995
1339 -0.3543602453756344
1340 -0.3537668967673888
1341 -0.3397283204970324
1342 -0.32652854815537435
1343 -0.3236083588938029
1344 -0.3266365059993398
1345 -0.3334581649902887
1346 -0.3402989825377841
1347 -0.3425193346438533
1348 -0.34230515865963473
1349 -0.33666565469635346
1350 -0.3349122603238541
1351 -0.33838554455158687
1352 -0.33704526419417635
1353 -0.333331048589777
1354 -0.33706413409868285
1355 -0.3381443245228807
1356 -0.33494721589279197
1357 -0.3290360602756529
1358 -0.3294809087458094
1359 -0.3291362548169242
1360 -0.326521099541229
1361 -0.32972227699627177
1362 -0.3252739941932681
1363 -0.32098938695512036
1364 -0.32133024246605446
1365 -0.3287692212176221
1366 -0.3329720487001726
1367 -0.3346710402951475
1368 -0.3421022557440212
1369 -0.3429753079608583
1370 -0.3423885420106385
1371 -0.34319986502105293
1372 -0.35111061410201727
1373 -0.34960896905595673
1374 -0.3385903839961918
1375 -0.3438796212688938
1376 -0.33105408677018844
1377 -0.3242653549924256
1378 -0.33617278928141914
1379 -0.3390513181307798
1380 -0.343430397076707
1381 -0.33923489602305446
1382 -0.3345832551856047
1383 -0.33292553141058967
1384 -0.33557128477822873
1385 -0.33936581084151696
1386 -0.33448407482220943
1387 -0.3327714931508374
1388 -0.341699689271701
1389 -0.35227886004276154
1390 -0.3437561811010854
1391 -0.32837280052953133
1392 -0.33144787576193846
1393 -0.3386153693264411
1394 -0.3433772971290986
1395 -0.3400576142873215
1396 -0.3391463853876754
1397 -0.3427827861212208
1398 -0.3492720966748023
1399 -0.3571670304983384
1400 -0.3467373740432431
1401 -0.34111702863650806
1402 -0.34873680104027593
1403 -0.34995364122987815
1404 -0.3536280704244762
1405 -0.3568750578883022
1406 -0.35722702000104867
1407 -0.3550290658104329
1408 -0.35785839707034695
1409 -0.36060361945342123
1410 -0.35914879859401994
1411 -0.35596705010252705
1412 -0.3525944155348977
1413 -0.35378239733626826
1414 -0.34728140287679443
1415 -0.33833041624822646
1416 -0.3418845699938917
1417 -0.33638727216271425
1418 -0.3348358887131997
1419 -0.34326070223484695
1420 -0.3619692301881162
1421 -0.38478353755650396
1422 -0.3747264710674101
1423 -0.34908322503135947
1424 -0.33436747992795757
1425 -0.34152413729765163
1426 -0.3553794060827369
1427 -0.3525107435318543
1428 -0.34810383248902166
1429 -0.34455959258704993
1430 -0.34397780569944936
1431 -0.3439740072814985
1432 -0.3454937784611931
1433 -0.3459798947513093
1434 -0.34789391004158643
1435 -0.35005662001122406
1436 -0.3534792998793833
1437 -0.356614512836257
1438 -0.3543936016711441
1439 -0.35635822132099493
1440 -0.3528517212280359
1441 -0.3456617258078688
1442 -0.3466652377243359
1443 -0.3491569528322228
1444 -0.356242666641128
1445 -0.3665416969298009
1446 -0.3646000342544471
1447 -0.35814059626697337
1448 -0.36128487535645704
1449 -0.3618673877698936
1450 -0.35482236447686866
1451 -0.35267881306377724
1452 -0.3534219463949917
1453 -0.3519937587427908
1454 -0.3528824415052271
1455 -0.3502175295810417
1456 -0.34818795961089755
1457 -0.35654985116800375
1458 -0.3589305355398107
1459 -0.35829434587468556
1460 -0.36155696388411085
1461 -0.3554970377218789
1462 -0.3495549953607562
1463 -0.34873155157065294
1464 -0.358011709804263
1465 -0.3686432549970958
1466 -0.3671378297781208
1467 -0.36453815682626844
1468 -0.36437811321257085
1469 -0.3650472300908818
1470 -0.3687298777070067
1471 -0.37777346204094464
1472 -0.3705950283414221
1473 -0.35997458975040164
1474 -0.35713471094771887
1475 -0.35775570694104086
1476 -0.35890390233261016
1477 -0.35546559191885163
1478 -0.3597573408740684
1479 -0.36218059589575125
1480 -0.3661002100037992
1481 -0.37115018202182226
1482 -0.3734808210930992
1483 -0.3729138352850506
1484 -0.3786883411367853
1485 -0.37126472252381315
1486 -0.36113436510765196
1487 -0.36502132240951746
1488 -0.36242578080920096
1489 -0.3639070684090103
1490 -0.3646376258417038
1491 -0.3668312225553252
1492 -0.37558383021206654
1493 -0.36608910340198686
1494 -0.3598522859457166
1495 -0.3595502026667079
1496 -0.3640716542115312
1497 -0.3709054339821686
1498 -0.3657290893345063
1499 -0.36229542504978207
1500 -0.3595693612232541
1501 -0.3608015615514518
1502 -0.3749482178510213
1503 -0.3763448375149475
1504 -0.37294835398019244
1505 -0.37510840189500294
1506 -0.3714668999135907
1507 -0.3740550111447981
1508 -0.37843584803947383
1509 -0.3685272634434329
1510 -0.3621068680948879
1511 -0.36368529558889007
1512 -0.36345943569877925
1513 -0.3621533853844707
1514 -0.36203884488247995
1515 -0.36313394032644086
1516 -0.36066433448196755
1517 -0.3619812027460483
1518 -0.36331768468550796
1519 -0.3632565327831657
1520 -0.3607980335405049
1521 -0.36116581091067934
1522 -0.3679694477082055
1523 -0.3653996473224609
1524 -0.3694033703073484
1525 -0.3784962744159803
1526 -0.38185722507771713
1527 -0.37863393835926074
1528 -0.3718045160656176
1529 -0.3628953563160531
1530 -0.3648485807120515
1531 -0.3709825233271866
1532 -0.36484478229410056
1533 -0.3638640608853383
1534 -0.3687035331518461
1535 -0.37637935621008956
1536 -0.3784310354436471
1537 -0.3756515830174708
1538 -0.3722480617058578
1539 -0.36877975654074424
1540 -0.3699523782035191
1541 -0.3636664256843839
1542 -0.3558244253416636
1543 -0.36181634653652395
1544 -0.3757525030845783
1545 -0.3728342503519977
1546 -0.3685499317658901
1547 -0.36649854118437253
1548 -0.36513179408655405
1549 -0.3691362425972775
1550 -0.3693776290927766
1551 -0.3691362425972776
1552 -0.36508571367076714
1553 -0.36618080911472806
1554 -0.3677086322491566
1555 -0.36837423936155667
1556 -0.3705215891925988
1557 -0.37498948567098134
1558 -0.37626832547400946
1559 -0.37170475839814243
1560 -0.3666857953093504
1561 -0.3643128742402375
1562 -0.363654575311699
1563 -0.3611235289128433
1564 -0.3638264692980815
1565 -0.3664148691813288
1566 -0.3636044078259215
1567 -0.3603811211074651
1568 -0.3597845513853487
1569 -0.35763969714234145
1570 -0.361215112440337
1571 -0.371771159770108
1572 -0.3663649903475914
1573 -0.35621852902196227
1574 -0.3554851873491941
1575 -0.35438406830625124
1576 -0.33957077247136935
1577 -0.33240037248154464
1578 -0.33672883495444805
1579 -0.3292402660211827
1580 -0.32031047841836324
1581 -0.3286914063467682
1582 -0.3417783778901472
1583 -0.3342165180298149
1584 -0.3158204987130757
1585 -0.3078823605405884
1586 -0.30062886585180026
1587 -0.29052161363189233
1588 -0.28619619369261706
1589 -0.28553789476407854
1590 -0.2849132668195985
1591 -0.29227924329613886
1592 -0.29593905612301385
1593 -0.29547913616630217
1594 -0.29719404695891627
1595 -0.2975957657201528
1596 -0.3009426590732103
1597 -0.29703415156697466
1598 -0.28415477334978834
1599 -0.28419761440666813
1600 -0.28665231523137824
1601 -0.2872715532759518
1602 -0.2888521877059488
1603 -0.2903615778096673
1604 -0.28372013516683825
1605 -0.2647350207786371
1606 -0.2534189803238611
1607 -0.2508247233084242
1608 -0.24796510864511512
1609 -0.2428348261682033
1610 -0.2389801623804486
1611 -0.2368519711059529
1612 -0.23454649594516785
1613 -0.23920164654852882
1614 -0.2471156167433638
1615 -0.24238763033176847
1616 -0.2313271558664185
1617 -0.2228439746825036
1618 -0.22292150090131768
1619 -0.2242192106088522
1620 -0.22383551404103874
1621 -0.2297466696581777
1622 -0.23285190610873252
1623 -0.23044299704776905
1624 -0.2276866680628825
1625 -0.23098000634949878
1626 -0.22720084042480626
1627 -0.22640811691189444
1628 -0.23379354059702118
1629 -0.2360398003844546
1630 -0.24493638423549846
1631 -0.25505870794196195
1632 -0.258560684091134
1633 -0.2624652267126263
1634 -0.26549395112224283
1635 -0.2640122084036012
1636 -0.2595405135072678
1637 -0.25850333060674235
1638 -0.2559848601064073
1639 -0.25180470094631413
1640 -0.2439599163635192
1641 -0.240396229252961
1642 -0.24498756589915205
1643 -0.24101633325365457
1644 -0.24599228881877422
1645 -0.2632466771569333
1646 -0.2727138191085178
1647 -0.2785905782157624
1648 -0.2679432360105377
1649 -0.2611820033960951
1650 -0.27080766326967354
1651 -0.2772811768108632
1652 -0.2861078312789942
1653 -0.2972970439852983
1654 -0.31653041617906397
1655 -0.33294176529677755
1656 -0.3395482523706683
1657 -0.3484527217096536
1658 -0.351691675463782
1659 -0.3560441394475451
1660 -0.3600209588182284
1661 -0.3714175983839332
1662 -0.3885912393894072
1663 -0.39839000425252324
1664 -0.41050256663816187
1665 -0.4179078926507074
1666 -0.408975172586057
1667 -0.4015201081700577
1668 -0.4136309004934976
1669 -0.4222220395213778
1670 -0.4148854804921125
1671 -0.41253155151275356
1672 -0.40917836415371067
1673 -0.4079261575578831
1674 -0.41342799757788384
1675 -0.4143080693265426
1676 -0.41516121921596094
1677 -0.41952217202825415
1678 -0.41996220790258365
1679 -0.41876338990640427
1680 -0.41936126245843663
1681 -0.41678572712575
1682 -0.4081865361431358
1683 -0.40477089405183453
1684 -0.41773834603060345
1685 -0.42724027708433376
1686 -0.425531948949745
1687 -0.4224003679440296
1688 -0.41786021296149223
1689 -0.41877932734907974
1690 -0.4204028210809929
1691 -0.4214508219312909
1692 -0.4254361301305043
1693 -0.4343375265773748
1694 -0.43325677709413357
1695 -0.4354844373840644
1696 -0.44190159337370205
1697 -0.43733848141666765
1698 -0.43051987707279704
1699 -0.4216459797892468
1700 -0.4251646006618941
1701 -0.42875537609848524
1702 -0.43368217835570355
1703 -0.4365306681721637
1704 -0.4311705791654342
1705 -0.4292183689473117
1706 -0.42905803668157405
1707 -0.42991118657099225
1708 -0.4353279035362776
1709 -0.44340982107778815
1710 -0.44728364342208926
1711 -0.4454950048286117
1712 -0.44789615058688104
1713 -0.4473335222558268
1714 -0.4403730629584738
1715 -0.44185536473615905
1716 -0.4386552014589924
1717 -0.43583317838294
1718 -0.4372726391037458
1719 -0.4403587169977542
1720 -0.4433713374979029
1721 -0.44012056986116255
1722 -0.4441291054418768
1723 -0.44453111285515334
1724 -0.444768245813869
1725 -0.4460050922711011
1726 -0.44367723743989895
1727 -0.4454533001348556
1728 -0.44902929273693093
1729 -0.4542625539951889
1730 -0.45640917830039485
1731 -0.4640654059282957
1732 -0.47663817692268606
1733 -0.47997982080612045
1734 -0.4803962963653641
1735 -0.48510468734661705
1736 -0.49573976055039704
1737 -0.5089474183799965
1738 -0.5129322897054138
1739 -0.5167213998322867
1740 -0.5227649699230834
1741 -0.540318098241133
1742 -0.5547096508021121
1743 -0.5435340767757277
1744 -0.5274622360574877
1745 -0.5163991438188554
1746 -0.5156883300382606
1747 -0.508786657031935
1748 -0.48650232897989154
1749 -0.45703630962438213
1750 -0.4205548387764654
1751 -0.38117258938549037
1752 -0.3164186677086205
1753 -0.24384465812716472
1754 -0.1708515109316382
1755 -0.0854534179031492
1756 -0.003595870298892412
1757 0.07496447807421602
1758 0.14573361517600603
1759 0.22527117519196604
1760 0.3088560430205656
1761 0.38209377178895343
1762 0.46262872829563695
1763 0.5574074809960834
1764 0.6426136737705601
1765 0.713937824122467
1766 0.7829862972396648
1767 0.8402088089263897
1768 0.8892317896774988
1769 0.9336229954285038
1770 0.9611150403495123
1771 0.9889582732539086
1772 1.0
1773 0.981083652595079
1774 0.9617011769226351
1775 0.9451334604239272
1776 0.9406709616369242
1777 0.9312080992586316
1778 0.9129579258166265
1779 0.893353274278248
1780 0.8674881367063243
1781 0.8193544238132042
1782 0.7260498169954976
1783 0.6116998791239798
1784 0.48312996366733807
1785 0.3402413574944614
1786 0.20088920967582546
1787 0.06830244406820452
1788 -0.049348617959638186
1789 -0.17834537793804917
1790 -0.3102378705483394
1791 -0.41568143291036774
1792 -0.5084367614248997
1793 -0.5880826901221121
1794 -0.6376394894195667
1795 -0.6857502088481171
1796 -0.7364942418540917
1797 -0.7699647097203246
1798 -0.7768303947347996
1799 -0.7722429969368433
1800 -0.7776658293278714
1801 -0.7728275377060321
1802 -0.7562922933016778
1803 -0.7429899608074337
1804 -0.7258942828945698
1805 -0.7036147674383533
1806 -0.6753088120921342
1807 -0.6467931007652724
1808 -0.62705617518352
1809 -0.5988653819249168
1810 -0.5750814371825649
1811 -0.5472054252867389
1812 -0.5169509359551008
1813 -0.49225241901398453
1814 -0.47117172155394704
1815 -0.4494460569482146
1816 -0.4361773954380288
1817 -0.4358837827425138
1818 -0.43137420760688383
1819 -0.4238783122447206
1820 -0.4147214719936716
1821 -0.4060658195192941
1822 -0.40330918363733126
1823 -0.4035404777088939
1824 -0.40388523557798983
1825 -0.3907590992104345
1826 -0.40360746849838947
1827 -0.42099366364763957
1828 -0.41078316223938205
1829 -0.3937507728468017
1830 -0.3711174255974067
1831 -0.3746291751599885
1832 -0.386421946761744
1833 -0.3836524645742565
1834 -0.38142333498761716
1835 -0.3838287342826697
1836 -0.3859844064754494
1837 -0.3792648785547629
1838 -0.378499347308095
1839 -0.37896731921954074
1840 -0.37559043111512824
1841 -0.37074336201271885
1842 -0.36927039677464724
1843 -0.3661968947791596
1844 -0.3558482743087893
1845 -0.3536125620641245
1846 -0.35714670954216
1847 -0.3581654594119751
1848 -0.354799966561415
1849 -0.3464192050998026
1850 -0.3494290413598766
1851 -0.3502413785481675
1852 -0.3459987646558156
1853 -0.3429818906188836
1854 -0.345126744861891
1855 -0.34507261249137033
1856 -0.3413930820489054
1857 -0.3470485052098259
1858 -0.34104944229789635
1859 -0.3344377057543827
1860 -0.33155554495386386
1861 -0.3268814022607496
1862 -0.3291061118438131
1863 -0.3276809970837269
1864 -0.33342994030113227
1865 -0.347067978454921
1866 -0.3456637619550932
1867 -0.3232897608680385
1868 -0.3083096722946407
1869 -0.31013751999383976
1870 -0.3135261180406531
1871 -0.31092586778472087
1872 -0.3070586280984453
1873 -0.30969310839747966
1874 -0.31381663959901707
1875 -0.3116372666608678
1876 -0.3112853045481213
1877 -0.3125538854604206
1878 -0.3025725872413926
1879 -0.2971241358210398
1880 -0.30639754492983207
1881 -0.31106425725383746
1882 -0.3085712393160345
1883 -0.304927075279795
1884 -0.29976285141182113
1885 -0.29622183262372015
1886 -0.2968766035413115
1887 -0.2952724348327377
1888 -0.2957019231642981
1889 -0.29096997186795936
1890 -0.2843768348219483
1891 -0.29108100260403946
1892 -0.29606544699768944
1893 -0.29709049087349026
1894 -0.2995258666748616
1895 -0.29601936658190264
1896 -0.28828181431723676
1897 -0.2854227769580079
1898 -0.2839571199037977
1899 -0.27769751193982284
1900 -0.2752093065978468
1901 -0.27301207793306725
1902 -0.27095631162951905
1903 -0.26991912872899326
1904 -0.2649079289428954
1905 -0.26099562301870904
1906 -0.2574584026485589
1907 -0.25587719091448213
1908 -0.25865693199269835
1909 -0.2607124096442066
1910 -0.26172209338141184
1911 -0.2669446849116538
1912 -0.2669613478801651
1913 -0.25258441168690904
1914 -0.24382476625330973
1915 -0.25583664862035826
1916 -0.25478354652219326
1917 -0.24744302260818496
1918 -0.2515318686477881
1919 -0.25601149331360773
1920 -0.2604758617810433
1921 -0.24948079275481905
1922 -0.23508220241698186
1923 -0.23009497378325716
1924 -0.229253096962444
1925 -0.2306647698678892
1926 -0.2328133003435997
1927 -0.2320563801107095
1928 -0.21325428455573936
1929 -0.206252102319594
1930 -0.2130224010666466
1931 -0.21421333357488448
1932 -0.20912795086909075
1933 -0.2058502613731098
1934 -0.216781394256917
1935 -0.22136003281933958
1936 -0.21494258817766188
1937 -0.2134848166113933
1938 -0.20798399076926843
1939 -0.2013339371126618
1940 -0.19982248829470484
1941 -0.19623538909081706
1942 -0.19298109344312953
1943 -0.1936323545948102
1944 -0.1920476330948223
1945 -0.19071466092127354
1946 -0.19076821598771443
1947 -0.1952066950188217
1948 -0.18918405354677026
1949 -0.17827575545221308
1950 -0.1858348128274343
1951 -0.18421629815814067
1952 -0.16921194978032972
1953 -0.16131462430897003
1954 -0.15691285879554895
1955 -0.15708927672571849
1956 -0.1549758682857385
1957 -0.15016757141525428
1958 -0.14888549225331893
1959 -0.1429856097047848
1960 -0.1433498590640122
1961 -0.14359180461855459
1962 -0.1352027025501682
1963 -0.1340353303570163
1964 -0.13586697647416612
1965 -0.12427447176970552
1966 -0.10951206894643706
1967 -0.10374820246423222
1968 -0.09920072105279676
1969 -0.09370239079870679
1970 -0.09816223532235535
1971 -0.1055933285859817
1972 -0.10823102999888656
1973 -0.10147403267619082
1974 -0.08955281148552108
1975 -0.07984110620611184
1976 -0.07317670658878572
1977 -0.06725442612479815
1978 -0.06311626031050077
1979 -0.06062425655057391
1980 -0.0572896504439977
1981 -0.0565661125431256
1982 -0.055536692945294286
1983 -0.05130314518555279
1984 -0.0428957322717034
1985 -0.034641798558562864
1986 -0.03618217934647583
1987 -0.02859486692361135
1988 -0.015474827736762564
1989 -0.007554545290905379
1990 -0.00317164968199124
1991 -0.003129804557951199
1992 0.000728946299794142
1993 0.006391136830569133
1994 0.013737517876767136
1995 0.019092357413873717
1996 0.027253571236397267
1997 0.03999501510329928
1998 0.04448514303034279
1999 0.04117629638337483
2000 0.04951082920744421
2001 0.05911955570550753
2002 0.07042374578759869
2003 0.08219223154843225
2004 0.08427419418538484
2005 0.08464079091089083
2006 0.09153631813298713
2007 0.10049814095636411
2008 0.10546197574179561
2009 0.1206758096932452
2010 0.13337044761852468
2011 0.13826156878096874
2012 0.14758691543773694
2013 0.15649960319824885
2014 0.16231465134410716
2015 0.1630566222756893
2016 0.16831958963326255
2017 0.1820176172897614
2018 0.19694794921466885
2019 0.1998754649051382
2020 0.204243289027497
2021 0.20845825553477204
2022 0.21296770848515467
2023 0.22131351437782887
2024 0.22489229121997867
2025 0.23102098436549112
2026 0.23972300590769513
2027 0.24485578397264196
2028 0.25101111032535517
2029 0.26001243090649306
2030 0.25962988894683914
2031 0.25501833528468043
2032 0.26366991893410385
2033 0.2920279114465325
2034 0.2999587414351581
2035 0.29849441756935047
2036 0.3043145669630756
2037 0.30513802899821507
2038 0.3064426100158153
2039 0.3112697950358423
2040 0.3232904852419469
2041 0.33435403259941165
2042 0.3421781893289515
2043 0.3449803283226216
2044 0.3475766136938103
2045 0.3421591712026897
2046 0.33844524425032985
2047 0.34566975836563896
2048 0.35129363178332085
2049 0.35682063571381417
2050 0.3580342547895452
2051 0.3632300466457936
2052 0.3570961040306584
2053 0.35619234978166703
2054 0.3654922256308668
2055 0.36361993327938213
2056 0.36460734128638106
2057 0.3592553042343858
2058 0.36035039967834614
2059 0.3630875701066869
2060 0.36204251996325576
2061 0.3651475717019821
2062 0.35552265559927565
2063 0.3553507433678569
2064 0.35256441963161533
2065 0.3456119940439595
2066 0.3403332114289588
2067 0.3294727334538998
2068 0.32024683756753114
2069 0.3065084523287369
2070 0.29237520139373574
2071 0.2733555683103923
2072 0.27012437785895815
2073 0.27798159790999
2074 0.27592626848023794
2075 0.2577104655116189
2076 0.23673583797007858
2077 0.22464768361060905
2078 0.21124883280779727
2079 0.2019654612517887
2080 0.1931541486772168
2081 0.17439225816080772
2082 0.15126194018145145
2083 0.1338783584835057
2084 0.12422444356228457
2085 0.11789679414086529
2086 0.1063623684466326
2087 0.09389431593730047
2088 0.07728006390397324
2089 0.06218529439830078
2090 0.052473737340648086
2091 0.042567329322115155
2092 0.02687921120819725
2093 0.005693795263101764
2094 -0.007952902507987303
2095 -0.023185169490147817
2096 -0.03411061603053589
2097 -0.0436459033797757
2098 -0.058067013818313806
2099 -0.06985789749460114
2100 -0.07893807748295578
2101 -0.08834300907277703
2102 -0.1009180052481985
2103 -0.12188691608783309
2104 -0.1309628425394047
2105 -0.12886585701941944
2106 -0.14934088826624392
2107 -0.16754512951421807
2108 -0.1691124807648946
2109 -0.1786252037318884
2110 -0.18834950315485466
2111 -0.20042358196060805
2112 -0.20578647345244894
2113 -0.21060589516978157
2114 -0.21671951682873847
2115 -0.22340732853939405
2116 -0.2344092688756837
2117 -0.24338209436066205
2118 -0.25693820453709704
2119 -0.26363332443161425
2120 -0.26582574050056706
2121 -0.27315397716809475
2122 -0.2744638259003538
2123 -0.2665687256100252
2124 -0.265290174459037
2125 -0.2726184111265646
2126 -0.27744530749455176
2127 -0.28438135876573534
2128 -0.29591169738997725
2129 -0.30915682462158567
2130 -0.32275112972586617
2131 -0.3280762631636577
2132 -0.3214411327718507
2133 -0.3161699652377876
2134 -0.3134715487963361
2135 -0.31006819395151575
2136 -0.31059686264647146
2137 -0.30770258106626447
2138 -0.30645797130633823
2139 -0.3093791747457859
2140 -0.31242297064195834
2141 -0.3128824537248738
2142 -0.3114345041755382
2143 -0.3163417110024137
2144 -0.33213397029730973
2145 -0.3425696503513872
2146 -0.34266430677099546
2147 -0.3410225204386559
2148 -0.3375543374587898
2149 -0.3322246800772113
2150 -0.3374583782092654
2151 -0.34150936225460815
2152 -0.3385916685810715
2153 -0.3324814084662694
2154 -0.32998589494043185
2155 -0.32905243459212485
2156 -0.32628834230454395
2157 -0.32604243186525816
2158 -0.3335070296461504
2159 -0.34855308271771734
2160 -0.35333871126574434
2161 -0.34266766831515016
2162 -0.33634748575291284
2163 -0.3405561400091661
2164 -0.3382546297331245
2165 -0.33971296035843657
2166 -0.3421294662553015
2167 -0.3383233784713685
2168 -0.3370631199208066
2169 -0.3416780351271199
2170 -0.34071719780073983
2171 -0.326328595946628
2172 -0.3325165044654914
2173 -0.3401004553442012
2174 -0.3393828188570638
2175 -0.35050585199488327
2176 -0.3413490299888705
2177 -0.3243683337737716
2178 -0.3248554642417638
2179 -0.3368667875497684
2180 -0.338231943165631
2181 -0.33428763237937376
2182 -0.3434962133531201
2183 -0.34181100865982106
2184 -0.34120904903779814
2185 -0.34854560806706314
2186 -0.3428028366703959
2187 -0.33524506388005393
2188 -0.33410898926817323
2189 -0.33376053692133767
2190 -0.33384861068292027
2191 -0.3364791260972114
2192 -0.33353803857538145
2193 -0.33767591573763867
2194 -0.3496784615650731
2195 -0.3537322298504907
2196 -0.3516030243981191
2197 -0.3498229968184192
2198 -0.3477330004717689
2199 -0.34654704702615036
2200 -0.34164291309138917
2201 -0.3351643165473692
2202 -0.3420519400364873
2203 -0.35021109514477233
2204 -0.3461985946793147
2205 -0.33784033507336697
2206 -0.33637820603010404
2207 -0.3456362550003006
2208 -0.34632849531990106
2209 -0.34267572026988424
2210 -0.3447128870759296
2211 -0.34074663349305145
2212 -0.34289074396518626
2213 -0.34134025250830036
2214 -0.3384917626918401
2215 -0.3404601807596417
2216 -0.33658183447155376
2217 -0.3369219462116154
2218 -0.3414474848264297
2219 -0.3458388692638742
2220 -0.3435371925210401
2221 -0.34078086353615356
2222 -0.34392088908885377
2223 -0.338537843107627
2224 -0.33805903500137247
2225 -0.33884094056451175
2226 -0.33717165506885216
2227 -0.33344236797789684
2228 -0.33677697408447327
2229 -0.34349140075729323
2230 -0.34884713228702846
2231 -0.3539623250323485
2232 -0.344222701960859
2233 -0.33802816650242495
2234 -0.3392727762623511
2235 -0.3453482290299712
2236 -0.35106424503419054
2237 -0.348066529553805
2238 -0.3393336395126537
2239 -0.3370483370862911
2240 -0.3391087938004189
2241 -0.33995110749502844
2242 -0.3343727554340894
2243 -0.33260808799298514
2244 -0.3340475487137907
2245 -0.3361991520816161
2246 -0.3423246058682211
2247 -0.34148098934369553
2248 -0.3480773657486137
2249 -0.35772189552669853
2250 -0.3504583387724606
2251 -0.3485134367381999
2252 -0.349012417578877
2253 -0.34634370723674046
2254 -0.3457032640348323
2255 -0.35164530639595504
2256 -0.35919983982738957
2257 -0.34953247526005515
2258 -0.3397309565153508
2259 -0.34472050215686756
2260 -0.352093953284062
2261 -0.3530502484216189
2262 -0.3538659289090279
2263 -0.3473387563611864
2264 -0.3402761659935708
2265 -0.3362027840327745
2266 -0.3309878336199793
2267 -0.3409774542007452
2268 -0.3407864016578164
2269 -0.32932205789023017
2270 -0.33301740359012333
2271 -0.3420075993244128
2272 -0.3358811313599317
2273 -0.3339861081594083
2274 -0.3324512654931584
2275 -0.3330289653107681
2276 -0.3401424486899973
2277 -0.3409882903955539
2278 -0.340298545663988
2279 -0.3421287407294654
2280 -0.3454784183225975
2281 -0.3476526900128799
2282 -0.3506426421905715
2283 -0.34943680466257054
2284 -0.3479895806390708
2285 -0.34686756333586966
2286 -0.3497388879415796
2287 -0.3533725044350503
2288 -0.3485833661211124
2289 -0.34075802874690386
2290 -0.33617559176653034
2291 -0.3403637846363212
2292 -0.34640149759492844
2293 -0.3494259684677621
2294 -0.34356396615852447
2295 -0.34478472695132467
2296 -0.35607808083860704
2297 -0.3673834515653668
2298 -0.3728349576327975
2299 -0.35876159226029536
2300 -0.35122002731963275
2301 -0.34615192916797566
2302 -0.3500073184815664
2303 -0.3546854260594241
2304 -0.3544431918528417
2305 -0.3583603103728549
2306 -0.35767157981916486
2307 -0.3478583771685684
2308 -0.34765297866492006
2309 -0.34769230995588873
2310 -0.3377024007230828
2311 -0.3438852079940796
2312 -0.35727382594267154
2313 -0.36053458206313704
2314 -0.3612880964703279
2315 -0.3599065665379938
2316 -0.35947032908161525
2317 -0.35684390073731487
2318 -0.35833295163981826
2319 -0.3612042762455282
2320 -0.36225754481048544
2321 -0.35876215131933886
2322 -0.35019384708070844
2323 -0.3518906134946522
2324 -0.35300883237990277
2325 -0.350856669953034
2326 -0.3540382519777342
2327 -0.3568476991552657
2328 -0.3627348836200315
2329 -0.3729840350749668
2330 -0.3729840350749667
2331 -0.3626580829270535
2332 -0.35635398602924795
2333 -0.3526340354779065
2334 -0.3426605005615724
2335 -0.3442336603409152
2336 -0.35362484931060534
2337 -0.36199291268844935
2338 -0.3650520687232175
2339 -0.3598838799705003
2340 -0.3466070365288605
2341 -0.3453559662961564
2342 -0.3474687974320566
2343 -0.3547996961544114
2344 -0.36828732799960606
2345 -0.3663297461266134
2346 -0.36829715001653884
2347 -0.372023215993623
2348 -0.3678651660969434
2349 -0.36453815682626844
2350 -0.36362005661655705
2351 -0.3616141691467464
2352 -0.3587390461230855
2353 -0.35915595855612537
2354 -0.36307982620095625
2355 -0.3722757090909343
2356 -0.37487845493490135
2357 -0.3741506817422826
2358 -0.37521534556109226
2359 -0.3723668557446319
2360 -0.37178155909112054
2361 -0.37120385927351063
2362 -0.3663180361842122
2363 -0.3708854016780301
2364 -0.37837368195925547
2365 -0.3791008960928306
2366 -0.379748481011808
2367 -0.3703643298189758
2368 -0.3692113035865434
2369 -0.3806289896342627
2370 -0.37963834226835647
2371 -0.36476401671637926
2372 -0.35169738437421527
2373 -0.36044693738387823
2374 -0.3697958443557322
2375 -0.3699622002204518
2376 -0.3797356164612472
2377 -0.3874736238447454
2378 -0.38745050040345563
2379 -0.37776806434956545
2380 -0.37475527738262426
2381 -0.3806011940274301
2382 -0.3870137038880336
2383 -0.39222076881288714
2384 -0.3825841245227438
2385 -0.3753521357567804
2386 -0.3803678594866652
2387 -0.38388608776706157
2388 -0.38936100592782186
2389 -0.3841723557886423
2390 -0.3782802365428022
2391 -0.38473773800128475
2392 -0.36949625666475805
2393 -0.3520991031354518
2394 -0.36086866241274473
2395 -0.36096348529914546
2396 -0.36495830861821565
2397 -0.3824664928836017
2398 -0.3852610350413702
2399 -0.3800953418766876
2400 -0.37534906286466574
2401 -0.3761615222382041
2402 -0.3750573606616332
2403 -0.38386166149585577
2404 -0.4014855669079016
2405 -0.3953410767499975
2406 -0.37248023384699047
2407 -0.36656261775707344
2408 -0.3754802663351683
2409 -0.380843017396725
2410 -0.3832808887861313
2411 -0.3835643908126737
2412 -0.3821440886484144
2413 -0.3807542181093063
2414 -0.3820295481464234
2415 -0.38349167718968646
2416 -0.3813779983427028
2417 -0.38628648975445834
2418 -0.3833541797131983
2419 -0.3787057599896194
2420 -0.376248730043667
2421 -0.3759703292649912
2422 -0.36729859112618246
2423 -0.3634313514399068
2424 -0.37218340003760464
2425 -0.3804145432430406
2426 -0.3842956737712032
2427 -0.38112901501130236
2428 -0.3834878787717356
2429 -0.3831550752155355
2430 -0.37910454628902523
2431 -0.3802756986550917
2432 -0.37960573406569686
2433 -0.3874238671962552
2434 -0.38390553497564783
2435 -0.3805543880858071
2436 -0.38531705965933705
2437 -0.39494639576561874
2438 -0.3934374425356968
2439 -0.3818369041215387
2440 -0.37930771961164256
2441 -0.3721914519923387
2442 -0.36583191989409614
2443 -0.3665101029050173
2444 -0.3690677825110734
2445 -0.3682136184437791
2446 -0.3688641540696238
2447 -0.37257384573023633
2448 -0.37813231370879286
2449 -0.3838664740916826
2450 -0.3890541100529862
2451 -0.39201742902347725
2452 -0.3858988465469376
2453 -0.38715427425663596
2454 -0.3917877707154157
2455 -0.3890090438150753
2456 -0.37548276192320296
2457 -0.36652430064398067
2458 -0.37428524675693975
2459 -0.3809198180897031
2460 -0.3849235410745907
2461 -0.38471991263314076
2462 -0.3867338520576856
2463 -0.39233165132721093
2464 -0.3895508960711186
2465 -0.39180518956824983
2466 -0.4018831725626387
2467 -0.3956888035709971
2468 -0.38116309683264826
2469 -0.37864123875165
2470 -0.3833769884659394
2471 -0.391124510969294
2472 -0.40371586321615094
2473 -0.40723392502975475
2474 -0.4010398446901531
2475 -0.3922732836649432
2476 -0.3816341416362087
2477 -0.38467089975552315
2478 -0.38880950244361645
2479 -0.38704749705733943
2480 -0.39105252287214276
2481 -0.3901951376909778
2482 -0.38893444226662
2483 -0.3974176234505348
2484 -0.40955374615125917
2485 -0.4133560355172414
2486 -0.4010477301780946
2487 -0.38359731023438737
2488 -0.38549669091190497
2489 -0.3978057217768879
2490 -0.4018599269361015
2491 -0.3923922259254734
2492 -0.3768872670750705
2493 -0.371107026276394
2494 -0.3756710302260572
2495 -0.3782822648985543
2496 -0.37646346508692896
2497 -0.37292494570088175
2498 -0.3987171789027145
2499 -0.46001802971326355
2500 -0.915740193887239
2501 -0.974617064150269
2502 -0.9997849580596616
