0
1
2506
-3 0.12737565712049992
-2 0.127156695416929
-1 0.12664893541118818
0 0.12590108147198467
1 0.12493767568696172
2 0.1237794365233301
3 0.12245066428191906
4 0.12102920351323887
5 0.11947481469498024
6 0.11780010409785831
7 0.11601326142880902
8 0.11413101048485721
9 0.11217385032888091
10 0.1101624514286908
11 0.10811810766382393
12 0.10605767581660908
13 0.10399947331715334
14 0.10196266526928519
15 0.09996357548219856
16 0.0980164751027776
17 0.09613256092727017
18 0.09432609247670012
19 0.09261025131770961
20 0.09099415911755603
21 0.0894865089086094
22 0.08809613952933706
23 0.08682572090644024
24 0.08567513527028271
25 0.0846444530660767
26 0.08373027779601111
27 0.08293144545328754
28 0.08224270691611157
29 0.08165826747418439
30 0.08117344945503967
31 0.08078097030892571
32 0.08047292020718622
33 0.08023978699361817
34 0.0800703563379641
35 0.07995217168962221
36 0.07987482153522833
37 0.079829705870872
38 0.0798101274672883
39 0.07980622588473585
40 0.07980990102128319
41 0.07981820538798781
42 0.0798224537039631
43 0.07981574296788516
44 0.07979313287199301
45 0.07975142458996068
46 0.07969101726182233
47 0.0796045670297119
48 0.0794880750948524
49 0.07934320129656354
50 0.07917399280775574
51 0.07898115627291606
52 0.07876379878408421
53 0.07852550151670955
54 0.07826859270252444
55 0.07799703157208454
56 0.07771316600207819
57 0.07741885973968231
58 0.07711348193132836
59 0.07679780700380726
60 0.07647318430921406
61 0.07614010672327816
62 0.07580022427206463
63 0.07545621805547217
64 0.07510994123228774
65 0.07476038760048621
66 0.07441237682876148
67 0.07406710843331021
68 0.07372690412258483
69 0.07338910740776519
70 0.07305123240130659
71 0.07271818562904489
72 0.07238804857715778
73 0.07206093309187084
74 0.07173535079795793
75 0.07141410047564013
76 0.07110066432760974
77 0.0707912230665579
78 0.07048483851851893
79 0.07018178195338355
80 0.06988334864527496
81 0.06958825624481946
82 0.06929856764091989
83 0.06901458106618513
84 0.0687328172513095
85 0.06845503080489192
86 0.06818305823468632
87 0.06791565032965946
88 0.06764981219112891
89 0.06738709205337995
90 0.06713051348889665
91 0.06688267400337199
92 0.06664735818569344
93 0.06642433163915637
94 0.06620921433652244
95 0.06600173264402073
96 0.06580412066986707
97 0.06561435220041795
98 0.06543081029276636
99 0.06525685765177176
100 0.06509794010794127
101 0.06495205304486416
102 0.06481560311538266
103 0.06468693004347159
104 0.06456392962739796
105 0.06445117545822508
106 0.06434992397887392
107 0.06425949356691797
108 0.06418137869569585
109 0.06411255755669948
110 0.06404993608063984
111 0.06399180539992737
112 0.06393833710103546
113 0.06389338861807765
114 0.06385438159687216
115 0.06381752765008446
116 0.06378136153304129
117 0.06374451812003155
118 0.06370962008452034
119 0.06367506381338348
120 0.06363627824678836
121 0.0635934630685515
122 0.0635461092117655
123 0.06349372920625922
124 0.06343203693683887
125 0.06335819220137641
126 0.0632780624029934
127 0.06319505265735018
128 0.06310756211498036
129 0.06301318914533102
130 0.06291499543787298
131 0.06281518693120834
132 0.06271077344980111
133 0.06259971586942412
134 0.06248166532076159
135 0.06235876794755513
136 0.06223141496520442
137 0.06209930291380438
138 0.061964020639135066
139 0.061828228895496114
140 0.06169363035351621
141 0.061560704808599154
142 0.061429078159145105
143 0.06129538615947502
144 0.06115820960469061
145 0.06101834873270984
146 0.06088087025620428
147 0.06074470673270035
148 0.06060578665549489
149 0.06046899038607394
150 0.06033695872478726
151 0.06020693508842443
152 0.060073306200726345
153 0.05993547295727081
154 0.05979386099067608
155 0.05964760713613825
156 0.059497013418705266
157 0.05934348385415498
158 0.0591894234230391
159 0.059030956571021365
160 0.05887101781018465
161 0.05871238546406215
162 0.058553552282346995
163 0.058394380683495034
164 0.058234244034991604
165 0.05807722623878214
166 0.057925718179510824
167 0.05777837816418145
168 0.05763349785321388
169 0.0574870176489274
170 0.057336962849386316
171 0.05718443128120254
172 0.05702838495276839
173 0.056872838656131255
174 0.056721063321940185
175 0.056575917234769006
176 0.05643850944795381
177 0.05630729267316831
178 0.056184894875155655
179 0.0560682296592163
180 0.05595757160648718
181 0.055850896466016375
182 0.05574436274872609
183 0.05564120812954234
184 0.05553975791181895
185 0.05544095413794926
186 0.0553412730342686
187 0.05524090420146557
188 0.055145657585540214
189 0.05505328637592217
190 0.05496327132253549
191 0.05487682665338242
192 0.05479626098702712
193 0.054719216145524434
194 0.0546433701989309
195 0.054569709030280106
196 0.05449837443968522
197 0.05442929589944663
198 0.05436675194644925
199 0.05431508327127176
200 0.05426724777513
201 0.05422289932280757
202 0.05418280905291961
203 0.05414804840005804
204 0.05412137252235568
205 0.05410050899485177
206 0.054089256543464664
207 0.05408677679008523
208 0.05409328240893779
209 0.05410702674870395
210 0.05412651501116331
211 0.054155892328194684
212 0.054194571744400497
213 0.05424110045485579
214 0.054294272021860907
215 0.05435416130144409
216 0.05442011062911753
217 0.05449218756236109
218 0.05456994531580751
219 0.05465306746345021
220 0.05474357047606524
221 0.054840956311812496
222 0.054940229838724146
223 0.055040421447400144
224 0.05514557235683077
225 0.05525821991366606
226 0.05537608232151056
227 0.05549454922802597
228 0.05561665686247108
229 0.05574404329206154
230 0.05587468790857876
231 0.05600510766504012
232 0.05613584249608446
233 0.05626948749785366
234 0.05640658319258924
235 0.056546257564448206
236 0.056687520426497974
237 0.056832801241981847
238 0.056981209181699466
239 0.057133258841765414
240 0.057289466975424315
241 0.0574484987192782
242 0.05760776791699372
243 0.05776775054408359
244 0.057930113912105424
245 0.05809329529782929
246 0.05825696662217397
247 0.05842211991681328
248 0.058591446008965646
249 0.05876062354081682
250 0.05892578612728863
251 0.05909040091843313
252 0.05925452633672014
253 0.059414538623481235
254 0.059572176892765505
255 0.059733754988771155
256 0.059899500080131174
257 0.060064760144548854
258 0.060228062205912876
259 0.06039096380499194
260 0.06055362058964507
261 0.06071316817792402
262 0.06086539199799949
263 0.06100913546958973
264 0.06114745783967868
265 0.0612811755235573
266 0.06141135143679086
267 0.061538689052949264
268 0.06166436007050605
269 0.06178655255107238
270 0.06190406294089737
271 0.06201655177432492
272 0.06211889667270881
273 0.06221165372432831
274 0.06229738402076858
275 0.062378125307277946
276 0.06244913191411833
277 0.06250938175908881
278 0.06256163418637818
279 0.06260541095194239
280 0.06263966237236401
281 0.06266298307444457
282 0.06267738212114377
283 0.06268031040412879
284 0.06267158273909901
285 0.06265184130136643
286 0.06261761178066877
287 0.06256909358742381
288 0.06250362331747615
289 0.06242351315769188
290 0.06232713155653928
291 0.062211879355268854
292 0.062085555690546565
293 0.06194686545380021
294 0.061794068308867356
295 0.06162349739508749
296 0.06143458897512745
297 0.06123442325414671
298 0.06102145985108228
299 0.06079360903877154
300 0.0605545845527872
301 0.06030695358522618
302 0.0600501088574975
303 0.05977991664422664
304 0.05949521696843337
305 0.05920094286544986
306 0.058898034226116606
307 0.05858864941757127
308 0.05827614313169396
309 0.05796120077402626
310 0.057645424488831344
311 0.05732790087209356
312 0.05701064896050228
313 0.05669135578417472
314 0.056367778477790856
315 0.056043111672902046
316 0.05571946426016228
317 0.055399184319796575
318 0.05507875999091388
319 0.05475879039423289
320 0.054445081910356116
321 0.054142631686592745
322 0.053849988711568965
323 0.05355964628707376
324 0.05327539066514986
325 0.05299883487977671
326 0.0527281982133434
327 0.05246461203673928
328 0.052205968515861415
329 0.05195699229619232
330 0.05171580391767312
331 0.051485687419396256
332 0.05126839848922993
333 0.05105695838771796
334 0.050853265230869256
335 0.05065621748779532
336 0.050471630717435254
337 0.05030101472788922
338 0.05014018460709345
339 0.04998671388296055
340 0.049840328808036016
341 0.049704806239821556
342 0.04957608444164899
343 0.049451734638009504
344 0.04933623562665964
345 0.049234272986187044
346 0.04914422007426566
347 0.04906379972268994
348 0.04899294848535568
349 0.04893157891586479
350 0.04887737269909429
351 0.04882916870576341
352 0.04878650535974049
353 0.04874870691797746
354 0.04871367257358532
355 0.04868008329830235
356 0.048650217691293456
357 0.04862680633019824
358 0.04861183959306905
359 0.04860444240762769
360 0.04860545955718449
361 0.048616003212233645
362 0.04863403990539478
363 0.04865817952477603
364 0.04868889622464896
365 0.04872530809149709
366 0.048765751463359375
367 0.04880528757890356
368 0.048843529256575965
369 0.04888129330709478
370 0.04891692896702402
371 0.04895258105096222
372 0.04899074686815005
373 0.04903574624262903
374 0.04908737908522526
375 0.049143309190483375
376 0.04920356692060508
377 0.04926773850016368
378 0.04933317103773015
379 0.04939623556545339
380 0.049457368399952184
381 0.04951645371099538
382 0.04957669962030211
383 0.04963994023019358
384 0.04970461537025901
385 0.04977250047086478
386 0.04984308012726179
387 0.04991514971258897
388 0.049987940282610485
389 0.050058559813678793
390 0.05012843890091067
391 0.050196659224114704
392 0.05026425725827285
393 0.05033448213658473
394 0.0504032724020314
395 0.05047002974693121
396 0.05053468191929832
397 0.050600040502443246
398 0.05066708469068728
399 0.05073156809938994
400 0.05079560841569814
401 0.050860991763654766
402 0.05092816030398082
403 0.05099350456968837
404 0.051055111804226255
405 0.051115098127162986
406 0.051172699687601415
407 0.05122949026925495
408 0.05128519121445081
409 0.05133954903479011
410 0.05139272270169449
411 0.05144553378357931
412 0.05150050768195887
413 0.0515594185768375
414 0.05162081156243404
415 0.05168151583958823
416 0.05173932724815937
417 0.05179376973789544
418 0.05184638172905395
419 0.05189551842333927
420 0.0519403063421945
421 0.05198290883366309
422 0.052024172751709646
423 0.052065468533781564
424 0.052106643290420196
425 0.05215066503695417
426 0.05219609586110918
427 0.05223966454502703
428 0.0522833714587639
429 0.05232605213701013
430 0.05236870486779481
431 0.052408563873971865
432 0.05244717463458303
433 0.0524863674301208
434 0.05252680477599529
435 0.05257000406313971
436 0.052611765178018355
437 0.05265417116018129
438 0.05269729879945251
439 0.05274249840769232
440 0.05278778021209907
441 0.05283040406212642
442 0.05287231425704939
443 0.052912852392284056
444 0.052955168356919435
445 0.052998454865689854
446 0.053040403405465314
447 0.0530797301815228
448 0.05311561323485285
449 0.05314862225935436
450 0.053177678527880023
451 0.05320332555858539
452 0.053224299281864534
453 0.05324063787183927
454 0.053254590097744546
455 0.05326622955081796
456 0.053275633225880505
457 0.053284503258199126
458 0.05329407975235259
459 0.05330348756044267
460 0.05330744009129408
461 0.05330427135624044
462 0.053297990454238046
463 0.05328881859212624
464 0.053278835041631604
465 0.05326739904963599
466 0.0532553670711425
467 0.05324536004435226
468 0.053234543192805905
469 0.05322329146443927
470 0.053211049216765116
471 0.05319853227706129
472 0.05318830751393777
473 0.053177672763788965
474 0.05316257307592792
475 0.05314538082747223
476 0.053128529003802966
477 0.05311234787878228
478 0.05309556010189019
479 0.05307798548756275
480 0.05306471280210058
481 0.05305560523960667
482 0.05304693723965325
483 0.05303528486227438
484 0.053022872845358636
485 0.05301292901376319
486 0.05300435519547653
487 0.05299261967447573
488 0.052979378386180144
489 0.05296852720377603
490 0.05295814097910799
491 0.05294672914711863
492 0.05293093800915625
493 0.05291246889172853
494 0.0528934297431363
495 0.05287405995294192
496 0.052853883156745864
497 0.05283000214234165
498 0.052802137971112474
499 0.052771436566763606
500 0.052738293333713826
501 0.052702766670051325
502 0.052665082621857796
503 0.05262687288464341
504 0.05259015901693872
505 0.052553753122311975
506 0.0525173394241575
507 0.05248015808491959
508 0.052443688237084875
509 0.052408553277620944
510 0.05237322476952442
511 0.05233845221900435
512 0.05230536275480106
513 0.052277000396276474
514 0.05225098685116427
515 0.052224625504267735
516 0.05219723205985103
517 0.05216988110015826
518 0.05214487497414489
519 0.052119769579487496
520 0.052095684047556746
521 0.05207451488530725
522 0.05205628067244504
523 0.05204120320778356
524 0.05202857093947934
525 0.052018867720784526
526 0.05200877633888604
527 0.05199595494942601
528 0.051981980383497446
529 0.051968591265787775
530 0.051957863326627884
531 0.051950924664361096
532 0.05194987734274039
533 0.05195590021564407
534 0.05196512469723681
535 0.05197429638132577
536 0.051985363172097405
537 0.05199920966726482
538 0.052013796452413136
539 0.052026660838406125
540 0.052040616814603535
541 0.052061048214404916
542 0.05208446107652146
543 0.052109147468648205
544 0.052138568121450894
545 0.0521764302970912
546 0.05222430268751547
547 0.05227644834354289
548 0.05233300290926801
549 0.052397802198471025
550 0.05246875243064078
551 0.05254363725383435
552 0.05261977744506315
553 0.052699535801686535
554 0.052784961004970904
555 0.052874031345807704
556 0.05297010870679845
557 0.0530744151414806
558 0.05318662157745814
559 0.053308811982480234
560 0.05344033393651913
561 0.05358106139344178
562 0.053732016795973316
563 0.053889714950799396
564 0.05405310709053179
565 0.054223556324095826
566 0.05440110425180513
567 0.05458431399340641
568 0.05477297518896022
569 0.05497508326931467
570 0.05519324132375579
571 0.0554201754546822
572 0.0556547343513511
573 0.05589896978943058
574 0.056153662852791074
575 0.056417233963483235
576 0.056690788022582234
577 0.056976661360487166
578 0.057271247334217325
579 0.057571782876101256
580 0.057877555022951804
581 0.058192048639078196
582 0.05851375447929121
583 0.05884217584732569
584 0.059184340201465596
585 0.059544795830315696
586 0.059921402108745636
587 0.06030602098553059
588 0.06069755710895645
589 0.06109696276521379
590 0.061502710467691624
591 0.061913375433024255
592 0.06233009263426419
593 0.06275175873607751
594 0.06317691408850025
595 0.06360892175510291
596 0.06404739585206881
597 0.06448888126059568
598 0.06493217989801822
599 0.065378490939297
600 0.06582601024396624
601 0.06627115868050555
602 0.06671264847209246
603 0.0671505169269465
604 0.06758251489113648
605 0.06800780306816913
606 0.06842437813275362
607 0.068832320517827
608 0.06923282569688803
609 0.0696228272902851
610 0.0700018501699801
611 0.07036948685787217
612 0.0707276393228533
613 0.07107737388371164
614 0.0714132707320795
615 0.07173356215216854
616 0.0720406355429313
617 0.07233479308614106
618 0.07261418510699409
619 0.0728801244998455
620 0.07313311117236937
621 0.07337013032974324
622 0.0735915587409067
623 0.07379974938319257
624 0.07399356376675402
625 0.07416953415701208
626 0.07433010869896739
627 0.07447799809309169
628 0.07461546273270799
629 0.07474281505881743
630 0.07485889592809664
631 0.07496676271280144
632 0.075063173760929
633 0.07514606636962078
634 0.07521744352374665
635 0.07527611852150064
636 0.07532275914035806
637 0.07535772732686985
638 0.07538436713347269
639 0.0754060554172798
640 0.07542109503754549
641 0.0754286244905334
642 0.0754312069518482
643 0.07542687292129648
644 0.07541284361192223
645 0.07539053331984932
646 0.07536066660922569
647 0.07532393653140904
648 0.07528019091670639
649 0.07523278895070971
650 0.0751824443568104
651 0.0751261179831255
652 0.07506273973556207
653 0.07499438800679117
654 0.07492199093691881
655 0.07484324315113695
656 0.07475824582211103
657 0.0746681154365627
658 0.07457398132227198
659 0.07447361032483174
660 0.07436668928194315
661 0.0742549516532833
662 0.07413974244843594
663 0.07402225474986461
664 0.07389927592743566
665 0.07377116491184507
666 0.07363453164107862
667 0.07349277536493316
668 0.07335369945491531
669 0.07321673802870388
670 0.07307951383036349
671 0.0729360954344784
672 0.07279084071909515
673 0.07264585421931871
674 0.07249529476976298
675 0.07234012638887868
676 0.07218316567713087
677 0.07203064285263219
678 0.07188088865760524
679 0.07172710670621847
680 0.0715688091543265
681 0.07140675976844606
682 0.07124434398694526
683 0.07108159867163295
684 0.07091892536716128
685 0.070757071146986
686 0.07059748493272937
687 0.07044346104567349
688 0.0702926440825129
689 0.07014532462687309
690 0.07000094808763913
691 0.06985960747060166
692 0.06972101445593865
693 0.06958173353609388
694 0.06944056823646086
695 0.06929572350033723
696 0.06914888711829721
697 0.06899799047694677
698 0.06884166309241836
699 0.0686839360934618
700 0.06852226437853393
701 0.06835049999292066
702 0.06816576006241182
703 0.06797162597936704
704 0.06777040251423945
705 0.06755770197068917
706 0.06733109349018244
707 0.06709162772315175
708 0.06683824832220335
709 0.06656820809814076
710 0.06628301259422506
711 0.06598440864605444
712 0.0656749814515096
713 0.06535923651287792
714 0.06504498776725766
715 0.06473745771237573
716 0.06444061481667954
717 0.06416516182812707
718 0.0639168805072843
719 0.06370009422037044
720 0.06351295227624426
721 0.06335019229391567
722 0.06320800237177276
723 0.06307952903906935
724 0.06296118080605241
725 0.06284804043956436
726 0.06274174541133995
727 0.06264559620718163
728 0.06255898180368344
729 0.06248450623559757
730 0.06242618593031321
731 0.06238930115661545
732 0.062372839978938235
733 0.06237496785394581
734 0.06239813231677961
735 0.06243991485883134
736 0.0624954710375775
737 0.06256049021062617
738 0.06263222356946499
739 0.06270769000694489
740 0.06278410803085374
741 0.06286161248097775
742 0.06294199072753522
743 0.06302745435086025
744 0.06311401462634621
745 0.06319944328651253
746 0.06328069709081889
747 0.06335282137348032
748 0.06341567000035907
749 0.06346780888671516
750 0.06350945039485797
751 0.06353779625153848
752 0.0635536634076443
753 0.0635650135018398
754 0.06357486136939938
755 0.06358344980165268
756 0.06358419862177421
757 0.06357788426944352
758 0.06357214259639997
759 0.06356467237236085
760 0.06355146033768524
761 0.0635320761555325
762 0.06351596013412433
763 0.0635049011454388
764 0.06349497419063291
765 0.06348734464853797
766 0.0634809392049126
767 0.06347698349455189
768 0.06347409656715593
769 0.06347271229476656
770 0.06347283233019888
771 0.06347427448804321
772 0.06348030878008487
773 0.06349078612382084
774 0.06350342731901247
775 0.06351695433655256
776 0.06353200205272165
777 0.0635477229182258
778 0.06356158771405904
779 0.06357454411191427
780 0.06358756231273313
781 0.06360153040802892
782 0.06361477098996493
783 0.06362673997770998
784 0.063641375432664
785 0.06365446736947634
786 0.06366515788329014
787 0.06367250536356046
788 0.06367462017931762
789 0.06367475780190404
790 0.06366998687130743
791 0.06366315628495878
792 0.06365530878771758
793 0.06364557486218916
794 0.06364009695027134
795 0.06363648127800209
796 0.06363353744189712
797 0.06363235094247413
798 0.06363123989351302
799 0.06363251711989427
800 0.06363662207889147
801 0.06364522255534218
802 0.06365710742915023
803 0.06367134029648112
804 0.0636886981035517
805 0.06370883686475189
806 0.06373295668794415
807 0.06376066606591246
808 0.06379396614554386
809 0.06383217846378841
810 0.06387491900283927
811 0.06392462834420949
812 0.06398050423470522
813 0.06404072439367393
814 0.0641061650614307
815 0.06418101348022984
816 0.06426758343463805
817 0.06436413932887489
818 0.06446744963792303
819 0.06457725907667568
820 0.06469353908467829
821 0.06481433533515343
822 0.06493998838177364
823 0.0650679431743696
824 0.06519486583889313
825 0.06532143411650096
826 0.06544735010922954
827 0.06557185578774088
828 0.06569513488436282
829 0.06581240903096731
830 0.06592281062216232
831 0.06602849273344956
832 0.06612610046563974
833 0.06621359360581278
834 0.06629258016333375
835 0.06636816438013995
836 0.06644065644695994
837 0.06650870736824906
838 0.06657950083221954
839 0.06665605406416208
840 0.06673548649907733
841 0.06681875650489565
842 0.0669076034637602
843 0.06700028782016766
844 0.06709654627399943
845 0.06720195122919563
846 0.06732114078178718
847 0.06745726607595556
848 0.06761164331111233
849 0.06778967594870977
850 0.06799126789303495
851 0.06820790168004828
852 0.06843366447564465
853 0.06866236611105886
854 0.0688951345950524
855 0.06912873799315143
856 0.06935916715388159
857 0.06959124814994683
858 0.06983299365291684
859 0.07009197726062552
860 0.07036884197842148
861 0.0706640190991426
862 0.07097708677512728
863 0.0713057007083584
864 0.0716437597240693
865 0.07197993109573164
866 0.07230876185601208
867 0.07262450878313444
868 0.0729207029448108
869 0.0731927883682551
870 0.07343591038947266
871 0.07365150777090242
872 0.07383865532512282
873 0.07400061577116626
874 0.07414391049508674
875 0.07426755599696483
876 0.07437443692181234
877 0.07447019494772661
878 0.07456338108448886
879 0.07465631075765769
880 0.07475205233510224
881 0.07486534954834864
882 0.07500565918958388
883 0.07517639193834845
884 0.07537731586670214
885 0.07561687062115897
886 0.07590478822924639
887 0.07624334351191937
888 0.07663498453730187
889 0.07708404683288533
890 0.07759381825793939
891 0.07816642963257855
892 0.07880493395459318
893 0.07950788488986563
894 0.08027096405563862
895 0.08109143395297394
896 0.08196644359641658
897 0.08288884795753555
898 0.08385189470098074
899 0.08485170880908459
900 0.08588672325360315
901 0.08695000885231491
902 0.0880337667448932
903 0.08913126382643824
904 0.09022680512401572
905 0.09130847428980257
906 0.09236453904727392
907 0.09338198631817951
908 0.09435486522203079
909 0.09527473982784583
910 0.09613394845391586
911 0.096923915058358
912 0.09763552937307157
913 0.09826077698118983
914 0.09878932660312113
915 0.09921321656763608
916 0.09952118485071985
917 0.09970639882131035
918 0.0997679997038248
919 0.09970601339937044
920 0.09952253682504114
921 0.09922181979531536
922 0.09881403828632185
923 0.09830532986448506
924 0.0977023617670986
925 0.09701567614449262
926 0.09625313818013047
927 0.09542201197841019
928 0.09453459318177289
929 0.09360299692099153
930 0.09263603276865065
931 0.09164203541995831
932 0.09063209549599692
933 0.0896186905742822
934 0.08860830217908357
935 0.08760712832781112
936 0.08662337990611964
937 0.08566591184940324
938 0.0847432217049989
939 0.0838610151612811
940 0.08302339971276246
941 0.08223316650989328
942 0.08149570531209116
943 0.0808139646147294
944 0.08018531274506414
945 0.07960883404952485
946 0.07908647689076469
947 0.078619877193046
948 0.0782068410739164
949 0.0778402363452646
950 0.07751909169117917
951 0.07724301600913953
952 0.07700699719520425
953 0.07680579926736139
954 0.07663107901687866
955 0.0764799945417034
956 0.07634969752449278
957 0.07623390899163446
958 0.07612500125889586
959 0.07602014470369539
960 0.07591935410139626
961 0.07581768846003321
962 0.07570814650137248
963 0.0755855950607164
964 0.07544827474845546
965 0.0752946833102653
966 0.07512494346993145
967 0.07493706967907983
968 0.07473021191069631
969 0.07450670833267738
970 0.07426711823843375
971 0.07400894290169352
972 0.07373213643403884
973 0.07343827049854593
974 0.07312748395025169
975 0.07280039170083484
976 0.07245649114942157
977 0.07210088632641316
978 0.07173638202747278
979 0.07136396970307975
980 0.07098426463106697
981 0.07059784951397906
982 0.07020986486785864
983 0.06981939856441977
984 0.06942545471176008
985 0.06903090874616083
986 0.06863849508549018
987 0.06824894401045269
988 0.06786260170602937
989 0.06748067154778044
990 0.0671012019197572
991 0.06672426608467616
992 0.06635411138893717
993 0.06599286297610509
994 0.06563736720650432
995 0.06528512532095859
996 0.06493790818803545
997 0.06459751608279157
998 0.06426252530166199
999 0.06393368767408177
1000 0.06361585534438562
1001 0.06330670257458246
1002 0.06300171100191983
1003 0.06270208103103944
1004 0.06241144212063895
1005 0.06213243174692598
1006 0.06185890839140122
1007 0.06159023512988589
1008 0.06132982528536317
1009 0.061079220431899096
1010 0.060836976748033414
1011 0.06059852967067147
1012 0.060369680165914805
1013 0.06015203399071347
1014 0.059943667700649975
1015 0.059742855045944995
1016 0.05954650587798126
1017 0.05935746054256008
1018 0.05917577600303819
1019 0.0590031077098513
1020 0.058840550309668775
1021 0.05868783769739505
1022 0.05854471912817823
1023 0.05841009405863758
1024 0.058287245513568044
1025 0.058176230465781416
1026 0.058074631656491245
1027 0.05797866089744749
1028 0.05788780197561135
1029 0.05780489290443698
1030 0.057727314343396355
1031 0.057652795593604235
1032 0.05758305209051154
1033 0.057517356931131115
1034 0.05745761772745911
1035 0.057404312259533755
1036 0.05735719513939776
1037 0.05731570193822309
1038 0.057274971670928376
1039 0.057238006314248385
1040 0.05720429883047365
1041 0.057166925713729555
1042 0.05712672638891189
1043 0.057083388726467954
1044 0.05703804028464853
1045 0.05699196960624237
1046 0.056945021712169266
1047 0.056899763796219506
1048 0.05685266725382748
1049 0.056803613819515056
1050 0.056754352793575776
1051 0.05670449587407847
1052 0.05665361505509679
1053 0.056597686368036464
1054 0.05653796479309492
1055 0.05647599623221742
1056 0.05641273356119735
1057 0.05635009865978238
1058 0.056287073415407646
1059 0.056228626944674114
1060 0.05617607627225657
1061 0.05612595372093497
1062 0.056078716462432183
1063 0.05602791837998583
1064 0.05597366814959712
1065 0.05591990221625916
1066 0.05586531295379215
1067 0.05581202943926612
1068 0.055759661857826784
1069 0.05571051879165481
1070 0.05566583588621189
1071 0.05562324849222693
1072 0.05557749753887889
1073 0.05552882302920703
1074 0.05548234572333714
1075 0.05543775288918711
1076 0.05539007409294961
1077 0.05533433344441772
1078 0.05527561387273501
1079 0.05521384603716484
1080 0.05514551917487385
1081 0.05507226498418766
1082 0.054995213254420985
1083 0.05492121154113638
1084 0.05485159017883199
1085 0.05478370371791236
1086 0.05471809948456902
1087 0.05465352380382347
1088 0.05458865795338775
1089 0.054521070382184574
1090 0.05445297066926464
1091 0.05438705851674478
1092 0.054320305734952945
1093 0.05425250898444866
1094 0.05418471531263899
1095 0.05411926920463401
1096 0.0540556964969905
1097 0.05399540739806129
1098 0.053940280167940544
1099 0.05388712955487394
1100 0.05383791142007307
1101 0.05379238936184449
1102 0.05374917548130302
1103 0.053705593964473546
1104 0.05366047065871169
1105 0.053618003023023914
1106 0.05358056219028063
1107 0.05354905355024303
1108 0.0535175813185579
1109 0.053483535342161534
1110 0.05344978476472947
1111 0.053418424270171024
1112 0.05338943360253641
1113 0.053358278821341115
1114 0.05332749903890435
1115 0.05330008322616089
1116 0.053275715477528525
1117 0.053253250713980724
1118 0.05322953057854199
1119 0.053206770250408805
1120 0.05318535400820262
1121 0.05316780592625641
1122 0.053154371147778184
1123 0.05314253741203609
1124 0.053134897117090574
1125 0.05312867668552799
1126 0.05312530890448794
1127 0.05312404573085297
1128 0.05312343661459674
1129 0.05312534202599168
1130 0.0531268010088497
1131 0.05313136721902548
1132 0.05313777046685653
1133 0.05314464614850656
1134 0.05315407384070964
1135 0.05316570927432337
1136 0.053181872252167105
1137 0.05319882667857153
1138 0.05321824355505048
1139 0.05324166696322489
1140 0.053267599706265115
1141 0.05329769892829748
1142 0.05333114416542476
1143 0.053367773748952026
1144 0.053405990820696504
1145 0.053444805945514796
1146 0.05348298707559839
1147 0.053520084989200224
1148 0.053558337858528225
1149 0.053598420873657626
1150 0.05363993665984233
1151 0.053680905945975126
1152 0.0537223950344119
1153 0.053765714463987514
1154 0.05380932146713617
1155 0.05385436302882087
1156 0.05390178760694461
1157 0.05395264535183392
1158 0.0540061605450935
1159 0.05406004505116696
1160 0.0541116916887612
1161 0.05416177684126284
1162 0.05421040288861045
1163 0.05425815334209136
1164 0.05430577152313511
1165 0.054352894878075014
1166 0.054403280220846235
1167 0.05445715312074069
1168 0.05451135853271986
1169 0.054561247592272155
1170 0.05460776198111179
1171 0.054654263130516446
1172 0.05469838567655174
1173 0.05473803227068512
1174 0.05477526181646121
1175 0.05481360517916107
1176 0.05485339417606061
1177 0.0548927479632034
1178 0.054930139454903264
1179 0.05496521412781098
1180 0.05499973653501018
1181 0.055033174710415064
1182 0.05506362188709756
1183 0.05509248188077797
1184 0.055121296836885464
1185 0.055151328794521455
1186 0.05517986371062392
1187 0.055204867331577694
1188 0.05522729583691338
1189 0.05524907161429184
1190 0.0552708339602275
1191 0.05528929149703424
1192 0.05530401286850293
1193 0.05531685172853427
1194 0.05532877597263808
1195 0.055336223645504216
1196 0.05533743590200693
1197 0.05533403410751878
1198 0.05532544098480275
1199 0.05531097652215633
1200 0.055290637367943256
1201 0.05526455580208904
1202 0.05523255135095663
1203 0.05519586374018359
1204 0.05515555776178937
1205 0.05511094753447412
1206 0.05506157274973363
1207 0.05501008778232166
1208 0.05495844708800654
1209 0.05490313430753122
1210 0.05483877154157927
1211 0.054765411290779456
1212 0.054686839723512445
1213 0.05460253460873508
1214 0.05450999521169261
1215 0.05441003877103168
1216 0.05430587389486462
1217 0.05419836581868667
1218 0.05408774023228422
1219 0.05397369681077319
1220 0.05385504615694702
1221 0.05373366646007177
1222 0.05360932970686914
1223 0.0534831918953587
1224 0.05335712151239265
1225 0.05322778717835215
1226 0.05309645503250779
1227 0.052964296629177586
1228 0.052832120163227386
1229 0.05269938635405727
1230 0.05256723544562153
1231 0.05243835829482521
1232 0.05230897810434256
1233 0.052182069093716296
1234 0.05206270184812166
1235 0.0519519691447299
1236 0.05184768321624211
1237 0.0517482878923121
1238 0.05165533876760844
1239 0.051565788061771915
1240 0.05147890948365481
1241 0.051399057098641295
1242 0.05133072562725777
1243 0.0512737233246912
1244 0.051223192217259204
1245 0.05118338422469391
1246 0.05115363094336687
1247 0.05113228846716862
1248 0.051116080562472035
1249 0.051103780432547805
1250 0.05110046220943597
1251 0.05110378043254795
1252 0.051116080562472035
1253 0.05113228846716871
1254 0.051153630943366724
1255 0.051183384224693936
1256 0.051223192217259156
1257 0.051273723324691156
1258 0.051330725627257864
1259 0.051399057098641364
1260 0.051478909483654973
1261 0.051565788061771645
1262 0.05165533876760845
1263 0.05174828789231207
1264 0.05184768321624209
1265 0.051951969144729805
1266 0.05206270184812164
1267 0.05218206909371633
1268 0.05230897810434251
1269 0.05243835829482503
1270 0.05256723544562168
1271 0.05269938635405727
1272 0.05283212016322727
1273 0.05296429662917753
1274 0.053096455032507685
1275 0.053227787178352255
1276 0.05335712151239274
1277 0.0534831918953588
1278 0.05360932970686917
1279 0.053733666460071994
1280 0.053855046156947146
1281 0.05397369681077315
1282 0.05408774023228437
1283 0.0541983658186866
1284 0.05430587389486456
1285 0.05441003877103166
1286 0.05450999521169264
1287 0.05460253460873517
1288 0.054686839723512376
1289 0.05476541129077934
1290 0.05483877154157928
1291 0.05490313430753132
1292 0.05495844708800641
1293 0.05501008778232159
1294 0.05506157274973371
1295 0.05511094753447388
1296 0.05515555776178926
1297 0.05519586374018349
1298 0.055232551350956616
1299 0.055264555802088944
1300 0.0552906373679434
1301 0.05531097652215646
1302 0.05532544098480258
1303 0.05533403410751882
1304 0.05533743590200683
1305 0.055336223645504216
1306 0.05532877597263813
1307 0.05531685172853445
1308 0.05530401286850277
1309 0.05528929149703431
1310 0.055270833960227604
1311 0.05524907161429187
1312 0.055227295836913395
1313 0.05520486733157772
1314 0.055179863710623854
1315 0.05515132879452151
1316 0.0551212968368855
1317 0.055092481880777894
1318 0.05506362188709763
1319 0.05503317471041527
1320 0.054999736535010266
1321 0.05496521412781088
1322 0.054930139454903285
1323 0.05489274796320336
1324 0.05485339417606069
1325 0.054813605179161
1326 0.05477526181646101
1327 0.05473803227068509
1328 0.05469838567655149
1329 0.054654263130516495
1330 0.054607761981111676
1331 0.05456124759227215
1332 0.05451135853271977
1333 0.05445715312074063
1334 0.054403280220846326
1335 0.05435289487807503
1336 0.054305771523135045
1337 0.05425815334209139
1338 0.054210402888610586
1339 0.05416177684126299
1340 0.05411169168876125
1341 0.05406004505116692
1342 0.05400616054509332
1343 0.05395264535183378
1344 0.05390178760694454
1345 0.053854363028820997
1346 0.053809321467136295
1347 0.053765714463987604
1348 0.053722395034411854
1349 0.05368090594597516
1350 0.05363993665984239
1351 0.05359842087365761
1352 0.05355833785852816
1353 0.05352008498920006
1354 0.05348298707559851
1355 0.05344480594551474
1356 0.05340599082069643
1357 0.05336777374895207
1358 0.053331144165425025
1359 0.05329769892829758
1360 0.053267599706265434
1361 0.05324166696322482
1362 0.05321824355505027
1363 0.05319882667857151
1364 0.053181872252167035
1365 0.05316570927432341
1366 0.053154073840709797
1367 0.053144646148506385
1368 0.05313777046685648
1369 0.05313136721902533
1370 0.05312680100884961
1371 0.05312534202599166
1372 0.05312343661459683
1373 0.05312404573085302
1374 0.05312530890448768
1375 0.0531286766855279
1376 0.05313489711709053
1377 0.053142537412036124
1378 0.053154371147778164
1379 0.053167805926256334
1380 0.053185354008202734
1381 0.05320677025040874
1382 0.053229530578542045
1383 0.0532532507139806
1384 0.05327571547752871
1385 0.05330008322616101
1386 0.0533274990389044
1387 0.053358278821341136
1388 0.05338943360253617
1389 0.05341842427017088
1390 0.053449784764729405
1391 0.053483535342161576
1392 0.05351758131855797
1393 0.05354905355024301
1394 0.05358056219028058
1395 0.05361800302302392
1396 0.05366047065871164
1397 0.053705593964473754
1398 0.053749175481303
1399 0.05379238936184462
1400 0.0538379114200729
1401 0.05388712955487397
1402 0.053940280167940634
1403 0.05399540739806131
1404 0.05405569649699055
1405 0.05411926920463408
1406 0.05418471531263892
1407 0.05425250898444866
1408 0.054320305734952945
1409 0.05438705851674483
1410 0.054452970669264654
1411 0.05452107038218472
1412 0.054588657953387444
1413 0.05465352380382341
1414 0.054718099484568995
1415 0.054783703717912476
1416 0.05485159017883185
1417 0.054921211541136564
1418 0.054995213254421055
1419 0.05507226498418756
1420 0.05514551917487361
1421 0.055213846037164734
1422 0.055275613872735045
1423 0.05533433344441748
1424 0.05539007409294958
1425 0.055437752889187
1426 0.05548234572333721
1427 0.05552882302920699
1428 0.055577497538878855
1429 0.0556232484922269
1430 0.05566583588621206
1431 0.05571051879165501
1432 0.05575966185782666
1433 0.05581202943926593
1434 0.05586531295379218
1435 0.05591990221625909
1436 0.05597366814959707
1437 0.05602791837998569
1438 0.05607871646243231
1439 0.05612595372093486
1440 0.056176076272256514
1441 0.056228626944674134
1442 0.05628707341540755
1443 0.05635009865978238
1444 0.05641273356119735
1445 0.056475996232217406
1446 0.056537964793094746
1447 0.05659768636803643
1448 0.0566536150550967
1449 0.05670449587407845
1450 0.056754352793575706
1451 0.056803613819515125
1452 0.05685266725382746
1453 0.05689976379621959
1454 0.056945021712169225
1455 0.05699196960624235
1456 0.05703804028464848
1457 0.057083388726468
1458 0.057126726388911864
1459 0.05716692571372943
1460 0.0572042988304737
1461 0.05723800631424845
1462 0.057274971670928224
1463 0.057315701938223204
1464 0.057357195139397854
1465 0.05740431225953369
1466 0.0574576177274589
1467 0.05751735693113115
1468 0.057583052090511545
1469 0.05765279559360425
1470 0.05772731434339631
1471 0.05780489290443695
1472 0.057887801975611476
1473 0.05797866089744748
1474 0.058074631656491314
1475 0.058176230465781464
1476 0.058287245513568134
1477 0.05841009405863751
1478 0.05854471912817836
1479 0.05868783769739507
1480 0.058840550309668796
1481 0.059003107709851385
1482 0.05917577600303813
1483 0.059357460542559914
1484 0.0595465058779814
1485 0.05974285504594486
1486 0.059943667700649884
1487 0.060152033990713394
1488 0.06036968016591495
1489 0.06059852967067162
1490 0.060836976748033525
1491 0.06107922043189895
1492 0.06132982528536316
1493 0.06159023512988569
1494 0.061858908391401145
1495 0.062132431746925766
1496 0.06241144212063895
1497 0.0627020810310394
1498 0.06300171100191981
1499 0.06330670257458247
1500 0.06361585534438553
1501 0.06393368767408177
1502 0.06426252530166203
1503 0.06459751608279164
1504 0.06493790818803537
1505 0.06528512532095858
1506 0.06563736720650423
1507 0.06599286297610504
1508 0.06635411138893714
1509 0.06672426608467616
1510 0.0671012019197571
1511 0.06748067154778031
1512 0.06786260170602938
1513 0.0682489440104526
1514 0.06863849508549019
1515 0.06903090874616094
1516 0.0694254547117601
1517 0.06981939856441978
1518 0.07020986486785874
1519 0.07059784951397917
1520 0.0709842646310671
1521 0.0713639697030795
1522 0.07173638202747268
1523 0.07210088632641326
1524 0.07245649114942142
1525 0.0728003917008348
1526 0.07312748395025159
1527 0.07343827049854594
1528 0.07373213643403875
1529 0.07400894290169352
1530 0.07426711823843377
1531 0.0745067083326773
1532 0.07473021191069634
1533 0.07493706967907997
1534 0.07512494346993158
1535 0.07529468331026523
1536 0.07544827474845549
1537 0.07558559506071608
1538 0.0757081465013726
1539 0.07581768846003326
1540 0.07591935410139629
1541 0.0760201447036955
1542 0.07612500125889583
1543 0.07623390899163451
1544 0.07634969752449268
1545 0.0764799945417034
1546 0.07663107901687868
1547 0.07680579926736139
1548 0.0770069971952045
1549 0.07724301600913962
1550 0.07751909169117925
1551 0.07784023634526477
1552 0.07820684107391619
1553 0.07861987719304601
1554 0.07908647689076466
1555 0.07960883404952471
1556 0.08018531274506405
1557 0.08081396461472927
1558 0.08149570531209138
1559 0.0822331665098935
1560 0.08302339971276267
1561 0.08386101516128128
1562 0.08474322170499894
1563 0.08566591184940336
1564 0.08662337990611946
1565 0.0876071283278109
1566 0.08860830217908353
1567 0.0896186905742823
1568 0.09063209549599704
1569 0.09164203541995848
1570 0.09263603276865062
1571 0.09360299692099126
1572 0.09453459318177285
1573 0.09542201197841027
1574 0.09625313818013047
1575 0.0970156761444926
1576 0.0977023617670986
1577 0.09830532986448501
1578 0.09881403828632167
1579 0.09922181979531534
1580 0.09952253682504122
1581 0.09970601339937023
1582 0.099767999703825
1583 0.09970639882131045
1584 0.09952118485071987
1585 0.09921321656763628
1586 0.09878932660312133
1587 0.0982607769811898
1588 0.09763552937307166
1589 0.09692391505835787
1590 0.09613394845391592
1591 0.09527473982784555
1592 0.09435486522203086
1593 0.09338198631817951
1594 0.09236453904727408
1595 0.09130847428980257
1596 0.0902268051240159
1597 0.08913126382643834
1598 0.08803376674489304
1599 0.08695000885231503
1600 0.08588672325360318
1601 0.08485170880908448
1602 0.08385189470098053
1603 0.0828888479575355
1604 0.0819664435964165
1605 0.081091433952974
1606 0.08027096405563863
1607 0.07950788488986575
1608 0.07880493395459298
1609 0.07816642963257851
1610 0.07759381825793935
1611 0.07708404683288524
1612 0.07663498453730173
1613 0.07624334351191928
1614 0.07590478822924634
1615 0.07561687062115925
1616 0.07537731586670234
1617 0.07517639193834832
1618 0.07500565918958371
1619 0.07486534954834835
1620 0.07475205233510245
1621 0.07465631075765783
1622 0.07456338108448875
1623 0.07447019494772633
1624 0.07437443692181223
1625 0.07426755599696509
1626 0.07414391049508685
1627 0.07400061577116637
1628 0.07383865532512279
1629 0.07365150777090253
1630 0.07343591038947274
1631 0.07319278836825503
1632 0.07292070294481072
1633 0.07262450878313435
1634 0.07230876185601225
1635 0.07197993109573145
1636 0.07164375972406925
1637 0.07130570070835804
1638 0.07097708677512737
1639 0.07066401909914262
1640 0.0703688419784215
1641 0.07009197726062553
1642 0.06983299365291691
1643 0.06959124814994697
1644 0.06935916715388138
1645 0.0691287379931515
1646 0.0688951345950524
1647 0.06866236611105893
1648 0.06843366447564471
1649 0.06820790168004817
1650 0.06799126789303497
1651 0.06778967594870976
1652 0.06761164331111241
1653 0.06745726607595545
1654 0.06732114078178719
1655 0.06720195122919552
1656 0.06709654627399955
1657 0.0670002878201675
1658 0.06690760346376008
1659 0.06681875650489558
1660 0.06673548649907751
1661 0.06665605406416207
1662 0.06657950083221946
1663 0.06650870736824879
1664 0.06644065644695984
1665 0.06636816438014004
1666 0.06629258016333378
1667 0.06621359360581276
1668 0.06612610046563974
1669 0.06602849273344968
1670 0.06592281062216238
1671 0.0658124090309671
1672 0.06569513488436265
1673 0.06557185578774083
1674 0.06544735010922952
1675 0.06532143411650082
1676 0.06519486583889321
1677 0.06506794317436947
1678 0.06493998838177363
1679 0.06481433533515367
1680 0.0646935390846783
1681 0.06457725907667558
1682 0.06446744963792275
1683 0.0643641393288749
1684 0.06426758343463813
1685 0.06418101348022986
1686 0.06410616506143066
1687 0.06404072439367396
1688 0.06398050423470514
1689 0.06392462834420949
1690 0.06387491900283915
1691 0.06383217846378839
1692 0.0637939661455439
1693 0.06376066606591246
1694 0.06373295668794429
1695 0.06370883686475191
1696 0.06368869810355161
1697 0.06367134029648097
1698 0.06365710742915015
1699 0.06364522255534219
1700 0.0636366220788916
1701 0.06363251711989434
1702 0.06363123989351309
1703 0.0636323509424742
1704 0.06363353744189723
1705 0.0636364812780021
1706 0.06364009695027138
1707 0.06364557486218916
1708 0.06365530878771752
1709 0.06366315628495875
1710 0.06366998687130747
1711 0.06367475780190404
1712 0.0636746201793173
1713 0.06367250536356048
1714 0.0636651578832901
1715 0.06365446736947651
1716 0.0636413754326639
1717 0.0636267399777099
1718 0.06361477098996492
1719 0.06360153040802896
1720 0.06358756231273312
1721 0.06357454411191422
1722 0.06356158771405909
1723 0.06354772291822575
1724 0.0635320020527216
1725 0.06351695433655251
1726 0.06350342731901255
1727 0.0634907861238207
1728 0.06348030878008469
1729 0.06347427448804309
1730 0.06347283233019886
1731 0.06347271229476645
1732 0.06347409656715586
1733 0.06347698349455197
1734 0.06348093920491257
1735 0.06348734464853799
1736 0.0634949741906328
1737 0.06350490114543876
1738 0.06351596013412436
1739 0.0635320761555327
1740 0.0635514603376853
1741 0.06356467237236088
1742 0.06357214259640011
1743 0.06357788426944351
1744 0.06358419862177422
1745 0.0635834498016526
1746 0.06357486136939955
1747 0.06356501350183968
1748 0.0635536634076443
1749 0.06353779625153835
1750 0.06350945039485792
1751 0.06346780888671529
1752 0.06341567000035914
1753 0.06335282137348013
1754 0.06328069709081874
1755 0.06319944328651268
1756 0.0631140146263461
1757 0.06302745435086016
1758 0.06294199072753524
1759 0.0628616124809778
1760 0.06278410803085384
1761 0.06270769000694491
1762 0.0626322235694651
1763 0.06256049021062628
1764 0.06249547103757765
1765 0.06243991485883127
1766 0.06239813231677949
1767 0.0623749678539459
1768 0.062372839978938305
1769 0.06238930115661537
1770 0.06242618593031341
1771 0.062484506235597564
1772 0.0625589818036835
1773 0.06264559620718177
1774 0.06274174541134
1775 0.0628480404395644
1776 0.06296118080605241
1777 0.06307952903906933
1778 0.06320800237177264
1779 0.06335019229391592
1780 0.06351295227624423
1781 0.06370009422037066
1782 0.0639168805072843
1783 0.06416516182812725
1784 0.06444061481667936
1785 0.06473745771237571
1786 0.06504498776725762
1787 0.06535923651287802
1788 0.0656749814515095
1789 0.06598440864605429
1790 0.0662830125942252
1791 0.06656820809814075
1792 0.06683824832220307
1793 0.06709162772315186
1794 0.06733109349018233
1795 0.0675577019706891
1796 0.0677704025142394
1797 0.06797162597936705
1798 0.06816576006241185
1799 0.06835049999292056
1800 0.06852226437853391
1801 0.0686839360934618
1802 0.06884166309241847
1803 0.06899799047694657
1804 0.06914888711829767
1805 0.06929572350033714
1806 0.06944056823646078
1807 0.06958173353609395
1808 0.0697210144559388
1809 0.06985960747060173
1810 0.07000094808763903
1811 0.07014532462687297
1812 0.0702926440825129
1813 0.07044346104567364
1814 0.07059748493272953
1815 0.07075707114698582
1816 0.07091892536716098
1817 0.07108159867163322
1818 0.0712443439869453
1819 0.0714067597684461
1820 0.07156880915432676
1821 0.07172710670621864
1822 0.07188088865760524
1823 0.07203064285263219
1824 0.07218316567713084
1825 0.07234012638887864
1826 0.07249529476976312
1827 0.07264585421931866
1828 0.07279084071909542
1829 0.07293609543447853
1830 0.07307951383036346
1831 0.07321673802870375
1832 0.07335369945491517
1833 0.07349277536493316
1834 0.07363453164107861
1835 0.07377116491184482
1836 0.07389927592743568
1837 0.07402225474986414
1838 0.07413974244843585
1839 0.07425495165328323
1840 0.07436668928194332
1841 0.07447361032483155
1842 0.0745739813222718
1843 0.0746681154365625
1844 0.0747582458221112
1845 0.0748432431511369
1846 0.07492199093691848
1847 0.07499438800679097
1848 0.07506273973556198
1849 0.07512611798312581
1850 0.07518244435681032
1851 0.07523278895070953
1852 0.07528019091670637
1853 0.07532393653140905
1854 0.0753606666092257
1855 0.07539053331984905
1856 0.07541284361192237
1857 0.07542687292129635
1858 0.07543120695184828
1859 0.07542862449053325
1860 0.07542109503754559
1861 0.07540605541727971
1862 0.07538436713347245
1863 0.07535772732687
1864 0.0753227591403578
1865 0.07527611852150085
1866 0.07521744352374693
1867 0.07514606636962062
1868 0.07506317376092904
1869 0.07496676271280166
1870 0.07485889592809662
1871 0.07474281505881747
1872 0.07461546273270786
1873 0.07447799809309186
1874 0.07433010869896749
1875 0.07416953415701176
1876 0.07399356376675416
1877 0.07379974938319252
1878 0.07359155874090677
1879 0.07337013032974318
1880 0.07313311117236926
1881 0.07288012449984564
1882 0.07261418510699408
1883 0.07233479308614124
1884 0.07204063554293147
1885 0.0717335621521687
1886 0.07141327073207941
1887 0.07107737388371173
1888 0.07072763932285318
1889 0.07036948685787199
1890 0.07000185016998033
1891 0.06962282729028502
1892 0.06923282569688818
1893 0.06883232051782688
1894 0.06842437813275362
1895 0.06800780306816907
1896 0.06758251489113654
1897 0.06715051692694653
1898 0.06671264847209246
1899 0.0662711586805056
1900 0.06582601024396612
1901 0.06537849093929696
1902 0.06493217989801829
1903 0.06448888126059568
1904 0.06404739585206877
1905 0.06360892175510283
1906 0.06317691408850015
1907 0.06275175873607734
1908 0.06233009263426423
1909 0.06191337543302424
1910 0.06150271046769168
1911 0.06109696276521374
1912 0.060697557108956475
1913 0.06030602098553047
1914 0.05992140210874568
1915 0.05954479583031575
1916 0.059184340201465666
1917 0.05884217584732553
1918 0.058513754479291157
1919 0.05819204863907831
1920 0.057877555022951874
1921 0.057571782876101395
1922 0.05727124733421731
1923 0.056976661360487235
1924 0.05669078802258201
1925 0.05641723396348331
1926 0.056153662852791005
1927 0.055898969789430666
1928 0.055654734351351175
1929 0.05542017545468216
1930 0.05519324132375576
1931 0.054975083269314794
1932 0.05477297518896028
1933 0.05458431399340633
1934 0.054401104251805166
1935 0.05422355632409595
1936 0.054053107090531745
1937 0.05388971495079943
1938 0.053732016795973364
1939 0.053581061393441834
1940 0.053440333936519036
1941 0.053308811982480234
1942 0.05318662157745822
1943 0.05307441514148053
1944 0.05297010870679832
1945 0.0528740313458077
1946 0.05278496100497097
1947 0.05269953580168653
1948 0.05261977744506313
1949 0.05254363725383437
1950 0.05246875243064078
1951 0.052397802198470844
1952 0.05233300290926797
1953 0.052276448343542906
1954 0.05222430268751535
1955 0.05217643029709114
1956 0.05213856812145095
1957 0.05210914746864829
1958 0.05208446107652135
1959 0.05206104821440488
1960 0.0520406168146035
1961 0.05202666083840611
1962 0.052013796452413226
1963 0.051999209667264866
1964 0.05198536317209741
1965 0.05197429638132574
1966 0.05196512469723678
1967 0.05195590021564402
1968 0.051949877342740376
1969 0.05195092466436106
1970 0.05195786332662791
1971 0.051968591265787914
1972 0.05198198038349743
1973 0.05199595494942613
1974 0.05200877633888601
1975 0.05201886772078444
1976 0.05202857093947938
1977 0.0520412032077836
1978 0.052056280672445096
1979 0.05207451488530722
1980 0.052095684047556746
1981 0.052119769579487565
1982 0.05214487497414484
1983 0.05216988110015823
1984 0.05219723205985123
1985 0.05222462550426768
1986 0.05225098685116424
1987 0.052277000396276516
1988 0.05230536275480113
1989 0.05233845221900442
1990 0.05237322476952436
1991 0.05240855327762089
1992 0.05244368823708491
1993 0.05248015808491949
1994 0.05251733942415739
1995 0.05255375312231202
1996 0.05259015901693871
1997 0.05262687288464341
1998 0.052665082621857824
1999 0.05270276667005122
2000 0.05273829333371391
2001 0.05277143656676362
2002 0.05280213797111252
2003 0.05283000214234161
2004 0.052853883156745884
2005 0.052874059952941886
2006 0.05289342974313623
2007 0.05291246889172845
2008 0.052930938009156187
2009 0.052946729147118676
2010 0.05295814097910799
2011 0.052968527203776095
2012 0.05297937838618008
2013 0.05299261967447576
2014 0.05300435519547658
2015 0.05301292901376316
2016 0.05302287284535872
2017 0.05303528486227433
2018 0.053046937239653175
2019 0.05305560523960665
2020 0.05306471280210058
2021 0.0530779854875627
2022 0.053095560101890364
2023 0.053112347878782315
2024 0.05312852900380298
2025 0.05314538082747233
2026 0.053162573075928046
2027 0.053177672763788986
2028 0.053188307513937674
2029 0.053198532277061415
2030 0.05321104921676511
2031 0.053223291464439375
2032 0.05323454319280586
2033 0.05324536004435223
2034 0.05325536707114251
2035 0.05326739904963585
2036 0.05327883504163159
2037 0.053288818592126384
2038 0.05329799045423803
2039 0.05330427135624039
2040 0.05330744009129404
2041 0.053303487560442724
2042 0.05329407975235255
2043 0.05328450325819909
2044 0.053275633225880456
2045 0.053266229550817994
2046 0.05325459009774443
2047 0.05324063787183919
2048 0.053224299281864514
2049 0.05320332555858534
2050 0.053177678527879864
2051 0.05314862225935432
2052 0.053115613234852796
2053 0.05307973018152278
2054 0.05304040340546549
2055 0.05299845486568989
2056 0.05295516835691945
2057 0.052912852392284195
2058 0.05287231425704945
2059 0.052830404062126315
2060 0.052787780212099095
2061 0.052742498407692504
2062 0.052697298799452494
2063 0.0526541711601812
2064 0.05261176517801837
2065 0.052570004063139567
2066 0.05252680477599523
2067 0.05248636743012066
2068 0.05244717463458299
2069 0.0524085638739718
2070 0.052368704867794845
2071 0.052326052137010186
2072 0.05228337145876391
2073 0.05223966454502703
2074 0.052196095861109036
2075 0.05215066503695413
2076 0.052106643290420175
2077 0.05206546853378151
2078 0.05202417275170948
2079 0.051982908833662946
2080 0.051940306342194646
2081 0.05189551842333938
2082 0.051846381729053835
2083 0.05179376973789539
2084 0.051739327248159266
2085 0.05168151583958823
2086 0.051620811562434143
2087 0.05155941857683753
2088 0.05150050768195882
2089 0.05144553378357933
2090 0.051392722701694565
2091 0.051339549034790204
2092 0.05128519121445086
2093 0.05122949026925504
2094 0.05117269968760119
2095 0.051115098127162806
2096 0.05105511180422624
2097 0.050993504569688555
2098 0.05092816030398079
2099 0.050860991763654724
2100 0.050795608415698246
2101 0.050731568099389945
2102 0.05066708469068734
2103 0.05060004050244331
2104 0.05053468191929822
2105 0.0504700297469312
2106 0.050403272402031477
2107 0.05033448213658465
2108 0.050264257258272715
2109 0.05019665922411474
2110 0.050128438900910816
2111 0.050058559813678676
2112 0.04998794028261063
2113 0.04991514971258895
2114 0.04984308012726187
2115 0.04977250047086482
2116 0.04970461537025903
2117 0.04963994023019361
2118 0.04957669962030224
2119 0.04951645371099546
2120 0.04945736839995217
2121 0.04939623556545332
2122 0.04933317103773008
2123 0.049267738500163714
2124 0.049203566920605055
2125 0.04914330919048336
2126 0.04908737908522517
2127 0.04903574624262897
2128 0.048990746868150074
2129 0.04895258105096228
2130 0.048916928967024
2131 0.048881293307094766
2132 0.04884352925657586
2133 0.04880528757890349
2134 0.04876575146335929
2135 0.04872530809149709
2136 0.04868889622464896
2137 0.048658179524775996
2138 0.04863403990539477
2139 0.04861600321223357
2140 0.048605459557184524
2141 0.04860444240762774
2142 0.04861183959306908
2143 0.04862680633019818
2144 0.04865021769129357
2145 0.048680083298302236
2146 0.04871367257358535
2147 0.04874870691797738
2148 0.0487865053597406
2149 0.04882916870576332
2150 0.048877372699094326
2151 0.04893157891586482
2152 0.04899294848535562
2153 0.04906379972268994
2154 0.04914422007426557
2155 0.04923427298618698
2156 0.04933623562665957
2157 0.049451734638009504
2158 0.04957608444164903
2159 0.049704806239821625
2160 0.04984032880803598
2161 0.04998671388296062
2162 0.05014018460709349
2163 0.0503010147278893
2164 0.05047163071743517
2165 0.05065621748779523
2166 0.05085326523086934
2167 0.05105695838771799
2168 0.05126839848922999
2169 0.05148568741939629
2170 0.05171580391767325
2171 0.051956992296192384
2172 0.052205968515861484
2173 0.052464612036739196
2174 0.05272819821334344
2175 0.052998834879776774
2176 0.053275390665149816
2177 0.053559646287073805
2178 0.05384998871156891
2179 0.05414263168659294
2180 0.05444508191035617
2181 0.05475879039423304
2182 0.055078759990914
2183 0.055399184319796596
2184 0.05571946426016213
2185 0.05604311167290218
2186 0.056367778477790925
2187 0.05669135578417478
2188 0.057010648960502175
2189 0.05732790087209365
2190 0.05764542448883138
2191 0.05796120077402634
2192 0.058276143131694
2193 0.05858864941757146
2194 0.05889803422611652
2195 0.05920094286544977
2196 0.05949521696843342
2197 0.059779916644226695
2198 0.060050108857497564
2199 0.06030695358522627
2200 0.06055458455278725
2201 0.06079360903877154
2202 0.061021459851082226
2203 0.06123442325414676
2204 0.06143458897512745
2205 0.06162349739508748
2206 0.06179406830886725
2207 0.061946865453800196
2208 0.06208555569054667
2209 0.062211879355268854
2210 0.062327131556539433
2211 0.06242351315769189
2212 0.06250362331747608
2213 0.0625690935874238
2214 0.06261761178066882
2215 0.0626518413013665
2216 0.06267158273909891
2217 0.06268031040412884
2218 0.06267738212114368
2219 0.0626629830744445
2220 0.06263966237236399
2221 0.06260541095194232
2222 0.0625616341863782
2223 0.06250938175908888
2224 0.062449131914118355
2225 0.062378125307277946
2226 0.06229738402076872
2227 0.06221165372432839
2228 0.06211889667270889
2229 0.0620165517743249
2230 0.061904062940897266
2231 0.0617865525510724
2232 0.061664360070506026
2233 0.061538689052949264
2234 0.06141135143679092
2235 0.061281175523557226
2236 0.061147457839678766
2237 0.06100913546958983
2238 0.06086539199799953
2239 0.06071316817792403
2240 0.06055362058964504
2241 0.060390963804991836
2242 0.06022806220591283
2243 0.06006476014454891
2244 0.05989950008013126
2245 0.059733754988771294
2246 0.059572176892765435
2247 0.059414538623481145
2248 0.05925452633672017
2249 0.0590904009184329
2250 0.0589257861272885
2251 0.058760623540816834
2252 0.05859144600896584
2253 0.05842211991681321
2254 0.05825696662217394
2255 0.05809329529782934
2256 0.057930113912105397
2257 0.05776775054408362
2258 0.05760776791699367
2259 0.057448498719278256
2260 0.05728946697542426
2261 0.05713325884176538
2262 0.0569812091816995
2263 0.05683280124198194
2264 0.05668752042649795
2265 0.05654625756444829
2266 0.056406583192589094
2267 0.05626948749785364
2268 0.056135842496084325
2269 0.05600510766504006
2270 0.055874687908578816
2271 0.05574404329206151
2272 0.05561665686247115
2273 0.05549454922802589
2274 0.0553760823215106
2275 0.055258219913666036
2276 0.055145572356830846
2277 0.055040421447400185
2278 0.05494022983872423
2279 0.05484095631181258
2280 0.05474357047606522
2281 0.05465306746345037
2282 0.05456994531580753
2283 0.054492187562361204
2284 0.05442011062911752
2285 0.054354161301444125
2286 0.054294272021860886
2287 0.05424110045485579
2288 0.05419457174440044
2289 0.054155892328194594
2290 0.05412651501116333
2291 0.05410702674870405
2292 0.0540932824089379
2293 0.05408677679008521
2294 0.05408925654346462
2295 0.05410050899485179
2296 0.054121372522355944
2297 0.05414804840005808
2298 0.05418280905291957
2299 0.05422289932280758
2300 0.054267247775129895
2301 0.05431508327127173
2302 0.05436675194644925
2303 0.05442929589944654
2304 0.05449837443968515
2305 0.05456970903028007
2306 0.05464337019893083
2307 0.0547192161455244
2308 0.05479626098702721
2309 0.0548768266533824
2310 0.054963271322535444
2311 0.05505328637592233
2312 0.05514565758554009
2313 0.05524090420146546
2314 0.05534127303426858
2315 0.05544095413794917
2316 0.05553975791181892
2317 0.05564120812954242
2318 0.05574436274872614
2319 0.05585089646601637
2320 0.05595757160648723
2321 0.056068229659216234
2322 0.056184894875155586
2323 0.056307292673168224
2324 0.05643850944795376
2325 0.05657591723476891
2326 0.0567210633219402
2327 0.056872838656131346
2328 0.05702838495276855
2329 0.05718443128120265
2330 0.05733696284938644
2331 0.057487017648927274
2332 0.05763349785321397
2333 0.05777837816418153
2334 0.05792571817951082
2335 0.0580772262387822
2336 0.05823424403499156
2337 0.05839438068349515
2338 0.058553552282347106
2339 0.05871238546406225
2340 0.058871017810184674
2341 0.059030956571021455
2342 0.059189423423039254
2343 0.05934348385415509
2344 0.05949701341870532
2345 0.059647607136138085
2346 0.05979386099067608
2347 0.05993547295727084
2348 0.06007330620072636
2349 0.06020693508842425
2350 0.06033695872478726
2351 0.06046899038607381
2352 0.0606057866554949
2353 0.060744706732700375
2354 0.06088087025620426
2355 0.06101834873270977
2356 0.06115820960469069
2357 0.061295386159475135
2358 0.06142907815914505
2359 0.06156070480859921
2360 0.06169363035351629
2361 0.06182822889549636
2362 0.061964020639135135
2363 0.06209930291380443
2364 0.06223141496520449
2365 0.06235876794755498
2366 0.062481665320761555
2367 0.06259971586942405
2368 0.0627107734498009
2369 0.06281518693120848
2370 0.06291499543787316
2371 0.0630131891453309
2372 0.06310756211498049
2373 0.06319505265735026
2374 0.06327806240299355
2375 0.06335819220137665
2376 0.06343203693683877
2377 0.06349372920625919
2378 0.0635461092117656
2379 0.06359346306855154
2380 0.06363627824678833
2381 0.06367506381338361
2382 0.06370962008452039
2383 0.06374451812003173
2384 0.06378136153304116
2385 0.06381752765008432
2386 0.06385438159687197
2387 0.06389338861807756
2388 0.06393833710103548
2389 0.06399180539992737
2390 0.06404993608063991
2391 0.06411255755669941
2392 0.0641813786956957
2393 0.06425949356691807
2394 0.06434992397887383
2395 0.06445117545822508
2396 0.06456392962739804
2397 0.06468693004347166
2398 0.06481560311538262
2399 0.06495205304486425
2400 0.06509794010794123
2401 0.06525685765177183
2402 0.06543081029276618
2403 0.065614352200418
2404 0.06580412066986686
2405 0.06600173264402061
2406 0.06620921433652227
2407 0.0664243316391564
2408 0.06664735818569348
2409 0.06688267400337201
2410 0.06713051348889659
2411 0.06738709205337994
2412 0.06764981219112895
2413 0.06791565032965949
2414 0.06818305823468632
2415 0.06845503080489213
2416 0.06873281725130928
2417 0.06901458106618509
2418 0.06929856764091992
2419 0.06958825624481962
2420 0.06988334864527503
2421 0.07018178195338355
2422 0.07048483851851896
2423 0.07079122306655798
2424 0.07110066432760968
2425 0.07141410047564012
2426 0.07173535079795797
2427 0.07206093309187084
2428 0.0723880485771577
2429 0.07271818562904486
2430 0.07305123240130658
2431 0.07338910740776522
2432 0.07372690412258476
2433 0.07406710843331023
2434 0.0744123768287615
2435 0.07476038760048614
2436 0.07510994123228774
2437 0.07545621805547216
2438 0.07580022427206466
2439 0.07614010672327821
2440 0.07647318430921402
2441 0.07679780700380723
2442 0.07711348193132833
2443 0.07741885973968231
2444 0.07771316600207812
2445 0.07799703157208462
2446 0.07826859270252447
2447 0.07852550151670952
2448 0.07876379878408428
2449 0.078981156272916
2450 0.07917399280775579
2451 0.07934320129656362
2452 0.07948807509485235
2453 0.07960456702971193
2454 0.07969101726182241
2455 0.07975142458996068
2456 0.079793132871993
2457 0.07981574296788516
2458 0.0798224537039631
2459 0.07981820538798788
2460 0.07980990102128312
2461 0.07980622588473592
2462 0.0798101274672883
2463 0.07982970587087192
2464 0.07987482153522835
2465 0.0799521716896222
2466 0.08007035633796407
2467 0.08023978699361817
2468 0.0804729202071862
2469 0.08078097030892571
2470 0.08117344945503963
2471 0.08165826747418445
2472 0.08224270691611155
2473 0.08293144545328753
2474 0.0837302777960111
2475 0.08464445306607674
2476 0.08567513527028271
2477 0.08682572090644025
2478 0.08809613952933708
2479 0.08948650890860935
2480 0.090994159117556
2481 0.09261025131770961
2482 0.09432609247670012
2483 0.09613256092727014
2484 0.09801647510277758
2485 0.09996357548219854
2486 0.10196266526928523
2487 0.1039994733171533
2488 0.10605767581660903
2489 0.10811810766382397
2490 0.11016245142869073
2491 0.11217385032888094
2492 0.11413101048485717
2493 0.11601326142880902
2494 0.1178001040978584
2495 0.11947481469498027
2496 0.12102920351323887
2497 0.12245066428191906
2498 0.1237794365233301
2499 0.12493767568696168
2500 0.12590108147198467
2501 0.1266489354111882
2502 0.127156695416929
