0
1
200
0 0.12737565712049992
1 0.127156695416929
2 0.12664893541118818
3 0.12590108147198467
4 0.12493767568696172
5 0.1237794365233301
6 0.12245066428191906
7 0.12102920351323887
8 0.11947481469498024
9 0.11780010409785831
10 0.11601326142880902
11 0.11413101048485721
12 0.11217385032888091
13 0.1101624514286908
14 0.10811810766382393
15 0.10605767581660908
16 0.10399947331715334
17 0.10196266526928519
18 0.09996357548219856
19 0.0980164751027776
20 0.09613256092727017
21 0.09432609247670012
22 0.09261025131770961
23 0.09099415911755603
24 0.0894865089086094
25 0.08809613952933706
26 0.08682572090644024
27 0.08567513527028271
28 0.0846444530660767
29 0.08373027779601111
30 0.08293144545328754
31 0.08224270691611157
32 0.08165826747418439
33 0.08117344945503967
34 0.08078097030892571
35 0.08047292020718622
36 0.08023978699361817
37 0.0800703563379641
38 0.07995217168962221
39 0.07987482153522833
40 0.079829705870872
41 0.0798101274672883
42 0.07980622588473585
43 0.07980990102128319
44 0.07981820538798781
45 0.0798224537039631
46 0.07981574296788516
47 0.07979313287199301
48 0.07975142458996068
49 0.07969101726182233
50 0.0796045670297119
51 0.0794880750948524
52 0.07934320129656354
53 0.07917399280775574
54 0.07898115627291606
55 0.07876379878408421
56 0.07852550151670955
57 0.07826859270252444
58 0.07799703157208454
59 0.07771316600207819
60 0.07741885973968231
61 0.07711348193132836
62 0.07679780700380726
63 0.07647318430921406
64 0.07614010672327816
65 0.07580022427206463
66 0.07545621805547217
67 0.07510994123228774
68 0.07476038760048621
69 0.07441237682876148
70 0.07406710843331021
71 0.07372690412258483
72 0.07338910740776519
73 0.07305123240130659
74 0.07271818562904489
75 0.07238804857715778
76 0.07206093309187084
77 0.07173535079795793
78 0.07141410047564013
79 0.07110066432760974
80 0.0707912230665579
81 0.07048483851851893
82 0.07018178195338355
83 0.06988334864527496
84 0.06958825624481946
85 0.06929856764091989
86 0.06901458106618513
87 0.0687328172513095
88 0.06845503080489192
89 0.06818305823468632
90 0.06791565032965946
91 0.06764981219112891
92 0.06738709205337995
93 0.06713051348889665
94 0.06688267400337199
95 0.06664735818569344
96 0.06642433163915637
97 0.06620921433652244
98 0.06600173264402073
99 0.06580412066986707
100 0.06561435220041795
101 0.06543081029276636
102 0.06525685765177176
103 0.06509794010794127
104 0.06495205304486416
105 0.06481560311538266
106 0.06468693004347159
107 0.06456392962739796
108 0.06445117545822508
109 0.06434992397887392
110 0.06425949356691797
111 0.06418137869569585
112 0.06411255755669948
113 0.06404993608063984
114 0.06399180539992737
115 0.06393833710103546
116 0.06389338861807765
117 0.06385438159687216
118 0.06381752765008446
119 0.06378136153304129
120 0.06374451812003155
121 0.06370962008452034
122 0.06367506381338348
123 0.06363627824678836
124 0.0635934630685515
125 0.0635461092117655
126 0.06349372920625922
127 0.06343203693683887
128 0.06335819220137641
129 0.0632780624029934
130 0.06319505265735018
131 0.06310756211498036
132 0.06301318914533102
133 0.06291499543787298
134 0.06281518693120834
135 0.06271077344980111
136 0.06259971586942412
137 0.06248166532076159
138 0.06235876794755513
139 0.06223141496520442
140 0.06209930291380438
141 0.061964020639135066
142 0.061828228895496114
143 0.06169363035351621
144 0.061560704808599154
145 0.061429078159145105
146 0.06129538615947502
147 0.06115820960469061
148 0.06101834873270984
149 0.06088087025620428
150 0.06074470673270035
151 0.06060578665549489
152 0.06046899038607394
153 0.06033695872478726
154 0.06020693508842443
155 0.060073306200726345
156 0.05993547295727081
157 0.05979386099067608
158 0.05964760713613825
159 0.059497013418705266
160 0.05934348385415498
161 0.0591894234230391
162 0.059030956571021365
163 0.05887101781018465
164 0.05871238546406215
165 0.058553552282346995
166 0.058394380683495034
167 0.058234244034991604
168 0.05807722623878214
169 0.057925718179510824
170 0.05777837816418145
171 0.05763349785321388
172 0.0574870176489274
173 0.057336962849386316
174 0.05718443128120254
175 0.05702838495276839
176 0.056872838656131255
177 0.056721063321940185
178 0.056575917234769006
179 0.05643850944795381
180 0.05630729267316831
181 0.056184894875155655
182 0.0560682296592163
183 0.05595757160648718
184 0.055850896466016375
185 0.05574436274872609
186 0.05564120812954234
187 0.05553975791181895
188 0.05544095413794926
189 0.0553412730342686
190 0.05524090420146557
191 0.055145657585540214
192 0.05505328637592217
193 0.05496327132253549
194 0.05487682665338242
195 0.05479626098702712
196 0.054719216145524434
197 0.0546433701989309
198 0.054569709030280106
199 0.05449837443968522
