0
1
53
0 1.0102407640243976
1 1.0102407640243976
2 -0.10480969548002435
3 0.2230982733137311
4 -0.03785707667738305
5 0.12882604083540733
6 0.10052910210677142
7 0.06995573048934799
8 -0.012336567189565677
9 0.05046421363997167
10 -0.014726465557066519
11 0.04132026303867767
12 -0.011707283330720256
13 0.0365975030745111
14 0.03357618901103312
15 0.031119250272230215
16 0.02904303873775013
17 0.027382589430358956
18 0.025927717392193496
19 0.024712738252455475
20 0.02365902060899662
21 0.022743095104579364
22 0.021918464805304697
23 0.021113541754333175
24 0.020412480607012572
25 0.019792741639810863
26 0.019194061147788072
27 0.01862826411800884
28 0.018131415240625014
29 0.01763624304548222
30 0.0171758697879359
31 0.016731818327674557
32 0.016315299225345054
33 0.015916310778020436
34 0.015533859750029261
35 0.015160279807036398
36 0.014808572967544146
37 0.014455661123014796
38 0.014123618349842354
39 0.013790637571443127
40 0.013469531841935379
41 0.013156642393049695
42 0.012853051631698854
43 0.012551124774203035
44 0.012251177167590777
45 0.011960585617914007
46 0.011674375820921228
47 0.011389413228930001
48 0.011107559761191436
49 0.01082765262253288
50 0.010558435040359115
51 0.010280262641778976
52 0.010011118708127624
