0
1
2500
0 0.337
1 0.333
2 0.328
3 0.329
4 0.338
5 0.339
6 0.337
7 0.332
8 0.333
9 0.333
10 0.333
11 0.333
12 0.331
13 0.334
14 0.332
15 0.328
16 0.331
17 0.332
18 0.328
19 0.321
20 0.325
21 0.333
22 0.33
23 0.327
24 0.326
25 0.329
26 0.332
27 0.33
28 0.326
29 0.326
30 0.328
31 0.331
32 0.332
33 0.327
34 0.328
35 0.33
36 0.329
37 0.331
38 0.324
39 0.322
40 0.328
41 0.332
42 0.333
43 0.329
44 0.324
45 0.324
46 0.33
47 0.331
48 0.323
49 0.323
50 0.332
51 0.329
52 0.32
53 0.325
54 0.325
55 0.323
56 0.325
57 0.328
58 0.326
59 0.32
60 0.328
61 0.334
62 0.328
63 0.324
64 0.324
65 0.323
66 0.323
67 0.326
68 0.327
69 0.322
70 0.321
71 0.325
72 0.326
73 0.326
74 0.328
75 0.325
76 0.321
77 0.321
78 0.321
79 0.319
80 0.32
81 0.321
82 0.321
83 0.324
84 0.327
85 0.325
86 0.326
87 0.331
88 0.332
89 0.329
90 0.325
91 0.322
92 0.322
93 0.318
94 0.317
95 0.321
96 0.323
97 0.324
98 0.324
99 0.326
100 0.323
101 0.322
102 0.323
103 0.325
104 0.328
105 0.323
106 0.315
107 0.317
108 0.328
109 0.332
110 0.331
111 0.328
112 0.326
113 0.329
114 0.325
115 0.325
116 0.322
117 0.317
118 0.316
119 0.318
120 0.324
121 0.325
122 0.318
123 0.311
124 0.321
125 0.333
126 0.332
127 0.326
128 0.321
129 0.322
130 0.326
131 0.323
132 0.327
133 0.329
134 0.324
135 0.324
136 0.319
137 0.32
138 0.325
139 0.322
140 0.328
141 0.327
142 0.32
143 0.32
144 0.323
145 0.325
146 0.328
147 0.329
148 0.324
149 0.323
150 0.319
151 0.316
152 0.318
153 0.323
154 0.328
155 0.32
156 0.314
157 0.318
158 0.321
159 0.324
160 0.325
161 0.324
162 0.328
163 0.328
164 0.325
165 0.318
166 0.317
167 0.32
168 0.319
169 0.322
170 0.324
171 0.327
172 0.326
173 0.322
174 0.321
175 0.321
176 0.325
177 0.329
178 0.327
179 0.325
180 0.327
181 0.328
182 0.325
183 0.323
184 0.324
185 0.323
186 0.328
187 0.325
188 0.317
189 0.323
190 0.327
191 0.325
192 0.321
193 0.314
194 0.315
195 0.322
196 0.324
197 0.323
198 0.32
199 0.321
200 0.319
201 0.315
202 0.319
203 0.322
204 0.323
205 0.32
206 0.321
207 0.322
208 0.318
209 0.315
210 0.316
211 0.32
212 0.321
213 0.322
214 0.323
215 0.318
216 0.32
217 0.325
218 0.324
219 0.325
220 0.325
221 0.324
222 0.327
223 0.327
224 0.322
225 0.327
226 0.334
227 0.33
228 0.332
229 0.334
230 0.332
231 0.332
232 0.335
233 0.338
234 0.335
235 0.33
236 0.328
237 0.334
238 0.328
239 0.328
240 0.341
241 0.343
242 0.346
243 0.355
244 0.363
245 0.36
246 0.355
247 0.351
248 0.354
249 0.359
250 0.362
251 0.36
252 0.356
253 0.357
254 0.359
255 0.364
256 0.361
257 0.356
258 0.354
259 0.355
260 0.361
261 0.358
262 0.357
263 0.355
264 0.347
265 0.35
266 0.354
267 0.362
268 0.368
269 0.371
270 0.373
271 0.374
272 0.382
273 0.393
274 0.392
275 0.385
276 0.386
277 0.388
278 0.392
279 0.391
280 0.391
281 0.397
282 0.394
283 0.391
284 0.388
285 0.382
286 0.383
287 0.384
288 0.378
289 0.373
290 0.368
291 0.363
292 0.367
293 0.373
294 0.373
295 0.373
296 0.375
297 0.373
298 0.376
299 0.375
300 0.372
301 0.374
302 0.373
303 0.38
304 0.384
305 0.378
306 0.375
307 0.374
308 0.369
309 0.367
310 0.364
311 0.354
312 0.35
313 0.343
314 0.333
315 0.327
316 0.325
317 0.325
318 0.324
319 0.32
320 0.315
321 0.314
322 0.312
323 0.308
324 0.305
325 0.304
326 0.308
327 0.304
328 0.301
329 0.308
330 0.311
331 0.313
332 0.313
333 0.308
334 0.308
335 0.309
336 0.305
337 0.303
338 0.304
339 0.302
340 0.3
341 0.297
342 0.298
343 0.3
344 0.298
345 0.296
346 0.292
347 0.292
348 0.294
349 0.295
350 0.3
351 0.3
352 0.301
353 0.302
354 0.299
355 0.3
356 0.301
357 0.296
358 0.296
359 0.297
360 0.298
361 0.296
362 0.295
363 0.299
364 0.295
365 0.287
366 0.288
367 0.294
368 0.296
369 0.296
370 0.298
371 0.299
372 0.299
373 0.296
374 0.289
375 0.288
376 0.286
377 0.284
378 0.287
379 0.287
380 0.288
381 0.291
382 0.296
383 0.293
384 0.291
385 0.291
386 0.291
387 0.291
388 0.288
389 0.287
390 0.286
391 0.284
392 0.282
393 0.279
394 0.278
395 0.276
396 0.267
397 0.26
398 0.26
399 0.257
400 0.258
401 0.263
402 0.259
403 0.254
404 0.25
405 0.245
406 0.248
407 0.256
408 0.253
409 0.26
410 0.275
411 0.29
412 0.312
413 0.337
414 0.365
415 0.392
416 0.432
417 0.476
418 0.512
419 0.548
420 0.584
421 0.62
422 0.652
423 0.687
424 0.729
425 0.762
426 0.798
427 0.841
428 0.872
429 0.895
430 0.917
431 0.93
432 0.94
433 0.952
434 0.952
435 0.947
436 0.942
437 0.937
438 0.933
439 0.923
440 0.919
441 0.92
442 0.91
443 0.878
444 0.833
445 0.777
446 0.714
447 0.648
448 0.579
449 0.522
450 0.469
451 0.402
452 0.346
453 0.301
454 0.251
455 0.215
456 0.197
457 0.175
458 0.148
459 0.134
460 0.137
461 0.14
462 0.138
463 0.14
464 0.147
465 0.154
466 0.161
467 0.172
468 0.183
469 0.193
470 0.204
471 0.217
472 0.231
473 0.249
474 0.263
475 0.271
476 0.279
477 0.286
478 0.293
479 0.298
480 0.299
481 0.3
482 0.304
483 0.309
484 0.311
485 0.313
486 0.32
487 0.321
488 0.318
489 0.319
490 0.319
491 0.321
492 0.321
493 0.322
494 0.321
495 0.318
496 0.321
497 0.321
498 0.328
499 0.328
500 0.323
501 0.328
502 0.324
503 0.322
504 0.33
505 0.335
506 0.33
507 0.325
508 0.329
509 0.33
510 0.331
511 0.334
512 0.339
513 0.341
514 0.343
515 0.343
516 0.338
517 0.337
518 0.334
519 0.333
520 0.327
521 0.33
522 0.343
523 0.347
524 0.35
525 0.354
526 0.356
527 0.35
528 0.343
529 0.342
530 0.349
531 0.356
532 0.353
533 0.354
534 0.355
535 0.356
536 0.354
537 0.355
538 0.356
539 0.353
540 0.354
541 0.354
542 0.358
543 0.362
544 0.359
545 0.359
546 0.361
547 0.353
548 0.354
549 0.358
550 0.355
551 0.35
552 0.351
553 0.361
554 0.369
555 0.371
556 0.367
557 0.369
558 0.368
559 0.364
560 0.367
561 0.368
562 0.367
563 0.377
564 0.381
565 0.37
566 0.366
567 0.372
568 0.38
569 0.377
570 0.376
571 0.374
572 0.369
573 0.378
574 0.383
575 0.378
576 0.378
577 0.38
578 0.383
579 0.385
580 0.383
581 0.385
582 0.391
583 0.386
584 0.381
585 0.386
586 0.39
587 0.392
588 0.394
589 0.394
590 0.394
591 0.394
592 0.394
593 0.396
594 0.396
595 0.397
596 0.398
597 0.4
598 0.399
599 0.397
600 0.403
601 0.407
602 0.404
603 0.404
604 0.406
605 0.408
606 0.412
607 0.41
608 0.406
609 0.411
610 0.415
611 0.414
612 0.413
613 0.417
614 0.421
615 0.423
616 0.423
617 0.423
618 0.421
619 0.425
620 0.428
621 0.436
622 0.439
623 0.439
624 0.443
625 0.442
626 0.441
627 0.442
628 0.439
629 0.435
630 0.433
631 0.444
632 0.46
633 0.459
634 0.453
635 0.453
636 0.458
637 0.46
638 0.463
639 0.469
640 0.471
641 0.471
642 0.473
643 0.479
644 0.475
645 0.476
646 0.483
647 0.485
648 0.485
649 0.486
650 0.489
651 0.488
652 0.493
653 0.499
654 0.504
655 0.507
656 0.503
657 0.512
658 0.517
659 0.516
660 0.515
661 0.521
662 0.526
663 0.53
664 0.537
665 0.54
666 0.541
667 0.542
668 0.549
669 0.549
670 0.553
671 0.561
672 0.564
673 0.569
674 0.573
675 0.577
676 0.578
677 0.58
678 0.583
679 0.587
680 0.59
681 0.592
682 0.593
683 0.603
684 0.61
685 0.607
686 0.61
687 0.615
688 0.618
689 0.624
690 0.627
691 0.632
692 0.633
693 0.635
694 0.64
695 0.639
696 0.637
697 0.643
698 0.646
699 0.649
700 0.653
701 0.662
702 0.667
703 0.662
704 0.661
705 0.666
706 0.666
707 0.665
708 0.667
709 0.669
710 0.673
711 0.675
712 0.673
713 0.674
714 0.675
715 0.678
716 0.679
717 0.674
718 0.678
719 0.687
720 0.686
721 0.679
722 0.674
723 0.668
724 0.667
725 0.676
726 0.678
727 0.673
728 0.667
729 0.661
730 0.662
731 0.66
732 0.649
733 0.646
734 0.646
735 0.647
736 0.644
737 0.638
738 0.633
739 0.621
740 0.616
741 0.61
742 0.602
743 0.605
744 0.603
745 0.593
746 0.579
747 0.571
748 0.564
749 0.557
750 0.554
751 0.545
752 0.54
753 0.531
754 0.524
755 0.517
756 0.509
757 0.505
758 0.5
759 0.493
760 0.476
761 0.466
762 0.471
763 0.469
764 0.464
765 0.46
766 0.45
767 0.444
768 0.442
769 0.433
770 0.429
771 0.431
772 0.426
773 0.416
774 0.405
775 0.398
776 0.399
777 0.396
778 0.391
779 0.391
780 0.39
781 0.388
782 0.386
783 0.383
784 0.381
785 0.376
786 0.372
787 0.368
788 0.364
789 0.366
790 0.367
791 0.362
792 0.361
793 0.359
794 0.352
795 0.35
796 0.347
797 0.349
798 0.352
799 0.35
800 0.349
801 0.346
802 0.341
803 0.346
804 0.349
805 0.345
806 0.347
807 0.345
808 0.34
809 0.339
810 0.344
811 0.343
812 0.345
813 0.345
814 0.337
815 0.338
816 0.337
817 0.335
818 0.339
819 0.343
820 0.344
821 0.34
822 0.337
823 0.333
824 0.324
825 0.327
826 0.339
827 0.342
828 0.338
829 0.339
830 0.337
831 0.338
832 0.335
833 0.328
834 0.335
835 0.34
836 0.34
837 0.341
838 0.341
839 0.342
840 0.341
841 0.339
842 0.338
843 0.335
844 0.331
845 0.333
846 0.343
847 0.339
848 0.336
849 0.334
850 0.326
851 0.33
852 0.334
853 0.341
854 0.342
855 0.338
856 0.341
857 0.341
858 0.344
859 0.346
860 0.344
861 0.341
862 0.339
863 0.337
864 0.338
865 0.339
866 0.336
867 0.335
868 0.336
869 0.336
870 0.336
871 0.337
872 0.341
873 0.341
874 0.341
875 0.34
876 0.337
877 0.335
878 0.333
879 0.333
880 0.333
881 0.33
882 0.333
883 0.337
884 0.335
885 0.336
886 0.336
887 0.338
888 0.337
889 0.331
890 0.33
891 0.334
892 0.336
893 0.336
894 0.333
895 0.333
896 0.336
897 0.338
898 0.339
899 0.339
900 0.336
901 0.336
902 0.337
903 0.338
904 0.332
905 0.331
906 0.341
907 0.341
908 0.339
909 0.341
910 0.342
911 0.342
912 0.341
913 0.34
914 0.338
915 0.337
916 0.333
917 0.335
918 0.343
919 0.344
920 0.344
921 0.34
922 0.341
923 0.342
924 0.339
925 0.339
926 0.342
927 0.339
928 0.337
929 0.337
930 0.329
931 0.334
932 0.335
933 0.335
934 0.342
935 0.339
936 0.341
937 0.34
938 0.34
939 0.336
940 0.334
941 0.339
942 0.34
943 0.34
944 0.338
945 0.338
946 0.329
947 0.326
948 0.34
949 0.346
950 0.343
951 0.338
952 0.339
953 0.339
954 0.333
955 0.335
956 0.34
957 0.333
958 0.336
959 0.341
960 0.342
961 0.344
962 0.342
963 0.338
964 0.335
965 0.338
966 0.341
967 0.336
968 0.334
969 0.335
970 0.333
971 0.334
972 0.337
973 0.336
974 0.333
975 0.335
976 0.337
977 0.336
978 0.336
979 0.336
980 0.337
981 0.336
982 0.334
983 0.332
984 0.33
985 0.33
986 0.329
987 0.333
988 0.333
989 0.326
990 0.326
991 0.328
992 0.331
993 0.332
994 0.335
995 0.337
996 0.335
997 0.335
998 0.331
999 0.332
1000 0.331
1001 0.328
1002 0.324
1003 0.331
1004 0.335
1005 0.328
1006 0.324
1007 0.323
1008 0.329
1009 0.332
1010 0.329
1011 0.33
1012 0.332
1013 0.329
1014 0.328
1015 0.327
1016 0.32
1017 0.318
1018 0.326
1019 0.331
1020 0.327
1021 0.327
1022 0.33
1023 0.329
1024 0.328
1025 0.329
1026 0.329
1027 0.328
1028 0.33
1029 0.328
1030 0.324
1031 0.321
1032 0.32
1033 0.32
1034 0.323
1035 0.324
1036 0.327
1037 0.33
1038 0.329
1039 0.329
1040 0.33
1041 0.326
1042 0.326
1043 0.324
1044 0.322
1045 0.329
1046 0.33
1047 0.328
1048 0.331
1049 0.329
1050 0.33
1051 0.326
1052 0.323
1053 0.326
1054 0.322
1055 0.318
1056 0.317
1057 0.326
1058 0.331
1059 0.322
1060 0.32
1061 0.324
1062 0.331
1063 0.328
1064 0.326
1065 0.329
1066 0.321
1067 0.32
1068 0.322
1069 0.327
1070 0.329
1071 0.323
1072 0.326
1073 0.33
1074 0.326
1075 0.325
1076 0.324
1077 0.324
1078 0.325
1079 0.326
1080 0.326
1081 0.322
1082 0.323
1083 0.324
1084 0.325
1085 0.325
1086 0.32
1087 0.319
1088 0.32
1089 0.321
1090 0.322
1091 0.323
1092 0.323
1093 0.324
1094 0.324
1095 0.323
1096 0.319
1097 0.319
1098 0.318
1099 0.318
1100 0.322
1101 0.317
1102 0.316
1103 0.326
1104 0.327
1105 0.32
1106 0.319
1107 0.324
1108 0.322
1109 0.32
1110 0.318
1111 0.318
1112 0.321
1113 0.32
1114 0.316
1115 0.314
1116 0.325
1117 0.328
1118 0.324
1119 0.324
1120 0.324
1121 0.325
1122 0.324
1123 0.324
1124 0.322
1125 0.319
1126 0.319
1127 0.317
1128 0.323
1129 0.33
1130 0.328
1131 0.326
1132 0.324
1133 0.322
1134 0.322
1135 0.323
1136 0.323
1137 0.322
1138 0.319
1139 0.31
1140 0.31
1141 0.319
1142 0.323
1143 0.322
1144 0.319
1145 0.318
1146 0.322
1147 0.324
1148 0.324
1149 0.328
1150 0.326
1151 0.322
1152 0.32
1153 0.32
1154 0.32
1155 0.317
1156 0.317
1157 0.323
1158 0.322
1159 0.319
1160 0.32
1161 0.319
1162 0.32
1163 0.323
1164 0.322
1165 0.312
1166 0.31
1167 0.316
1168 0.324
1169 0.327
1170 0.32
1171 0.311
1172 0.313
1173 0.32
1174 0.32
1175 0.318
1176 0.319
1177 0.321
1178 0.318
1179 0.314
1180 0.316
1181 0.319
1182 0.317
1183 0.322
1184 0.323
1185 0.326
1186 0.321
1187 0.314
1188 0.316
1189 0.321
1190 0.325
1191 0.322
1192 0.321
1193 0.318
1194 0.316
1195 0.319
1196 0.32
1197 0.318
1198 0.319
1199 0.32
1200 0.319
1201 0.32
1202 0.319
1203 0.319
1204 0.322
1205 0.32
1206 0.32
1207 0.32
1208 0.317
1209 0.319
1210 0.32
1211 0.32
1212 0.322
1213 0.322
1214 0.323
1215 0.32
1216 0.318
1217 0.318
1218 0.319
1219 0.32
1220 0.318
1221 0.317
1222 0.314
1223 0.312
1224 0.321
1225 0.323
1226 0.323
1227 0.323
1228 0.327
1229 0.332
1230 0.329
1231 0.331
1232 0.331
1233 0.331
1234 0.331
1235 0.328
1236 0.332
1237 0.333
1238 0.335
1239 0.337
1240 0.335
1241 0.342
1242 0.347
1243 0.347
1244 0.346
1245 0.352
1246 0.355
1247 0.356
1248 0.357
1249 0.358
1250 0.361
1251 0.36
1252 0.358
1253 0.359
1254 0.364
1255 0.364
1256 0.361
1257 0.36
1258 0.36
1259 0.356
1260 0.351
1261 0.353
1262 0.357
1263 0.357
1264 0.358
1265 0.361
1266 0.363
1267 0.361
1268 0.366
1269 0.374
1270 0.377
1271 0.381
1272 0.382
1273 0.386
1274 0.386
1275 0.386
1276 0.382
1277 0.379
1278 0.392
1279 0.396
1280 0.394
1281 0.393
1282 0.388
1283 0.387
1284 0.391
1285 0.394
1286 0.393
1287 0.386
1288 0.379
1289 0.374
1290 0.366
1291 0.365
1292 0.377
1293 0.372
1294 0.367
1295 0.373
1296 0.372
1297 0.376
1298 0.38
1299 0.38
1300 0.374
1301 0.37
1302 0.375
1303 0.381
1304 0.381
1305 0.376
1306 0.373
1307 0.367
1308 0.364
1309 0.364
1310 0.365
1311 0.365
1312 0.35
1313 0.338
1314 0.335
1315 0.337
1316 0.333
1317 0.327
1318 0.324
1319 0.322
1320 0.317
1321 0.311
1322 0.309
1323 0.308
1324 0.309
1325 0.301
1326 0.299
1327 0.303
1328 0.299
1329 0.302
1330 0.304
1331 0.302
1332 0.297
1333 0.3
1334 0.302
1335 0.294
1336 0.296
1337 0.303
1338 0.306
1339 0.305
1340 0.302
1341 0.296
1342 0.294
1343 0.295
1344 0.29
1345 0.289
1346 0.295
1347 0.3
1348 0.298
1349 0.297
1350 0.293
1351 0.289
1352 0.288
1353 0.289
1354 0.292
1355 0.293
1356 0.297
1357 0.295
1358 0.292
1359 0.296
1360 0.293
1361 0.292
1362 0.286
1363 0.284
1364 0.289
1365 0.29
1366 0.292
1367 0.293
1368 0.291
1369 0.288
1370 0.291
1371 0.292
1372 0.288
1373 0.287
1374 0.29
1375 0.292
1376 0.287
1377 0.287
1378 0.287
1379 0.286
1380 0.288
1381 0.288
1382 0.286
1383 0.286
1384 0.289
1385 0.286
1386 0.282
1387 0.282
1388 0.287
1389 0.284
1390 0.279
1391 0.273
1392 0.269
1393 0.265
1394 0.264
1395 0.269
1396 0.262
1397 0.259
1398 0.255
1399 0.251
1400 0.254
1401 0.251
1402 0.248
1403 0.249
1404 0.248
1405 0.242
1406 0.248
1407 0.257
1408 0.262
1409 0.271
1410 0.278
1411 0.302
1412 0.329
1413 0.352
1414 0.384
1415 0.414
1416 0.452
1417 0.492
1418 0.528
1419 0.567
1420 0.611
1421 0.654
1422 0.686
1423 0.717
1424 0.757
1425 0.799
1426 0.84
1427 0.882
1428 0.919
1429 0.939
1430 0.959
1431 0.974
1432 0.977
1433 0.984
1434 0.98
1435 0.968
1436 0.965
1437 0.965
1438 0.966
1439 0.963
1440 0.956
1441 0.948
1442 0.926
1443 0.884
1444 0.829
1445 0.769
1446 0.707
1447 0.635
1448 0.564
1449 0.507
1450 0.448
1451 0.376
1452 0.318
1453 0.276
1454 0.228
1455 0.194
1456 0.174
1457 0.146
1458 0.123
1459 0.119
1460 0.126
1461 0.128
1462 0.132
1463 0.133
1464 0.141
1465 0.152
1466 0.158
1467 0.172
1468 0.183
1469 0.199
1470 0.209
1471 0.211
1472 0.231
1473 0.248
1474 0.258
1475 0.272
1476 0.28
1477 0.283
1478 0.29
1479 0.299
1480 0.302
1481 0.304
1482 0.305
1483 0.306
1484 0.31
1485 0.31
1486 0.319
1487 0.323
1488 0.322
1489 0.321
1490 0.319
1491 0.319
1492 0.316
1493 0.317
1494 0.321
1495 0.323
1496 0.322
1497 0.32
1498 0.321
1499 0.327
1500 0.328
1501 0.327
1502 0.332
1503 0.335
1504 0.337
1505 0.337
1506 0.335
1507 0.333
1508 0.333
1509 0.336
1510 0.337
1511 0.336
1512 0.332
1513 0.332
1514 0.334
1515 0.331
1516 0.324
1517 0.329
1518 0.35
1519 0.355
1520 0.352
1521 0.351
1522 0.348
1523 0.344
1524 0.344
1525 0.345
1526 0.349
1527 0.355
1528 0.352
1529 0.35
1530 0.352
1531 0.354
1532 0.355
1533 0.351
1534 0.349
1535 0.351
1536 0.354
1537 0.359
1538 0.361
1539 0.36
1540 0.357
1541 0.353
1542 0.358
1543 0.359
1544 0.359
1545 0.361
1546 0.356
1547 0.356
1548 0.367
1549 0.37
1550 0.371
1551 0.367
1552 0.365
1553 0.369
1554 0.368
1555 0.367
1556 0.369
1557 0.372
1558 0.371
1559 0.368
1560 0.369
1561 0.377
1562 0.376
1563 0.371
1564 0.37
1565 0.373
1566 0.379
1567 0.376
1568 0.376
1569 0.379
1570 0.379
1571 0.383
1572 0.388
1573 0.388
1574 0.385
1575 0.382
1576 0.388
1577 0.392
1578 0.386
1579 0.386
1580 0.387
1581 0.388
1582 0.385
1583 0.38
1584 0.387
1585 0.399
1586 0.4
1587 0.392
1588 0.391
1589 0.398
1590 0.401
1591 0.399
1592 0.396
1593 0.394
1594 0.398
1595 0.401
1596 0.403
1597 0.403
1598 0.406
1599 0.41
1600 0.41
1601 0.41
1602 0.409
1603 0.41
1604 0.412
1605 0.411
1606 0.415
1607 0.415
1608 0.411
1609 0.409
1610 0.413
1611 0.418
1612 0.419
1613 0.424
1614 0.427
1615 0.427
1616 0.431
1617 0.436
1618 0.434
1619 0.431
1620 0.435
1621 0.442
1622 0.441
1623 0.441
1624 0.447
1625 0.446
1626 0.446
1627 0.444
1628 0.445
1629 0.449
1630 0.455
1631 0.461
1632 0.46
1633 0.462
1634 0.46
1635 0.458
1636 0.462
1637 0.467
1638 0.468
1639 0.471
1640 0.473
1641 0.477
1642 0.483
1643 0.484
1644 0.481
1645 0.477
1646 0.478
1647 0.482
1648 0.488
1649 0.495
1650 0.499
1651 0.498
1652 0.495
1653 0.499
1654 0.507
1655 0.514
1656 0.518
1657 0.523
1658 0.529
1659 0.528
1660 0.529
1661 0.532
1662 0.535
1663 0.538
1664 0.54
1665 0.542
1666 0.546
1667 0.555
1668 0.559
1669 0.559
1670 0.565
1671 0.568
1672 0.571
1673 0.573
1674 0.576
1675 0.582
1676 0.578
1677 0.575
1678 0.586
1679 0.597
1680 0.6
1681 0.595
1682 0.599
1683 0.612
1684 0.615
1685 0.616
1686 0.616
1687 0.618
1688 0.619
1689 0.618
1690 0.627
1691 0.632
1692 0.637
1693 0.648
1694 0.654
1695 0.655
1696 0.659
1697 0.66
1698 0.657
1699 0.661
1700 0.663
1701 0.66
1702 0.663
1703 0.665
1704 0.666
1705 0.67
1706 0.672
1707 0.666
1708 0.673
1709 0.685
1710 0.686
1711 0.688
1712 0.684
1713 0.687
1714 0.691
1715 0.683
1716 0.68
1717 0.685
1718 0.69
1719 0.688
1720 0.688
1721 0.685
1722 0.688
1723 0.69
1724 0.685
1725 0.685
1726 0.684
1727 0.68
1728 0.676
1729 0.678
1730 0.668
1731 0.662
1732 0.658
1733 0.647
1734 0.649
1735 0.651
1736 0.646
1737 0.638
1738 0.631
1739 0.63
1740 0.625
1741 0.616
1742 0.608
1743 0.599
1744 0.59
1745 0.584
1746 0.578
1747 0.571
1748 0.566
1749 0.554
1750 0.547
1751 0.54
1752 0.534
1753 0.532
1754 0.526
1755 0.518
1756 0.509
1757 0.503
1758 0.497
1759 0.489
1760 0.482
1761 0.475
1762 0.462
1763 0.452
1764 0.456
1765 0.456
1766 0.451
1767 0.447
1768 0.439
1769 0.43
1770 0.426
1771 0.422
1772 0.414
1773 0.409
1774 0.405
1775 0.397
1776 0.39
1777 0.387
1778 0.389
1779 0.389
1780 0.386
1781 0.38
1782 0.377
1783 0.38
1784 0.375
1785 0.371
1786 0.371
1787 0.366
1788 0.362
1789 0.361
1790 0.36
1791 0.361
1792 0.358
1793 0.359
1794 0.356
1795 0.357
1796 0.356
1797 0.348
1798 0.352
1799 0.349
1800 0.35
1801 0.35
1802 0.343
1803 0.344
1804 0.34
1805 0.334
1806 0.339
1807 0.339
1808 0.339
1809 0.344
1810 0.339
1811 0.336
1812 0.337
1813 0.341
1814 0.34
1815 0.335
1816 0.337
1817 0.334
1818 0.334
1819 0.332
1820 0.33
1821 0.335
1822 0.337
1823 0.337
1824 0.335
1825 0.336
1826 0.342
1827 0.338
1828 0.336
1829 0.339
1830 0.339
1831 0.342
1832 0.343
1833 0.341
1834 0.339
1835 0.336
1836 0.336
1837 0.333
1838 0.332
1839 0.332
1840 0.326
1841 0.327
1842 0.336
1843 0.334
1844 0.324
1845 0.323
1846 0.33
1847 0.332
1848 0.329
1849 0.331
1850 0.334
1851 0.334
1852 0.334
1853 0.333
1854 0.331
1855 0.328
1856 0.33
1857 0.331
1858 0.325
1859 0.327
1860 0.331
1861 0.332
1862 0.335
1863 0.336
1864 0.331
1865 0.329
1866 0.327
1867 0.325
1868 0.334
1869 0.332
1870 0.33
1871 0.336
1872 0.334
1873 0.334
1874 0.33
1875 0.326
1876 0.328
1877 0.329
1878 0.33
1879 0.33
1880 0.332
1881 0.332
1882 0.328
1883 0.33
1884 0.334
1885 0.336
1886 0.332
1887 0.327
1888 0.33
1889 0.332
1890 0.334
1891 0.331
1892 0.33
1893 0.335
1894 0.332
1895 0.329
1896 0.333
1897 0.334
1898 0.334
1899 0.332
1900 0.329
1901 0.331
1902 0.332
1903 0.332
1904 0.329
1905 0.327
1906 0.333
1907 0.341
1908 0.339
1909 0.333
1910 0.332
1911 0.332
1912 0.332
1913 0.331
1914 0.33
1915 0.33
1916 0.332
1917 0.334
1918 0.337
1919 0.339
1920 0.339
1921 0.338
1922 0.34
1923 0.341
1924 0.336
1925 0.332
1926 0.33
1927 0.332
1928 0.336
1929 0.34
1930 0.335
1931 0.334
1932 0.339
1933 0.34
1934 0.336
1935 0.331
1936 0.336
1937 0.338
1938 0.334
1939 0.335
1940 0.341
1941 0.343
1942 0.337
1943 0.336
1944 0.337
1945 0.338
1946 0.34
1947 0.336
1948 0.334
1949 0.334
1950 0.333
1951 0.334
1952 0.338
1953 0.34
1954 0.338
1955 0.338
1956 0.335
1957 0.337
1958 0.343
1959 0.34
1960 0.336
1961 0.336
1962 0.336
1963 0.335
1964 0.334
1965 0.324
1966 0.324
1967 0.333
1968 0.333
1969 0.339
1970 0.341
1971 0.337
1972 0.336
1973 0.334
1974 0.33
1975 0.328
1976 0.328
1977 0.328
1978 0.329
1979 0.323
1980 0.32
1981 0.332
1982 0.34
1983 0.339
1984 0.333
1985 0.332
1986 0.334
1987 0.329
1988 0.33
1989 0.333
1990 0.333
1991 0.333
1992 0.332
1993 0.33
1994 0.33
1995 0.333
1996 0.332
1997 0.328
1998 0.324
1999 0.327
2000 0.334
2001 0.335
2002 0.329
2003 0.327
2004 0.33
2005 0.329
2006 0.326
2007 0.327
2008 0.33
2009 0.33
2010 0.327
2011 0.329
2012 0.329
2013 0.329
2014 0.326
2015 0.326
2016 0.33
2017 0.329
2018 0.324
2019 0.325
2020 0.326
2021 0.325
2022 0.319
2023 0.325
2024 0.331
2025 0.317
2026 0.322
2027 0.332
2028 0.33
2029 0.328
2030 0.326
2031 0.324
2032 0.32
2033 0.32
2034 0.325
2035 0.331
2036 0.331
2037 0.327
2038 0.327
2039 0.325
2040 0.324
2041 0.327
2042 0.323
2043 0.323
2044 0.322
2045 0.319
2046 0.317
2047 0.317
2048 0.322
2049 0.328
2050 0.328
2051 0.322
2052 0.319
2053 0.321
2054 0.325
2055 0.328
2056 0.327
2057 0.325
2058 0.317
2059 0.315
2060 0.319
2061 0.319
2062 0.319
2063 0.318
2064 0.32
2065 0.321
2066 0.32
2067 0.321
2068 0.318
2069 0.316
2070 0.32
2071 0.321
2072 0.319
2073 0.319
2074 0.317
2075 0.319
2076 0.322
2077 0.321
2078 0.32
2079 0.323
2080 0.322
2081 0.318
2082 0.316
2083 0.321
2084 0.326
2085 0.315
2086 0.307
2087 0.316
2088 0.322
2089 0.319
2090 0.319
2091 0.321
2092 0.32
2093 0.318
2094 0.318
2095 0.316
2096 0.314
2097 0.319
2098 0.322
2099 0.322
2100 0.32
2101 0.322
2102 0.324
2103 0.321
2104 0.319
2105 0.318
2106 0.317
2107 0.313
2108 0.311
2109 0.317
2110 0.315
2111 0.307
2112 0.309
2113 0.322
2114 0.328
2115 0.322
2116 0.318
2117 0.317
2118 0.316
2119 0.318
2120 0.313
2121 0.311
2122 0.319
2123 0.316
2124 0.311
2125 0.311
2126 0.318
2127 0.322
2128 0.32
2129 0.322
2130 0.323
2131 0.323
2132 0.322
2133 0.317
2134 0.319
2135 0.318
2136 0.315
2137 0.315
2138 0.311
2139 0.306
2140 0.306
2141 0.315
2142 0.321
2143 0.317
2144 0.315
2145 0.314
2146 0.32
2147 0.322
2148 0.316
2149 0.321
2150 0.32
2151 0.316
2152 0.317
2153 0.316
2154 0.316
2155 0.315
2156 0.317
2157 0.318
2158 0.32
2159 0.319
2160 0.319
2161 0.316
2162 0.314
2163 0.317
2164 0.314
2165 0.312
2166 0.31
2167 0.309
2168 0.312
2169 0.31
2170 0.304
2171 0.305
2172 0.313
2173 0.317
2174 0.317
2175 0.315
2176 0.309
2177 0.315
2178 0.32
2179 0.313
2180 0.315
2181 0.313
2182 0.311
2183 0.312
2184 0.313
2185 0.316
2186 0.317
2187 0.317
2188 0.318
2189 0.316
2190 0.314
2191 0.313
2192 0.314
2193 0.312
2194 0.314
2195 0.316
2196 0.314
2197 0.313
2198 0.308
2199 0.31
2200 0.31
2201 0.311
2202 0.313
2203 0.313
2204 0.315
2205 0.315
2206 0.313
2207 0.311
2208 0.311
2209 0.306
2210 0.3
2211 0.302
2212 0.317
2213 0.317
2214 0.307
2215 0.311
2216 0.312
2217 0.309
2218 0.307
2219 0.309
2220 0.312
2221 0.312
2222 0.307
2223 0.307
2224 0.314
2225 0.316
2226 0.313
2227 0.311
2228 0.308
2229 0.307
2230 0.308
2231 0.301
2232 0.3
2233 0.309
2234 0.315
2235 0.313
2236 0.313
2237 0.313
2238 0.313
2239 0.315
2240 0.313
2241 0.316
2242 0.313
2243 0.312
2244 0.318
2245 0.312
2246 0.307
2247 0.31
2248 0.317
2249 0.32
2250 0.319
2251 0.32
2252 0.321
2253 0.324
2254 0.326
2255 0.325
2256 0.325
2257 0.322
2258 0.32
2259 0.321
2260 0.325
2261 0.332
2262 0.339
2263 0.338
2264 0.335
2265 0.337
2266 0.339
2267 0.342
2268 0.345
2269 0.346
2270 0.347
2271 0.348
2272 0.349
2273 0.351
2274 0.35
2275 0.349
2276 0.348
2277 0.344
2278 0.344
2279 0.343
2280 0.346
2281 0.353
2282 0.351
2283 0.347
2284 0.346
2285 0.351
2286 0.361
2287 0.361
2288 0.359
2289 0.362
2290 0.363
2291 0.364
2292 0.372
2293 0.379
2294 0.377
2295 0.373
2296 0.376
2297 0.373
2298 0.37
2299 0.378
2300 0.384
2301 0.385
2302 0.381
2303 0.383
2304 0.388
2305 0.386
2306 0.382
2307 0.373
2308 0.362
2309 0.356
2310 0.358
2311 0.357
2312 0.353
2313 0.356
2314 0.358
2315 0.358
2316 0.364
2317 0.365
2318 0.366
2319 0.371
2320 0.368
2321 0.364
2322 0.364
2323 0.365
2324 0.367
2325 0.366
2326 0.364
2327 0.363
2328 0.361
2329 0.357
2330 0.351
2331 0.347
2332 0.343
2333 0.337
2334 0.33
2335 0.324
2336 0.32
2337 0.319
2338 0.315
2339 0.307
2340 0.293
2341 0.289
2342 0.294
2343 0.293
2344 0.292
2345 0.289
2346 0.285
2347 0.281
2348 0.284
2349 0.289
2350 0.29
2351 0.286
2352 0.282
2353 0.283
2354 0.29
2355 0.294
2356 0.289
2357 0.291
2358 0.293
2359 0.291
2360 0.285
2361 0.279
2362 0.279
2363 0.285
2364 0.29
2365 0.287
2366 0.287
2367 0.286
2368 0.286
2369 0.283
2370 0.282
2371 0.28
2372 0.273
2373 0.281
2374 0.284
2375 0.282
2376 0.287
2377 0.289
2378 0.287
2379 0.283
2380 0.281
2381 0.275
2382 0.275
2383 0.281
2384 0.284
2385 0.282
2386 0.277
2387 0.274
2388 0.275
2389 0.274
2390 0.276
2391 0.28
2392 0.28
2393 0.279
2394 0.277
2395 0.282
2396 0.276
2397 0.271
2398 0.279
2399 0.277
2400 0.277
2401 0.274
2402 0.269
2403 0.276
2404 0.28
2405 0.278
2406 0.277
2407 0.272
2408 0.273
2409 0.276
2410 0.276
2411 0.276
2412 0.267
2413 0.264
2414 0.265
2415 0.263
2416 0.264
2417 0.259
2418 0.257
2419 0.248
2420 0.244
2421 0.251
2422 0.244
2423 0.241
2424 0.24
2425 0.238
2426 0.239
2427 0.243
2428 0.248
2429 0.246
2430 0.252
2431 0.275
2432 0.296
2433 0.315
2434 0.345
2435 0.377
2436 0.411
2437 0.454
2438 0.489
2439 0.528
2440 0.566
2441 0.603
2442 0.648
2443 0.686
2444 0.726
2445 0.766
2446 0.804
2447 0.846
2448 0.884
2449 0.911
2450 0.929
2451 0.948
2452 0.959
2453 0.971
2454 0.979
2455 0.975
2456 0.963
2457 0.952
2458 0.952
2459 0.951
2460 0.949
2461 0.945
2462 0.931
2463 0.903
2464 0.859
2465 0.803
2466 0.743
2467 0.672
2468 0.6
2469 0.533
2470 0.48
2471 0.417
2472 0.347
2473 0.301
2474 0.256
2475 0.21
2476 0.181
2477 0.159
2478 0.133
2479 0.112
2480 0.11
2481 0.117
2482 0.117
2483 0.119
2484 0.123
2485 0.126
2486 0.136
2487 0.152
2488 0.163
2489 0.177
2490 0.189
2491 0.195
2492 0.209
2493 0.221
2494 0.239
2495 0.258
2496 0.262
2497 0.262
2498 0.265
2499 0.276
