0
1
2506
-3 0.00426969410558011
-2 0.026543103714729305
-1 0.07834649071241134
0 0.48180916849305166
1 0.5285476819306116
2 0.5450165518869714
3 0.550880949808727
4 0.5614126042704208
5 0.5633798055734636
6 0.5610361371436114
7 0.5550617146673573
8 0.5553684297046564
9 0.555141226414276
10 0.5550496433974151
11 0.5549263174373845
12 0.5528072319073908
13 0.555561492704892
14 0.5530857125050632
15 0.5486293620574936
16 0.5513171411761751
17 0.5516591076601873
18 0.5464453306162886
19 0.5386415228899932
20 0.5431071718585722
21 0.552136080922909
22 0.5494576003252367
23 0.5460561937740325
24 0.5449322120667134
25 0.5484216931312351
26 0.5518071595563017
27 0.5494638665284072
28 0.5447617157484387
29 0.5445692511937077
30 0.5471459129314066
31 0.5508407663589582
32 0.551955449545268
33 0.5466087241930361
34 0.5474079922665421
35 0.5495332432159598
36 0.5484658676969997
37 0.5497170076951858
38 0.5417242439177027
39 0.539567011932263
40 0.5466535979880518
41 0.5519869543955856
42 0.5532278585506591
43 0.548226095474919
44 0.5421343751489526
45 0.5420016498841659
46 0.5484444979060481
47 0.54938578976535
48 0.5408961279097598
49 0.5408803250927277
50 0.5501661219202386
51 0.5467959821264999
52 0.5368762219717962
53 0.5412921294006913
54 0.5412925048026491
55 0.5395924736229567
56 0.5420020102368184
57 0.5451734192726555
58 0.5430224534903865
59 0.5372961279097598
60 0.5463535095065757
61 0.5531751212184957
62 0.5467257689005905
63 0.5414301835465449
64 0.5403732819635498
65 0.5390436898003487
66 0.5393052929497798
67 0.5426498552197725
68 0.5435122337776606
69 0.5379886085948775
70 0.5368044114119097
71 0.5413112026284143
72 0.5430948624957775
73 0.5435618380082387
74 0.5453497056083964
75 0.5414529883213578
76 0.5362960555586705
77 0.5353840727702045
78 0.5348506155789238
79 0.5326208738043463
80 0.5337041894494442
81 0.5351631356829946
82 0.5359962051700466
83 0.5400193815187013
84 0.5439163368985921
85 0.542677729306747
86 0.5446067841543437
87 0.5505722835115463
88 0.5518195911788961
89 0.5479006675625492
90 0.5422514198565072
91 0.5375689407497662
92 0.5361675380266784
93 0.5312537486805091
94 0.53016089642155
95 0.5349168591648911
96 0.5379987436542437
97 0.5398549133107448
98 0.540290759374846
99 0.5422646880174585
100 0.5389236342510089
101 0.5377172307387327
102 0.5390339150936347
103 0.5415158607128875
104 0.5442007448228361
105 0.5378442882458532
106 0.5287836362383465
107 0.5316068125870012
108 0.545037423597178
109 0.5511914178691695
110 0.5508056522213508
111 0.5472939648275207
112 0.5446134257594721
113 0.5470358551323273
114 0.5422673599826449
115 0.5410140091556712
116 0.5363726722968561
117 0.5299117248947134
118 0.5284590448643336
119 0.5312408408722101
120 0.5382229361028389
121 0.5390510521107817
122 0.5309601644950558
123 0.5239487601935914
124 0.5361289304348333
125 0.5509079687430823
126 0.5508913293876934
127 0.543801711014066
128 0.5373410017047755
129 0.5378281250761688
130 0.542201815625929
131 0.5399113972393037
132 0.5445031298675407
133 0.5465370358929497
134 0.5407548398785742
135 0.5395206630630701
136 0.5336626868488661
137 0.5346766258064114
138 0.5404208126744464
139 0.538370404602754
140 0.5448318131412958
141 0.5433797466057262
142 0.5354085756627412
143 0.5349700726827591
144 0.5386144853413758
145 0.5418568533494371
146 0.5457757769657839
147 0.546719963833819
148 0.540641050532405
149 0.5379796704265206
150 0.5324381839563292
151 0.5287937712977125
152 0.5314553744471436
153 0.5376828523557353
154 0.5429664672235854
155 0.5338713145732815
156 0.5266838469796227
157 0.5307645668387397
158 0.5350021759785812
159 0.5393943413105599
160 0.5414181122766026
161 0.5411903105407175
162 0.5456524510057533
163 0.5452771958192587
164 0.5408184114993551
165 0.5320363773986263
166 0.5299906381961274
167 0.5330036071343265
168 0.5327473328659624
169 0.5368741484521145
170 0.5400571525721894
171 0.5437202630565713
172 0.5424698222876362
173 0.5376351843357333
174 0.5361038290967919
175 0.5365299004541795
176 0.5416739254085676
177 0.5466634949545657
178 0.5449830131883008
179 0.5429269008335835
180 0.5448663288333986
181 0.5456339912728405
182 0.5420400193831588
183 0.5394193203888011
184 0.5402623876261138
185 0.5395199638338191
186 0.5444881635888653
187 0.5408186495922073
188 0.5322409132232995
189 0.5385035910039396
190 0.543000744822836
191 0.5404458132287411
192 0.5347494959482015
193 0.5262926516669902
194 0.5273221553487155
195 0.5355675991565784
196 0.538687254699419
197 0.5378498401704671
198 0.5342878493168076
199 0.5344591821734392
200 0.531686684686572
201 0.5274357066020323
202 0.5319894300839288
203 0.5358865227729253
204 0.5373797315564206
205 0.5343540929027747
206 0.5350459751423879
207 0.5354097725537504
208 0.5304455424386462
209 0.5267380192956476
210 0.5279193214698824
211 0.532858212154093
212 0.5348628091086661
213 0.536343961671525
214 0.5372379458634771
215 0.5320994878830082
216 0.5345248273139018
217 0.5404272161867226
218 0.5402118460734322
219 0.5415854754932923
220 0.5417813112424607
221 0.5410356170394751
222 0.5442257239010775
223 0.5442699992505886
224 0.5396425540392396
225 0.5457503152750903
226 0.5541316174493252
227 0.5510988760541518
228 0.5535840555587364
229 0.5558457783693359
230 0.5540737135862103
231 0.554546955301842
232 0.5582418087293937
233 0.5614599119377706
234 0.5576927868139333
235 0.551477502435084
236 0.5486740128089624
237 0.5544319440236535
238 0.548850775330408
239 0.550476248242291
240 0.5663769502185773
241 0.5718735779430584
242 0.5785283126156979
243 0.591065055266975
244 0.601435389671603
245 0.5987067063978478
246 0.5925299073510436
247 0.5876923743904076
248 0.5912512321424819
249 0.5976679041951134
250 0.6016277319665339
251 0.5995338485583285
252 0.5950370701413897
253 0.5961264138968059
254 0.598902181794364
255 0.6044064956565718
256 0.6008318350874654
257 0.5945571868206295
258 0.591762483004454
259 0.5930006294599002
260 0.5996038236913854
261 0.5965843504571634
262 0.594529074640803
263 0.590863530284087
264 0.5816803031204654
265 0.5851223392085317
266 0.5915041502657138
267 0.6029725285012626
268 0.6123222973925228
269 0.6179080742615304
270 0.6220949830635314
271 0.6258326768567327
272 0.6373045635958248
273 0.6512279657350611
274 0.6512809411600768
275 0.643894144363012
276 0.6446461047691682
277 0.6472769538721975
278 0.6522852212439605
279 0.6522086045057749
280 0.6530356458825088
281 0.6595192607503587
282 0.6560959224880576
283 0.6515804311960484
284 0.6465443905210576
285 0.6387884889076164
286 0.638517471404124
287 0.6381139667286968
288 0.6298908515099424
289 0.6219875972296384
290 0.6143968630534048
291 0.6082323948454484
292 0.6127925218396211
293 0.6202420687684155
294 0.6214790032835469
295 0.6221420526380288
296 0.6244947449706789
297 0.6227639597445849
298 0.6258589750857834
299 0.6246716448012299
300 0.6214221740516411
301 0.6236895495706013
302 0.623859346659625
303 0.6323824345268033
304 0.6370848233996241
305 0.6303609601239889
306 0.6256752106065571
307 0.622720383624325
308 0.6156561261576448
309 0.6112012106939366
310 0.6050473386817452
311 0.5911782461676394
312 0.5827859323053661
313 0.5710969773352597
314 0.5565618031488335
315 0.546978427454917
316 0.5427822201319069
317 0.5414656580368047
318 0.539094490921936
319 0.5332494074667254
320 0.5262265303408231
321 0.5233630482825997
322 0.5195962835114147
323 0.5138776591178201
324 0.5095733302063069
325 0.5079347264425781
326 0.5116018065669021
327 0.5073539615839479
328 0.504694416904893
329 0.513012608594746
330 0.5176920919090071
331 0.5206506504383291
332 0.5204866584160771
333 0.5146727194585319
334 0.5137889711096925
335 0.5139191617183982
336 0.508942023794995
337 0.505986360274406
338 0.5061447853227388
339 0.5032208647453197
340 0.5001798844110406
341 0.49641252119435114
342 0.49714217448745246
343 0.49898024476369296
344 0.49634350485945095
345 0.4931858401702697
346 0.48811446231412486
347 0.4877768408720127
348 0.49037243852832885
349 0.49261728389068726
350 0.4989833778652783
351 0.5000313563292219
352 0.5015438764332926
353 0.5025767513094553
354 0.49935527690664094
355 0.4999935852757337
356 0.5004014199437551
357 0.4946632611860384
358 0.49416430463755523
359 0.4950552930370278
360 0.49602168623437104
361 0.49390222530241956
362 0.49272419353887564
363 0.49611362960388417
364 0.49074553446070074
365 0.4813565595320913
366 0.4821653642194588
367 0.4892741566045558
368 0.4927123603617857
369 0.4938075091839735
370 0.49653269900349095
371 0.49778000667084066
372 0.4971267320230726
373 0.49244387751437385
374 0.4832799466220219
375 0.4803944963273424
376 0.47722743233340514
377 0.4748398639559997
378 0.47808957279844083
379 0.47881259953571925
380 0.4809432801499505
381 0.4852853801149519
382 0.49121913652898475
383 0.4882946175060611
384 0.4857997640785094
385 0.48531698574901616
386 0.484935088957393
387 0.48436675572135734
388 0.48052047920325386
389 0.47854387859545516
390 0.4765105710155507
391 0.47333083730616665
392 0.4699868734816785
393 0.4655311214796135
394 0.46271494708873984
395 0.4580802367857476
396 0.4457457333959152
397 0.4356222739548952
398 0.4335833994010715
399 0.42984089942957115
400 0.43093327550282595
401 0.43588856744957316
402 0.43078847896809713
403 0.42360160981994294
404 0.4173531375223577
405 0.4113084867708886
406 0.4149342016037401
407 0.4248060556455896
408 0.4248455398661072
409 0.436942207244435
410 0.4600221930148955
411 0.4861823901979949
412 0.5220493747694829
413 0.5632631147918137
414 0.6097617923977605
415 0.6579866014099137
416 0.7219822821422994
417 0.7915231959412721
418 0.8529313806473419
419 0.9134810191263604
420 0.9733244225819004
421 1.0327351130749245
422 1.0881595617344253
423 1.1470899077702903
424 1.2135145372208596
425 1.2711458220963783
426 1.3316731534623418
427 1.39815812064836
428 1.4499928266270272
429 1.490084029917605
430 1.525465817336571
431 1.5487272960640395
432 1.566280047364427
433 1.5829723162271871
434 1.5844877463892963
435 1.5782540022775342
436 1.5704674323521324
437 1.5620308581896538
438 1.5542635845355213
439 1.5405710164500086
440 1.532982585263752
441 1.5286138295788387
442 1.5077361941084335
443 1.456335783376954
444 1.3830634419879508
445 1.2916637649086589
446 1.1885117842820263
447 1.080165084789913
448 0.9690951531649112
449 0.8715044529414978
450 0.7790356721269109
451 0.6735095385846347
452 0.5809824935542806
453 0.5028623432712128
454 0.42430253963421727
455 0.36509347490782773
456 0.32867298250491717
457 0.29140411902463703
458 0.2520233985806476
459 0.22999873210851043
460 0.22972264529285646
461 0.2324290214535566
462 0.23137623681131395
463 0.23533883733166733
464 0.24563967278894283
465 0.2571805758629351
466 0.26970948001807443
467 0.28704815887992746
468 0.30494250126236944
469 0.32220166837730396
470 0.3409831303030229
471 0.36262203112734137
472 0.38610167419308683
473 0.4136649321266823
474 0.4361977163592063
475 0.451123127060108
476 0.46472604833933584
477 0.4764976632072516
478 0.48746420493488984
479 0.4953837382179305
480 0.49839261525638745
481 0.501142546061294
482 0.5071581258347794
483 0.5143863753237117
484 0.5186232487089429
485 0.522825621451377
486 0.5316994766618189
487 0.5337423208555848
488 0.5309660918216276
489 0.5319894300839287
490 0.532280119260649
491 0.534761927570796
492 0.5351344250576633
493 0.536151497116794
494 0.5348661803031036
495 0.5317304988996839
496 0.5352765496272057
497 0.5365487355890501
498 0.5448415878480095
499 0.5454695230648839
500 0.5404163818981053
501 0.545081698946689
502 0.5410078587855528
503 0.5397623714957269
504 0.5492302597257506
505 0.5552306351277084
506 0.5500128884438675
507 0.5443696838974494
508 0.5483872932721846
509 0.5502282736064636
510 0.5526052307387984
511 0.5574081407968371
512 0.5643930087763988
513 0.5680239151812118
514 0.5707586416145908
515 0.5703861441277236
516 0.5641778767559605
517 0.5616234062982647
518 0.5570233489964809
519 0.5546649523808056
520 0.5484747843893031
521 0.5533563696559035
522 0.5698785025530411
523 0.5775666248129069
524 0.5833598174660156
525 0.5888768160929756
526 0.5907404638929619
527 0.5830924242991185
528 0.5743451289340392
529 0.5731987028045596
530 0.5818010793751097
531 0.5907438350873997
532 0.5889113317850785
533 0.5903952420475646
534 0.5916747688437888
535 0.5928272230835867
536 0.5908437578271127
537 0.5917819165848294
538 0.5926189557118237
539 0.5894199257311699
540 0.5905504117345117
541 0.5913647833957987
542 0.5966130610824947
543 0.6016057637300777
544 0.598920641527277
545 0.5985643222593997
546 0.5996956448010985
547 0.5907486813560142
548 0.5912003151878422
549 0.5948677707141242
550 0.5912709038157093
551 0.586002954455786
552 0.5883836581845162
553 0.6014884809296711
554 0.6127080630403413
555 0.6165217600769181
556 0.6128802574763399
557 0.6145136696681072
558 0.6129760482259952
559 0.6086208174091479
560 0.6117762863188473
561 0.6137211439834763
562 0.6144964318672136
563 0.626285406795823
564 0.6306881833728724
565 0.618636768756475
566 0.6139469122899953
567 0.6208762852377662
568 0.6304444415108497
569 0.6280782429243956
570 0.6264935519077862
571 0.6237275587169419
572 0.6189740298459346
573 0.6292976550287177
574 0.6355852111038525
575 0.6310620186248113
576 0.6312672536787356
577 0.6339706125709026
578 0.6380188902575985
579 0.6409145763953908
580 0.6396915335277257
581 0.6424862373439012
582 0.6488471397465306
583 0.6434908777804372
584 0.6382039925018963
585 0.6439519259663267
586 0.6495727011398899
587 0.6531687314999477
588 0.6562064414235358
589 0.6566989944597428
590 0.6568821604934646
591 0.6570399870962925
592 0.6573620438142248
593 0.6598409571156386
594 0.6603966206362276
595 0.6620036187658922
596 0.663601455683653
597 0.6660112303903667
598 0.6653382840693712
599 0.6640838736604939
600 0.6713536257500043
601 0.6764978887972446
602 0.6740466114899528
603 0.6744160766589815
604 0.6772170466783276
605 0.6803240325057215
606 0.6850548939110215
607 0.6831946173054725
608 0.6794013162123849
609 0.6852405946008238
610 0.6903534901068522
611 0.6902137628842849
612 0.690096480083878
613 0.6954774830353606
614 0.7011267307414029
615 0.7043724699439017
616 0.704915701841896
617 0.7050924643633415
618 0.7036366662806818
619 0.7091593176160025
620 0.714681883216882
621 0.7255003579991003
622 0.7308396202571524
623 0.732411519298515
624 0.7373033404082282
625 0.7366336644979236
626 0.7354492292221033
627 0.7357245767181902
628 0.731588462611029
629 0.726999963868124
630 0.726543984994396
631 0.7414644486429361
632 0.7616307561058385
633 0.7627443797102447
634 0.7569455078151213
635 0.7570977824933355
636 0.7632717873151535
637 0.7672561179791108
638 0.7725573710908225
639 0.7807520137770979
640 0.7845127504379645
641 0.7859137777590944
642 0.7891981396027439
643 0.7962690236252472
644 0.7931734098385441
645 0.7953927784609033
646 0.8040805726288904
647 0.8076832445940768
648 0.8088097609574764
649 0.8106921216325336
650 0.8147246972859441
651 0.8152892989748899
652 0.822643394030628
653 0.8315101464995424
654 0.8390699893202683
655 0.8439450337654868
656 0.8417271402173049
657 0.8528649997522691
658 0.8598853572713961
659 0.8603104547813212
660 0.8607110644480153
661 0.8688806057962494
662 0.8768503417553728
663 0.8841028560439897
664 0.8940718600766192
665 0.8993926626017585
666 0.902189525672057
667 0.9049651713098149
668 0.9139904496108086
669 0.9163389492599701
670 0.9231149514222643
671 0.9342683907307138
672 0.9404600337963932
673 0.9484011599139324
674 0.9549850729234532
675 0.961098263824118
676 0.9638041573723655
677 0.9674415680732017
678 0.9723107217172072
679 0.9783291964994257
680 0.9832743684361125
681 0.9873472497990918
682 0.9910786773891226
683 1.0043260001057779
684 1.0141625169664732
685 1.0131537846301948
686 1.0179283229395013
687 1.0251819118593268
688 1.0309063413196933
689 1.0397476170486082
690 1.0454029079142744
691 1.0526529883305569
692 1.0555291401042273
693 1.0591349451709988
694 1.0653627619561896
695 1.0652074700094423
696 1.0641742347806271
697 1.0717754428928257
698 1.077001529299519
699 1.0827160467440657
700 1.089914987162162
701 1.1020000809323054
702 1.1089189434187523
703 1.1045158064890508
704 1.1037483821424612
705 1.1092849151335433
706 1.1099319235781406
707 1.1095430248287368
708 1.1124513806819758
709 1.1158204458445056
710 1.1212392198494763
711 1.1241853467562035
712 1.1226439937670016
713 1.124083866772829
714 1.125798388045492
715 1.1294681401350022
716 1.1308166682168213
717 1.1263850587546407
718 1.1317531538978238
719 1.1421716325081588
720 1.141075409054762
721 1.1319839879515479
722 1.1240685401415014
723 1.1160855360214263
724 1.1149988491818912
725 1.1250854963675798
726 1.1274885286854184
727 1.1210684854383495
728 1.112454275690709
729 1.103903075643704
730 1.1026380289487459
731 1.0980188833699336
732 1.084048310872453
733 1.0786550993419228
734 1.0773169444123225
735 1.0772539561877408
736 1.072359225019989
737 1.0631296489871747
738 1.0537518686998348
739 1.0368706437858866
740 1.0271869849996047
741 1.0172910892016176
742 1.006484569856289
743 1.0072370128748978
744 1.0021194234586657
745 0.9871230637772445
746 0.9668917096193844
747 0.9528536565546118
748 0.9407663884810402
749 0.9294525879136816
750 0.9223671836995968
751 0.909092362297925
752 0.8994680673996294
753 0.8856124811393272
754 0.8737115122010625
755 0.8620032459103805
756 0.8497039789179559
757 0.8416614800275367
758 0.8320883767020919
759 0.8193197003248719
760 0.7962138925110652
761 0.7816346810679803
762 0.7841816332918753
763 0.7805121407712706
764 0.7730500463868294
765 0.7654377043267924
766 0.7512876973426803
767 0.7412561812711733
768 0.735583029118099
769 0.7233998480350718
770 0.7168505729774537
771 0.7164349970320846
772 0.7080010797854862
773 0.693156756689427
774 0.6770493231089858
775 0.6661145243245176
776 0.6645809947821476
777 0.6597464790900448
778 0.6531683711472953
779 0.6518963224945566
780 0.6498472120976201
781 0.6466957128278626
782 0.6432601659865136
783 0.6385143383025386
784 0.6344033104841131
785 0.6269354260822059
786 0.6203330533397717
787 0.614084104856482
788 0.6086492899416269
789 0.6099256685869601
790 0.6102543518607153
791 0.6041149849908003
792 0.6014346689662984
793 0.597308076423693
794 0.587986318928513
795 0.58406472334698
796 0.580149070141324
797 0.5821827380738807
798 0.5854544151527779
799 0.5831962008457215
800 0.5811789341757015
801 0.5769255222188278
802 0.5712913781005667
803 0.5765309557117578
804 0.580023569877865
805 0.5760690709875116
806 0.5774591016699084
807 0.5743651609599192
808 0.5683014369807272
809 0.566953385084613
810 0.5724199278933324
811 0.5720718325152553
812 0.5741184082561112
813 0.5732409261104423
814 0.5638238540513117
815 0.5635751436608741
816 0.5620061546775502
817 0.5603127651029862
818 0.5653841429591311
819 0.5705094700877543
820 0.5716996953810404
821 0.5665269598013211
822 0.56124815111177
823 0.5546902918116992
824 0.5443191208687143
825 0.5482282697783475
826 0.5626572550218898
827 0.5676204105057849
828 0.5641522992322147
829 0.5648031400076485
830 0.5621981430465764
831 0.5622652231709004
832 0.5581442983859611
833 0.5507351944758413
834 0.5586524161463482
835 0.5652997999929035
836 0.5666156478094488
837 0.5682891276179328
838 0.5685702801807914
839 0.5695366733781347
840 0.5680903968600312
841 0.5651978438238242
842 0.5629311675341154
843 0.5586717274669235
844 0.5542372079467043
845 0.557050984990603
846 0.5682145443091132
847 0.5643453622324501
848 0.5600257066896093
849 0.5561014541921953
850 0.5469150939269884
851 0.5514021984209598
852 0.5573641035401783
853 0.5664742224691575
854 0.5686526869364431
855 0.5650238540513118
856 0.5683840818292311
857 0.5691670859493061
858 0.5730540285296307
859 0.5754226609884188
860 0.5729088716422496
861 0.5687407764990662
862 0.565539074553226
863 0.562788545302815
864 0.563451955009949
865 0.5641311675341154
866 0.5606383152751561
867 0.5592078415740848
868 0.5600797567458341
869 0.5602471199625236
870 0.5607203616781554
871 0.562551805398573
872 0.5674938291843689
873 0.5680745940429991
874 0.5679734744122767
875 0.5662022461675079
876 0.5620056784918457
877 0.558765967399665
878 0.5558071707774909
879 0.5551665658451695
880 0.5547940683583024
881 0.5518724443441118
882 0.555507320388867
883 0.5603295267181754
884 0.5588890552668435
885 0.5602024692110548
886 0.5604424795259877
887 0.5623185589485685
888 0.5604968899348649
889 0.5534103038790762
890 0.5519924998934516
891 0.5564990530171039
892 0.559176834385525
893 0.5593124546590448
894 0.5561196908815615
895 0.5562901871998364
896 0.5600670870303873
897 0.5630098427426772
898 0.5645192297451624
899 0.5643930087763988
900 0.5609635050946736
901 0.5606570131009212
902 0.5614028446130127
903 0.5618518215289597
904 0.5553805009745987
905 0.5548528488500898
906 0.5662062158074501
907 0.5674466588261247
908 0.5660720555588021
909 0.5684313894965809
910 0.5697293760257178
911 0.5697449407498978
912 0.5683366733781348
913 0.566568340142099
914 0.5635530746406714
915 0.5615798452273103
916 0.5573320002443559
917 0.560325434818433
918 0.5700611924010582
919 0.572328244092725
920 0.5724983650090419
921 0.5680488942594532
922 0.5685987527132703
923 0.5692624005132568
924 0.5659933803502404
925 0.5658482234628591
926 0.5686655947447421
927 0.5650809213760697
928 0.56194897151974
929 0.5605852025410347
930 0.5516544173149404
931 0.5566349113834758
932 0.5585041261573818
933 0.5597981430465765
934 0.5679834721625373
935 0.5657221398032011
936 0.5679163920382133
937 0.5666254225161625
938 0.5658772944408429
939 0.5610708909285664
940 0.5588791583003295
941 0.5644341510243246
942 0.566091965324882
943 0.5661291228835601
944 0.5632245136267164
945 0.5615142000868477
946 0.5511210609074066
947 0.548628641352189
948 0.5650344502470769
949 0.5733047723494343
950 0.5708151104938443
951 0.5650045427307364
952 0.5649362406743931
953 0.5639893818411716
954 0.5573441937740983
955 0.5591764740328729
956 0.5642676243459919
957 0.5575055288804694
958 0.5612442822555744
959 0.5675698474770496
960 0.5697795787018007
961 0.572091128786525
962 0.5693506123356801
963 0.5641590416210898
964 0.5604325825594738
965 0.563385711423982
966 0.5663070973453203
967 0.5606634166131974
968 0.5577615650559813
969 0.5581538349998227
970 0.5560534472955944
971 0.5573447922196028
972 0.5606515834361075
973 0.5596503141940089
974 0.5565362256250875
975 0.558687054098251
976 0.5610303471261454
977 0.5602468818696714
978 0.5603035888417771
979 0.5603257951710854
980 0.561200605351568
981 0.5596880852474972
982 0.556757761157802
983 0.5536727435668641
984 0.5508026349528177
985 0.5504457021901303
986 0.5496179615841452
987 0.5537742235502388
988 0.5532692388914372
989 0.5452920398381339
990 0.544780651667056
991 0.5472852798013216
992 0.551484742485717
993 0.5538525384061481
994 0.558008201926737
995 0.5606164692985001
996 0.558484952145912
997 0.557780861327251
998 0.5529241543551452
999 0.5530759377983495
1000 0.5511252901162546
1001 0.5472817712977783
1002 0.5432232577679696
1003 0.5508974733310639
1004 0.5551168457815392
1005 0.5471396467282359
1006 0.5418912317324344
1007 0.5407483141064979
1008 0.547717977714532
1009 0.5517567187873665
1010 0.5492547626182873
1011 0.5503634176942788
1012 0.5522143957788184
1013 0.5486423921255927
1014 0.5464797304753394
1015 0.5438376616900304
1016 0.5354626257189662
1017 0.5334189449868433
1018 0.5427416763294858
1019 0.5491772843007348
1020 0.5458414221062466
1021 0.5460403909570003
1022 0.5492304978186028
1023 0.548355449545268
1024 0.5473415105877226
1025 0.5483176784917797
1026 0.5483459129314064
1027 0.5473257077706906
1028 0.5489713134922002
1029 0.5459842824303993
1030 0.5404643887947062
1031 0.5360217826937925
1032 0.5342787888886505
1033 0.5344430190037548
1034 0.5383301996769316
1035 0.5406317520113958
1036 0.5449830131883009
1037 0.5490093226385406
1038 0.5485003683397969
1039 0.5484721339001704
1040 0.5489997860246792
1041 0.544183983207647
1042 0.5432782666223515
1043 0.5407929498086612
1044 0.5391566426081609
1045 0.54717498390939
1046 0.5491640161397834
1047 0.547701338359143
1048 0.5508530606724471
1049 0.5486490337307213
1050 0.5489335424387121
1051 0.543877729306747
1052 0.5398482867549218
1053 0.5418354835584858
1054 0.5366791642906084
1055 0.5319259592468948
1056 0.5314896520463943
1057 0.5419712411411108
1058 0.5477725103832094
1059 0.5383737757971917
1060 0.5360712496152651
1061 0.540887803236213
1062 0.5491015041009061
1063 0.5466119795544214
1064 0.5441837451147947
1065 0.5460858631975206
1066 0.5368205896308996
1067 0.535222377311181
1068 0.5378056806540081
1069 0.5438974009799746
1070 0.5465119345549082
1071 0.5406562549039324
1072 0.5438650595913002
1073 0.5480593307037341
1074 0.5437798800867155
1075 0.5421220657861581
1076 0.540631990104248
1077 0.5405813112424607
1078 0.5418064125805021
1079 0.5428961317378761
1080 0.5425772081215292
1081 0.5380897282255999
1082 0.5389045610232858
1083 0.5400856251046684
1084 0.5411119956848083
1085 0.5405185611107313
1086 0.5345216942123163
1087 0.5327945032242065
1088 0.5337421985957846
1089 0.5351882370210359
1090 0.5367638676094886
1091 0.5382637179981125
1092 0.5386393485865648
1093 0.5398013394402243
1094 0.5395490348118026
1095 0.5377838346773521
1096 0.5327755673055891
1097 0.5319865350751959
1098 0.5307105167825149
1099 0.5307800307791729
1100 0.5348007732554936
1101 0.5299272896188932
1102 0.5297432870468146
1103 0.5409863731615492
1104 0.5425179664933429
1105 0.53507361113651
1106 0.533599338271632
1107 0.5385263957787525
1108 0.5363030575164514
1109 0.5336408408722101
1110 0.5310483763174791
1111 0.5309283207681393
1112 0.5339254868893064
1113 0.5325523336551508
1114 0.5282536725013036
1115 0.5270563444664899
1116 0.5398684195645485
1117 0.5443681080395256
1118 0.5407481982734457
1119 0.5405210957668118
1120 0.5403825804845592
1121 0.5413518686906356
1122 0.5401360658736034
1123 0.5395394981979411
1124 0.536596504392799
1125 0.5326179787956133
1126 0.5321981736413964
1127 0.5309406301309338
1128 0.5387182618879789
1129 0.5474467221181873
1130 0.5460344851064821
1131 0.5434229473240281
1132 0.5403730438706976
1133 0.5375720738513515
1134 0.5372468840318341
1135 0.5381848046966984
1136 0.5378467070688818
1137 0.5356526778774163
1138 0.5306324400194578
1139 0.5199489870652544
1140 0.5199898912203279
1141 0.530670211072946
1142 0.5363823311705177
1143 0.5359176522212851
1144 0.5326775807764521
1145 0.5317491967254493
1146 0.5365431686151308
1147 0.5396973248007688
1148 0.5406946244029254
1149 0.5450780896593993
1150 0.5425709419183585
1151 0.5374171422572566
1152 0.5342785507957982
1153 0.5334801192606491
1154 0.5329088910158803
1155 0.529668343385343
1156 0.5300281711567634
1157 0.5366886858551645
1158 0.5359683310830723
1159 0.5327122187283551
1160 0.5334074721624056
1161 0.5324915197339974
1162 0.5338362004356741
1163 0.5366948512745884
1164 0.5344091017571565
1165 0.5226552409661545
1166 0.5201761903556348
1167 0.5277392885377461
1168 0.537894613181736
1169 0.5414505759250773
1170 0.5329495570781015
1171 0.5221398831551344
1172 0.5237794607663256
1173 0.5316841500304913
1174 0.5325676602864784
1175 0.5309058763459787
1176 0.5319451547344177
1177 0.533663645647023
1178 0.5299656591178861
1179 0.5253295138310324
1180 0.5273322904080816
1181 0.5309731945631551
1182 0.5299968036155513
1183 0.5362015624837712
1184 0.5381247265301551
1185 0.54097346535325
1186 0.5346801192606491
1187 0.5264093360218924
1188 0.5284337054334399
1189 0.5346234122885434
1190 0.5396723457225276
1191 0.5366689133981901
1192 0.534774597286243
1193 0.530773865359749
1194 0.5283105167825147
1195 0.5314246053514364
1196 0.5326877158358183
1197 0.5308240680358317
1198 0.5319200533963764
1199 0.5330538098104092
1200 0.532137857382001
1201 0.5331453928272701
1202 0.5322199037850002
1203 0.5324503774860716
1204 0.5356874166130658
1205 0.5337008182550067
1206 0.533416770683415
1207 0.5330033690414743
1208 0.529753660199033
1209 0.5318696126274413
1210 0.5333127560439596
1211 0.5338839842887283
1212 0.5364038017452158
1213 0.5366564817755956
1214 0.5373924012718675
1215 0.5336757169169654
1216 0.5309567933006184
1217 0.5306569429119944
1218 0.5316959832075813
1219 0.5326116975431372
1220 0.5300538709403093
1221 0.5281408570025968
1222 0.5245784907469795
1223 0.5231475559095091
1224 0.5337361554361608
1225 0.5374085794908574
1226 0.5386171422572564
1227 0.5397756396566785
1228 0.5452010552667778
1229 0.5514882359399547
1230 0.5492360647925222
1231 0.5515538810804173
1232 0.5516898767558948
1233 0.5516363028853744
1234 0.5514752058718555
1235 0.5485855628936871
1236 0.5532340024940297
1237 0.555270580484625
1238 0.5583178270220746
1239 0.5613618031488335
1240 0.5608304194772347
1241 0.5698396568683439
1242 0.5768251383427158
1243 0.5783177486807064
1244 0.5786772160994745
1245 0.5863288649806081
1246 0.5910243892047538
1247 0.5933322077423882
1248 0.5953024048379109
1249 0.5971338485583284
1250 0.6006929444032548
1251 0.5998561433691129
1252 0.5979987617722972
1253 0.5995965986900579
1254 0.605394734830571
1255 0.6056787824021628
1256 0.6022172976844155
1257 0.6002882428368188
1258 0.5990101660737616
1259 0.5935156118689622
1260 0.5874585294948987
1261 0.5894515313652341
1262 0.5942832743084039
1263 0.5953499505981128
1264 0.5974114926176439
1265 0.6014571133884589
1266 0.6045106261290794
1267 0.6039728389452043
1268 0.611320905890624
1269 0.6223289502188403
1270 0.6282080731804491
1271 0.6344851187942602
1272 0.6372227552856777
1273 0.6424297534153423
1274 0.6428624663778583
1275 0.6424873119751104
1276 0.6381857558125301
1277 0.6362176322366894
1278 0.6515621945066822
1279 0.6576848212374616
1280 0.6562281715671396
1281 0.6543594329789385
1282 0.6482712211565151
1283 0.6470110056808663
1284 0.6516215734439741
1285 0.6550036686746029
1286 0.6529101456190497
1287 0.6430894315753864
1288 0.6322622567176635
1289 0.6235512723812009
1290 0.6132022927182187
1291 0.6118065942781559
1292 0.6244299363685732
1293 0.6197299813680865
1294 0.6146513634613087
1295 0.6210596743150345
1296 0.6212770171642601
1297 0.6267991923138762
1298 0.6317796006479702
1299 0.6315208925072722
1300 0.6244250079304742
1301 0.6199184548068218
1302 0.62576703171627
1303 0.6330302795097575
1304 0.6331907630284663
1305 0.626752021955632
1306 0.621327680976742
1307 0.6128809717548968
1308 0.6081569749982721
1309 0.607222071601941
1310 0.6070016321764891
1311 0.6039649818348043
1312 0.5840015120788514
1313 0.5669115070820769
1314 0.5604299256435931
1315 0.5603266317094424
1316 0.554333020172413
1317 0.5459488079401396
1318 0.5404643887947063
1319 0.5359558994604778
1320 0.5282984455125727
1321 0.5197915208150786
1322 0.5159169948080429
1323 0.513546203095132
1324 0.5130636478091856
1325 0.5034316667731634
1326 0.5002395014411848
1327 0.5038181316502334
1328 0.49997428900446395
1329 0.5033087011657851
1330 0.5053558904014509
1331 0.5028639319826324
1332 0.4972202512505096
1333 0.4997444137488972
1334 0.5012355640620163
1335 0.49289143449576506
1336 0.49549329835525185
1337 0.504057903872314
1338 0.5083424452775474
1339 0.5072086888635147
1340 0.5026934356643575
1341 0.4946946287272504
1342 0.490965873102406
1343 0.4906573226382775
1344 0.48490962726669934
1345 0.48421110342195767
1346 0.4915661723251583
1347 0.49793843171917335
1348 0.49622634431884427
1349 0.49422777547458946
1350 0.48853159550315545
1351 0.4829707977123888
1352 0.4812404736226936
1353 0.48255112986727744
1354 0.48658322933498344
1355 0.48874916139592767
1356 0.4934578164719192
1357 0.4915437279029977
1358 0.48831935849145025
1359 0.491967127295199
1360 0.4881843366634352
1361 0.48574992175507903
1362 0.4782816770005194
1363 0.4757143137838299
1364 0.48129464593871846
1365 0.4834098991378756
1366 0.48625466832102837
1367 0.48742353887266854
1368 0.48507070923091267
1369 0.4817325504731961
1370 0.4846257019549077
1371 0.4854187038252431
1372 0.48100349562559935
1373 0.4798221934513645
1374 0.48299336439434953
1375 0.4849670549441097
1376 0.4794498332736029
1377 0.47880595793059083
1378 0.4784778731023402
1379 0.4774985720966978
1380 0.4796113914235208
1381 0.47958315698389414
1382 0.4774636960519426
1383 0.4773943193643902
1384 0.48013277734485904
1385 0.47641609298995685
1386 0.47164395202762566
1387 0.4713758445821717
1388 0.4762015443657177
1389 0.4721027251263401
1390 0.46472604833933584
1391 0.45572078058816873
1392 0.44900172349083256
1393 0.4432099758132901
1394 0.4413219624298724
1395 0.4455193515945862
1396 0.4369961629436611
1397 0.43178611744685236
1398 0.4256636280251785
1399 0.4201847758536646
1400 0.4222128768123019
1401 0.41835079747716625
1402 0.414447200492147
1403 0.4145462616524932
1404 0.4128475431968621
1405 0.407108785993641
1406 0.4151645379957059
1407 0.427940915559958
1408 0.4378146200779424
1409 0.45307508103951644
1410 0.4691051922257729
1411 0.5057533454905062
1412 0.5485015588040583
1413 0.589375766214711
1414 0.6410912166570362
1415 0.6928912997331058
1416 0.7546099310235646
1417 0.8195909559212167
1418 0.8813686057963152
1419 0.9469291836122826
1420 1.017818164356675
1421 1.08677481984278
1422 1.1432128471071739
1423 1.1982584098168367
1424 1.2634637429961364
1425 1.3321039087382283
1426 1.400045074449874
1427 1.4673784528035776
1428 1.5261324824050906
1429 1.5632833638557126
1430 1.5959681958947878
1431 1.6197328238542281
1432 1.6278973359806166
1433 1.6365567583998715
1434 1.6311733366253605
1435 1.6162048660802193
1436 1.6106004921691928
1437 1.6091580845072848
1438 1.6089781738349485
1439 1.6036033212535845
1440 1.5915784493858376
1441 1.5738272118471486
1442 1.5347872423818998
1443 1.4670970685746145
1444 1.3787402929908723
1445 1.279911101008666
1446 1.1754905651835323
1447 1.0593214823991584
1448 0.9444781443978432
1449 0.8449085470034025
1450 0.7441633151923932
1451 0.6315983643980769
1452 0.5361222974522624
1453 0.46130205868771856
1454 0.3855113813431527
1455 0.32852892528975536
1456 0.28965182669848577
1457 0.24636329154497796
1458 0.2125465019933404
1459 0.2033463572911618
1460 0.20983625983823592
1461 0.21354911186230158
1462 0.219895534163665
1463 0.22397772909695912
1464 0.23629920241869226
1465 0.25284861095729977
1466 0.26538996178433916
1467 0.2868363830046213
1468 0.3059017917181853
1469 0.3297396652213739
1470 0.3469704605875761
1471 0.3564633679861566
1472 0.3851075076925158
1473 0.4114362649833139
1474 0.430149932506152
1475 0.4514013695649281
1476 0.4650867126491131
1477 0.47269542394580694
1478 0.48388314085350725
1479 0.4966753212347914
1480 0.5025575772979857
1481 0.5063781540325432
1482 0.5086199670770629
1483 0.5108779583405726
1484 0.5165711059941679
1485 0.5189133394401587
1486 0.5305308442030308
1487 0.5365274880578988
1488 0.5362552736633972
1489 0.5349321857962186
1490 0.5321758665283414
1491 0.5314404081684684
1492 0.5281402585570922
1493 0.5295894300839289
1494 0.5345631968128945
1495 0.5373356942997618
1496 0.5365556002377254
1497 0.5347488975026969
1498 0.5365803412231145
1499 0.5439416763294856
1500 0.546325275066949
1501 0.54668763749445
1502 0.5532717735475179
1503 0.5578757147548027
1504 0.5609005168700917
1505 0.5610301090332931
1506 0.5585292274954231
1507 0.5560565803971795
1508 0.5561323605970083
1509 0.5596123050476685
1510 0.5608313782753916
1511 0.5593913679604586
1512 0.5546354052171176
1513 0.5539850255780826
1514 0.5552429444905029
1515 0.5514160800767213
1516 0.5449124181336856
1517 0.5531979446075709
1518 0.5792317648985386
1519 0.5881545251103074
1520 0.586378353378134
1521 0.5845824999810284
1522 0.5800863200095945
1523 0.5748349092213132
1524 0.5745004208807866
1525 0.5763756637650107
1526 0.5819837692231269
1527 0.5892975585692961
1528 0.5867518032364102
1529 0.5847904070001392
1530 0.5870832592590984
1531 0.5894865296697892
1532 0.590377142667304
1533 0.585750772087164
1534 0.5833950474366753
1535 0.5860539936702255
1536 0.5906734996016902
1537 0.5974498621166368
1538 0.6004432966907138
1539 0.5992562044990128
1540 0.5954224603872506
1541 0.5909571868206297
1542 0.5963070452744468
1543 0.5980466678851513
1544 0.5984600695270921
1545 0.6003555610539951
1546 0.5954443063639066
1547 0.5967163550166454
1548 0.6100901217456111
1549 0.615192781408527
1550 0.6168849590427761
1551 0.6125206677977717
1552 0.6101460072286654
1553 0.6141887179414419
1554 0.6134401287297232
1555 0.6128205181863957
1556 0.6154100877323935
1557 0.6188998068897675
1558 0.6179872256557967
1559 0.6151285748168825
1560 0.6169442157202679
1561 0.6259889276016368
1562 0.625253008105365
1563 0.6197609885566463
1564 0.6186461680612309
1565 0.6224770171642602
1566 0.6295854341473992
1567 0.6272983869552117
1568 0.6277845364791425
1569 0.6315901469350247
1570 0.6329662102272188
1571 0.6387003993449933
1572 0.6451204425920625
1573 0.6455720914731959
1574 0.6423380481386815
1575 0.6394544332708313
1576 0.6462129344983696
1577 0.6507888643095743
1578 0.6446460039854216
1579 0.6442417635553846
1580 0.6449875950674757
1581 0.6455596598506015
1582 0.64202287111873
1583 0.6375281511721675
1584 0.6467898305008042
1585 0.6615155330313852
1586 0.6637571079830525
1587 0.655542433270897
1588 0.6545794112679915
1589 0.6626010229799113
1590 0.6665828189877878
1591 0.6645520460639642
1592 0.6609236743152318
1593 0.6588079599796759
1594 0.6636710704640577
1595 0.6680667442995796
1596 0.6714198693359714
1597 0.6727077208057424
1598 0.6770969911289879
1599 0.6823737413481628
1600 0.6831376722405147
1601 0.6833775452463419
1602 0.6825027350658595
1603 0.6838418638429222
1604 0.6864405946008237
1605 0.686171650617013
1606 0.6906718002283891
1607 0.6905490877631685
1608 0.6860203283102078
1609 0.6840148948172778
1610 0.6891435931403385
1611 0.6961031216890065
1612 0.6992884223723098
1613 0.7063397720306911
1614 0.7111711546212086
1615 0.7129037752741323
1616 0.7185688257972067
1617 0.7247681700499183
1618 0.7232961937482687
1619 0.7208385129287007
1620 0.7261219047530041
1621 0.734837933360618
1622 0.7353325448672011
1623 0.7365541527510048
1624 0.7435965642410292
1625 0.7431922380765509
1626 0.7432425415363804
1627 0.7413480023808863
1628 0.743318199476409
1629 0.7494533586135295
1630 0.7582002936259564
1631 0.7665585529325261
1632 0.76688641471723
1633 0.7692140057118386
1634 0.7671521033396553
1635 0.7655251954439108
1636 0.770786380938906
1637 0.7776260920310866
1638 0.7804864409877247
1639 0.7852734109196254
1640 0.7892959888227755
1641 0.7955731717456918
1642 0.8034677259504913
1643 0.8051698156005599
1644 0.8016707979221767
1645 0.7970446654348888
1646 0.7985447539163651
1647 0.8046390088984122
1648 0.8138085067646836
1649 0.8239288331041181
1650 0.8299570825930506
1651 0.8298178315561876
1652 0.8276542111077771
1653 0.8337264978533683
1654 0.8451450488147922
1655 0.8560355722497497
1656 0.8636573136145426
1657 0.871715737581794
1658 0.8799924266710688
1659 0.8804939178756328
1660 0.8827008548753973
1661 0.8871534737758768
1662 0.8918930352566814
1663 0.8966610692699649
1664 0.9004502784633104
1665 0.9046620505105002
1666 0.9115991496863132
1667 0.9238705425917637
1668 0.9307885685398537
1669 0.9332191145920145
1670 0.9414862670674276
1671 0.946699683758674
1672 0.9517453618312728
1673 0.955695054543327
1674 0.9604663589673014
1675 0.9676227978963471
1676 0.9643789949044244
1677 0.9630640086672458
1678 0.9774479828066671
1679 0.9922837431363272
1680 0.9979322550877592
1681 0.9947823316759256
1682 1.001369377787032
1683 1.0178252670982026
1684 1.0238179413131283
1685 1.026539024183598
1686 1.0274201156165568
1687 1.0301268457031614
1688 1.0321537497707896
1689 1.0330277384622206
1690 1.0450086802838034
1691 1.0539255131690004
1692 1.0633942629783908
1693 1.0788580593086723
1694 1.08858659188997
1695 1.0921537893648967
1696 1.0976519528569857
1697 1.0994392220116391
1698 1.0969848116027614
1699 1.1015863189377124
1700 1.1041790215852954
1701 1.1017246111764183
1702 1.1054700061566518
1703 1.108605702609377
1704 1.1109510541076475
1705 1.1160768574219753
1706 1.118874795123483
1707 1.1141522734410354
1708 1.1237551834990738
1709 1.139102417734253
1710 1.1426288483632117
1711 1.1456977885189061
1712 1.142053152816743
1713 1.145230351870046
1714 1.1488818672701904
1715 1.1399791791746172
1716 1.1365239606600406
1717 1.1422215906646414
1718 1.1483475735405528
1719 1.1468535282187005
1720 1.1466986974083524
1721 1.1435627779120805
1722 1.1466515270501083
1723 1.1485307395742745
1724 1.1428839257405665
1725 1.1418106078457293
1726 1.1394463204288412
1727 1.1338152943628599
1728 1.1279012096220546
1729 1.1274097161677512
1730 1.1140709477433404
1731 1.1040837070213447
1732 1.0961746476742689
1733 1.0822102405962126
1734 1.0824444307950685
1735 1.0829823552880493
1736 1.0755709397653952
1737 1.0641428521901097
1738 1.053599486811126
1739 1.0492523175339632
1740 1.0404963435694325
1741 1.0268201767464569
1742 1.0134195955124203
1743 0.9988567853318722
1744 0.9846062571625422
1745 0.9738612509676186
1746 0.9634567612235397
1747 0.951960032715312
1748 0.9419949832733191
1749 0.9246592144695047
1750 0.9124773310612333
1751 0.900999538471623
1752 0.8912927360339291
1753 0.8858400447823601
1754 0.8759347496796169
1755 0.8633323618878774
1756 0.8494450326844055
1757 0.8387000264894817
1758 0.8280843743649069
1759 0.8153334584913486
1760 0.803151712392183
1761 0.7904401183890266
1762 0.771910240386425
1763 0.7579022571881088
1764 0.7598235707583576
1765 0.7584754030291914
1766 0.7513509300868622
1767 0.7439437222970027
1768 0.7316858356453558
1769 0.7183348586418976
1770 0.7103499183112465
1771 0.7026141495074321
1772 0.6908765741459144
1773 0.6820859622294811
1774 0.6741926049156909
1775 0.6622850094216031
1776 0.651987545158765
1777 0.6469954409566865
1778 0.6480915485770312
1779 0.6472139656476157
1780 0.6426195610541924
1781 0.6346521216582973
1782 0.6300074136050446
1783 0.6316694205890909
1784 0.6251766294600316
1785 0.6193819867737561
1786 0.6174188924197611
1787 0.6103928821922735
1788 0.6045604684525097
1789 0.6022840174560872
1790 0.6005696334925298
1791 0.6010621714794312
1792 0.5975065841380479
1793 0.5978855708716324
1794 0.5942412955221213
1795 0.5943714861308274
1796 0.592129535777202
1797 0.5828357896781021
1798 0.5859468308798793
1799 0.5824889919747807
1800 0.5829374927050234
1801 0.5818768445256329
1802 0.5733187798299528
1803 0.5724957080931612
1804 0.5667897534150134
1805 0.5597220024940954
1806 0.5646048854354516
1807 0.5651980819166764
1808 0.5658575219838685
1809 0.5709613420124343
1810 0.5653876514626743
1811 0.5617524000159613
1812 0.5627096320014009
1813 0.5669416741673231
1814 0.565709693131301
1815 0.5599432999339577
1816 0.5610648477689427
1817 0.5572725205233173
1818 0.5564990530171038
1819 0.5539728320483401
1820 0.5521313905776621
1821 0.5579735639748341
1822 0.560869387421732
1823 0.5613175277993223
1824 0.5596148397037494
1825 0.5611686393648513
1826 0.567677593663595
1827 0.5637360025815409
1828 0.5616294494578884
1829 0.5649425068775638
1830 0.5657284060063716
1831 0.5694986642317943
1832 0.5707208705611027
1833 0.56816617705986
1834 0.5650589531396135
1835 0.5608183482072925
1836 0.5596661170110412
1837 0.5556113350283225
1838 0.5535244535778977
1839 0.5524231393362861
1840 0.5458444329480319
1841 0.5472366594099106
1842 0.5568093988177462
1843 0.5542673750319503
1844 0.5429012010500375
1845 0.5413131388389905
1846 0.5490066657226599
1847 0.55200299530547
1848 0.5496715354546656
1849 0.5522927106347278
1850 0.5560160365947584
1851 0.5564830121072196
1852 0.5563818924764972
1853 0.5547371232933443
1854 0.5518635061757549
1855 0.5481874878830739
1856 0.5497608219082981
1857 0.5503011437482538
1858 0.5439373463368912
1859 0.5462237950835743
1860 0.5513144842602944
1861 0.5536567026569797
1862 0.557499846073498
1863 0.558349554915939
1864 0.5522484352852166
1865 0.5488513737759126
1866 0.5460849043993637
1867 0.5444140965560661
1868 0.5543810270690139
1869 0.5532781770597941
1870 0.5519353167356414
1871 0.5584474041359705
1872 0.5565020853349425
1873 0.5557064114994208
1874 0.5503763255025779
1875 0.5453205123706127
1876 0.5470577011089832
1877 0.5484314678379489
1878 0.5500004568212731
1879 0.5505054414800746
1880 0.5527447198685135
1881 0.5526311686151967
1882 0.5485633565643788
1883 0.5510705043054194
1884 0.5558959810454187
1885 0.5580845805720702
1886 0.5533348840318998
1887 0.5475211831672068
1888 0.5505119457760976
1889 0.5530921160173394
1890 0.555469909688031
1891 0.5524883082910439
1892 0.5515187819921155
1893 0.5565785647640225
1894 0.5534613430935158
1895 0.5504008283951147
1896 0.5547307197810682
1897 0.5561422575635222
1898 0.5560411379327997
1899 0.5534391367642074
1900 0.5499180500656214
1901 0.5518381667448612
1902 0.5528994133697563
1903 0.5526280355136114
1904 0.5493090507673645
1905 0.5478904102433831
1906 0.5556113350283223
1907 0.5652494814837684
1908 0.563464746985196
1909 0.5564066334618862
1910 0.5542346732906236
1911 0.5535782655412702
1912 0.5532150665754122
1913 0.5518730427896164
1914 0.5506761758912018
1915 0.550935122124752
1916 0.5537896660146185
1917 0.5570829509773194
1918 0.5614215424387778
1919 0.5644025453902602
1920 0.5649264659676794
1921 0.5642092442971727
1922 0.566252686936443
1923 0.5666320490719855
1924 0.5601806382837042
1925 0.554572532825588
1926 0.5518602508143695
1927 0.5544429406623866
1928 0.5596440479908383
1929 0.5643936072219035
1930 0.5594918891456764
1931 0.5586231070755123
1932 0.564014245086361
1933 0.5649714770718006
1934 0.5602278086419484
1935 0.5545939026165394
1936 0.5596252128559677
1937 0.5619402714442352
1938 0.5582950222472618
1939 0.5600567138781689
1940 0.5670710282376722
1941 0.5694330190913316
1942 0.5628767571252382
1943 0.5612033781005008
1944 0.5621130643257386
1945 0.5633445691760561
1946 0.5652015753709142
1947 0.5604678189568812
1948 0.5575406279687714
1949 0.5569538349998228
1950 0.556015676242106
1951 0.5577615650559813
1952 0.5628269148018078
1953 0.565551866528473
1954 0.563565506263266
1955 0.5631837102553896
1956 0.5601454018862966
1957 0.5627347333394425
1958 0.5693163347364295
1959 0.5661201997645087
1960 0.5612662504920304
1961 0.5604458507204252
1962 0.5597952329885381
1963 0.5577274247658363
1964 0.554939823691188
1965 0.5433150788776827
1966 0.5431574903677071
1967 0.5537051857392852
1968 0.5559806994136043
1969 0.5638086346304787
1970 0.5665404660551246
1971 0.5621094550384488
1972 0.5598994857208455
1973 0.5563538961297226
1974 0.5508181996769975
1975 0.5476669385000924
1976 0.5470574630161309
1977 0.5465935198215085
1978 0.5467933252106191
1979 0.5401802189633144
1980 0.5380919025290283
1981 0.5527383163562374
1982 0.5633550645880746
1983 0.5631804613207521
1984 0.5564221981860662
1985 0.5543199901043138
1986 0.5554859505979154
1987 0.5500064999808969
1988 0.5510169304348991
1989 0.5544530757217527
1990 0.554828468217353
1991 0.5547526880175243
1992 0.5533193193077198
1993 0.550950686848932
1994 0.5509222143164529
1995 0.5539067107221731
1996 0.5522997125925087
1997 0.5472123946102259
1998 0.5427058414865736
1999 0.5464825032242723
2000 0.5547628230768904
2001 0.5561710904486534
2002 0.5495041722379762
2003 0.5466907705960353
2004 0.5492558372494964
2005 0.5479515845171887
2006 0.5447237066020981
2007 0.545857463016131
2008 0.5492273647170176
2009 0.5493880863285786
2010 0.5463088738044122
2011 0.5482447933006842
2012 0.5481567187873666
2013 0.5478377951710196
2014 0.5445154392303352
2015 0.5445405405683765
2016 0.5486685680948433
2017 0.5473547787486741
2018 0.5416733269630631
2019 0.5420967263552645
2020 0.5426313954868597
2021 0.5411343027978633
2022 0.5350067691050382
2023 0.5412891336082116
2024 0.5472993694513243
2025 0.533159537616894
2026 0.5388564168175791
2027 0.5503112788076199
2028 0.5491448421283137
2029 0.5466686865265271
2030 0.5433791481602215
2031 0.5399565091271715
2032 0.5350965317443751
2033 0.5354908601585928
2034 0.5420780285294993
2035 0.5497358428300566
2036 0.5503511083314843
2037 0.5458667615371404
2038 0.5449863843827384
2039 0.5423147684337412
2040 0.540953808729328
2041 0.5436351843357334
2042 0.539103429090293
2043 0.5382919524377391
2044 0.5362684195645485
2045 0.5322170087762672
2046 0.5296939209090887
2047 0.5303440624552714
2048 0.5370257088517718
2049 0.5445383662649481
2050 0.5446961928677762
2051 0.5376760884908068
2052 0.5338363162687262
2053 0.5361796092966206
2054 0.5413867447353906
2055 0.5453114583692038
2056 0.5440011775265777
2057 0.5403765373249354
2058 0.5303945032242067
2059 0.5272305723318548
2060 0.5311532274952914
2061 0.5314972524496797
2062 0.5317273507487931
2063 0.5309409904835862
2064 0.5332874166130658
2065 0.5346041009679681
2066 0.5336092352381459
2067 0.5342002359398889
2068 0.5306696126274413
2069 0.5285187841542779
2070 0.5328455424386463
2071 0.5341590936919631
2072 0.5320462743651402
2073 0.5317149191261987
2074 0.5296905497146511
2075 0.5321409904835862
2076 0.5357349623732678
2077 0.5351375581592487
2078 0.5343540929027747
2079 0.5373261576859003
2080 0.5358234122885434
2081 0.53113995933434
2082 0.5290582694558769
2083 0.5344146687310758
2084 0.5388874204411821
2085 0.5262014290027819
2086 0.517046060876829
2087 0.5266726122480374
2088 0.5341567971287347
2089 0.5320996101428082
2090 0.5323648225795291
2091 0.5343549294411316
2092 0.5330915808638974
2093 0.530511547931761
2094 0.5297827311770167
2095 0.5272974143633266
2096 0.5255348861940623
2097 0.531531753092477
2098 0.5356402462548218
2099 0.5362586448578347
2100 0.5345245892210495
2101 0.5367385281785948
2102 0.5387061906180366
2103 0.5351344250576634
2104 0.5321565552077662
2105 0.5300287696022679
2106 0.5278283368985264
2107 0.5228447954628468
2108 0.5204414242684091
2109 0.5262403969472792
2110 0.5236450373838153
2111 0.5153543443789788
2112 0.5187927862290609
2113 0.534626905742781
2114 0.5426632456405242
2115 0.5365802253900623
2116 0.5312186345429017
2117 0.5289928624082665
2118 0.5272500059122299
2119 0.5285737930086598
2120 0.5229868192486425
2121 0.5209086378737224
2122 0.529098073938731
2123 0.5258550067014184
2124 0.5204099194180916
2125 0.520861568299225
2126 0.5294039674869788
2127 0.5350592433033392
2128 0.5341173529985327
2129 0.5367036521338397
2130 0.5380016386629767
2131 0.5378029079050752
2132 0.5360408408722102
2133 0.530103951356592
2134 0.5313108160052672
2135 0.5295615559969544
2136 0.5255476781693093
2137 0.5240927015757011
2138 0.5184218610351607
2139 0.512437288450235
2140 0.5131378707653528
2141 0.5241938212064234
2142 0.5319587832480215
2143 0.5283835242334106
2144 0.5261443466287182
2145 0.5254306334617546
2146 0.5322680479907068
2147 0.5348950131882351
2148 0.5290457370495355
2149 0.5339190833770302
2150 0.5325552286638838
2151 0.5279441847150715
2152 0.5283551524846783
2153 0.526991297771532
2154 0.5268426323806076
2155 0.5259900285294336
2156 0.5284971762704742
2157 0.5301834631035106
2158 0.5326652714136576
2159 0.5316421712442085
2160 0.5310740761010252
2161 0.5272845065550272
2162 0.5246477666507854
2163 0.5271177417838424
2164 0.523356782079429
2165 0.5203284714605969
2166 0.5174770606723156
2167 0.5160527523906682
2168 0.5186460534837559
2169 0.5158579912727088
2170 0.5092699863634454
2171 0.5109498696842057
2172 0.5208751968128288
2173 0.5266944646514412
2174 0.5272250268339888
2175 0.524724007987013
2176 0.5184359907754791
2177 0.5249104444314255
2178 0.5304400977245269
2179 0.5232865688535198
2180 0.524581746108365
2181 0.5218603028852429
2182 0.5194536612801143
2183 0.5206032205111794
2184 0.5223304114992893
2185 0.526293372372295
2186 0.5280772703325106
2187 0.5284402312055162
2188 0.5292899400479573
2189 0.526694342391641
2190 0.5239374096289537
2191 0.5223557509301828
2192 0.5230916704264548
2193 0.5211713156543627
2194 0.5234797326375019
2195 0.5256303230178131
2196 0.5231862857611542
2197 0.5211937450272178
2198 0.5152539605028666
2199 0.5168804929966533
2200 0.517133173027033
2201 0.5187370380551122
2202 0.5214495581591828
2203 0.5221092363192271
2204 0.5244965666037803
2205 0.5243894188627396
2206 0.5217491704549545
2207 0.5186578866608459
2208 0.5170704228953034
2209 0.5103069681886561
2210 0.5036112020435419
2211 0.5069455284704218
2212 0.5241823483819857
2213 0.5252899288267682
2214 0.5149559304917667
2215 0.5183296645234897
2216 0.51891477442402
2217 0.5154688544304526
2218 0.5132298141348659
2219 0.5155350980164197
2220 0.5189427707707944
2221 0.5188292195174776
2222 0.5135423342389366
2223 0.5139842084133562
2224 0.5221383072972107
2225 0.5249232364066725
2226 0.5215755410350943
2227 0.51841498133718
2228 0.5141550650842834
2229 0.5119988069463062
2230 0.5117849726006238
2231 0.5039529304347017
2232 0.5034880133926167
2233 0.5144779583405724
2234 0.5226058812551764
2235 0.5217175648208902
2236 0.5219450062041229
2237 0.5219956850659102
2238 0.522185254611908
2239 0.5244365892209837
2240 0.5225986562538489
2241 0.5255674506262834
2242 0.5224911331108504
2243 0.521467794848549
2244 0.5271310099447939
2245 0.5202688694797583
2246 0.514691295024497
2247 0.518465299846315
2248 0.527332650760734
2249 0.5320751072502713
2250 0.5320998482356605
2251 0.5338113371904849
2252 0.5357216942123165
2253 0.5397731050005977
2254 0.5425233961581566
2255 0.5416201134451951
2256 0.5410520183020117
2257 0.5372186495922072
2258 0.5348502552262716
2259 0.5367133045807534
2260 0.5430313916587435
2261 0.5530696715951788
2262 0.5625020853349425
2263 0.5625930699062989
2264 0.5598706528357142
2265 0.5623751436608743
2266 0.5655486111670875
2267 0.5700954700003089
2268 0.5745509839095216
2269 0.5766727414047015
2270 0.5785104513282897
2271 0.5802439085195702
2272 0.5819079890232981
2273 0.5843079890232983
2274 0.5832246733782005
2275 0.5815954689192275
2276 0.5795684275424938
2277 0.5745065863002103
2278 0.5739416242586123
2279 0.5733664263739013
2280 0.5776607424858484
2281 0.5858715483418085
2282 0.5841187948792582
2283 0.5798143437079448
2284 0.5793876739050527
2285 0.586464262210581
2286 0.5990263292434461
2287 0.600793825941125
2288 0.5996626041831729
2289 0.6034022091459401
2290 0.6057071326748418
2291 0.6089111311839103
2292 0.6196697658924377
2293 0.6288498750037796
2294 0.6276172955222529
2295 0.6233003119445985
2296 0.6256762852377662
2297 0.6223919384434221
2298 0.6201235890769996
2299 0.6300425126933467
2300 0.6381583793873137
2301 0.6403555416803643
2302 0.6368243199224123
2303 0.6393381092685815
2304 0.6447068028572693
2305 0.6418077455250397
2306 0.6348579766337796
2307 0.6212963134355298
2308 0.6056054145986147
2309 0.5962493795041842
2310 0.5964968529132969
2311 0.5946747077138886
2312 0.5903730507675617
2313 0.5936987779026839
2314 0.5966953455783461
2315 0.5981598587858159
2316 0.6058146407685346
2317 0.6084160434916226
2318 0.610692256395193
2319 0.6162601569274869
2320 0.6129064334455905
2321 0.608077823604006
2322 0.6075981783760979
2323 0.6087129988715133
2324 0.6109171631223449
2325 0.6096918236914513
2326 0.6069444275426253
2327 0.6047437567460315
2328 0.6009769919748464
2329 0.5945322077423884
2330 0.5856085102085159
2331 0.5784851118973959
2332 0.5711503131129277
2333 0.5614595515851183
2334 0.5506099323052345
2335 0.5411432409662202
2336 0.5343543309956269
2337 0.5307233087577616
2338 0.5232119855447003
2339 0.510508954307943
2340 0.49189353644810424
2341 0.4850417540859814
2342 0.4891352659203453
2343 0.48786227994550296
2344 0.4860083918029249
2345 0.48140506409045003
2346 0.475705375615473
2347 0.47088316928616464
2348 0.47435044402137805
2349 0.4803379116150368
2350 0.4815883523839718
2351 0.47684843055051496
2352 0.4722283261735458
2353 0.47384172781548656
2354 0.4823936636171018
2355 0.48767644194659504
2356 0.48318812551230883
2357 0.48526920189596195
2358 0.48691518301942943
2359 0.48356808609335583
2360 0.47536438297892336
2361 0.46758988432346377
2362 0.46746029216026247
2363 0.47476154910009033
2364 0.4811369415956906
2365 0.4786416270317399
2366 0.4783920801029455
2367 0.47684529744892973
2368 0.4760969312807577
2369 0.4720548190134857
2370 0.4697063344136299
2371 0.46643801347986474
2372 0.45903531308202117
2373 0.467802243594969
2374 0.4721979174304907
2375 0.4715838738610825
2376 0.47770079630883694
2377 0.48018008501220877
2378 0.4775680710440504
2379 0.4719476712724451
2380 0.4679696068116585
2381 0.4606053766965543
2382 0.46059560198984056
2383 0.46764104579770344
2384 0.47141457443381685
2385 0.4689165879046799
2386 0.4624714433195693
2387 0.45811728713393124
2388 0.45852512180195254
2389 0.45779209731441367
2390 0.4606717425423215
2391 0.4656359726574258
2392 0.46615073202294116
2393 0.46518685843237306
2394 0.46299550120609384
2395 0.467461849403924
2396 0.4606213017733865
2397 0.4551040801028797
2398 0.46324910350927156
2399 0.46141733596156065
2400 0.4608679386441424
2401 0.45697772565312667
2402 0.4518107951401788
2403 0.4597122139936535
2404 0.46478686226048926
2405 0.4629327510743643
2406 0.4611078116499697
2407 0.4552247340977241
2408 0.45602376407837797
2409 0.4593205424953165
2410 0.4591533165877326
2411 0.45778641450744206
2412 0.44660124730512796
2413 0.441643881838699
2414 0.4414771170675141
2415 0.438717188512347
2416 0.43861605383231916
2417 0.4316946717390971
2418 0.42699358054103215
2419 0.4153218884128294
2420 0.40951495141306493
2421 0.41538039072144883
2422 0.4071285799266686
2423 0.40258424070022253
2424 0.4003526785481211
2425 0.3979935827031947
2426 0.3997045954723147
2427 0.40523113071313616
2428 0.412270286841775
2429 0.41363922591638835
2430 0.4261015261329082
2431 0.4594478316685415
2432 0.49390981927895705
2433 0.5287493736884016
2434 0.5771183406994633
2435 0.6302353311739819
2436 0.6876780203509651
2437 0.7555167071907636
2438 0.815845322848131
2439 0.88023834283652
2440 0.9439207827595304
2441 1.0072113281406574
2442 1.0789812479595973
2443 1.1437938500586564
2444 1.2103590683111602
2445 1.2767762346675497
2446 1.341051632978933
2447 1.408381502829093
2448 1.4691125084403625
2449 1.514837019310845
2450 1.547483020714528
2451 1.5779354390138396
2452 1.5979446742427863
2453 1.616353522848586
2454 1.6272261849961347
2455 1.622013021447046
2456 1.6059619344860585
2457 1.5906504128339916
2458 1.5877653228919641
2459 1.584932869498354
2460 1.5803378728861737
2461 1.5705842453935825
2462 1.545064674618858
2463 1.4977323140310486
2464 1.4260858059065804
2465 1.3351499712381645
2466 1.2346160176407033
2467 1.119619552004365
2468 1.002878627480412
2469 0.8926182362973882
2470 0.7980191352212223
2471 0.6944239526468031
2472 0.5856388117410765
2473 0.5043895915611065
2474 0.4285227486230494
2475 0.356154573002428
2476 0.3052832493793189
2477 0.26534130992517
2478 0.22494181930432613
2479 0.19404932573206546
2480 0.18750788917058492
2481 0.19406114029489316
2482 0.1953578140999688
2483 0.19914038168818585
2484 0.20566768850934794
2485 0.21276514894406973
2486 0.2289006947043375
2487 0.25267811463902495
2488 0.2720903060066047
2489 0.294209688597188
2490 0.31371440030373215
2491 0.3270261863191463
2492 0.3490160775302749
2493 0.3702250746663694
2494 0.39788897604498263
2495 0.42510254126652375
2496 0.43452423655072236
2497 0.43432561205315534
2498 0.4218497097772442
2499 0.39286906279977846
2500 0.0635694220713495
2501 0.021640704320347783
2502 0.0034968414633237696
