0
1
2506
-3 -0.6189575044357738
-2 -0.5966840948266245
-1 -0.5448807078289426
0 -0.14141803004830222
1 -0.09467951661074225
2 -0.07821064665438249
3 -0.07234624873262685
4 -0.061814594270933054
5 -0.05984739296789032
6 -0.06219106139774244
7 -0.06816548387399657
8 -0.0678587688366975
9 -0.0680859721270779
10 -0.06817755514393875
11 -0.06830088110396937
12 -0.0704199666339631
13 -0.06766570583646192
14 -0.07014148603629067
15 -0.07459783648386031
16 -0.07191005736517875
17 -0.07156809088116656
18 -0.07678186792506525
19 -0.08458567565136066
20 -0.08012002668278173
21 -0.07109111761844489
22 -0.07376959821611717
23 -0.07717100476732142
24 -0.0782949864746405
25 -0.07480550541011877
26 -0.07142003898505223
27 -0.07376333201294671
28 -0.07846548279291521
29 -0.0786579473476462
30 -0.07608128560994731
31 -0.07238643218239571
32 -0.0712717489960859
33 -0.07661847434831781
34 -0.07581920627481176
35 -0.07369395532539413
36 -0.07476133084435421
37 -0.07351019084616806
38 -0.0815029546236512
39 -0.08366018660909091
40 -0.07657360055330209
41 -0.07124024414576824
42 -0.06999933999069474
43 -0.07500110306643493
44 -0.08109282339240131
45 -0.08122554865718801
46 -0.07478270063530579
47 -0.07384140877600387
48 -0.08233107063159406
49 -0.08234687344862623
50 -0.07306107662111527
51 -0.07643121641485395
52 -0.0863509765695577
53 -0.08193506914066262
54 -0.08193469373870477
55 -0.08363472491839719
56 -0.08122518830453551
57 -0.07805377926869839
58 -0.08020474505096742
59 -0.08593107063159411
60 -0.0768736890347782
61 -0.07005207732285823
62 -0.07650142964076334
63 -0.08179701499480896
64 -0.08285391657780405
65 -0.08418350874100522
66 -0.08392190559157409
67 -0.0805773433215814
68 -0.07971496476369333
69 -0.08523858994647637
70 -0.08642278712944418
71 -0.08191599591293963
72 -0.08013233604557635
73 -0.07966536053311524
74 -0.07787749293295754
75 -0.08177421021999609
76 -0.08693114298268334
77 -0.08784312577114939
78 -0.08837658296243012
79 -0.09060632473700758
80 -0.08952300909190969
81 -0.08806406285835933
82 -0.08723099337130724
83 -0.08320781702265256
84 -0.0793108616427618
85 -0.08054946923460693
86 -0.07862041438701017
87 -0.07265491502980759
88 -0.07140760736245777
89 -0.0753265309788047
90 -0.08097577868484673
91 -0.08565825779158764
92 -0.08705966051467551
93 -0.09197344986084477
94 -0.09306630211980393
95 -0.08831033937646282
96 -0.08522845488711017
97 -0.08337228523060913
98 -0.08293643916650784
99 -0.08096251052389536
100 -0.08430356429034502
101 -0.08550996780262121
102 -0.08419328344771915
103 -0.0817113378284664
104 -0.0790264537185178
105 -0.08538291029550071
106 -0.09444356230300743
107 -0.09162038595435273
108 -0.0781897749441759
109 -0.07203578067218441
110 -0.07242154632000308
111 -0.0759332337138332
112 -0.07861377278188175
113 -0.07619134340902656
114 -0.08095983855870903
115 -0.08221318938568267
116 -0.08685452624449774
117 -0.0933154736466405
118 -0.0947681536770203
119 -0.09198635766914376
120 -0.085004262438515
121 -0.08417614643057214
122 -0.0922670340462981
123 -0.09927843834776251
124 -0.08709826810652055
125 -0.07231922979827154
126 -0.07233586915366053
127 -0.07942548752728784
128 -0.08588619683657839
129 -0.08539907346518505
130 -0.08102538291542494
131 -0.08331580130205019
132 -0.07872406867381321
133 -0.07669016264840423
134 -0.08247235866277969
135 -0.08370653547828377
136 -0.0895645116924878
137 -0.08855057273494249
138 -0.08280638586690747
139 -0.0848567939385999
140 -0.07839538540005808
141 -0.0798474519356277
142 -0.08781862287861264
143 -0.0882571258585948
144 -0.0846127131999781
145 -0.08137034519191677
146 -0.07745142157556995
147 -0.07650723470753484
148 -0.08258614800894892
149 -0.08524752811483327
150 -0.09078901458502464
151 -0.09443342724364134
152 -0.09177182409421025
153 -0.08554434618561857
154 -0.08026073131776845
155 -0.08935588396807237
156 -0.09654335156173122
157 -0.09246263170261415
158 -0.08822502256277265
159 -0.08383285723079403
160 -0.08180908626475125
161 -0.08203688800063635
162 -0.07757474753560056
163 -0.07795000272209518
164 -0.08240878704199883
165 -0.09119082114272758
166 -0.09323656034522654
167 -0.0902235914070274
168 -0.09047986567539146
169 -0.08635305008923944
170 -0.08317004596916444
171 -0.0795069354847826
172 -0.0807573762537177
173 -0.08559201420562057
174 -0.087123369444562
175 -0.08669729808717441
176 -0.08155327313278626
177 -0.07656370358678821
178 -0.07824418535305311
179 -0.08030029770777036
180 -0.0783608697079553
181 -0.07759320726851338
182 -0.08118717915819507
183 -0.08380787815255275
184 -0.0829648109152401
185 -0.08370723470753483
186 -0.07873903495248857
187 -0.08240854894914662
188 -0.09098628531805442
189 -0.08472360753741426
190 -0.08022645371851789
191 -0.08278138531261281
192 -0.08847770259315235
193 -0.09693454687436365
194 -0.09590504319263837
195 -0.08765959938477552
196 -0.08453994384193486
197 -0.08537735837088678
198 -0.08893934922454627
199 -0.08876801636791465
200 -0.0915405138547819
201 -0.09579149193932157
202 -0.09123776845742504
203 -0.08734067576842863
204 -0.08584746698493328
205 -0.0888731056385792
206 -0.08818122339896595
207 -0.08781742598760345
208 -0.09278165610270772
209 -0.09648917924570632
210 -0.09530787707147148
211 -0.09036898638726087
212 -0.08836438943268776
213 -0.0868832368698289
214 -0.08598925267787683
215 -0.09112771065834568
216 -0.08870237122745206
217 -0.08279998235463126
218 -0.08301535246792169
219 -0.08164172304806161
220 -0.08144588729889324
221 -0.08219158150187877
222 -0.0790014746402764
223 -0.07895719929076528
224 -0.08358464450211434
225 -0.07747688326626356
226 -0.06909558109202873
227 -0.07212832248720213
228 -0.06964314298261753
229 -0.06738142017201798
230 -0.06915348495514362
231 -0.06868024323951194
232 -0.06498538981196023
233 -0.06176728660358333
234 -0.06553441172742058
235 -0.07174969610626991
236 -0.07455318573239145
237 -0.06879525451770041
238 -0.07437642321094584
239 -0.07275095029906287
240 -0.05685024832277663
241 -0.05135362059829551
242 -0.04469888592565596
243 -0.03216214327437894
244 -0.02179180886975085
245 -0.024520492143506045
246 -0.030697291190310283
247 -0.03553482415094633
248 -0.03197596639887201
249 -0.02555929434624049
250 -0.021599466574820037
251 -0.023693349983025414
252 -0.028190128399964154
253 -0.027100784644548015
254 -0.024325016746989836
255 -0.018820702884782103
256 -0.022395363453888484
257 -0.028670011720724364
258 -0.03146471553689989
259 -0.030226569081453714
260 -0.02362337484996846
261 -0.026642848084190485
262 -0.02869812390055093
263 -0.03236366825726689
264 -0.04154689542088852
265 -0.03810485933282215
266 -0.0317230482756401
267 -0.020254670040091294
268 -0.010904901148831136
269 -0.005319124279823506
270 -0.0011322154778224958
271 0.0026054783153788286
272 0.01407736505447088
273 0.028000767193707254
274 0.028053742618722954
275 0.020666945821658067
276 0.021418906227814283
277 0.024049755330843636
278 0.0290580227026066
279 0.028981405964421003
280 0.029808447341154953
281 0.03629206220900483
282 0.032868723946703704
283 0.02835323265469447
284 0.023317191979703722
285 0.015561290366262526
286 0.015290272862770071
287 0.014886768187342914
288 0.006663652968588507
289 -0.0012396013117155213
290 -0.008830335487949093
291 -0.014994803695905445
292 -0.010434676701732815
293 -0.0029851297729384108
294 -0.001748195257807006
295 -0.001085145903325091
296 0.0012675464293250283
297 -0.0004632387967690166
298 0.002631776544429476
299 0.0014444462598760532
300 -0.0018050244897127588
301 0.0004623510292474098
302 0.0006321481182710587
303 0.009155235985449428
304 0.013857624858270245
305 0.007133761582635012
306 0.0024480120652031756
307 -0.0005068149170288638
308 -0.007571072383709132
309 -0.012025987847417263
310 -0.018179859859608682
311 -0.03204895237371452
312 -0.04044126623598776
313 -0.05213022120609423
314 -0.06666539539252037
315 -0.0762487710864369
316 -0.08044497840944698
317 -0.0817615405045492
318 -0.08413270761941793
319 -0.08997779107462844
320 -0.09700066820053077
321 -0.09986415025875417
322 -0.10363091502993915
323 -0.10934953942353376
324 -0.11365386833504698
325 -0.1152924720987758
326 -0.11162539197445176
327 -0.11587323695740603
328 -0.11853278163646086
329 -0.11021458994660793
330 -0.10553510663234678
331 -0.10257654810302475
332 -0.10274054012527678
333 -0.10855447908282201
334 -0.10943822743166143
335 -0.10930803682295565
336 -0.11428517474635891
337 -0.11724083826694787
338 -0.11708241321861512
339 -0.1200063337960342
340 -0.12304731413031333
341 -0.12681467734700275
342 -0.12608502405390143
343 -0.12424695377766093
344 -0.12688369368190294
345 -0.13004135837108421
346 -0.13511273622722902
347 -0.13545035766934121
348 -0.13285476001302504
349 -0.13060991465066663
350 -0.12424382067607559
351 -0.12319584221213198
352 -0.12168332210806132
353 -0.12065044723189855
354 -0.12387192163471294
355 -0.12323361326562021
356 -0.1228257785975988
357 -0.12856393735531546
358 -0.12906289390379866
359 -0.1281719055043261
360 -0.12720551230698285
361 -0.12932497323893433
362 -0.13050300500247825
363 -0.12711356893746972
364 -0.13248166408065315
365 -0.1418706390092626
366 -0.14106183432189506
367 -0.13395304193679808
368 -0.13051483817956822
369 -0.1294196893573804
370 -0.12669449953786294
371 -0.12544719187051323
372 -0.12610046651828127
373 -0.13078332102698004
374 -0.139947251919332
375 -0.1428327022140115
376 -0.14599976620794874
377 -0.1483873345853542
378 -0.14513762574291306
379 -0.14441459900563464
380 -0.14228391839140336
381 -0.13794181842640196
382 -0.13200806201236914
383 -0.13493258103529276
384 -0.1374274344628445
385 -0.13791021279233773
386 -0.13829210958396088
387 -0.13886044281999654
388 -0.14270671933810003
389 -0.14468331994589873
390 -0.14671662752580317
391 -0.14989636123518724
392 -0.1532403250596754
393 -0.15769607706174038
394 -0.16051225145261405
395 -0.16514696175560628
396 -0.17748146514543867
397 -0.18760492458645867
398 -0.1896437991402824
399 -0.19338629911178273
400 -0.19229392303852794
401 -0.18733863109178073
402 -0.19243871957325676
403 -0.19962558872141095
404 -0.2058740610189962
405 -0.21191871177046528
406 -0.20829299693761377
407 -0.1984211428957643
408 -0.1983816586752467
409 -0.1862849912969189
410 -0.1632050055264584
411 -0.13704480834335897
412 -0.10117782377187101
413 -0.05996408374954021
414 -0.013465406143593373
415 0.03475940286855983
416 0.09875508360094554
417 0.16829599739991818
418 0.22970418210598798
419 0.2902538205850065
420 0.35009722404054655
421 0.4095079145335706
422 0.4649323631930714
423 0.5238627092289364
424 0.5902873386795057
425 0.6479186235550244
426 0.7084459549209879
427 0.7749309221070061
428 0.8267656280856733
429 0.8668568313762511
430 0.902238618795217
431 0.9255000975226856
432 0.943052848823073
433 0.9597451176858333
434 0.9612605478479425
435 0.9550268037361803
436 0.9472402338107785
437 0.9388036596482999
438 0.9310363859941674
439 0.9173438179086547
440 0.9097553867223981
441 0.9053866310374848
442 0.8845089955670796
443 0.8331085848356
444 0.759836243446597
445 0.668436566367305
446 0.5652845857406724
447 0.456937886248559
448 0.34586795462355735
449 0.24827725440014392
450 0.15580847358555705
451 0.050282340043280804
452 -0.042244704987073334
453 -0.12036485527014107
454 -0.19892465890713662
455 -0.25813372363352616
456 -0.2945542160364367
457 -0.33182307951671686
458 -0.3712037999607063
459 -0.3932284664328435
460 -0.3935045532484974
461 -0.3907981770877973
462 -0.39185096173003997
463 -0.38788836120968656
464 -0.37758752575241106
465 -0.3660466226784188
466 -0.35351771852327946
467 -0.3361790396614264
468 -0.31828469727898445
469 -0.3010255301640499
470 -0.282244068238331
471 -0.2606051674140125
472 -0.23712552434826706
473 -0.20956226641467157
474 -0.1870294821821476
475 -0.1721040714812459
476 -0.15850115020201805
477 -0.14672953533410227
478 -0.13576299360646404
479 -0.12784346032342336
480 -0.12483458328496644
481 -0.12208465248005984
482 -0.11606907270657452
483 -0.10884082321764221
484 -0.10460394983241095
485 -0.10040157708997688
486 -0.09152772187953495
487 -0.08948487768576907
488 -0.09226110671972632
489 -0.09123776845742515
490 -0.09094707928070489
491 -0.0884652709705579
492 -0.0880927734836906
493 -0.08707570142455989
494 -0.08836101823825027
495 -0.09149669964166995
496 -0.08795064891414817
497 -0.08667846295230375
498 -0.07838561069334438
499 -0.07775767547646995
500 -0.08281081664324863
501 -0.07814549959466488
502 -0.08221933975580109
503 -0.08346482704562697
504 -0.07399693881560332
505 -0.06799656341364546
506 -0.07321431009748636
507 -0.07885751464390445
508 -0.07483990526916928
509 -0.07299892493489024
510 -0.07062196780255547
511 -0.0658190577445168
512 -0.058834189764955136
513 -0.05520328336014213
514 -0.05246855692676311
515 -0.052841054413630295
516 -0.05904932178539335
517 -0.061603792243089206
518 -0.06620384954487302
519 -0.06856224616054829
520 -0.0747524141520508
521 -0.06987082888545038
522 -0.05334869598831282
523 -0.04566057372844701
524 -0.03986738107533827
525 -0.03435038244837829
526 -0.032486734648392024
527 -0.04013477424223544
528 -0.04888206960731467
529 -0.05002849573679424
530 -0.04142611916624417
531 -0.032483363453954195
532 -0.034315866756275404
533 -0.03283195649378934
534 -0.03155242969756511
535 -0.03039997545776718
536 -0.03238344071424115
537 -0.03144528195652452
538 -0.03060824282953023
539 -0.03380727281018403
540 -0.03267678680684216
541 -0.03186241514555521
542 -0.02661413745885921
543 -0.021621434811276208
544 -0.024306557014076913
545 -0.024662876281954182
546 -0.023531553740255395
547 -0.03247851718533967
548 -0.03202688335351167
549 -0.028359427827229666
550 -0.03195629472564454
551 -0.037224244085567904
552 -0.03484354035683768
553 -0.02173871761168278
554 -0.010519135501012578
555 -0.006705438464435831
556 -0.010346941065013993
557 -0.008713528873246723
558 -0.010251150315358726
559 -0.014606381132206026
560 -0.011450912222506604
561 -0.009506054557877563
562 -0.0087307666741403
563 0.003058208254469119
564 0.007460984831518469
565 -0.004590429784878891
566 -0.009280286251358572
567 -0.0023509133035877205
568 0.007217242969495774
569 0.004851044383041736
570 0.0032663533664323285
571 0.0005003601755879661
572 -0.004253168695419252
573 0.006070456487363818
574 0.012358012562498577
575 0.007834820083457372
576 0.008040055137381708
577 0.010743414029548704
578 0.014791691716244615
579 0.017687377854036956
580 0.016464334986371787
581 0.019259038802547312
582 0.025619941205176744
583 0.020263679239083343
584 0.014976793960542412
585 0.020724727424972778
586 0.026345502598535964
587 0.02994153295859381
588 0.0329792428821819
589 0.03347179591838889
590 0.03365496195211071
591 0.03381278855493863
592 0.03413484527287092
593 0.03661375857428473
594 0.03716942209487373
595 0.03877642022453831
596 0.04037425714229914
597 0.042784031849012805
598 0.042111085528017345
599 0.04085667511914004
600 0.04812642720865046
601 0.05327069025589071
602 0.05081941294859893
603 0.05118887811762762
604 0.05398984813697372
605 0.0570968339643676
606 0.06182769536966759
607 0.059967418764118596
608 0.056174117671030976
609 0.06201339605946987
610 0.06712629156549832
611 0.06698656434293104
612 0.06686928154252414
613 0.07225028449400672
614 0.07789953220004897
615 0.08114527140254779
616 0.08168850330054211
617 0.08186526582198761
618 0.08040946773932789
619 0.0859321190746486
620 0.09145468467552809
621 0.1022731594577464
622 0.10761242171579855
623 0.10918432075716111
624 0.11407614186687431
625 0.11340646595656967
626 0.11222203068074943
627 0.11249737817683636
628 0.10836126406967506
629 0.10377276532677016
630 0.1033167864530421
631 0.11823725010158226
632 0.13840355756448464
633 0.13951718116889078
634 0.13371830927376738
635 0.1338705839519816
636 0.14004458877379966
637 0.14402891943775686
638 0.14933017254946857
639 0.15752481523574402
640 0.16128555189661065
641 0.16268657921774055
642 0.16597094106139
643 0.17304182508389332
644 0.16994621129719023
645 0.1721655799195494
646 0.18085337408753654
647 0.18445604605272292
648 0.18558256241612248
649 0.18746492309117968
650 0.1914974987445902
651 0.192062100433536
652 0.19941619548927414
653 0.20828294795818847
654 0.21584279077891444
655 0.2207178352241329
656 0.218499941675951
657 0.22963780121091526
658 0.23665815873004226
659 0.2370832562399673
660 0.23748386590666137
661 0.24565340725489548
662 0.2536231432140189
663 0.26087565750263586
664 0.2708446615352653
665 0.27616546406040465
666 0.2789623271307031
667 0.281737972768461
668 0.29076325106945466
669 0.29311175071861617
670 0.2998877528809104
671 0.3110411921893599
672 0.3172328352550393
673 0.3251739613725785
674 0.33175787438209936
675 0.3378710652827641
676 0.3405769588310116
677 0.3442143695318478
678 0.34908352317585334
679 0.35510199795807185
680 0.3600471698947586
681 0.36412005125773794
682 0.3678514788477687
683 0.381098801564424
684 0.3909353184251193
685 0.3899265860888409
686 0.3947011243981474
687 0.40195471331797294
688 0.4076791427783394
689 0.4165204185072543
690 0.4221757093729205
691 0.429425789789203
692 0.4323019415628734
693 0.43590774662964493
694 0.44213556341483573
695 0.4419802714680884
696 0.4409470362392732
697 0.4485482443514718
698 0.4537743307581651
699 0.45948884820271185
700 0.4666877886208082
701 0.4787728823909515
702 0.4856917448773984
703 0.4812886079476969
704 0.4805211836011073
705 0.48605771659218944
706 0.48670472503678675
707 0.4863158262873829
708 0.4892241821406219
709 0.4925932473031517
710 0.4980120213081224
711 0.5009581482148496
712 0.49941679522564775
713 0.5008566682314751
714 0.5025711895041381
715 0.5062409415936483
716 0.5075894696754674
717 0.5031578602132868
718 0.5085259553564699
719 0.5189444339668049
720 0.517848210513408
721 0.508756789410194
722 0.5008413416001475
723 0.49285833748007246
724 0.4917716506405373
725 0.5018582978262259
726 0.5042613301440645
727 0.4978412868969956
728 0.4892270771493551
729 0.48067587710235016
730 0.47941083040739196
731 0.4747916848285797
732 0.4608211123310991
733 0.45542790080056894
734 0.4540897458709686
735 0.4540267576463869
736 0.44913202647863504
737 0.43990245044582077
738 0.43052467015848095
739 0.41364344524453267
740 0.4039597864582508
741 0.3940638906602637
742 0.3832573713149351
743 0.38400981433354386
744 0.3788922249173118
745 0.36389586523589057
746 0.34366451107803053
747 0.32962645801325796
748 0.31753918993968633
749 0.3062253893723277
750 0.2991399851582429
751 0.2858651637565711
752 0.2762408688582755
753 0.26238528259797333
754 0.2504843136597086
755 0.23877604736902658
756 0.22647678037660202
757 0.21843428148618282
758 0.20886117816073801
759 0.196092501783518
760 0.17298669396971134
761 0.1584074825266264
762 0.1609544347505214
763 0.15728494222991674
764 0.1498228478454755
765 0.14221050578543848
766 0.12806049880132642
767 0.11802898272981943
768 0.11235583057674514
769 0.10017264949371796
770 0.0936233744360998
771 0.09320779849073069
772 0.08477388124413232
773 0.06992955814807311
774 0.05382212456763191
775 0.04288732578316368
776 0.041353796240793717
777 0.03651928054869091
778 0.029941172605941424
779 0.028669123953202758
780 0.026620013556266198
781 0.023468514286508757
782 0.0200329674451597
783 0.015287139761184676
784 0.011176111942759248
785 0.0037082275408519827
786 -0.0028941452015821545
787 -0.009143093684871872
788 -0.014577908599726963
789 -0.01330152995439382
790 -0.012972846680638583
791 -0.01911221355055359
792 -0.021792529575055508
793 -0.025919122117660898
794 -0.035240879612840836
795 -0.03916247519437388
796 -0.04307812840002989
797 -0.04104446046747323
798 -0.03777278338857604
799 -0.04003099769563234
800 -0.042048264365652344
801 -0.04630167632252613
802 -0.05193582044078715
803 -0.04669624282959606
804 -0.043203628663488924
805 -0.0471581275538423
806 -0.04576809687144545
807 -0.0488620375814347
808 -0.054925761560626674
809 -0.05627381345674087
810 -0.050807270648021485
811 -0.0511553660260986
812 -0.04910879028524273
813 -0.04998627243091158
814 -0.05940334449004214
815 -0.059652054880479755
816 -0.06122104386380367
817 -0.06291443343836767
818 -0.0578430555822228
819 -0.052717728453599566
820 -0.051527503160313515
821 -0.05670023874003283
822 -0.06197904742958393
823 -0.06853690672965473
824 -0.07890807767263963
825 -0.0749989287630064
826 -0.0605699435194641
827 -0.055606788035568955
828 -0.05907489930913923
829 -0.05842405853370536
830 -0.06102905549477744
831 -0.06096197537045345
832 -0.06508290015539275
833 -0.0724920040655126
834 -0.06457478239500569
835 -0.057927398548450415
836 -0.05661155073190505
837 -0.05493807092342107
838 -0.05465691836056252
839 -0.05369052516321915
840 -0.055136801681322734
841 -0.05802935471752968
842 -0.06029603100723846
843 -0.06455547107443038
844 -0.06898999059464961
845 -0.06617621355075087
846 -0.055012654232240665
847 -0.05888183630890376
848 -0.06320149185174462
849 -0.06712574434915863
850 -0.07631210461436544
851 -0.07182500012039406
852 -0.0658630950011756
853 -0.056752976072196426
854 -0.05457451160491078
855 -0.05820334449004205
856 -0.05484311671212283
857 -0.05406011259204779
858 -0.05017317001172317
859 -0.04780453755293512
860 -0.050318326899104315
861 -0.05448642204228771
862 -0.05768812398812784
863 -0.06043865323853892
864 -0.05977524353140484
865 -0.05909603100723848
866 -0.06258888326619783
867 -0.06401935696726913
868 -0.06314744179551979
869 -0.06298007857883026
870 -0.06250683686319847
871 -0.06067539314278092
872 -0.05573336935698503
873 -0.055152604498354796
874 -0.05525372412907714
875 -0.05702495237384597
876 -0.061221520049508205
877 -0.06446123114168889
878 -0.06742002776386302
879 -0.06806063269618434
880 -0.06843313018305153
881 -0.07135475419724213
882 -0.06771987815248692
883 -0.06289767182317851
884 -0.06433814327451037
885 -0.06302472933029912
886 -0.0627847190153662
887 -0.06090863959278536
888 -0.06273030860648898
889 -0.0698168946622777
890 -0.07123469864790233
891 -0.06672814552425
892 -0.06405036415582888
893 -0.06391474388230911
894 -0.06710750765979234
895 -0.06693701134151753
896 -0.06316011151096657
897 -0.06021735579867671
898 -0.058707968796191445
899 -0.058834189764955136
900 -0.06226369344668026
901 -0.06257018544043269
902 -0.06182435392834118
903 -0.06137537701239415
904 -0.06784669756675521
905 -0.0683743496912641
906 -0.05702098273390377
907 -0.05578053971522923
908 -0.057155142982551754
909 -0.05479580904477299
910 -0.05349782251563606
911 -0.0534822577914561
912 -0.05489052516321913
913 -0.056658858399254886
914 -0.059674123900682496
915 -0.061647353314043585
916 -0.06589519829699797
917 -0.06290176372292089
918 -0.05316600614029565
919 -0.05089895444862891
920 -0.050728833532311945
921 -0.055178304281900736
922 -0.05462844582808357
923 -0.05396479802809706
924 -0.057233818191113506
925 -0.057378975078494765
926 -0.05456160379661179
927 -0.0581462771652842
928 -0.061278227021613896
929 -0.06264199600031917
930 -0.07157278122641353
931 -0.06659228715787813
932 -0.06472307238397212
933 -0.0634290554947774
934 -0.05524372637881658
935 -0.057505058738152814
936 -0.055310806503140575
937 -0.05660177602519134
938 -0.057349904100510996
939 -0.062156307612787454
940 -0.06434804024102436
941 -0.058793047517029295
942 -0.05713523321647185
943 -0.05709807565779379
944 -0.06000268491463745
945 -0.061712998454506174
946 -0.07210613763394724
947 -0.07459855718916486
948 -0.05819274829427701
949 -0.049922426191919556
950 -0.05241208804750963
951 -0.058222655810617474
952 -0.05829095786696081
953 -0.059237816700182244
954 -0.06588300476725562
955 -0.06405072450848104
956 -0.05895957419536202
957 -0.06572166966088444
958 -0.061982916285779455
959 -0.05565735106430425
960 -0.05344761983955315
961 -0.05113606975482887
962 -0.053876586205673815
963 -0.059068156920264125
964 -0.06279461598188008
965 -0.059841487117371917
966 -0.056920101196033634
967 -0.06256378192815648
968 -0.0654656334853726
969 -0.06507336354153115
970 -0.06717375124575953
971 -0.06588240632175113
972 -0.06257561510524634
973 -0.06357688434734499
974 -0.06669097291626636
975 -0.06454014444310285
976 -0.062196851415208476
977 -0.06298031667168247
978 -0.06292360969957678
979 -0.0629014033702685
980 -0.06202659318978587
981 -0.06353911329385664
982 -0.06646943738355193
983 -0.06955445497448975
984 -0.07242456358853622
985 -0.07278149635122355
986 -0.07360923695720867
987 -0.06945297499111514
988 -0.06995795964991669
989 -0.07793515870321999
990 -0.07844654687429786
991 -0.07594191874003231
992 -0.0717424560556369
993 -0.06937466013520577
994 -0.06521899661461694
995 -0.06261072924285382
996 -0.0647422463954419
997 -0.06544633721410287
998 -0.0703030441862087
999 -0.07015126074300437
1000 -0.07210190842509934
1001 -0.07594542724357556
1002 -0.08000394077338424
1003 -0.07232972521029002
1004 -0.0681103527598147
1005 -0.07608755181311799
1006 -0.08133596680891952
1007 -0.08247888443485596
1008 -0.07550922082682188
1009 -0.07147047975398735
1010 -0.07397243592306657
1011 -0.07286378084707512
1012 -0.07101280276253552
1013 -0.07458480641576115
1014 -0.07674746806601451
1015 -0.07938953685132344
1016 -0.0877645728223877
1017 -0.08980825355451061
1018 -0.08048552221186811
1019 -0.07404991424061913
1020 -0.07738577643510725
1021 -0.07718680758435359
1022 -0.07399670072275111
1023 -0.07487174899608584
1024 -0.07588568795363126
1025 -0.07490952004957419
1026 -0.07488128560994745
1027 -0.07590149077066333
1028 -0.0742558850491537
1029 -0.07724291611095457
1030 -0.08276280974664774
1031 -0.08720541584756136
1032 -0.08894840965270334
1033 -0.0887841795375991
1034 -0.08489699886442226
1035 -0.0825954465299581
1036 -0.078244185353053
1037 -0.07421787590281326
1038 -0.07472683020155702
1039 -0.07475506464118353
1040 -0.07422741251667464
1041 -0.07904321533370684
1042 -0.07994893191900243
1043 -0.08243424873269267
1044 -0.08407055593319301
1045 -0.07605221463196388
1046 -0.0740631824015705
1047 -0.07552586018221086
1048 -0.07237413786890678
1049 -0.07457816481063262
1050 -0.07429365610264183
1051 -0.07934946923460684
1052 -0.08337891178643209
1053 -0.08139171498286812
1054 -0.08654803425074553
1055 -0.0913012392944591
1056 -0.09173754649495958
1057 -0.08125595740024305
1058 -0.07545468815814449
1059 -0.08485342274416219
1060 -0.0871559489260888
1061 -0.0823393953051409
1062 -0.07412569444044781
1063 -0.07661521898693247
1064 -0.07904345342655916
1065 -0.07714133534383327
1066 -0.08640660891045426
1067 -0.08800482123017284
1068 -0.08542151788734575
1069 -0.07932979756137926
1070 -0.07671526398644568
1071 -0.08257094363742146
1072 -0.07936213895005373
1073 -0.07516786783761975
1074 -0.07944731845463837
1075 -0.08110513275519582
1076 -0.08259520843710588
1077 -0.08264588729889322
1078 -0.08142078596085178
1079 -0.08033106680347779
1080 -0.08064999041982468
1081 -0.08513747031575403
1082 -0.08432263751806812
1083 -0.08314157343668549
1084 -0.08211520285654561
1085 -0.08270863743062262
1086 -0.08870550432903757
1087 -0.09043269531714737
1088 -0.08948499994556924
1089 -0.08803896152031798
1090 -0.08646333093186531
1091 -0.08496348054324143
1092 -0.08458784995478907
1093 -0.08342585910112954
1094 -0.08367816372955128
1095 -0.08544336386400175
1096 -0.09045163123576483
1097 -0.091240663466158
1098 -0.09251668175883898
1099 -0.09244716776218098
1100 -0.08842642528586031
1101 -0.09329990892246065
1102 -0.09348391149453927
1103 -0.0822408253798047
1104 -0.08070923204801095
1105 -0.08815358740484391
1106 -0.08962786026972192
1107 -0.08470080276260139
1108 -0.08692414102490253
1109 -0.0895863576691438
1110 -0.09217882222387475
1111 -0.09229887777321455
1112 -0.08930171165204748
1113 -0.09067486488620313
1114 -0.09497352604005027
1115 -0.09617085407486403
1116 -0.08335877897680544
1117 -0.07885909050182827
1118 -0.08247900026790822
1119 -0.08270610277454205
1120 -0.08284461805679466
1121 -0.08187532985071833
1122 -0.08309113266775048
1123 -0.08368770034341277
1124 -0.08663069414855484
1125 -0.09060921974574054
1126 -0.09102902489995746
1127 -0.09228656841042004
1128 -0.084508936653375
1129 -0.07578047642316654
1130 -0.07719271343487177
1131 -0.07980425121732582
1132 -0.08285415467065627
1133 -0.08565512469000236
1134 -0.08598031450951982
1135 -0.0850423938446555
1136 -0.08538049147247206
1137 -0.08757452066393756
1138 -0.09259475852189614
1139 -0.1032782114760995
1140 -0.10323730732102598
1141 -0.0925569874684079
1142 -0.08684486737083619
1143 -0.08730954632006882
1144 -0.09054961776490178
1145 -0.0914780018159046
1146 -0.08668402992622304
1147 -0.08352987374058507
1148 -0.08253257413842852
1149 -0.07814910888195459
1150 -0.08065625662299536
1151 -0.08581005628409732
1152 -0.08894864774555566
1153 -0.0897470792807048
1154 -0.09031830752547354
1155 -0.09355885515601092
1156 -0.09319902738459052
1157 -0.0865385126861894
1158 -0.0872588674582816
1159 -0.09051497981299883
1160 -0.0898197263789483
1161 -0.09073567880735645
1162 -0.08939099810567974
1163 -0.08653234726676551
1164 -0.08881809678419739
1165 -0.10057195757519943
1166 -0.1030510081857191
1167 -0.09548791000360779
1168 -0.08533258535961785
1169 -0.0817766226162766
1170 -0.09027764146325234
1171 -0.10108731538621951
1172 -0.09944773777502824
1173 -0.09154304851086259
1174 -0.0906595382548755
1175 -0.09232132219537514
1176 -0.09128204380693616
1177 -0.08956355289433093
1178 -0.09326153942346782
1179 -0.09789768471032145
1180 -0.09589490813327228
1181 -0.09225400397819883
1182 -0.09323039492580254
1183 -0.08702563605758273
1184 -0.0851024720111988
1185 -0.08225373318810392
1186 -0.08854707928070482
1187 -0.09681786251946145
1188 -0.09479349310791396
1189 -0.08860378625281051
1190 -0.08355485281882624
1191 -0.08655828514316377
1192 -0.0884526012551109
1193 -0.09245333318160487
1194 -0.09491668175883916
1195 -0.09180259318991746
1196 -0.09053948270553558
1197 -0.09240313050552218
1198 -0.09130714514497751
1199 -0.09017338873094471
1200 -0.09108934115935285
1201 -0.09008180571408375
1202 -0.09100729475635372
1203 -0.09077682105528229
1204 -0.08753978192828804
1205 -0.08952638028634718
1206 -0.08981042785793891
1207 -0.09022382949987962
1208 -0.09347353834232086
1209 -0.09135758591391263
1210 -0.08991444249739433
1211 -0.08934321425262559
1212 -0.08682339679613804
1213 -0.08657071676575834
1214 -0.0858347972694864
1215 -0.08955148162438853
1216 -0.09227040524073549
1217 -0.0925702556293595
1218 -0.09153121533377262
1219 -0.09061550099821669
1220 -0.09317332760104458
1221 -0.09508634153875706
1222 -0.0986487077943744
1223 -0.10007964263184477
1224 -0.08949104310519307
1225 -0.08581861905049648
1226 -0.08461005628409746
1227 -0.08345155888467537
1228 -0.07802614327457613
1229 -0.07173896260139923
1230 -0.0739911337488317
1231 -0.07167331746093664
1232 -0.07153732178545913
1233 -0.07159089565597954
1234 -0.07175199266949839
1235 -0.07464163564766679
1236 -0.06999319604732424
1237 -0.06795661805672892
1238 -0.06490937151927934
1239 -0.06186539539252034
1240 -0.06239677906411922
1241 -0.053387541673009964
1242 -0.04640206019863813
1243 -0.04490944986064749
1244 -0.044549982441879354
1245 -0.03689833356074579
1246 -0.032202809336600136
1247 -0.029894990798965737
1248 -0.02792479370344303
1249 -0.026093349983025482
1250 -0.022534254138099064
1251 -0.02337105517224103
1252 -0.025228436769056728
1253 -0.023630599851296008
1254 -0.017832463710782842
1255 -0.017548416139191114
1256 -0.021009900856938435
1257 -0.02293895570453508
1258 -0.024217032467592325
1259 -0.02971158667239171
1260 -0.03576866904645515
1261 -0.033775667176119795
1262 -0.028943924232950002
1263 -0.02787724794324109
1264 -0.025815705923709964
1265 -0.021770085152895025
1266 -0.018716572412274535
1267 -0.01925435959614963
1268 -0.011906292650729844
1269 -0.0008982483225136173
1270 0.004980874639095245
1271 0.011257920252906284
1272 0.013995556744323845
1273 0.019202554873988364
1274 0.019635267836504378
1275 0.019260113433756554
1276 0.014958557271176232
1277 0.01299043369533548
1278 0.02833499596532829
1279 0.03445762269610775
1280 0.03300097302578575
1281 0.031132234437584616
1282 0.025044022615161254
1283 0.023783807139512447
1284 0.0283943749026202
1285 0.031776470133249024
1286 0.02968294707769581
1287 0.01986223303403256
1288 0.009035058176309563
1289 0.00032407383984700555
1290 -0.0100249058231352
1291 -0.01142060426319802
1292 0.0012027378272193578
1293 -0.003497217173267342
1294 -0.008575835080045224
1295 -0.002167524226319384
1296 -0.001950181377093796
1297 0.003571993772522264
1298 0.008552402106616341
1299 0.00829369396591828
1300 0.0011978093891202857
1301 -0.003308743734532049
1302 0.0025398331749161285
1303 0.009803080968403655
1304 0.009963564487112442
1305 0.0035248234142780666
1306 -0.00189951756461193
1307 -0.010346226786457136
1308 -0.01507022354308174
1309 -0.016005126939412917
1310 -0.01622556636486483
1311 -0.019262216706549595
1312 -0.03922568646250246
1313 -0.05631569145927695
1314 -0.06279727289776083
1315 -0.06290056683191148
1316 -0.06889417836894085
1317 -0.07727839060121433
1318 -0.08276280974664763
1319 -0.08727129908087605
1320 -0.09492875302878123
1321 -0.10343567772627527
1322 -0.10731020373331102
1323 -0.1096809954462219
1324 -0.11016355073216832
1325 -0.11979553176819047
1326 -0.1229876971001691
1327 -0.11940906689112052
1328 -0.12325290953688994
1329 -0.11991849737556881
1330 -0.11787130813990299
1331 -0.12036326655872154
1332 -0.12600694729084427
1333 -0.12348278479245667
1334 -0.12199163447933759
1335 -0.13033576404558883
1336 -0.12773390018610203
1337 -0.11916929466903992
1338 -0.11488475326380654
1339 -0.11601850967783922
1340 -0.12053376287699635
1341 -0.1285325698141035
1342 -0.13226132543894786
1343 -0.1325698759030764
1344 -0.13831757127465455
1345 -0.13901609511939622
1346 -0.13166102621619558
1347 -0.12528876682218054
1348 -0.12700085422250962
1349 -0.12899942306676443
1350 -0.13469560303819844
1351 -0.14025640082896507
1352 -0.14198672491866027
1353 -0.14067606867407645
1354 -0.13664396920637045
1355 -0.13447803714542622
1356 -0.12976938206943467
1357 -0.13168347063835617
1358 -0.13490784004990364
1359 -0.1312600712461549
1360 -0.1350428618779187
1361 -0.13747727678627486
1362 -0.1449455215408345
1363 -0.147512884757524
1364 -0.14193255260263543
1365 -0.1398172994034783
1366 -0.13697253022032552
1367 -0.13580365966868535
1368 -0.13815648931044122
1369 -0.1414946480681578
1370 -0.13860149658644622
1371 -0.13780849471611079
1372 -0.14222370291575454
1373 -0.14340500508998938
1374 -0.14023383414700435
1375 -0.1382601435972442
1376 -0.14377736526775098
1377 -0.14442124061076306
1378 -0.1447493254390137
1379 -0.14572862644465606
1380 -0.14361580711783306
1381 -0.14364404155745975
1382 -0.14576350248941128
1383 -0.1458328791769637
1384 -0.14309442119649485
1385 -0.14681110555139704
1386 -0.15158324651372823
1387 -0.1518513539591822
1388 -0.14702565417563618
1389 -0.15112447341501378
1390 -0.15850115020201805
1391 -0.16750641795318516
1392 -0.17422547505052133
1393 -0.1800172227280638
1394 -0.18190523611148146
1395 -0.17770784694676767
1396 -0.18623103559769277
1397 -0.19144108109450153
1398 -0.1975635705161754
1399 -0.2030424226876893
1400 -0.20101432172905198
1401 -0.20487640106418764
1402 -0.20877999804920688
1403 -0.2086809368888607
1404 -0.21037965534449177
1405 -0.2161184125477129
1406 -0.20806266054564798
1407 -0.1952862829813959
1408 -0.18541257846341147
1409 -0.17015211750183745
1410 -0.15412200631558098
1411 -0.11747385305084768
1412 -0.07472563973729562
1413 -0.033851432326642894
1414 0.01786401811568228
1415 0.06966410119175193
1416 0.13138273248221066
1417 0.19636375737986278
1418 0.25814140725496126
1419 0.32370198507092873
1420 0.39459096581532116
1421 0.4635476213014261
1422 0.51998564856582
1423 0.5750312112754828
1424 0.6402365444547825
1425 0.7088767101968744
1426 0.7768178759085201
1427 0.8441512542622237
1428 0.9029052838637367
1429 0.9400561653143588
1430 0.9727409973534339
1431 0.9965056253128742
1432 1.0046701374392626
1433 1.0133295598585175
1434 1.0079461380840065
1435 0.9929776675388654
1436 0.9873732936278389
1437 0.9859308859659309
1438 0.9857509752935946
1439 0.9803761227122306
1440 0.9683512508444837
1441 0.9506000133057947
1442 0.9115600438405459
1443 0.8438698700332606
1444 0.7555130944495184
1445 0.656683902467312
1446 0.5522633666421785
1447 0.43609428385780447
1448 0.3212509458564893
1449 0.22168134846204857
1450 0.12093611665103932
1451 0.00837116585672304
1452 -0.08710490108909152
1453 -0.16192513985363532
1454 -0.23771581719820117
1455 -0.29469827325159853
1456 -0.3335753718428681
1457 -0.37686390699637595
1458 -0.4106806965480135
1459 -0.4198808412501921
1460 -0.41339093870311794
1461 -0.4096780866790523
1462 -0.40333166437768886
1463 -0.39924946944439477
1464 -0.3869279961226616
1465 -0.3703785875840541
1466 -0.35783723675701473
1467 -0.3363908155367326
1468 -0.31732540682316857
1469 -0.29348753331998
1470 -0.2762567379537778
1471 -0.2667638305551973
1472 -0.2381196908488381
1473 -0.21179093355803996
1474 -0.19307726603520187
1475 -0.1718258289764258
1476 -0.15814048589224078
1477 -0.15053177459554695
1478 -0.13934405768784663
1479 -0.12655187730656248
1480 -0.12066962124336822
1481 -0.11684904450881073
1482 -0.11460723146429097
1483 -0.1123492402007813
1484 -0.106656092547186
1485 -0.10431385910119517
1486 -0.09269635433832313
1487 -0.08669971048345504
1488 -0.08697192487795669
1489 -0.08829501274513529
1490 -0.09105133201301252
1491 -0.09178679037288551
1492 -0.09508693998426165
1493 -0.093637768457425
1494 -0.08866400172845934
1495 -0.08589150424159209
1496 -0.08667159830362847
1497 -0.08847830103865695
1498 -0.0866468573182394
1499 -0.07928552221186824
1500 -0.07690192347440494
1501 -0.07653956104690385
1502 -0.069955424993836
1503 -0.0653514837865512
1504 -0.06232668167126221
1505 -0.0621970895080608
1506 -0.06469797104593078
1507 -0.06717061814417435
1508 -0.06709483794434556
1509 -0.06361489349368543
1510 -0.06239582026596224
1511 -0.06383583058089526
1512 -0.06859179332423626
1513 -0.06924217296327129
1514 -0.06798425405085096
1515 -0.07181111846463262
1516 -0.07831478040766826
1517 -0.07002925393378301
1518 -0.04399543364281533
1519 -0.035072673431046475
1520 -0.036848845163219845
1521 -0.038644698560325486
1522 -0.04314087853175941
1523 -0.04839228932004069
1524 -0.04872677766056732
1525 -0.046851534776343184
1526 -0.041243429318227
1527 -0.03392963997205778
1528 -0.0364753953049437
1529 -0.03843679154121471
1530 -0.036143939282255455
1531 -0.03374066887156468
1532 -0.03285005587404988
1533 -0.037476426454189915
1534 -0.03983215110467864
1535 -0.03717320487112841
1536 -0.032553698939663644
1537 -0.025777336424717134
1538 -0.022783901850640054
1539 -0.023970994042341043
1540 -0.027804738154103337
1541 -0.03227001172072419
1542 -0.02692015326690711
1543 -0.025180530656202627
1544 -0.024767129014261813
1545 -0.022871637487358765
1546 -0.027782892177447338
1547 -0.02651084352470845
1548 -0.01313707679574283
1549 -0.008034417132826932
1550 -0.0063422394985778174
1551 -0.010706530743582188
1552 -0.013081191312688478
1553 -0.009038480599911969
1554 -0.009787069811630689
1555 -0.010406680354958175
1556 -0.007817110808960415
1557 -0.004327391651586354
1558 -0.00523997288555722
1559 -0.008098623724471343
1560 -0.0062829828210859695
1561 0.002761729060282936
1562 0.002025809564011105
1563 -0.003466209984707591
1564 -0.004581030480123038
1565 -0.000750181377093706
1566 0.006358235606045315
1567 0.004071188413857785
1568 0.004557337937788564
1569 0.0083629483936708
1570 0.009739011685864885
1571 0.015473200803639453
1572 0.021893244050708582
1573 0.022344892931842053
1574 0.01911084959732756
1575 0.016227234729477402
1576 0.022985735957015696
1577 0.02756166576822039
1578 0.021418805444067712
1579 0.02101456501403076
1580 0.021760396526121828
1581 0.022332461309247598
1582 0.018795672577376132
1583 0.014300952630813657
1584 0.023562631959450298
1585 0.03828833449003133
1586 0.04052990944169865
1587 0.03231523472954312
1588 0.031352212726637574
1589 0.039373824438557414
1590 0.04335562044643393
1591 0.04132484752261034
1592 0.03769647577387791
1593 0.035580761438322006
1594 0.04044387192270382
1595 0.044839545758225685
1596 0.04819267079461753
1597 0.04948052226438848
1598 0.053869792587634024
1599 0.059146542806808866
1600 0.059910473699160804
1601 0.06015034670498798
1602 0.05927553652450557
1603 0.06061466530156834
1604 0.06321339605946985
1605 0.06294445207565913
1606 0.06744460168703525
1607 0.06732188922181459
1608 0.06279312976885387
1609 0.06078769627592395
1610 0.06591639459898457
1611 0.07287592314765257
1612 0.07606122383095593
1613 0.0831125734893372
1614 0.08794395607985472
1615 0.0896765767327784
1616 0.09534162725585282
1617 0.10154097150856445
1618 0.10006899520691481
1619 0.09761131438734683
1620 0.1028947062116502
1621 0.11161073481926409
1622 0.11210534632584723
1623 0.11332695420965089
1624 0.12036936569967527
1625 0.119965039535197
1626 0.12001534299502647
1627 0.11812080383953238
1628 0.12009100093505509
1629 0.12622616007217557
1630 0.13497309508460253
1631 0.14333135439117217
1632 0.14365921617587607
1633 0.14598680717048473
1634 0.14392490479830145
1635 0.14229799690255696
1636 0.14755918239755206
1637 0.15439889348973268
1638 0.1572592424463708
1639 0.16204621237827155
1640 0.16606879028142163
1641 0.17234597320433787
1642 0.18024052740913743
1643 0.181942617059206
1644 0.17844359938082277
1645 0.17381746689353494
1646 0.17531755537501126
1647 0.18141181035705833
1648 0.19058130822332975
1649 0.20070163456276424
1650 0.20672988405169668
1651 0.2065906330148337
1652 0.20442701256642326
1653 0.2104992993120144
1654 0.22191785027343836
1655 0.2328083737083958
1656 0.24043011507318868
1657 0.2484885390404401
1658 0.2567652281297149
1659 0.2572667193342789
1660 0.2594736563340434
1661 0.26392627523452294
1662 0.2686658367153275
1663 0.27343387072861103
1664 0.2772230799219565
1665 0.2814348519691463
1666 0.2883719511449593
1667 0.3006433440504098
1668 0.3075613699984998
1669 0.30999191605066057
1670 0.31825906852607366
1671 0.3234724852173201
1672 0.3285181632899189
1673 0.33246785600197315
1674 0.3372391604259475
1675 0.3443955993549932
1676 0.34115179636307047
1677 0.33983681012589195
1678 0.3542207842653132
1679 0.3690565445949733
1680 0.3747050565464053
1681 0.37155513313457167
1682 0.37814217924567817
1683 0.39459806855684876
1684 0.4005907427717744
1685 0.4033118256422442
1686 0.4041929170752029
1687 0.4068996471618075
1688 0.40892655122943566
1689 0.40980053992086674
1690 0.42178148174244956
1691 0.4306983146276465
1692 0.4401670644370369
1693 0.4556308607673184
1694 0.4653593933486161
1695 0.4689265908235428
1696 0.4744247543156318
1697 0.47621202347028524
1698 0.4737576130614075
1699 0.47835912039635853
1700 0.48095182304394146
1701 0.4784974126350644
1702 0.4822428076152979
1703 0.4853785040680231
1704 0.4877238555662936
1705 0.4928496588806214
1706 0.4956475965821291
1707 0.4909250748996815
1708 0.5005279849577199
1709 0.5158752191928991
1710 0.5194016498218578
1711 0.5224705899775522
1712 0.5188259542753891
1713 0.5220031533286921
1714 0.5256546687288365
1715 0.5167519806332633
1716 0.5132967621186867
1717 0.5189943921232875
1718 0.525120374999199
1719 0.5236263296773466
1720 0.5234714988669985
1721 0.5203355793707266
1722 0.5234243285087544
1723 0.5253035410329207
1724 0.5196567271992126
1725 0.5185834093043754
1726 0.5162191218874873
1727 0.510588095821506
1728 0.5046740110807008
1729 0.5041825176263973
1730 0.4908437492019865
1731 0.48085650847999084
1732 0.472947449132915
1733 0.45898304205485874
1734 0.4592172322537146
1735 0.4597551567466954
1736 0.4523437412240413
1737 0.44091565364875585
1738 0.43037228826977214
1739 0.4260251189926093
1740 0.41726914502807866
1741 0.403592978205103
1742 0.39019239697106645
1743 0.3756295867905183
1744 0.36137905862118835
1745 0.35063405242626466
1746 0.34022956268218585
1747 0.32873283417395815
1748 0.3187677847319652
1749 0.30143201592815083
1750 0.2892501325198794
1751 0.27777233993026906
1752 0.2680655374925752
1753 0.2626128462410062
1754 0.25270755113826304
1755 0.24010516334652354
1756 0.22621783414305163
1757 0.21547282794812783
1758 0.204857175823553
1759 0.19210625994999475
1760 0.17992451385082908
1761 0.16721291984767273
1762 0.14868304184507108
1763 0.13467505864675489
1764 0.13659637221700371
1765 0.13524820448783748
1766 0.12812373154550827
1767 0.12071652375564879
1768 0.10845863710400194
1769 0.09510766010054372
1770 0.08712271976989261
1771 0.07938695096607817
1772 0.06764937560456052
1773 0.05885876368812726
1774 0.050965406374337
1775 0.03905781088024918
1776 0.028760346617411114
1777 0.023768242415332597
1778 0.02486435003567733
1779 0.023986767106261797
1780 0.01939236251283849
1781 0.01142492311694343
1782 0.006780215063690753
1783 0.008442222047737036
1784 0.0019494309186777192
1785 -0.003845211767597778
1786 -0.005808306121592777
1787 -0.012834316349080388
1788 -0.01866673008884423
1789 -0.020943181085266716
1790 -0.022657565048824102
1791 -0.022165027061922693
1792 -0.025720614403305975
1793 -0.025341627669721478
1794 -0.02898590301923254
1795 -0.028855712410526535
1796 -0.031097662764151934
1797 -0.040391408863251765
1798 -0.03728036766147458
1799 -0.04073820656657323
1800 -0.040289705836330514
1801 -0.04135035401572096
1802 -0.04990841871140106
1803 -0.050731490448192695
1804 -0.056437445126340524
1805 -0.06350519604725846
1806 -0.05862231310590227
1807 -0.05802911662467747
1808 -0.05736967655748537
1809 -0.052265856528919574
1810 -0.057839547078679554
1811 -0.061474798525392615
1812 -0.060517566539952994
1813 -0.05628552437403078
1814 -0.05751750541005285
1815 -0.06328389860739614
1816 -0.06216235077241117
1817 -0.06595467801803656
1818 -0.0667281455242501
1819 -0.06925436649301375
1820 -0.07109580796369175
1821 -0.06525363456651978
1822 -0.06235781111962191
1823 -0.061909670742031575
1824 -0.06361235883760452
1825 -0.0620585591765026
1826 -0.05554960487775884
1827 -0.059491195959813004
1828 -0.06159774908346549
1829 -0.058284691663790134
1830 -0.057498792534982246
1831 -0.053728534309559595
1832 -0.05250632798025123
1833 -0.055061021481493944
1834 -0.05816824540174037
1835 -0.062408850334061405
1836 -0.0635610815303127
1837 -0.0676158635130314
1838 -0.06970274496345619
1839 -0.07080405920506783
1840 -0.07738276559332202
1841 -0.07599053913144327
1842 -0.06641779972360773
1843 -0.06895982350940355
1844 -0.08032599749131641
1845 -0.08191405970236343
1846 -0.07422053281869401
1847 -0.07122420323588385
1848 -0.07355566308668826
1849 -0.07093448790662604
1850 -0.06721116194659549
1851 -0.06674418643413427
1852 -0.06684530606485672
1853 -0.06849007524800954
1854 -0.07136369236559903
1855 -0.07503971065827997
1856 -0.07346637663305577
1857 -0.0729260547931001
1858 -0.07928985220446272
1859 -0.07700340345777956
1860 -0.0719127142810595
1861 -0.06957049588437414
1862 -0.06572735246785588
1863 -0.06487764362541493
1864 -0.07097876325613728
1865 -0.07437582476544125
1866 -0.07714229414199014
1867 -0.07881310198528779
1868 -0.06884617147233996
1869 -0.06994902148155979
1870 -0.07129188180571244
1871 -0.0647797944053834
1872 -0.06672511320641139
1873 -0.0675207870419331
1874 -0.07285087303877602
1875 -0.07790668617074115
1876 -0.07616949743237067
1877 -0.07479573070340495
1878 -0.07322674172008081
1879 -0.07272175706127926
1880 -0.07048247867284041
1881 -0.07059602992615721
1882 -0.07466384197697506
1883 -0.07215669423593452
1884 -0.06733121749593518
1885 -0.06514261796928367
1886 -0.0698923145094541
1887 -0.07570601537414712
1888 -0.07271525276525626
1889 -0.07013508252401446
1890 -0.06775728885332288
1891 -0.07073889025031
1892 -0.07170841654923843
1893 -0.06664863377733143
1894 -0.06976585544783809
1895 -0.07282637014623916
1896 -0.06849647876028564
1897 -0.06708494097783169
1898 -0.06718606060855414
1899 -0.06978806177714647
1900 -0.07330914847573244
1901 -0.0713890317964927
1902 -0.07032778517159755
1903 -0.0705991630277425
1904 -0.07391814777398942
1905 -0.07533678829797075
1906 -0.06761586351303162
1907 -0.057977717057585476
1908 -0.05976245155615789
1909 -0.06682056507946765
1910 -0.0689925252507303
1911 -0.06964893300008368
1912 -0.07001213196594169
1913 -0.07135415575173754
1914 -0.07255102265015212
1915 -0.07229207641660185
1916 -0.06943753252673535
1917 -0.06614424756403448
1918 -0.061805656102576045
1919 -0.05882465315109364
1920 -0.05830073257367452
1921 -0.059017954244181214
1922 -0.05697451160491085
1923 -0.05659514946936839
1924 -0.06304656025764965
1925 -0.06865466571576584
1926 -0.07136694772698438
1927 -0.06878425787896725
1928 -0.06358315055051555
1929 -0.05883359131945043
1930 -0.06373530939567751
1931 -0.06460409146584156
1932 -0.05921295345499289
1933 -0.05825572146955327
1934 -0.06299938989940546
1935 -0.06863329592481449
1936 -0.06360198568538622
1937 -0.06128692709711869
1938 -0.06493217629409209
1939 -0.06317048466318498
1940 -0.056156170303681696
1941 -0.053794179450022295
1942 -0.060350441416115674
1943 -0.062023820440853084
1944 -0.06111413421561529
1945 -0.05988262936529776
1946 -0.05802562317043969
1947 -0.06275937958447264
1948 -0.06568657057258254
1949 -0.06627336354153113
1950 -0.06721152229924787
1951 -0.0654656334853726
1952 -0.06040028373954609
1953 -0.05767533201288089
1954 -0.05966169227808793
1955 -0.060043488285964286
1956 -0.06308179665505731
1957 -0.06049246520191143
1958 -0.05391086380492438
1959 -0.05710699877684522
1960 -0.061960948049323505
1961 -0.0627813478209287
1962 -0.06343196555281583
1963 -0.06549977377551763
1964 -0.0682873748501659
1965 -0.07991211966367118
1966 -0.08006970817364678
1967 -0.06952201280206871
1968 -0.0672464991277496
1969 -0.05941856391087519
1970 -0.05668673248622924
1971 -0.06111774350290511
1972 -0.06332771282050842
1973 -0.06687330241163125
1974 -0.07240899886435637
1975 -0.07556026004126148
1976 -0.07616973552522299
1977 -0.07663367871984539
1978 -0.07643387333073481
1979 -0.08304697957803953
1980 -0.08513529601232561
1981 -0.07048888218511651
1982 -0.05987213395327928
1983 -0.06004673722060183
1984 -0.06680500035528769
1985 -0.06890720843704012
1986 -0.0677412479434385
1987 -0.07322069856045699
1988 -0.07221026810645481
1989 -0.06877412281960116
1990 -0.0683987303240009
1991 -0.06847451052382958
1992 -0.06990787923363406
1993 -0.07227651169242189
1994 -0.07230498422490095
1995 -0.06932048781918076
1996 -0.07092748594884524
1997 -0.07601480393112803
1998 -0.08052135705478025
1999 -0.07674469531708161
2000 -0.06846437546446349
2001 -0.06705610809270046
2002 -0.07372302630337768
2003 -0.07653642794531856
2004 -0.07397136129185744
2005 -0.07527561402416516
2006 -0.07850349193925577
2007 -0.07736973552522286
2008 -0.07399983382433628
2009 -0.07383911221277528
2010 -0.07691832473694171
2011 -0.07498240524066968
2012 -0.07507047975398728
2013 -0.07538940337033428
2014 -0.0787117593110187
2015 -0.07868665797297736
2016 -0.07455863044651057
2017 -0.07587241979267978
2018 -0.08155387157829075
2019 -0.08113047218608938
2020 -0.08059580305449421
2021 -0.08209289574349055
2022 -0.0882204294363157
2023 -0.08193806493314226
2024 -0.0759278290900296
2025 -0.09006766092445984
2026 -0.08437078172377477
2027 -0.07291591973373401
2028 -0.07408235641304017
2029 -0.07655851201482677
2030 -0.07984805038113241
2031 -0.08327068941418236
2032 -0.08813066679697878
2033 -0.08773633838276107
2034 -0.08114917001185462
2035 -0.07349135571129728
2036 -0.07287609020986963
2037 -0.07736043700421347
2038 -0.0782408141586155
2039 -0.08091243010761273
2040 -0.08227338981202592
2041 -0.07959201420562045
2042 -0.08412376945106093
2043 -0.0849352461036148
2044 -0.08695877897680537
2045 -0.09101018976508668
2046 -0.09353327763226515
2047 -0.09288313608608245
2048 -0.08620148968958208
2049 -0.07868883227640577
2050 -0.07853100567357774
2051 -0.08555111005054705
2052 -0.0893908822726277
2053 -0.08704758924473333
2054 -0.08184045380596328
2055 -0.07791574017215008
2056 -0.07922602101477616
2057 -0.08285066121641849
2058 -0.09283269531714722
2059 -0.09599662620949911
2060 -0.09207397104606252
2061 -0.09172994609167417
2062 -0.09149984779256082
2063 -0.09228620805776766
2064 -0.08993978192828811
2065 -0.08862309757338582
2066 -0.08961796330320804
2067 -0.08902696260146503
2068 -0.09255758591391261
2069 -0.094708414387076
2070 -0.09038165610270754
2071 -0.08906810484939076
2072 -0.0911809241762137
2073 -0.09151227941515516
2074 -0.09353664882670276
2075 -0.09108620805776768
2076 -0.0874922361680861
2077 -0.0880896403821052
2078 -0.0888731056385792
2079 -0.08590104085545358
2080 -0.08740378625281053
2081 -0.0920872392070139
2082 -0.09416892908547703
2083 -0.0888125298102781
2084 -0.08433977810017179
2085 -0.097025769538572
2086 -0.10618113766452486
2087 -0.09655458629331648
2088 -0.08907040141261924
2089 -0.09112758839854573
2090 -0.09086237596182478
2091 -0.08887226910022228
2092 -0.09013561767745648
2093 -0.09271565060959286
2094 -0.0934444673643372
2095 -0.09592978417802733
2096 -0.09769231234729159
2097 -0.09169544544887687
2098 -0.08758695228653213
2099 -0.08696855368351919
2100 -0.08870260932030438
2101 -0.08648867036275909
2102 -0.08452100792331729
2103 -0.08809277348369049
2104 -0.09107064333358772
2105 -0.09319842893908603
2106 -0.09539886164282751
2107 -0.1003824030785071
2108 -0.10278577427294477
2109 -0.09698680159407469
2110 -0.0995821611575386
2111 -0.10787285416237513
2112 -0.104434412312293
2113 -0.08860029279857284
2114 -0.08056395290082974
2115 -0.08664697315129155
2116 -0.09200856399845214
2117 -0.0942343361330874
2118 -0.09597719262912396
2119 -0.09465340553269408
2120 -0.10024037929271135
2121 -0.10231856066763145
2122 -0.0941291246026229
2123 -0.0973721918399355
2124 -0.10281727912326233
2125 -0.10236563024212886
2126 -0.09382323105437507
2127 -0.08816795523801468
2128 -0.0891098455428212
2129 -0.08652354640751414
2130 -0.08522555987837721
2131 -0.08542429063627865
2132 -0.08718635766914373
2133 -0.09312324718476184
2134 -0.0919163825360867
2135 -0.09366564254439946
2136 -0.09767952037204464
2137 -0.0991344969656528
2138 -0.10480533750619314
2139 -0.11078991009111894
2140 -0.11008932777600111
2141 -0.09903337733493045
2142 -0.0912684152933324
2143 -0.09484367430794327
2144 -0.09708285191263566
2145 -0.09779656507959933
2146 -0.09095915055064707
2147 -0.08833218535311882
2148 -0.09418146149181839
2149 -0.08930811516432369
2150 -0.09067196987747006
2151 -0.09528301382628235
2152 -0.09487204605667554
2153 -0.09623590076982191
2154 -0.09638456616074631
2155 -0.09723717001192034
2156 -0.09473002227087968
2157 -0.09304373543784328
2158 -0.09056192712769628
2159 -0.09158502729714535
2160 -0.0921531224403287
2161 -0.09594269198632666
2162 -0.0985794318905685
2163 -0.09610945675751148
2164 -0.09987041646192485
2165 -0.10289872708075698
2166 -0.10575013786903831
2167 -0.10717444615068572
2168 -0.10458114505759797
2169 -0.10736920726864507
2170 -0.11395721217790844
2171 -0.11227732885714814
2172 -0.1023520017285251
2173 -0.09653273388991268
2174 -0.09600217170736514
2175 -0.09850319055434087
2176 -0.1047912077658748
2177 -0.09831675410992835
2178 -0.09278710081682695
2179 -0.09994062968783413
2180 -0.09864545243298883
2181 -0.10136689565611101
2182 -0.10377353726123961
2183 -0.10262397803017453
2184 -0.10089678704206462
2185 -0.09693382616905888
2186 -0.09514992820884327
2187 -0.09478696733583769
2188 -0.09393725849339662
2189 -0.09653285614971285
2190 -0.09928978891240015
2191 -0.10087144761117106
2192 -0.10013552811489912
2193 -0.10205588288699119
2194 -0.09974746590385197
2195 -0.0975968755235408
2196 -0.10004091278019966
2197 -0.10203345351413606
2198 -0.10797323803848724
2199 -0.1063467055447006
2200 -0.1060940255143209
2201 -0.10449016048624171
2202 -0.10177764038217108
2203 -0.10111796222212677
2204 -0.09873063193757359
2205 -0.09883777967861429
2206 -0.10147802808639939
2207 -0.104569311880508
2208 -0.10615677564605053
2209 -0.11292023035269783
2210 -0.11961599649781196
2211 -0.11628167007093204
2212 -0.09904485015936815
2213 -0.09793726971458572
2214 -0.1082712680495872
2215 -0.10489753401786417
2216 -0.10431242411733388
2217 -0.10775834411090124
2218 -0.10999738440648799
2219 -0.10769210052493416
2220 -0.10428442777055946
2221 -0.10439797902387626
2222 -0.1096848643024173
2223 -0.10924299012799765
2224 -0.10108889124414322
2225 -0.0983039621346814
2226 -0.1016516575062596
2227 -0.10481221720417389
2228 -0.10907213345707045
2229 -0.11122839159504772
2230 -0.11144222594073006
2231 -0.1192742681066522
2232 -0.11973918514873716
2233 -0.10874924020078147
2234 -0.10062131728617751
2235 -0.10150963372046373
2236 -0.10128219233723101
2237 -0.10123151347544368
2238 -0.10104194392944588
2239 -0.0987906093203702
2240 -0.10062854228750495
2241 -0.09765974791507048
2242 -0.10073606543050351
2243 -0.1017594036928049
2244 -0.09609618859656
2245 -0.10295832906159563
2246 -0.10853590351685694
2247 -0.10476189869503894
2248 -0.0958945477806199
2249 -0.0911520912910826
2250 -0.09112735030569341
2251 -0.08941586135086899
2252 -0.08750550432903736
2253 -0.08345409354075617
2254 -0.0807038023831973
2255 -0.08160708509615877
2256 -0.08217518023934223
2257 -0.08600854894914667
2258 -0.08837694331508228
2259 -0.0865138939606005
2260 -0.08019580688261041
2261 -0.07015752694617505
2262 -0.060725113206411385
2263 -0.06063412863505502
2264 -0.06335654570563964
2265 -0.06085205488047962
2266 -0.057678587374266344
2267 -0.053131728541044976
2268 -0.04867621463183225
2269 -0.046554457136652405
2270 -0.04471674721306418
2271 -0.04298329002178369
2272 -0.04131920951805579
2273 -0.03891920951805561
2274 -0.04000252516315339
2275 -0.04163172962212636
2276 -0.043658770998860064
2277 -0.048720612241143546
2278 -0.04928557428274161
2279 -0.04986077216745255
2280 -0.045566456055505467
2281 -0.03735565019954534
2282 -0.03910840366209567
2283 -0.043412854833409065
2284 -0.04383952463630114
2285 -0.03676293633077288
2286 -0.024200869297907768
2287 -0.02243337260022893
2288 -0.023564594358181035
2289 -0.019824989395413772
2290 -0.017520065866512113
2291 -0.014316067357443618
2292 -0.00355743264891617
2293 0.0056226764624257575
2294 0.004390096980898983
2295 7.311340324456239e-05
2296 0.002449086696412306
2297 -0.0008352600979317781
2298 -0.0031036094643542844
2299 0.0068153141519927685
2300 0.01493118084595979
2301 0.01712834313901046
2302 0.013597121381058397
2303 0.01611091072722759
2304 0.021479604315915446
2305 0.01858054698368583
2306 0.011630778092425742
2307 -0.001930885105824065
2308 -0.017621783942739166
2309 -0.02697781903716967
2310 -0.026730345628056984
2311 -0.02855249082746525
2312 -0.03285414777379214
2313 -0.029528420638670005
2314 -0.02653185296300775
2315 -0.025067339755537987
2316 -0.017412557772819248
2317 -0.014811155049731295
2318 -0.01253494214616091
2319 -0.006967041613866964
2320 -0.010320765095763407
2321 -0.015149374937347915
2322 -0.015629020165256025
2323 -0.014514199669840577
2324 -0.012310035419008991
2325 -0.013535374849902637
2326 -0.016282770998728546
2327 -0.018483441795322353
2328 -0.022250206566507447
2329 -0.028694990798965536
2330 -0.03761868833283799
2331 -0.04474208664395796
2332 -0.052076885428426145
2333 -0.0617676469562356
2334 -0.07261726623611942
2335 -0.08208395757513365
2336 -0.08887286754572699
2337 -0.09250388978359225
2338 -0.10001521299665361
2339 -0.11271824423341092
2340 -0.13133366209324965
2341 -0.1381854444553725
2342 -0.1340919326210086
2343 -0.13536491859585092
2344 -0.137218806738429
2345 -0.14182213445090386
2346 -0.1475218229258809
2347 -0.15234402925518925
2348 -0.14887675451997584
2349 -0.14288928692631708
2350 -0.1416388461573821
2351 -0.14637876799083893
2352 -0.15099887236780807
2353 -0.14938547072586733
2354 -0.1408335349242521
2355 -0.13555075659475885
2356 -0.14003907302904506
2357 -0.13795799664539193
2358 -0.13631201552192446
2359 -0.13965911244799806
2360 -0.14786281556243053
2361 -0.15563731421789012
2362 -0.15576690638109142
2363 -0.14846564944126356
2364 -0.1420902569456633
2365 -0.14458557150961399
2366 -0.1448351184384084
2367 -0.14638190109242416
2368 -0.1471302672605962
2369 -0.15117237952786816
2370 -0.15352086412772398
2371 -0.15678918506148914
2372 -0.16419188545933272
2373 -0.15542495494638486
2374 -0.15102928111086317
2375 -0.15164332468027136
2376 -0.14552640223251695
2377 -0.14304711352914512
2378 -0.14565912749730348
2379 -0.1512795272689088
2380 -0.1552575917296954
2381 -0.16262182184479956
2382 -0.16263159655151332
2383 -0.15558615274365045
2384 -0.15181262410753704
2385 -0.154310610636674
2386 -0.1607557552217846
2387 -0.16510991140742265
2388 -0.16470207673940135
2389 -0.16543510122694022
2390 -0.16255545599903237
2391 -0.1575912258839281
2392 -0.15707646651841273
2393 -0.15804034010898083
2394 -0.16023169733526005
2395 -0.1557653491374299
2396 -0.16260589676796738
2397 -0.16812311843847416
2398 -0.15997809503208232
2399 -0.16180986257979324
2400 -0.1623592598972115
2401 -0.16624947288822722
2402 -0.1714164034011751
2403 -0.16351498454770041
2404 -0.15844033628086462
2405 -0.16029444746698956
2406 -0.16211938689138417
2407 -0.16800246444362976
2408 -0.16720343446297592
2409 -0.16390665604603738
2410 -0.16407388195362127
2411 -0.16544078403391183
2412 -0.17662595123622593
2413 -0.18158331670265487
2414 -0.1817500814738398
2415 -0.1845100100290069
2416 -0.18461114470903472
2417 -0.1915325268022568
2418 -0.19623361800032174
2419 -0.20790531012852448
2420 -0.21371224712828896
2421 -0.20784680781990506
2422 -0.21609861861468527
2423 -0.22064295784113136
2424 -0.22287451999323277
2425 -0.2252336158381592
2426 -0.2235226030690392
2427 -0.21799606782821773
2428 -0.21095691169957886
2429 -0.20958797262496554
2430 -0.1971256724084457
2431 -0.16377936687281242
2432 -0.12931737926239684
2433 -0.09447782485295231
2434 -0.04610885784189056
2435 0.007008132632628006
2436 0.06445082180961126
2437 0.1322895086494097
2438 0.19261812430677716
2439 0.25701114429516614
2440 0.3206935842181765
2441 0.3839841295993035
2442 0.4557540494182434
2443 0.5205666515173025
2444 0.5871318697698064
2445 0.6535490361261959
2446 0.7178244344375792
2447 0.785154304287739
2448 0.8458853098990086
2449 0.891609820769491
2450 0.9242558221731741
2451 0.9547082404724857
2452 0.9747174757014324
2453 0.993126324307232
2454 1.0039989864547807
2455 0.9987858229056922
2456 0.9827347359447046
2457 0.9674232142926377
2458 0.9645381243506103
2459 0.9617056709570001
2460 0.9571106743448198
2461 0.9473570468522287
2462 0.9218374760775042
2463 0.8745051154896947
2464 0.8028586073652265
2465 0.7119227726968106
2466 0.6113888190993494
2467 0.49639235346301114
2468 0.3796514289390581
2469 0.26939103775603435
2470 0.17479193667986836
2471 0.07119675410544923
2472 -0.03758838680027743
2473 -0.11883760698024737
2474 -0.1947044499183045
2475 -0.2670726255389259
2476 -0.317943949162035
2477 -0.35788588861618387
2478 -0.3982853792370278
2479 -0.42917787280928843
2480 -0.43571930937076897
2481 -0.4291660582464607
2482 -0.4278693844413851
2483 -0.42408681685316807
2484 -0.417559510032006
2485 -0.41046204959728416
2486 -0.3943265038370164
2487 -0.37054908390232894
2488 -0.35113689253474917
2489 -0.3290175099441659
2490 -0.30951279823762173
2491 -0.29620101222220757
2492 -0.274211121011079
2493 -0.2530021238749845
2494 -0.22533822249637125
2495 -0.19812465727483014
2496 -0.18870296199063152
2497 -0.18890158648819855
2498 -0.2013774887641097
2499 -0.23035813574157543
2500 -0.5596577764700044
2501 -0.6015864942210061
2502 -0.6197303570780301
