0
1
2506
-3 -0.999053491382354
-2 -0.9717753622970087
-1 -0.9083320232493395
0 -0.4142133769016968
1 -0.3569729622018655
2 -0.3368036226870562
3 -0.3296215250053537
4 -0.31672346247565775
5 -0.3143142412552472
6 -0.31718451981091533
7 -0.32450136399316865
8 -0.3241257316797207
9 -0.32440398636961176
10 -0.3245161476147823
11 -0.32466718427761576
12 -0.32726241732205785
13 -0.3238892884258837
14 -0.32692136358020263
15 -0.3323790328320808
16 -0.3290873237027262
17 -0.32866851912554484
18 -0.3350538047967273
19 -0.34461108759494163
20 -0.33914203049266944
21 -0.32808437244755106
22 -0.33136469372651167
23 -0.33553037866670044
24 -0.3369069132269602
25 -0.3326333638876713
26 -0.3284872007371883
27 -0.3313570195400284
28 -0.33711571918258554
29 -0.33735142952332076
30 -0.3341958052734372
31 -0.3296707374676181
32 -0.32830559075775223
33 -0.33485369753176686
34 -0.3338748380726413
35 -0.331272054271047
36 -0.33257926352637235
37 -0.33104699886760436
38 -0.3408356951604835
39 -0.34347764597082053
40 -0.33479874082803496
41 -0.32826700693116895
42 -0.32674727805630766
43 -0.332872911321648
44 -0.34033340957133107
45 -0.34049595751388995
46 -0.33260543499838013
47 -0.3314526397463018
48 -0.3418498845351102
49 -0.34186923816306747
50 -0.3304969710083753
51 -0.33462436371306026
52 -0.34677304246247465
53 -0.3413649035655518
54 -0.34136444381272335
55 -0.34344646317044725
56 -0.3404955161918677
57 -0.3366115080144012
58 -0.3392457846382547
59 -0.34625878584076863
60 -0.33516625763297747
61 -0.32681186519315
62 -0.33471035348622313
63 -0.34119582937002235
64 -0.34249021125036117
65 -0.3441185558682308
66 -0.3437981718495944
67 -0.3397021038054203
68 -0.33864595326379676
69 -0.345410708341669
70 -0.34686098848226454
71 -0.34134154468260425
72 -0.33915710570536306
73 -0.33858520322019625
74 -0.3363956110544519
75 -0.3411679004807313
76 -0.3474835692558993
77 -0.34860046984112314
78 -0.34925379209310947
79 -0.35198454526566936
80 -0.35065781422063813
81 -0.34887105034453103
82 -0.3478507944697621
83 -0.3429236312874072
84 -0.338151050270048
85 -0.3396679665558492
86 -0.3373054631013337
87 -0.32999954701664613
88 -0.3284719757935527
89 -0.33327146119602147
90 -0.34019006552578723
91 -0.34592467337229516
92 -0.3476409640099549
93 -0.35365885630552607
94 -0.3549972667920308
95 -0.3491726639173698
96 -0.34539829598709326
97 -0.3431250546476291
98 -0.34259127623621743
99 -0.3401738160779699
100 -0.34426558727607415
101 -0.345743063392859
102 -0.3441305269007846
103 -0.3410909009893133
104 -0.3378027373621205
105 -0.34558745672368196
106 -0.35668399018646335
107 -0.3532264607726612
108 -0.3367780612119503
109 -0.32924129638395094
110 -0.32971374156960254
111 -0.33401448688508084
112 -0.33729732916202193
113 -0.3343305924884534
114 -0.34017054373608147
115 -0.3417055159853848
116 -0.3473897371345044
117 -0.35530242586703153
118 -0.35708151555665524
119 -0.35367466443132123
120 -0.3451237286595016
121 -0.344109539284875
122 -0.35401840733290546
123 -0.36260523777157927
124 -0.3476882465272032
125 -0.3295884350567546
126 -0.32960881318889346
127 -0.3382914319955894
128 -0.34620382913703684
129 -0.345607251673661
130 -0.34025081556938785
131 -0.3430558790736369
132 -0.3374324079681178
133 -0.33494149382061444
134 -0.3420229192532125
135 -0.34353440919023726
136 -0.3507086422400485
137 -0.34946687646399865
138 -0.342432000635547
139 -0.3449431247534408
140 -0.3370298712695603
141 -0.3388082096152758
142 -0.3485704612758739
143 -0.3491074935983678
144 -0.34464420034033083
145 -0.34067328907806227
146 -0.3358738036755936
147 -0.3347174629213532
148 -0.3421622764745723
149 -0.34542165487004095
150 -0.3522082845738508
151 -0.35667157783188774
152 -0.3534119262761457
153 -0.34578516641999324
154 -0.3393143507284764
155 -0.3504531369493341
156 -0.35925559118768413
157 -0.35425795476688204
158 -0.34906817685868274
159 -0.3436891147845639
160 -0.34121061299163613
161 -0.3414896005946292
162 -0.33602484033842706
163 -0.3364844134166747
164 -0.3419450634193615
165 -0.35270037497853923
166 -0.3552057811565765
167 -0.35151581374392804
168 -0.3518296715095939
169 -0.34677558189126134
170 -0.34287737327434054
171 -0.33839118088618436
172 -0.3399225892025195
173 -0.3458435451965557
174 -0.34771898800555456
175 -0.34719718062669624
176 -0.34089731997732364
177 -0.3347866200645391
178 -0.33684469735715594
179 -0.33936280748084846
180 -0.33698760008067763
181 -0.33604744787746643
182 -0.34044896658772117
183 -0.34365852303715494
184 -0.3426260229695589
185 -0.34353526553267
186 -0.33745073709189355
187 -0.34194477182828176
188 -0.35244988101619046
189 -0.3447800120595287
190 -0.33927237113067343
191 -0.3424013825865271
192 -0.34937763277975353
193 -0.35973468605563763
194 -0.35847385824271016
195 -0.3483757060287602
196 -0.34455508008541724
197 -0.34558065731043763
198 -0.3499430090119495
199 -0.3497331785521425
200 -0.3531286418270825
201 -0.3583347926124303
202 -0.35275787111105783
203 -0.34798512193194997
204 -0.34615639688884625
205 -0.34986188083621017
206 -0.34901453625021217
207 -0.3485689954496701
208 -0.3546486622930235
209 -0.35918924663355833
210 -0.35774251199512475
211 -0.35169387822120235
212 -0.3492388587405534
213 -0.3474248988882568
214 -0.3463300410907192
215 -0.35262308389604147
216 -0.3496527832895048
217 -0.342424158287315
218 -0.3426879209466722
219 -0.34100564412925227
220 -0.34076580510419585
221 -0.34167905292229717
222 -0.33777214561471147
223 -0.33771792182408145
224 -0.34338512994468695
225 -0.3359049864759668
226 -0.32564044922621627
227 -0.3293546318642453
228 -0.3263110454302012
229 -0.32354112524889844
230 -0.32571136378668564
231 -0.32513178711503554
232 -0.32060671930921625
233 -0.3166655250211172
234 -0.32127910359807965
235 -0.32889093010167614
236 -0.33232434928862253
237 -0.325272640830194
238 -0.33210786914651336
239 -0.3301171609122041
240 -0.31064365377216696
241 -0.3039119623412827
242 -0.2957619433448908
243 -0.2804082597215799
244 -0.26770776502805793
245 -0.27104956926372115
246 -0.27861426298101144
247 -0.2845387644772097
248 -0.2801802498689394
249 -0.2723217849270424
250 -0.26747220441826514
251 -0.27003657255502445
252 -0.27554375373105156
253 -0.2742096400906169
254 -0.27081017156068654
255 -0.26406906695684174
256 -0.26844693519306917
257 -0.27613146434201363
258 -0.2795541235931428
259 -0.27803777205869473
260 -0.2699508743729415
261 -0.27364880756315324
262 -0.27616589318266427
263 -0.2806550663216292
264 -0.2919017169415874
265 -0.28768627321858764
266 -0.2798705023567889
267 -0.26582523908554
268 -0.254374625676573
269 -0.24753375375132725
270 -0.2424060682836009
271 -0.23782853410443505
272 -0.223778973987116
273 -0.20672705568964755
274 -0.2066621769617254
275 -0.2157087486403957
276 -0.21478782663581075
277 -0.21156583940099516
278 -0.2054322403580917
279 -0.20552607247948662
280 -0.20451319920012112
281 -0.1965727497400518
282 -0.20076529433293222
283 -0.20629539306988476
284 -0.21246300593302792
285 -0.22196161836359996
286 -0.2222935320927678
287 -0.22278770217341504
288 -0.2328585086802334
289 -0.2425375831567287
290 -0.251833915884646
291 -0.2593835080876318
292 -0.2537987442380273
293 -0.24467532279888138
294 -0.24316045552144339
295 -0.2423484224201402
296 -0.23946709233757524
297 -0.24158677601622536
298 -0.23779632679988016
299 -0.23925044403371776
300 -0.24323005398665132
301 -0.24045321096277317
302 -0.24024526134958057
303 -0.22980707989795712
304 -0.22404808866432013
305 -0.23228276910182477
306 -0.23802138220332303
307 -0.24164014346442242
308 -0.2502917029000763
309 -0.2557476147346709
310 -0.26328422983172806
311 -0.28026963541332217
312 -0.290547658620231
313 -0.30486306107286576
314 -0.3226642134196732
315 -0.33440092386676323
316 -0.33953999718488337
317 -0.34115238394601577
318 -0.34405633999842666
319 -0.35121478335324885
320 -0.3598156645004349
321 -0.36332255610744335
322 -0.36793569336238385
323 -0.3749392629611309
324 -0.3802107522272292
325 -0.38221754174760725
326 -0.37772648776202766
327 -0.38292880145413377
328 -0.3861859320118953
329 -0.3759986858446427
330 -0.37026774692962794
331 -0.366644415662185
332 -0.3668452558402473
333 -0.37396555669050835
334 -0.37504787870413936
335 -0.37488843494172064
336 -0.38098390991086917
337 -0.38460369567615016
338 -0.38440967334213816
339 -0.38799058368975614
340 -0.3917148565137242
341 -0.3963287266817662
342 -0.39543512408270165
343 -0.39318404896025483
344 -0.39641325062872546
345 -0.4002804261762152
346 -0.4064913163016163
347 -0.40690479952854597
348 -0.40372598455746356
349 -0.4009767340993794
350 -0.393180211867013
351 -0.39189675808423996
352 -0.39004438256710894
353 -0.38877942606986016
354 -0.3927247490422806
355 -0.39194301609730675
356 -0.3914435430972144
357 -0.3984710363302624
358 -0.3990821058241719
359 -0.39799091695812716
360 -0.3968073802276977
361 -0.3994030730249679
362 -0.4008458024084113
363 -0.3966947776605052
364 -0.4032690559065274
365 -0.41476768474584425
366 -0.41377714584524494
367 -0.4050710447262703
368 -0.4008602944389451
369 -0.39951907136338005
370 -0.3961815455429808
371 -0.39465397431988747
372 -0.39545403638863685
373 -0.40118910398797314
374 -0.4124121225647104
375 -0.4159459185568285
376 -0.4198246053840434
377 -0.4227486479775133
378 -0.4187687464334998
379 -0.4178832593429408
380 -0.4152738258590448
381 -0.4099560785798798
382 -0.40268903791285526
383 -0.4062706811735749
384 -0.4093261152108414
385 -0.40991737132396533
386 -0.4103850783415248
387 -0.41108111310441553
388 -0.4157916279829127
389 -0.41821236048304855
390 -0.42070254171745014
391 -0.4245967450793806
392 -0.4286920802104529
393 -0.4341490165492292
394 -0.43759797070169715
395 -0.4432740763423114
396 -0.45838007859233376
397 -0.4707782267999152
398 -0.47327522587836723
399 -0.47785864615913787
400 -0.4765208188547926
401 -0.4704520985398113
402 -0.476698150418965
403 -0.48549987174421316
404 -0.49315234331954483
405 -0.5005551957057675
406 -0.4961148015778496
407 -0.4840247931960775
408 -0.48397643707624616
409 -0.4691617113544613
410 -0.4408957726328053
411 -0.40885751498923617
412 -0.36493140523721834
413 -0.31445715184957346
414 -0.25751046284728185
415 -0.19844978967538995
416 -0.12007461180385781
417 -0.034908215791365826
418 0.040298069133274605
419 0.11445289695196648
420 0.1877428024047929
421 0.26050276653944904
422 0.32838080100063616
423 0.4005524897729773
424 0.4819023885264473
425 0.5524831238415719
426 0.6266106322547433
427 0.7080344263194913
428 0.771516121560538
429 0.820615610041995
430 0.8639475013608864
431 0.8924357135645202
432 0.9139324769329025
433 0.9343754119282981
434 0.9362313513783977
435 0.9285969173357616
436 0.9190607455827882
437 0.908728517016056
438 0.8992159773063026
439 0.8824467602757378
440 0.873153248007686
441 0.8678028556067647
442 0.842234123861062
443 0.7792843077540064
444 0.6895480517488324
445 0.5776113418567077
446 0.45128164683837024
447 0.31859000660099257
448 0.1825632381118638
449 0.06304441432432806
450 -0.05020162136069295
451 -0.17943892912614523
452 -0.29275632069365776
453 -0.3884296630773384
454 -0.4846414466405107
455 -0.5571544807457867
456 -0.601758468664652
457 -0.647401452236489
458 -0.6956308160651765
459 -0.7226043107223146
460 -0.7229424328117623
461 -0.7196279479816197
462 -0.7209172878659976
463 -0.7160643115860007
464 -0.7034489318924022
465 -0.6893148478281239
466 -0.6739707639703285
467 -0.6527361740057684
468 -0.6308210658130331
469 -0.6096838534720297
470 -0.5866822945813419
471 -0.5601812451098555
472 -0.5314258481740335
473 -0.4976692693152476
474 -0.4700734854755545
475 -0.45179441249591734
476 -0.43513498544348495
477 -0.4207183498432455
478 -0.4072876831372616
479 -0.3975886718506495
480 -0.3939037157663666
481 -0.39053588978963805
482 -0.3831686404791903
483 -0.374316240865474
484 -0.3691273640321252
485 -0.36398073995685276
486 -0.3531129755614246
487 -0.3506111148855493
488 -0.3540111481668329
489 -0.35275787111105794
490 -0.3524018655858405
491 -0.34936240783611794
492 -0.34890621209828365
493 -0.3476606092289919
494 -0.34923473005623196
495 -0.3530749827878059
496 -0.3487321528759998
497 -0.3471741133348286
498 -0.33701790023700684
499 -0.3362488712376883
500 -0.34243742698432356
501 -0.3367238374213204
502 -0.34171304831173077
503 -0.34323839012792356
504 -0.3316431165781516
505 -0.3242944879825591
506 -0.330684635251165
507 -0.33759583855472064
508 -0.3326754932164163
509 -0.3304208541610012
510 -0.3275098071042666
511 -0.32162770809708685
512 -0.31307337655404766
513 -0.30862662433490773
514 -0.30527741907303463
515 -0.3057336148108688
516 -0.31333684762232517
517 -0.31646529432682546
518 -0.3220989606168083
519 -0.3249872767051726
520 -0.3325683432996116
521 -0.3265898911730567
522 -0.3063553208112645
523 -0.2969397174030467
524 -0.2898448244440961
525 -0.28308818487472953
526 -0.2808057850917721
527 -0.29017229946705647
528 -0.30088506667707804
529 -0.3022890888046068
530 -0.2917538028897002
531 -0.28080165640745025
532 -0.28304591368584675
533 -0.28122857649313715
534 -0.27966154667022103
535 -0.2782501419472886
536 -0.2806792815470097
537 -0.2795303233881732
538 -0.2785052059159808
539 -0.2824230413211323
540 -0.28103854098330927
541 -0.28004118423865954
542 -0.2736136458094006
543 -0.2674991088033748
544 -0.27078756402164716
545 -0.27122394637869585
546 -0.26983842153669124
547 -0.2807957212074441
548 -0.2802426075988813
549 -0.27575109386047325
550 -0.2801561580728902
551 -0.2866077882981982
552 -0.2836921528043136
553 -0.267642744439998
554 -0.2539021804909214
555 -0.24923156553426895
556 -0.2536912948593377
557 -0.2516908634301819
558 -0.25357398042566415
559 -0.25890780899089794
560 -0.25504332260313733
561 -0.25266146552066426
562 -0.2517119744754225
563 -0.23727407809900014
564 -0.23188202048814588
565 -0.24664132538738637
566 -0.25238496824805656
567 -0.2438986011822729
568 -0.2321805298808447
569 -0.23507840100230692
570 -0.23701916386124988
571 -0.24040666135862654
572 -0.24622828348247894
573 -0.2335849933303955
574 -0.225884656055656
575 -0.2314241863963752
576 -0.23117283609159356
577 -0.2278620464945551
578 -0.2229041418338491
579 -0.21935781005782418
580 -0.22085566430674786
581 -0.2174330050556188
582 -0.2096428409144746
583 -0.21620262712996297
584 -0.22267744807647005
585 -0.21563798381086863
586 -0.20875424964377554
587 -0.20435020993554043
588 -0.20062994236656284
589 -0.20002671522088533
590 -0.19980239273054412
591 -0.19960910330963422
592 -0.19921468211958215
593 -0.19617876987202176
594 -0.19549825164384627
595 -0.19353016937938272
596 -0.19157330680356466
597 -0.1886220682339056
598 -0.1894462220987042
599 -0.19098249201246276
600 -0.1820792643793362
601 -0.17577911213888398
602 -0.1787811787279533
603 -0.1783286966540294
604 -0.17489836321641683
605 -0.1710932538077894
606 -0.16529939241147928
607 -0.1675776635101156
608 -0.1722232996606905
609 -0.16507196574099847
610 -0.15881022916538068
611 -0.15898135236927313
612 -0.1591249880058968
613 -0.15253490163407923
614 -0.14561629730431325
615 -0.14164125735772326
616 -0.1409759640731837
617 -0.14075948393107462
618 -0.14254239228313392
619 -0.13577882987119183
620 -0.1290153724577746
621 -0.11576604257095369
622 -0.1092270758096262
623 -0.1073019792163411
624 -0.1013109913058794
625 -0.10213113991568779
626 -0.1035817116473633
627 -0.1032444949987501
628 -0.10830997246747665
629 -0.11392948305042261
630 -0.11448791800923719
631 -0.0962149036589377
632 -0.07151733163018781
633 -0.07015348258477716
634 -0.07725533088193148
635 -0.07706884087426558
636 -0.06950756922980583
637 -0.0646279801557792
638 -0.058135562998598234
639 -0.048099626654452554
640 -0.043493871994915834
641 -0.04177804111008443
642 -0.037755700215439836
643 -0.0290960252712803
644 -0.03288720740072737
645 -0.030169158173822708
646 -0.019529261770897643
647 -0.015117088123350664
648 -0.013737449382951183
649 -0.01143213203906801
650 -0.006493457576987938
651 -0.005801992820440693
652 0.0032045292054427854
653 0.014063594910205701
654 0.023322095155447586
655 0.029292536772021593
656 0.026576294060802086
657 0.040216772795786504
658 0.04881456819363872
659 0.04933518290656669
660 0.04982580748505194
661 0.059831002350846374
662 0.06959149659416086
663 0.07847361318204693
664 0.0906826006530399
665 0.097198959875328
666 0.10062426355376886
667 0.10402358235275644
668 0.11507679382086256
669 0.11795298914573094
670 0.12625152380697635
671 0.1399110830096444
672 0.14749395611976812
673 0.15721941203866163
674 0.16528269611199997
675 0.17276948926302227
676 0.17608338304020021
677 0.18053810103690382
678 0.18650132821982268
679 0.1938721230324325
680 0.19992844942364463
681 0.2049164860789312
682 0.20948634607161365
683 0.22571027341104144
684 0.23775700453055526
685 0.2365216152765337
686 0.24236896755037218
687 0.2512524002335188
688 0.25826307926739656
689 0.2690909437409794
690 0.2760169490969555
691 0.2848960849340323
692 0.28841849307575673
693 0.2928345038165452
694 0.30046167869310914
695 0.3002714934523387
696 0.29900609563306757
697 0.30831525573597185
698 0.3147156166198479
699 0.3217141564594226
700 0.3305306614062846
701 0.34533121299022596
702 0.3538047079486055
703 0.3484122090157298
704 0.3474723484035984
705 0.3542529116072659
706 0.3550452994895317
707 0.3545690172106386
708 0.35813086552137885
709 0.3622569421308026
710 0.36889328651568665
711 0.3725013928394938
712 0.3706137058376682
713 0.37237711083082736
714 0.37447687613016734
715 0.37897120245763505
716 0.3806227377967044
717 0.37519536870115555
718 0.3817696469471772
719 0.39452910359942184
720 0.3931865644285957
721 0.3820523482140812
722 0.3723583403850297
723 0.3625815966938979
724 0.36125073696454546
725 0.37360380139418403
726 0.3765467825952
727 0.3686841889689816
728 0.35813441102354093
729 0.34766180073126685
730 0.3461125046131779
731 0.340455461009441
732 0.32334577341918047
733 0.3167407352640008
734 0.31510190387058756
735 0.31502476251903233
736 0.30903021067560243
737 0.2977267968362278
738 0.2862418780159415
739 0.2655675295258799
740 0.25370800289632767
741 0.24158855070065943
742 0.22835386257531431
743 0.22927537563286382
744 0.22300789044979452
745 0.2046419266221442
746 0.1798646922438587
747 0.1626723615532537
748 0.14786914711119437
749 0.13401319430747582
750 0.125335736560088
751 0.10907813172391778
752 0.09729130773971284
753 0.08032244319701598
754 0.06574738833853933
755 0.05140833541187684
756 0.036345486994781684
757 0.02649588036735806
758 0.01477175043659229
759 -0.0008659812164787395
760 -0.029163544060530122
761 -0.04701862860688777
762 -0.04389938944428218
763 -0.048393397879059274
764 -0.057532186121978524
765 -0.066854981912983
766 -0.08418442198724063
767 -0.09646996762762972
768 -0.10341784760954309
769 -0.11833852621621865
770 -0.12635938936973223
771 -0.1268683430719928
772 -0.13719731772764354
773 -0.15537708313870768
774 -0.17510377340082262
775 -0.1884955646891433
776 -0.19037367035626018
777 -0.19629447661935406
778 -0.20435065125756258
779 -0.2059085226369849
780 -0.20841805749934372
781 -0.21227768228968136
782 -0.2164851786659242
783 -0.22229736918600962
784 -0.22733212360719135
785 -0.23647800285443443
786 -0.2445638944668126
787 -0.2522169492243038
788 -0.25887293882822515
789 -0.2573097645293574
790 -0.25690722783079967
791 -0.2644260785554343
792 -0.267708647672102
793 -0.27276246413016125
794 -0.2841787721278085
795 -0.2889815298721655
796 -0.29377701001964396
797 -0.29128638746322044
798 -0.2872795815340975
799 -0.29004520486933005
800 -0.29251574088469456
801 -0.2977248724208512
802 -0.3046249794650926
803 -0.29820809597312614
804 -0.2939307095405954
805 -0.29877376379640197
806 -0.2970714004379229
807 -0.30086053355900666
808 -0.30828674482817653
809 -0.3099376969850858
810 -0.3032428503943079
811 -0.3036691609962239
812 -0.301162730314005
813 -0.3022373781411525
814 -0.31377041739031375
815 -0.31407501171396124
816 -0.31599654437427804
817 -0.3180704297926902
818 -0.31185953966728897
819 -0.30558257814803524
820 -0.3041249154120361
821 -0.31045993781516124
822 -0.3169248674050732
823 -0.3249562436357416
824 -0.3376577628334453
825 -0.33287024846352986
826 -0.31519914516364655
827 -0.3091207944155546
828 -0.313368172282836
829 -0.3125710909648953
830 -0.31576141721570283
831 -0.31567926453578177
832 -0.32072613972045927
833 -0.3298000308046499
834 -0.32010385053790413
835 -0.31196283406004566
836 -0.31035132207215266
837 -0.3083018200408699
838 -0.30795749395712646
839 -0.30677395722669687
840 -0.30854520456808854
841 -0.31208769925087165
842 -0.3148636859323166
843 -0.3200802000638767
844 -0.3255111330923941
845 -0.32206511495831713
846 -0.3083931618318796
847 -0.3131317290289991
848 -0.3184219887408951
849 -0.3232280003963346
850 -0.3344784881095344
851 -0.3289831545367299
852 -0.32168164029663704
853 -0.3105245249520038
854 -0.3078565708314076
855 -0.31230078362176084
856 -0.30818553011137806
857 -0.30722658903156286
858 -0.30246627063783715
859 -0.2995654187655662
860 -0.3026440435240316
861 -0.307748688001501
862 -0.3116697957485409
863 -0.31503835463837127
864 -0.31422588021504627
865 -0.3133940521637638
866 -0.3176717301873744
867 -0.3194236239008086
868 -0.3183557939177116
869 -0.3181508250553279
870 -0.31757124838367756
871 -0.3153282887697363
872 -0.3092758179025722
873 -0.30856455819604567
874 -0.30868839888268995
875 -0.31085761291629566
876 -0.3159971275564377
877 -0.31996478490762426
878 -0.32358840776614683
879 -0.3243729533001809
880 -0.3248291490380151
881 -0.32840724679657285
882 -0.3239556329800096
883 -0.318049901929609
884 -0.3198140398358703
885 -0.31820550859878616
886 -0.3179115692124308
887 -0.31561394448583757
888 -0.31784493306722517
889 -0.32652383821001063
890 -0.3282602153887296
891 -0.32274106318014906
892 -0.3194615982436214
893 -0.31929550479890056
894 -0.3232056660175685
895 -0.32299686006194306
896 -0.31837131045242717
897 -0.31476733281294145
898 -0.31291879438905223
899 -0.31307337655404766
900 -0.3172734719040805
901 -0.3176488310572553
902 -0.3167354150774049
903 -0.31618555537992443
904 -0.3241109480581069
905 -0.32475716087496265
906 -0.31085275131887224
907 -0.3093335871953642
908 -0.3110170566787144
909 -0.3081275926568374
910 -0.30653795529488215
911 -0.30651889325800463
912 -0.30824359099524967
913 -0.3104092595266934
914 -0.314102039528402
915 -0.3165186433442162
916 -0.3217209570363224
917 -0.31805491325797475
918 -0.30613158150308295
919 -0.3033551350688094
920 -0.3031467888660123
921 -0.3085960325874987
922 -0.3079226237944538
923 -0.30710985778004884
924 -0.31111340979808966
925 -0.31129118268428424
926 -0.30784076270561245
927 -0.3122308935654732
928 -0.31606657629070345
929 -0.3177367770770452
930 -0.32867426336701244
931 -0.3225746781443486
932 -0.3202854605173403
933 -0.31870068475280844
934 -0.308676154689863
935 -0.311445596687531
936 -0.30875830736978394
937 -0.3103393510395992
938 -0.31125557960850936
939 -0.31714195703095294
940 -0.3198261605993663
941 -0.31302298985665933
942 -0.3109926732915852
943 -0.3109471666224266
944 -0.31450442649601706
945 -0.3165990386068539
946 -0.32932746218966713
947 -0.3323799154761248
948 -0.3122878065158321
949 -0.3021591859838044
950 -0.3052082619298486
951 -0.31232443409578825
952 -0.3124080832695081
953 -0.3135676963656371
954 -0.32170602368376644
955 -0.31946203956564323
956 -0.3132269342148616
957 -0.32150843741678625
958 -0.3169296055731654
959 -0.3091827186942794
960 -0.30647647233817954
961 -0.303645528953003
962 -0.30700182521919983
963 -0.3133599149141929
964 -0.3179236899759267
965 -0.3143070083907856
966 -0.3107292022233077
967 -0.31764098870902324
968 -0.32119487124220014
969 -0.3207144602789854
970 -0.3232867941933081
971 -0.3217052907706647
972 -0.31765548073955696
973 -0.3188817299808915
974 -0.32269553808018414
975 -0.32006142961807915
976 -0.31719161081523917
977 -0.3181511166464076
978 -0.3180816679121419
979 -0.3180544719359526
980 -0.31698309645069345
981 -0.3188354719678246
982 -0.3224242246636746
983 -0.3262024296871926
984 -0.3297174368027068
985 -0.3301545705036636
986 -0.33116830012546206
987 -0.3260781476785264
988 -0.3266965997678396
989 -0.33646623402384135
990 -0.3370925284613867
991 -0.33402512339156665
992 -0.3288820632492625
993 -0.32598223588117325
994 -0.32089281634733957
995 -0.3176984848415416
996 -0.3203089428296191
997 -0.32117123919897916
998 -0.32711922300745633
999 -0.3269333346127561
1000 -0.3293222826995529
1001 -0.33402942023763693
1002 -0.33899986068224963
1003 -0.32960128873335226
1004 -0.32443384520391905
1005 -0.3342034794599207
1006 -0.3406311860509281
1007 -0.34203091133238683
1008 -0.333495200504203
1009 -0.3285489752849706
1010 -0.3316131080129022
1011 -0.33025534389844013
1012 -0.32798846065019793
1013 -0.33236307497534323
1014 -0.33501167546798205
1015 -0.33824740338942305
1016 -0.34850426645269017
1017 -0.3510071516327473
1018 -0.3395896509691697
1019 -0.33170799530607376
1020 -0.3357934084129558
1021 -0.3355497322946577
1022 -0.33164282498707187
1023 -0.33271449206341064
1024 -0.3339562578394606
1025 -0.33276075007647754
1026 -0.3327261715048845
1027 -0.33397561146741783
1028 -0.3319602466857059
1029 -0.33561844811582153
1030 -0.3423786331873502
1031 -0.3478194698092514
1032 -0.3499541052712639
1033 -0.34975297350212176
1034 -0.3449923635173163
1035 -0.3421736643249662
1036 -0.3368446973571557
1037 -0.3319136970815594
1038 -0.332537010768296
1039 -0.33257158933988873
1040 -0.331925376523033
1041 -0.33782326522520156
1042 -0.33893249162394223
1043 -0.3419762462197349
1044 -0.3439802231510528
1045 -0.33416020219766274
1046 -0.33172424475389106
1047 -0.33351557863634185
1048 -0.3296556806857309
1049 -0.33235494103603136
1050 -0.3320065046987726
1051 -0.3381983327872963
1052 -0.34313317015613465
1053 -0.34069946055006983
1054 -0.34701437798132995
1055 -0.3528356035155774
1056 -0.35336994667834265
1057 -0.3405331989436007
1058 -0.33342841462805506
1059 -0.34493899606911904
1060 -0.3477588879273993
1061 -0.341860079719574
1062 -0.33180080292328706
1063 -0.33484971070758285
1064 -0.3378235568162814
1065 -0.335494042677824
1066 -0.34684117510147894
1067 -0.34879849743012525
1068 -0.34563473924093024
1069 -0.33817424099124693
1070 -0.3349722352989657
1071 -0.34214365575971706
1072 -0.33821384932201193
1073 -0.33307714727092974
1074 -0.33831816821895044
1075 -0.3403484847840246
1076 -0.3421733727338865
1077 -0.34223543887274865
1078 -0.3407350636258445
1079 -0.33940049023258134
1080 -0.3397910743293917
1081 -0.3452868676550247
1082 -0.3442889461590217
1083 -0.34284250311166786
1084 -0.3415855123919822
1085 -0.34231228863322416
1086 -0.3496566203827468
1087 -0.351771902216802
1088 -0.3506112646164917
1089 -0.3488403088661799
1090 -0.3469106422665509
1091 -0.3450737832841353
1092 -0.34461375045305953
1093 -0.34319066628865313
1094 -0.34349966245689545
1095 -0.3456614938950975
1096 -0.35179509293800104
1097 -0.3527614166132196
1098 -0.35432414959006553
1099 -0.35423901615933584
1100 -0.3493148337277896
1101 -0.355283363830154
1102 -0.35550871082467683
1103 -0.34173936164387586
1104 -0.33986362724379715
1105 -0.3489806905917211
1106 -0.350786224913626
1107 -0.34475208317023764
1108 -0.3474749939945654
1109 -0.35073539689421573
1110 -0.35391037477205634
1111 -0.35405740617989967
1112 -0.3503867923952083
1113 -0.3520684860304689
1114 -0.3573330340231855
1115 -0.35879939544984996
1116 -0.34310851360873196
1117 -0.33759776849973666
1118 -0.34203105319252436
1119 -0.34230918445308445
1120 -0.34247882339996694
1121 -0.3412917411673755
1122 -0.34278072856388564
1123 -0.3435113418983692
1124 -0.34711561112893463
1125 -0.3519880907678312
1126 -0.3525022239602059
1127 -0.35404233096720616
1128 -0.3445171057426044
1129 -0.3338274058244506
1130 -0.33555696515911904
1131 -0.3387553019199073
1132 -0.3424905028414409
1133 -0.34592083627905346
1134 -0.3463190945623471
1135 -0.3451704279945904
1136 -0.34558449440367933
1137 -0.348271510561153
1138 -0.35441976979633893
1139 -0.3675037391515411
1140 -0.3674536440452326
1141 -0.35437351178327214
1142 -0.34737790796208834
1143 -0.34794699785819494
1144 -0.3519150965314035
1145 -0.3530520836576865
1146 -0.34718093117887905
1147 -0.3433180524774596
1148 -0.3420966648335483
1149 -0.33672825769672154
1150 -0.3397987485158752
1151 -0.3461105801978015
1152 -0.34995439686234375
1153 -0.3509322318172876
1154 -0.3516318120823403
1155 -0.3556004939377083
1156 -0.35515981473458946
1157 -0.3470027169706623
1158 -0.347884931719333
1159 -0.3518726756115784
1160 -0.3510212023412592
1161 -0.35214296452390637
1162 -0.35049614105131854
1163 -0.3469951662135101
1164 -0.3497945117779028
1165 -0.3641894040523407
1166 -0.36722548446164993
1167 -0.3579629973922239
1168 -0.34552582403603715
1169 -0.3411708549299288
1170 -0.35158200856711175
1171 -0.36482056008730945
1172 -0.3628125779010013
1173 -0.3531317460072223
1174 -0.35204971558467113
1175 -0.35408489374716867
1176 -0.35281209490168786
1177 -0.3507074680049247
1178 -0.35523637290398546
1179 -0.360914235961883
1180 -0.35846144588813467
1181 -0.35400244947616777
1182 -0.3551982303994242
1183 -0.34759929443403803
1184 -0.3452440054131777
1185 -0.34175516976967135
1186 -0.3494625980487348
1187 -0.35959178333211594
1188 -0.3571125486260862
1189 -0.34953204678300054
1190 -0.34334864422486844
1191 -0.34702693219604297
1192 -0.3493468913014023
1193 -0.35424656691648804
1194 -0.35726341712717136
1195 -0.35344960902787836
1196 -0.3519026841768278
1197 -0.35418508395978565
1198 -0.352842836380039
1199 -0.35145433078722577
1200 -0.3525760929698728
1201 -0.351342169542055
1202 -0.3524756111661763
1203 -0.3521933512212947
1204 -0.34822896621199684
1205 -0.35066194290495956
1206 -0.3510098144908651
1207 -0.35151610533500777
1208 -0.3554960068790214
1209 -0.3529046109278213
1210 -0.35113720067967136
1211 -0.3504376204146187
1212 -0.34735161306074946
1213 -0.3470421571396787
1214 -0.3461408803541307
1215 -0.3506926843833108
1216 -0.3540225360172268
1217 -0.3543897612310897
1218 -0.35311725397668836
1219 -0.35199578338512105
1220 -0.35512834034313645
1221 -0.3574711985786152
1222 -0.36183401003295546
1223 -0.363586468497743
1224 -0.3506186656427016
1225 -0.3461210669733452
1226 -0.3446409464292488
1227 -0.34322214068010604
1228 -0.3365776623559099
1229 -0.32887778483399877
1230 -0.3316360071430213
1231 -0.32879738957136107
1232 -0.32863083637381196
1233 -0.328696448014836
1234 -0.32889374269073635
1235 -0.33243267344055116
1236 -0.32673975360076646
1237 -0.32424556711137464
1238 -0.3205136201009233
1239 -0.316785678345462
1240 -0.3174364611686614
1241 -0.3064028949195924
1242 -0.2978478120326449
1243 -0.29601981990264326
1244 -0.29557958202154644
1245 -0.2862086473708604
1246 -0.28045806323680855
1247 -0.2776316898579755
1248 -0.27521879970607144
1249 -0.27297584009213005
1250 -0.26861703389278024
1251 -0.26964185977389266
1252 -0.2719165853703668
1253 -0.26995972279454883
1254 -0.262858775572245
1255 -0.26251090398633947
1256 -0.2667501663451153
1257 -0.26911266979963067
1258 -0.270677923774457
1259 -0.27740707577655455
1260 -0.28482515310641265
1261 -0.2823843340652178
1262 -0.27646692357334357
1263 -0.2751605706604512
1264 -0.27263581085445665
1265 -0.267681160104833
1266 -0.26394153890789795
1267 -0.2646001640793294
1268 -0.2556010246488497
1269 -0.24211952992345576
1270 -0.23491939856191024
1271 -0.22723193339457437
1272 -0.22387916419973297
1273 -0.21750218062961102
1274 -0.21697223931144105
1275 -0.21743168896035725
1276 -0.22269978245523592
1277 -0.22511013317835304
1278 -0.20631772744865062
1279 -0.19881937828548601
1280 -0.20060332957253313
1281 -0.20289196401738152
1282 -0.21034816542099477
1283 -0.21189154476988337
1284 -0.20624500637249654
1285 -0.2021029719063353
1286 -0.2046668987210727
1287 -0.2166942762126296
1288 -0.22995426103674266
1289 -0.24062255831857604
1290 -0.25329689997089677
1291 -0.25500620460275747
1292 -0.23954646309603123
1293 -0.24530247357885948
1294 -0.25152223055667433
1295 -0.24367400553165852
1296 -0.24340782687284568
1297 -0.23664484764306326
1298 -0.2305453674189245
1299 -0.23086220593539897
1300 -0.23955249892857844
1301 -0.245071651137159
1302 -0.23790892936707286
1303 -0.22901366751150964
1304 -0.22881712417951738
1305 -0.23670261693585526
1306 -0.24334577916478983
1307 -0.2536904200860983
1308 -0.25947587438282294
1309 -0.26062084571747535
1310 -0.26089081673711245
1311 -0.26460978664163526
1312 -0.2890589443839945
1313 -0.3099889847573246
1314 -0.3179269438870088
1315 -0.3180534474317708
1316 -0.3253937923571092
1317 -0.3356618935398281
1318 -0.34237863318735007
1319 -0.3479001566629686
1320 -0.3572782007487849
1321 -0.3676965872504292
1322 -0.37244169913132563
1323 -0.37534519543090816
1324 -0.3759361783837586
1325 -0.38773241554092397
1326 -0.39164184384649015
1327 -0.3872591140128393
1328 -0.39196664814052773
1329 -0.3878830108817355
1330 -0.3853758288556085
1331 -0.3884277173907129
1332 -0.39533950387642824
1333 -0.39224817517230737
1334 -0.39042197112718413
1335 -0.40064098327696973
1336 -0.3974544941194039
1337 -0.3869654662175638
1338 -0.38171821060765243
1339 -0.38310671620046555
1340 -0.38863652334633836
1341 -0.39843262066542773
1342 -0.4029992083162215
1343 -0.4033770884673764
1344 -0.410416261141898
1345 -0.41127173966720776
1346 -0.40226402497539415
1347 -0.39445995198587547
1348 -0.3965567365344067
1349 -0.399004373419652
1350 -0.40598045545113004
1351 -0.4127907356289672
1352 -0.41490985455626417
1353 -0.41330470065959335
1354 -0.40836660937967295
1355 -0.4057140036320439
1356 -0.3999473382119232
1357 -0.40229151254266315
1358 -0.4062403810172456
1359 -0.4017729775056934
1360 -0.40640574154886455
1361 -0.40938715684552174
1362 -0.41853347741478686
1363 -0.4216777138142763
1364 -0.4148435100021385
1365 -0.4122529703933713
1366 -0.40876899634728814
1367 -0.40733748665249037
1368 -0.4102189848968041
1369 -0.4143072105927462
1370 -0.41076398299686134
1371 -0.40979279772421917
1372 -0.415200080278709
1373 -0.4166468149171426
1374 -0.41276309833075575
1375 -0.4103459297635882
1376 -0.41710284249322827
1377 -0.41789139328225255
1378 -0.4182931970677083
1379 -0.41949254192393315
1380 -0.4169049830659747
1381 -0.4169395616375676
1382 -0.41953525443483797
1383 -0.41962021970381913
1384 -0.41626644443560246
1385 -0.42081824846478266
1386 -0.4266626647202293
1387 -0.42699101451642896
1388 -0.4210810050507646
1389 -0.42610080768858405
1390 -0.43513498544348495
1391 -0.4461636900951307
1392 -0.4543924844310304
1393 -0.4614856077359085
1394 -0.463797847922367
1395 -0.45865732720884944
1396 -0.4690956320898042
1397 -0.475476347754643
1398 -0.48297452875605906
1399 -0.4896844505595306
1400 -0.4872006458471574
1401 -0.4919305143536119
1402 -0.4967112293102829
1403 -0.496589909621619
1404 -0.4986703212930017
1405 -0.5056985474391513
1406 -0.4958327097947166
1407 -0.4801855465378788
1408 -0.46809327188759353
1409 -0.4494038645935843
1410 -0.429771870666102
1411 -0.38488906767197617
1412 -0.33253555281289704
1413 -0.28247712325162466
1414 -0.21914147964665753
1415 -0.1557021868946301
1416 -0.08011569965019816
1417 -0.0005337758962310479
1418 0.07512499110233328
1419 0.15541669030581673
1420 0.2422340569060244
1421 0.32668491479672634
1422 0.39580427371194093
1423 0.4632182885178673
1424 0.543074921459564
1425 0.6271381760042642
1426 0.7103453688414947
1427 0.7928082076576162
1428 0.8647639626083956
1429 0.9102624542011757
1430 0.9502913982712604
1431 0.9793958147265003
1432 0.9893948503304164
1433 1.0
1434 0.99340695130818
1435 0.9750751431609075
1436 0.9682114955348733
1437 0.9664449863615736
1438 0.9662246506954164
1439 0.959642096649945
1440 0.9449152985171441
1441 0.9231754500834273
1442 0.8753634022089272
1443 0.7924635978535977
1444 0.6842535136216725
1445 0.5632179154084731
1446 0.4353346274259775
1447 0.29306295499120805
1448 0.15241491530782714
1449 0.030472546431095537
1450 -0.09290961581068802
1451 -0.230767326513032
1452 -0.34769636990651365
1453 -0.4393283277894784
1454 -0.5321487767620321
1455 -0.6019348947879899
1456 -0.6495474755488955
1457 -0.7025627197595461
1458 -0.7439779663171546
1459 -0.755245335758733
1460 -0.7472971858105688
1461 -0.7427500752170633
1462 -0.7349776447807463
1463 -0.7299782018442595
1464 -0.7148881574509749
1465 -0.6946201827527133
1466 -0.679260855520476
1467 -0.6529955348205307
1468 -0.6296462277732685
1469 -0.600452107880955
1470 -0.5793496422732933
1471 -0.567723727877711
1472 -0.5326433987247028
1473 -0.5003987063925461
1474 -0.4774801749550187
1475 -0.45145365034514207
1476 -0.4346932817361846
1477 -0.4253749325221925
1478 -0.4116733937217212
1479 -0.39600687683692615
1480 -0.3888029083821388
1481 -0.3841238678950947
1482 -0.381378331100921
1483 -0.37861298092596185
1484 -0.3716406125583944
1485 -0.36877209142000955
1486 -0.3545441936651429
1487 -0.34720013507589387
1488 -0.34753351463126536
1489 -0.3491538934715722
1490 -0.3525295433657265
1491 -0.35343025539992134
1492 -0.35747193149171697
1493 -0.3556971386481633
1494 -0.34960579236333633
1495 -0.34621032908839644
1496 -0.34716570623524323
1497 -0.3493783656928554
1498 -0.347135406078914
1499 -0.33812001720061713
1500 -0.33520083620457053
1501 -0.33475705282131185
1502 -0.3266934955876998
1503 -0.3210550726988185
1504 -0.3173506132556362
1505 -0.317191902406319
1506 -0.32025471903898906
1507 -0.3232829571000665
1508 -0.3231901494828531
1509 -0.318928279585038
1510 -0.3174352869335374
1511 -0.31919886008844567
1512 -0.3250234629631066
1513 -0.3258199795296941
1514 -0.3242794127698656
1515 -0.3289661537450045
1516 -0.33693115475395197
1517 -0.3267839135070686
1518 -0.29490042898703395
1519 -0.28397277089043815
1520 -0.2861480391873973
1521 -0.28834741151719456
1522 -0.2938538597801197
1523 -0.3002852353026203
1524 -0.30069488143630785
1525 -0.2983982812138961
1526 -0.2915300635815187
1527 -0.2825729037488419
1528 -0.2856906770852441
1529 -0.28809278887052425
1530 -0.2852847446154667
1531 -0.2823414718233709
1532 -0.2812507427101544
1533 -0.28691663473549867
1534 -0.289801678481974
1535 -0.28654528083731423
1536 -0.28088779591155544
1537 -0.272588819928288
1538 -0.2689227761499404
1539 -0.27037660179269796
1540 -0.2750717682982283
1541 -0.2805403656476718
1542 -0.2739884217804157
1543 -0.2718579150027247
1544 -0.27135162415858183
1545 -0.26903022552862976
1546 -0.2750450136440611
1547 -0.27348714226463844
1548 -0.2571083595999418
1549 -0.2508591588082305
1550 -0.24878675764682867
1551 -0.25413168247137685
1552 -0.25703991693905137
1553 -0.2520888301223959
1554 -0.2530056234426593
1555 -0.25376445725751384
1556 -0.2505930248818353
1557 -0.24631918395146646
1558 -0.2474368174497924
1559 -0.2509377922876008
1560 -0.2487141863016168
1561 -0.23763717462854128
1562 -0.23853845141408914
1563 -0.24526449923604676
1564 -0.24662981410766116
1565 -0.24193819310429276
1566 -0.2332325517381466
1567 -0.23603348655807377
1568 -0.2354381017606284
1569 -0.2307773903973599
1570 -0.2290921328291312
1571 -0.22206950119350655
1572 -0.214206907567288
1573 -0.21365377552791898
1574 -0.21761449160572366
1575 -0.22114603976013503
1576 -0.21286893840280507
1577 -0.20726482092524345
1578 -0.21478795006514184
1579 -0.21528302122063903
1580 -0.21436960524078918
1581 -0.21366900047155457
1582 -0.21800048726538412
1583 -0.22350514744343086
1584 -0.21216241686437087
1585 -0.19412792544386637
1586 -0.19138268024077265
1587 -0.20144314970298982
1588 -0.20262255774909765
1589 -0.19279853154071747
1590 -0.18792204664683076
1591 -0.1904091237010923
1592 -0.19485277174009252
1593 -0.19744387610021263
1594 -0.19148804994350377
1595 -0.18610469102331462
1596 -0.18199813620359684
1597 -0.18042091119621695
1598 -0.17504539462426005
1599 -0.16858298603232857
1600 -0.16764740383546095
1601 -0.16735363261085434
1602 -0.16842500809611327
1603 -0.16678498403676978
1604 -0.16360233197244567
1605 -0.16393170627282683
1606 -0.1584203964124783
1607 -0.15857068173140387
1608 -0.16411702991617372
1609 -0.1665730739010043
1610 -0.16029198369742925
1611 -0.15176868522382103
1612 -0.14786766401784024
1613 -0.13923191270798152
1614 -0.13331494353812923
1615 -0.13119301202177203
1616 -0.1242550540640488
1617 -0.11666274935015808
1618 -0.11846547108300287
1619 -0.12147538002030434
1620 -0.11500483748906087
1621 -0.10433036251454275
1622 -0.10372461437088498
1623 -0.10222851753924478
1624 -0.09360371275775803
1625 -0.09409888891178031
1626 -0.09403728252574661
1627 -0.09635751479137966
1628 -0.09394462463947562
1629 -0.08643092710334421
1630 -0.07571860121534457
1631 -0.06548228444596504
1632 -0.0650807538207826
1633 -0.06223016521656899
1634 -0.06475536634458545
1635 -0.06674783199617818
1636 -0.06030448544112399
1637 -0.051927926784279155
1638 -0.04842487227051229
1639 -0.04256229505303866
1640 -0.037635864783785555
1641 -0.029948231454701713
1642 -0.020279811915498325
1643 -0.01819527155979417
1644 -0.02248050034055682
1645 -0.02814610077482138
1646 -0.02630895020132573
1647 -0.01884534777150282
1648 -0.007615511350714921
1649 0.004778799763624608
1650 0.012161565608788116
1651 0.011991025587055004
1652 0.009341250859292272
1653 0.016777948904005857
1654 0.03076218897138072
1655 0.044099756469071716
1656 0.05343406353980118
1657 0.06330317352612469
1658 0.07343959167396696
1659 0.07405376534801666
1660 0.0767565896312854
1661 0.08220968887681979
1662 0.0880142052104218
1663 0.09385359170669672
1664 0.098494216528906
1665 0.10365235188390343
1666 0.11214818122104897
1667 0.12717689238857366
1668 0.13564936284277174
1669 0.13862603997133682
1670 0.14875077867770514
1671 0.15513562302686568
1672 0.16131503876081377
1673 0.16615220691501542
1674 0.17199559866628045
1675 0.18076005226020664
1676 0.17678738358065482
1677 0.17517692676453822
1678 0.19279290519894143
1679 0.21096218383446197
1680 0.21787988708937744
1681 0.21402219224405616
1682 0.22208931341063654
1683 0.24224275559668929
1684 0.2495819525885148
1685 0.25291444864974233
1686 0.2539935167522911
1687 0.2573084350336514
1688 0.25979077391982086
1689 0.2608611433317043
1690 0.27553414056509173
1691 0.2864545394956146
1692 0.2980508682171634
1693 0.3169892992813337
1694 0.32890378261461817
1695 0.3332725108381589
1696 0.3400060831156575
1697 0.3421949423683004
1698 0.3391890386859886
1699 0.3448244808240615
1700 0.34799975029298125
1701 0.34499384661067056
1702 0.34958081239360306
1703 0.35342108355598323
1704 0.35629342335680336
1705 0.362570968058217
1706 0.3659975878319195
1707 0.3602139400508795
1708 0.3719745741322702
1709 0.39077025220386075
1710 0.3950890534828413
1711 0.3988475685549049
1712 0.39438400213659497
1713 0.3982751013183847
1714 0.40274709326708713
1715 0.3918440173869646
1716 0.3876124292146721
1717 0.39459028709423993
1718 0.4020927465109194
1719 0.4002629969636342
1720 0.40007337647421726
1721 0.3962328321515638
1722 0.4000156071814258
1723 0.4023170690012605
1724 0.3954014454223034
1725 0.3940869585700997
1726 0.3911914280480804
1727 0.38429513966627393
1728 0.37705219079529884
1729 0.37645026131407633
1730 0.3601143408912262
1731 0.3478830190414677
1732 0.3381968351298419
1733 0.321094698296734
1734 0.32138150981715263
1735 0.32204030315033294
1736 0.31296358104627564
1737 0.2989676615374268
1738 0.28605525670813936
1739 0.2807313010686947
1740 0.2700079052229918
1741 0.25325877473348624
1742 0.23684715248367327
1743 0.21901215447837497
1744 0.2015596066305747
1745 0.18840025334110044
1746 0.1756579287807174
1747 0.16157794507773815
1748 0.14937380077336204
1749 0.1281427747417705
1750 0.11322368539062966
1751 0.09916689240884913
1752 0.08727902186959446
1753 0.0806011392089292
1754 0.06847017573353575
1755 0.053036096847587366
1756 0.0360283568872275
1757 0.022869003597753235
1758 0.009868069566516091
1759 -0.0057479108899484155
1760 -0.02066683207934039
1761 -0.03623465524531699
1762 -0.05892810061180642
1763 -0.07608360489311139
1764 -0.07373058214076433
1765 -0.07538167615781088
1766 -0.08410698117380078
1767 -0.09317855008935483
1768 -0.10819072021798226
1769 -0.12454159242419416
1770 -0.13432070738236424
1771 -0.14379466326553347
1772 -0.15816961085905
1773 -0.16893542762457758
1774 -0.1786023813375771
1775 -0.19318555170455942
1776 -0.2057968027138366
1777 -0.21191060680676077
1778 -0.2105682094960719
1779 -0.2116429807525506
1780 -0.21726972419995816
1781 -0.22702740585421266
1782 -0.2327157556876538
1783 -0.23068030436488296
1784 -0.23863199194440432
1785 -0.2457286607514444
1786 -0.2481328522126831
1787 -0.25673757045311074
1788 -0.2638804972732177
1789 -0.26666845498721614
1790 -0.26876805212480726
1791 -0.2681648434099362
1792 -0.27251935276321604
1793 -0.27205520967862495
1794 -0.2765183347749133
1795 -0.27635889101249433
1796 -0.27910459596841664
1797 -0.29048659855474424
1798 -0.2866765225501685
1799 -0.29091131990112573
1800 -0.2903620433858046
1801 -0.2916610137032932
1802 -0.3021420310951525
1803 -0.30315004277709445
1804 -0.31013809584112606
1805 -0.3187939336920438
1806 -0.31281389230995416
1807 -0.3120874076597919
1808 -0.31127979483389
1809 -0.30502917294839293
1810 -0.3118552428212188
1811 -0.3163073163906104
1812 -0.3151349993488263
1813 -0.3099520392846774
1814 -0.31146084006197305
1815 -0.31852291186661374
1816 -0.3171493580571628
1817 -0.3217938015418077
1818 -0.32274106318014917
1819 -0.3258349128822503
1820 -0.32809011668901855
1821 -0.32093523726716455
1822 -0.3173887373293911
1823 -0.31683990213609214
1824 -0.31892517540489784
1825 -0.3170222450286301
1826 -0.30905076249912944
1827 -0.3138780086291406
1828 -0.3164578933006157
1829 -0.3124004090830246
1830 -0.3114379225010476
1831 -0.3068205068308434
1832 -0.3053236770861012
1833 -0.3084523969508751
1834 -0.31225779795058284
1835 -0.317451244790275
1836 -0.31886237635293413
1837 -0.32382824679120314
1838 -0.32638403966662877
1839 -0.327732813499346
1840 -0.3357897210506564
1841 -0.3340846685324482
1842 -0.32236098428968873
1843 -0.325474187619747
1844 -0.3393942818723017
1845 -0.3413391734155661
1846 -0.3319169509926415
1847 -0.32824736171213187
1848 -0.3311026884844379
1849 -0.3278925488528447
1850 -0.32333261088435283
1851 -0.3227607083991859
1852 -0.3228845490858304
1853 -0.32489888936336075
1854 -0.3284181933249448
1855 -0.33292019383889626
1856 -0.33099333982832746
1857 -0.3303316104767562
1858 -0.33812532012006247
1859 -0.33532511821323674
1860 -0.32909057761380833
1861 -0.3262220749062297
1862 -0.3215153971209741
1863 -0.32047476311406653
1864 -0.3279467726434748
1865 -0.3321071362334116
1866 -0.3354952169129478
1867 -0.3375414466023421
1868 -0.3253349985601358
1869 -0.32668565323946774
1870 -0.3283302473051548
1871 -0.32035492768241236
1872 -0.32273734951623856
1873 -0.3237118071307691
1874 -0.33023953577264475
1875 -0.3364313638611687
1876 -0.3343038378342863
1877 -0.3326213928551177
1878 -0.3306998601948006
1879 -0.33008140810548736
1880 -0.32733897549145385
1881 -0.32747804112173373
1882 -0.33245986941674033
1883 -0.3293893785975869
1884 -0.32347964229219595
1885 -0.3207992758170245
1886 -0.3266162045052019
1887 -0.3337362137643832
1888 -0.3300734423279239
1889 -0.3269135212319706
1890 -0.3240014496710544
1891 -0.3276530014188681
1892 -0.3288403752425392
1893 -0.3226436855565923
1894 -0.32646133074912664
1895 -0.33020952720739527
1896 -0.32490673171159257
1897 -0.3231780287193572
1898 -0.3233018694060017
1899 -0.3264885267253159
1900 -0.3308007833205193
1901 -0.3284492263943758
1902 -0.3271495231637853
1903 -0.32748187821497543
1904 -0.3315466215986389
1905 -0.33328402328153917
1906 -0.3238282467912035
1907 -0.3120244588768858
1908 -0.3142102139493884
1909 -0.3228542489295012
1910 -0.3255142372725339
1911 -0.3263181364345251
1912 -0.3267629443219655
1913 -0.3284065138834711
1914 -0.32987231055878197
1915 -0.3295551804512278
1916 -0.3260592353725912
1917 -0.32202596638038083
1918 -0.31671251594728567
1919 -0.3130616971125739
1920 -0.31242005430206155
1921 -0.3132984319574903
1922 -0.3107958383685133
1923 -0.31033123553109376
1924 -0.31823224482214707
1925 -0.3251004624545245
1926 -0.3284221801491287
1927 -0.3252591733038417
1928 -0.3188894041673749
1929 -0.31307264364094567
1930 -0.31907575231490326
1931 -0.3201397452047585
1932 -0.31353724647836534
1933 -0.31236492943658123
1934 -0.31817447552935507
1935 -0.32507429098251694
1936 -0.3189124714592425
1937 -0.3160772312279958
1938 -0.32054154899021425
1939 -0.3183840143980825
1940 -0.3097936200264402
1941 -0.3069009020934812
1942 -0.31493032207752225
1943 -0.316979700679474
1944 -0.3158656126833099
1945 -0.31435739508817395
1946 -0.31208312924452797
1947 -0.3178805361429998
1948 -0.32146545174560803
1949 -0.3221840940475382
1950 -0.323333052206375
1951 -0.32119487124220014
1952 -0.3149913637122026
1953 -0.31165412948288307
1954 -0.3140868145847663
1955 -0.31455439817299435
1956 -0.31827539865507415
1957 -0.3151042578704749
1958 -0.3070438048170028
1959 -0.31095809471999236
1960 -0.31690270118805597
1961 -0.3179074405281094
1962 -0.3187042486857765
1963 -0.32123668267825467
1964 -0.32465064323871895
1965 -0.33888740784599936
1966 -0.3390804056758294
1967 -0.3261626979270966
1968 -0.3233758881466108
1969 -0.31378905653597544
1970 -0.3104433967762643
1971 -0.3158700329587112
1972 -0.31857657090589075
1973 -0.32291883606634364
1974 -0.3296983747658294
1975 -0.3335577079650871
1976 -0.33430412942536614
1977 -0.3348723182466222
1978 -0.3346276176241425
1979 -0.3427266545041979
1980 -0.3452842047969068
1981 -0.32734681783968567
1982 -0.3143445414115763
1983 -0.3145583771263737
1984 -0.3228351868926236
1985 -0.3254097502138469
1986 -0.3239818044520174
1987 -0.3306924591685907
1988 -0.3294549902386108
1989 -0.3252467609492661
1990 -0.32478701970926993
1991 -0.32487982732648313
1992 -0.3266352665420795
1993 -0.32953611841435027
1994 -0.32957098857702305
1995 -0.32591589132704735
1996 -0.3278839735915108
1997 -0.3341143855066181
1998 -0.33963353771519844
1999 -0.3350082796967624
2000 -0.3248674149719075
2001 -0.3231427172346625
2002 -0.33130765734682166
2003 -0.33475321572807015
2004 -0.3316117919176408
2005 -0.3332091034660797
2006 -0.33716226878673217
2007 -0.33577376319391883
2008 -0.33164666208031346
2009 -0.3314498271572415
2010 -0.33522092274562965
2011 -0.33285001219152865
2012 -0.33295787659062903
2013 -0.3333484606874395
2014 -0.3374173327554243
2015 -0.33738659127707316
2016 -0.33233101740173054
2017 -0.3339400083916432
2018 -0.3408980528904253
2019 -0.34037951785345544
2020 -0.3397247113444596
2021 -0.34155819298646173
2022 -0.34906255168056244
2023 -0.3413685724970448
2024 -0.33400786787037406
2025 -0.35132484649165474
2026 -0.34434790811774396
2027 -0.3303191981221807
2028 -0.33174772706616973
2029 -0.3347802619733171
2030 -0.3388089425283778
2031 -0.34300063077882537
2032 -0.34895261984229253
2033 -0.34846968788109733
2034 -0.34040241698357476
2035 -0.3310239315757366
2036 -0.33027041911113353
2037 -0.3357623753435246
2038 -0.3368405686728343
2039 -0.34011248285220985
2040 -0.34177924313491426
2041 -0.33849537635379157
2042 -0.3440453934700546
2043 -0.34503920471254235
2044 -0.34751741491439037
2045 -0.3524791566683382
2046 -0.3555691692771976
2047 -0.35477294430168993
2048 -0.34658996665683484
2049 -0.33738925413519105
2050 -0.33719596471428104
2051 -0.3457934500902473
2052 -0.35049599919118124
2053 -0.34762618038834125
2054 -0.3412490286564709
2055 -0.33644245224967795
2056 -0.3380471463935205
2057 -0.34248622442617693
2058 -0.3547111697539075
2059 -0.3585860194878806
2060 -0.3537819640790686
2061 -0.353360638503907
2062 -0.35307883831185394
2063 -0.354041889645184
2064 -0.35116823374910255
2065 -0.34955569725702795
2066 -0.3507741041501301
2067 -0.3500503086596969
2068 -0.35437424469637413
2069 -0.357008353158479
2070 -0.35170939475591767
2071 -0.350100695357085
2072 -0.35268825421504335
2073 -0.3530940632554894
2074 -0.35557329796151915
2075 -0.3525722558766313
2076 -0.3481707371663766
2077 -0.34890237500504184
2078 -0.34986188083621017
2079 -0.3462220085298702
2080 -0.34806241301444774
2081 -0.3537982135268858
2082 -0.3563476483110892
2083 -0.34978769393385234
2084 -0.34430993814091526
2085 -0.3598464059787859
2086 -0.37105893777997956
2087 -0.3592693503051161
2088 -0.3501035079461452
2089 -0.35262293416509927
2090 -0.35229812987106157
2091 -0.34986085633202846
2092 -0.351408072774159
2093 -0.35456782570836387
2094 -0.3554604038032467
2095 -0.35850415839903926
2096 -0.36066271749535284
2097 -0.3533183857458305
2098 -0.3482867355047887
2099 -0.34752938594694394
2100 -0.3496530748805847
2101 -0.3469416753359821
2102 -0.3445318893642182
2103 -0.34890621209828354
2104 -0.3525531938397537
2105 -0.3551590818214878
2106 -0.3578539403271932
2107 -0.3639572576445739
2108 -0.3669006538660011
2109 -0.3597986821395156
2110 -0.3629772055195182
2111 -0.3731307741900285
2112 -0.36891973231162356
2113 -0.3495277683677367
2114 -0.3396857046266605
2115 -0.34713554793905155
2116 -0.3537018604075106
2117 -0.3564277519826471
2118 -0.3585622192829113
2119 -0.3569409841001714
2120 -0.3637833218516213
2121 -0.3663284597897547
2122 -0.3562988999676373
2123 -0.36027066757233894
2124 -0.3669392376925844
2125 -0.3663861056532154
2126 -0.3559242737275644
2127 -0.3489982868023951
2128 -0.3501518149675752
2129 -0.3469843878468867
2130 -0.3453947504849314
2131 -0.3456381350121498
2132 -0.34779612935711
2133 -0.35506700711737627
2134 -0.3535889662492382
2135 -0.35573127589773446
2136 -0.360647051229695
2137 -0.3624289535083788
2138 -0.36937400247042573
2139 -0.376703277438061
2140 -0.37584527791477096
2141 -0.3623051128217345
2142 -0.3527954041318484
2143 -0.3571740052811776
2144 -0.3599163144658801
2145 -0.36079039527523904
2146 -0.3524166492074541
2147 -0.349199418571537
2148 -0.35636299668405624
2149 -0.35039463474344035
2150 -0.35206494052830695
2151 -0.3577120621078532
2152 -0.35720875201451907
2153 -0.35887905779938567
2154 -0.3590611275316503
2155 -0.36010530704071986
2156 -0.3570348162215663
2157 -0.3549696294938195
2158 -0.3519301717440969
2159 -0.35318315720879234
2160 -0.3538789003806032
2161 -0.35851996652483487
2162 -0.36174916819330527
2163 -0.35872420247411674
2164 -0.36333023029392697
2165 -0.36703898658317924
2166 -0.37053109456857425
2167 -0.37227543752485626
2168 -0.36909943514283405
2169 -0.37251396045465146
2170 -0.38058225585635574
2171 -0.37852491147684075
2172 -0.36636941488337593
2173 -0.3592425877801442
2174 -0.35859281103032004
2175 -0.36165579582473883
2176 -0.3693566978508318
2177 -0.3614274680794075
2178 -0.3546553304061316
2179 -0.3634162200670896
2180 -0.3618300232087712
2181 -0.3651629605920208
2182 -0.3681103620684384
2183 -0.3667025028476677
2184 -0.3645872210136124
2185 -0.35973380341159344
2186 -0.3575490728432723
2187 -0.357104556546912
2188 -0.3560639225400042
2189 -0.3592427375110866
2190 -0.362619138749149
2191 -0.36455618794418143
2192 -0.36365491115863346
2193 -0.36600675967585683
2194 -0.36317965338392166
2195 -0.3605458365128965
2196 -0.3635390362495524
2197 -0.36597929053939404
2198 -0.37325371380182226
2199 -0.3712617079030579
2200 -0.3709522519819871
2201 -0.3689880068107654
2202 -0.36566599752508155
2203 -0.3648580931080999
2204 -0.36193434210570985
2205 -0.3620655653877578
2206 -0.3652990639022985
2207 -0.3690849431123002
2208 -0.37102910174246295
2209 -0.3793122695999348
2210 -0.38751253962759524
2211 -0.3834290073673279
2212 -0.3623191635302464
2213 -0.36096271551104553
2214 -0.3736187096087845
2215 -0.3694869150595045
2216 -0.3687703340027263
2217 -0.3729905343246245
2218 -0.3757326753475785
2219 -0.3729094061488851
2220 -0.3687360470222131
2221 -0.36887511265249295
2222 -0.37534993359900015
2223 -0.3748087725921848
2224 -0.36482249003232536
2225 -0.36141180181374977
2226 -0.36551170695116575
2227 -0.36938242800081733
2228 -0.3745995253145372
2229 -0.377240283458944
2230 -0.3775021652716867
2231 -0.38709402664149384
2232 -0.3876634081286803
2233 -0.37420407962030366
2234 -0.3642498546340568
2235 -0.365337771158213
2236 -0.3650592248772421
2237 -0.36499715873838
2238 -0.364764993899807
2239 -0.3620077960949659
2240 -0.364258703055664
2241 -0.36062283600431466
2242 -0.3643903860905403
2243 -0.3656436631463156
2244 -0.3587079530262993
2245 -0.36711198081960683
2246 -0.37394280729133145
2247 -0.3693208031839774
2248 -0.3584610045661125
2249 -0.35265294273034886
2250 -0.35262264257401943
2251 -0.3505265909385902
2252 -0.3481869866141938
2253 -0.3432252448602461
2254 -0.33985697756149547
2255 -0.3409632232094273
2256 -0.34165896638123827
2257 -0.3463536731339403
2258 -0.3492542334151313
2259 -0.34697256654527553
2260 -0.33923483810988264
2261 -0.3269410087992397
2262 -0.31538918067347455
2263 -0.31527775234140565
2264 -0.31861188239058547
2265 -0.31554464548251393
2266 -0.3116581163070672
2267 -0.3060896019052799
2268 -0.3006329571575834
2269 -0.2980344517712531
2270 -0.2957838179708282
2271 -0.2936608619502895
2272 -0.2916228711987321
2273 -0.28868360366162626
2274 -0.29001033470665727
2275 -0.2920056129473102
2276 -0.29448811999522817
2277 -0.30068733067915576
2278 -0.30137923675772504
2279 -0.30208367862020113
2280 -0.2968244519777362
2281 -0.28676872068361114
2282 -0.28891530874737104
2283 -0.2941869477444117
2284 -0.29470948803637165
2285 -0.28604282708641315
2286 -0.2706581288244776
2287 -0.2684934847972157
2288 -0.2698788862098891
2289 -0.2652990114312803
2290 -0.2624761835546089
2291 -0.2585522632185089
2292 -0.24537621915919539
2293 -0.23413338720167254
2294 -0.23564292089207006
2295 -0.24092990826207739
2296 -0.2380200661080616
2297 -0.2420423885719002
2298 -0.24482042426170847
2299 -0.23267277001647546
2300 -0.22273331022103626
2301 -0.2200424569703211
2302 -0.2243671259201001
2303 -0.22128850116163457
2304 -0.21471349000251072
2305 -0.21826395046285685
2306 -0.22677529633471816
2307 -0.2433841948296247
2308 -0.26260075715435505
2309 -0.27405904474980536
2310 -0.27375596535076296
2311 -0.27598753711431023
2312 -0.28125575403852
2313 -0.27718275328621345
2314 -0.2735128724146243
2315 -0.27171929069446665
2316 -0.262344518950539
2317 -0.2591585945443263
2318 -0.2563709284214074
2319 -0.24955194955290538
2320 -0.25365923728572504
2321 -0.25957281068435756
2322 -0.26016022970424
2323 -0.2587949148326256
2324 -0.25609548632057644
2325 -0.2575961531585602
2326 -0.26096087495514897
2327 -0.2636560250519342
2328 -0.2682691623068748
2329 -0.27616205608942246
2330 -0.28709086211953105
2331 -0.2958148510402594
2332 -0.30479774102292156
2333 -0.31666596634313926
2334 -0.32995343873452165
2335 -0.34154724645808976
2336 -0.34986158924513044
2337 -0.354308483324408
2338 -0.3635075618580993
2339 -0.3790648982485324
2340 -0.4018631038339825
2341 -0.4102544461124411
2342 -0.4052411434259813
2343 -0.4068001627389166
2344 -0.4090706099201269
2345 -0.4147082814651003
2346 -0.4216886603426482
2347 -0.4275943913930488
2348 -0.423348038029949
2349 -0.4160152175601519
2350 -0.4144838092438169
2351 -0.42028876689944106
2352 -0.4259469847383014
2353 -0.4239710601256059
2354 -0.4134975487584813
2355 -0.40702775757114606
2356 -0.41252457540096066
2357 -0.4099758919606653
2358 -0.4079600674261251
2359 -0.41205923965043934
2360 -0.4221062722538992
2361 -0.4316276603852591
2362 -0.4317863712345761
2363 -0.42284455977486646
2364 -0.4150366496921062
2365 -0.4180926484807258
2366 -0.4183982673085549
2367 -0.42029260399268265
2368 -0.42120912415267275
2369 -0.42615947805622645
2370 -0.4290356549502884
2371 -0.43303835062589624
2372 -0.44210439936185475
2373 -0.4313675850882013
2374 -0.42598422616801224
2375 -0.42673624213881645
2376 -0.4192448789814509
2377 -0.41620850698106193
2378 -0.41940742692400956
2379 -0.4262907013382744
2380 -0.43116261622581753
2381 -0.4401815506062764
2382 -0.44019352163882997
2383 -0.4315650031934327
2384 -0.42694358226823836
2385 -0.43000285339874644
2386 -0.43789618850331624
2387 -0.4432287009732886
2388 -0.44272922797319647
2389 -0.44362695925658246
2390 -0.44010027269959473
2391 -0.43402060585624136
2392 -0.43339018273437446
2393 -0.43457063371547044
2394 -0.43725437753105556
2395 -0.4317844640863504
2396 -0.44016204724737695
2397 -0.446918959977017
2398 -0.4369437921072783
2399 -0.43918714831082417
2400 -0.43985999235251605
2401 -0.4446243160012323
2402 -0.4509522289692274
2403 -0.44127540233043894
2404 -0.4350605069500473
2405 -0.4373312272915313
2406 -0.43956622112790933
2407 -0.44677119565607193
2408 -0.4457926277880261
2409 -0.441755080380552
2410 -0.4419598810811871
2411 -0.44363391896077053
2412 -0.4573323351502957
2413 -0.4634035948940636
2414 -0.46360783084334556
2415 -0.4669879010129012
2416 -0.4671117601303517
2417 -0.475588340838065
2418 -0.48134574281616715
2419 -0.49564000355596616
2420 -0.5027517291448933
2421 -0.495568356082395
2422 -0.5056743059121597
2423 -0.5112397345646134
2424 -0.5139727171440738
2425 -0.5168618895748709
2426 -0.5147664211216011
2427 -0.5079981021107607
2428 -0.49937728415345817
2429 -0.4977007515775055
2430 -0.4824382372174717
2431 -0.4415991899910998
2432 -0.399393772721337
2433 -0.35672595135345975
2434 -0.29748872862889864
2435 -0.2324366262245232
2436 -0.1620868630820418
2437 -0.07900517558700271
2438 -0.00512103327024338
2439 0.07374076392478379
2440 0.15173231740369353
2441 0.22924391967221713
2442 0.3171401677824186
2443 0.3965158250095473
2444 0.4780379021386869
2445 0.55937866087947
2446 0.6380964074174629
2447 0.7205549493875134
2448 0.7949318965912564
2449 0.8509304676127745
2450 0.8909118560053371
2451 0.9282067745609737
2452 0.9527119810404538
2453 0.9752572023331703
2454 0.9885728952049231
2455 0.9821883608776487
2456 0.962530678027778
2457 0.9437787369712738
2458 0.9402453823011772
2459 0.936776491338593
2460 0.9311490228488879
2461 0.9192038059080572
2462 0.8879501201001334
2463 0.8299824238791638
2464 0.7422373174303207
2465 0.6308686729301214
2466 0.5077452620193292
2467 0.3669096877165079
2468 0.22393768367277755
2469 0.08890235515909883
2470 -0.02695267268779633
2471 -0.1538251548300964
2472 -0.2870537519899562
2473 -0.38655925002751146
2474 -0.47947297860689575
2475 -0.5681019074907504
2476 -0.6304037533636666
2477 -0.6793204391997576
2478 -0.7287974855736948
2479 -0.7666313620308574
2480 -0.7746426254188554
2481 -0.7666168927971138
2482 -0.7650288631214995
2483 -0.760396372238602
2484 -0.7524024134701979
2485 -0.7437101905320023
2486 -0.7239490714292367
2487 -0.6948289887083388
2488 -0.6710549787455016
2489 -0.6439654857499514
2490 -0.6200781666084308
2491 -0.6037752914017627
2492 -0.5768443858261983
2493 -0.5508698371692448
2494 -0.5169900008059741
2495 -0.48366168879573146
2496 -0.47212298750683723
2497 -0.4723662418975759
2498 -0.4876454146291125
2499 -0.5231378624896055
2500 -0.926429422478612
2501 -0.9777793053777719
2502 -1.0
