0
1
2506
-3 0.1291514589563788
-2 0.12887905255651538
-1 0.12821601417940057
0 0.12721259168002239
1 0.12589623714039894
2 0.12429663354473192
3 0.12245265386486576
4 0.12045368761579439
5 0.11826090638074066
6 0.11589147885478746
7 0.1133679427487183
8 0.1107172723886231
9 0.10796170423039432
10 0.10512818514029869
11 0.10224612183289508
12 0.09934472724616691
13 0.09645334717788227
14 0.09359558245550295
15 0.09079478906595295
16 0.08807409685211337
17 0.08545498734524307
18 0.08295170572973089
19 0.08057625078823927
20 0.07834251625434856
21 0.0762605536115316
22 0.0743350958694875
23 0.07256343821038841
24 0.07095186289421519
25 0.06950822493459735
26 0.06822810130071547
27 0.06710811786175182
28 0.06614600470055879
29 0.06533694680485341
30 0.06467222704324634
31 0.06414374072352036
32 0.06374881132735753
33 0.06347808549128801
34 0.0633209387727405
35 0.06327196147338089
36 0.0633252861512375
37 0.06346776766528422
38 0.06368339643303349
39 0.0639555847875687
40 0.06426462841731422
41 0.06459151950469459
42 0.06491909036299741
43 0.06523595126690028
44 0.06553643683528797
45 0.06581803439796625
46 0.06607873847444411
47 0.06631679112431628
48 0.06652955425073394
49 0.06672061569221606
50 0.06689154220782166
51 0.06703768543609302
52 0.0671577605318888
53 0.06725257643253169
54 0.067322972766265
55 0.06736524367519736
56 0.06737948614884923
57 0.06736781173587514
58 0.0673290113610095
59 0.0672658595373123
60 0.06718525956831961
61 0.06709215015746342
62 0.06698416271375433
63 0.06686435697089081
64 0.06673546511655287
65 0.06659532428235226
66 0.06644365532350144
67 0.06627960382032311
68 0.06610225744519053
69 0.06591033018826596
70 0.06570661511594034
71 0.06549652370126324
72 0.06528061328066585
73 0.06505954658485068
74 0.06484075890094926
75 0.06462583935998069
76 0.06441118389949668
77 0.06420005770547164
78 0.0639910642894642
79 0.0637821474147439
80 0.0635735797624228
81 0.06336607591443073
82 0.06316166008756752
83 0.06295718401492884
84 0.0627558485447294
85 0.0625583523240896
86 0.062363393790084355
87 0.0621739295378362
88 0.061989720825894115
89 0.0618130634113197
90 0.061642849336610704
91 0.06147975384344006
92 0.061325219695515555
93 0.06117637294306513
94 0.061034855964038744
95 0.0609001658657635
96 0.06077189293115712
97 0.060653286765263374
98 0.06054736449202917
99 0.06045514446625792
100 0.06037638518384786
101 0.060307276426513554
102 0.06025060518709923
103 0.06021150389485189
104 0.06018692727148281
105 0.06017408575620531
106 0.06016986459926545
107 0.06017921385496035
108 0.0602022536508315
109 0.060233698906890544
110 0.06027356162700201
111 0.06032312781945751
112 0.06038599863802177
113 0.06045832926680638
114 0.06053995220543678
115 0.06063190475790125
116 0.06073093750798802
117 0.06083366026224897
118 0.06093633032934732
119 0.06103914645835325
120 0.06114140262100983
121 0.061241272684882164
122 0.061336777778928216
123 0.06142849681873189
124 0.06152048856796608
125 0.061612877639914194
126 0.061697825189719516
127 0.06177142836620658
128 0.061834573408268534
129 0.06188896553476955
130 0.06192938195668948
131 0.061954110189997635
132 0.06196880097634494
133 0.061972005353340714
134 0.061966851637017574
135 0.061952358495622147
136 0.061925963555948024
137 0.061887242251405385
138 0.06183333184474734
139 0.06176856944860994
140 0.06169323835816948
141 0.061607578060275225
142 0.061513475060897015
143 0.0614132919382707
144 0.061309532064579966
145 0.061201618455990335
146 0.061089101013434954
147 0.060972827352678345
148 0.06085785453225282
149 0.060743429582996535
150 0.060627811575613054
151 0.06050959108875572
152 0.06038744655878979
153 0.06026427870656356
154 0.06013711447393544
155 0.06000163598431499
156 0.05986072663733397
157 0.05971646565846934
158 0.05956702098701931
159 0.05940989830079171
160 0.05924590008243255
161 0.059079122568041306
162 0.05890990016808955
163 0.058743548782610365
164 0.0585821049533206
165 0.05842307201277753
166 0.05826560583572923
167 0.058105962668317156
168 0.05794485990608114
169 0.057783677110256414
170 0.05762530608334757
171 0.05747331909028229
172 0.05732855476921138
173 0.05719227684950571
174 0.057063933908122005
175 0.056943048928261256
176 0.056830828582877295
177 0.05672577046224136
178 0.05662699712760198
179 0.056535656967275486
180 0.05645097604690302
181 0.05637261768083682
182 0.05630039261668743
183 0.056234232849984835
184 0.05617269685394154
185 0.05611372248534409
186 0.05605403614390786
187 0.05598968690338429
188 0.055920258757392434
189 0.05584579374844565
190 0.055767197827514
191 0.055683591448185625
192 0.05559535742830523
193 0.05550569396661829
194 0.055417462531912064
195 0.055332346648110174
196 0.05525144044908425
197 0.05517460191970221
198 0.05510390750494163
199 0.05504199804875997
200 0.05498411804620793
201 0.05493131730631382
202 0.054886061099774223
203 0.05484729996868659
204 0.05481538697717753
205 0.054793345911995424
206 0.05478676089893462
207 0.0547940945577272
208 0.05481091524132483
209 0.05483696037554647
210 0.054871959084619365
211 0.05491320063377458
212 0.054960632829858316
213 0.0550154368847167
214 0.05507639179145974
215 0.055143107094949254
216 0.055217446569345505
217 0.05529995671253773
218 0.05538699964497248
219 0.0554768970237054
220 0.055570970829181825
221 0.05566999163899869
222 0.05577424577435753
223 0.0558797835405739
224 0.055985843671017645
225 0.056095903279622925
226 0.056209522828393685
227 0.0563266160851617
228 0.05644606602101636
229 0.05656994514244193
230 0.056698405663166335
231 0.056828860493026837
232 0.056964146002121345
233 0.05710369303688847
234 0.05724428040745337
235 0.05738483009260204
236 0.05752961205550785
237 0.05767692755615384
238 0.05782110149478101
239 0.05796197843517882
240 0.058099731798465275
241 0.05823459539259067
242 0.0583650652172144
243 0.058495162786834344
244 0.05862849357908359
245 0.05876482029142528
246 0.05890466136541425
247 0.0590479398041464
248 0.059192668317534516
249 0.059338346366029616
250 0.059485117268089055
251 0.059630362009600264
252 0.05977388564937897
253 0.05991654033221686
254 0.06006120780286976
255 0.0602036222390752
256 0.06034143406355877
257 0.06047858134530204
258 0.0606154474780519
259 0.06075413105749767
260 0.06089149904690277
261 0.06102950332232253
262 0.06116902728028831
263 0.06130538783016531
264 0.061440207922924775
265 0.061571408654187
266 0.06169897213862506
267 0.061819969559802596
268 0.06193383604444633
269 0.06204345617299288
270 0.06214546406460233
271 0.062240631375474205
272 0.06233451874173141
273 0.06243015469390424
274 0.06252435914382641
275 0.06261582213609962
276 0.06270586157787827
277 0.06279574875468012
278 0.06288124960822476
279 0.06295651009486355
280 0.06302243584678568
281 0.06308030727867742
282 0.06313116709172398
283 0.06317358795115839
284 0.06320273423039681
285 0.06322163820920967
286 0.06323381994732898
287 0.06323573975764302
288 0.06322336778857038
289 0.06319418868130788
290 0.06314850834861538
291 0.06308249595263081
292 0.06299318029589078
293 0.06288385784096491
294 0.06275833363661192
295 0.06261819191747799
296 0.062464239052998666
297 0.06229935920475071
298 0.06212297644931089
299 0.061933228631487716
300 0.061728467106873665
301 0.061507835051827796
302 0.06127456031528843
303 0.06103343836194937
304 0.060785613482048646
305 0.06053174478588441
306 0.06027426512014984
307 0.06001295638796741
308 0.05974832579911768
309 0.05947861417275413
310 0.059203658353090945
311 0.05892674517088217
312 0.05864747806892631
313 0.05836643201441772
314 0.05808406541207553
315 0.05779823093683525
316 0.05750816900938339
317 0.05721476978984107
318 0.05691870692481324
319 0.056619639659922734
320 0.05632241760658609
321 0.056028829452488785
322 0.05573872773362649
323 0.055453498561483155
324 0.05517165629982717
325 0.054897018275356424
326 0.0546272849842309
327 0.05435984229061933
328 0.05409821450002463
329 0.05384344889272717
330 0.05359758681601889
331 0.053358205038655564
332 0.05312368717797749
333 0.052898476256965185
334 0.052684090589837744
335 0.05247951103343938
336 0.052281302394646664
337 0.05208901391435783
338 0.05190470275058391
339 0.051728868822911535
340 0.05156035480975508
341 0.05139766330532125
342 0.051242300354556486
343 0.05109263937930816
344 0.050947852588977806
345 0.05080650170861179
346 0.050668285628135974
347 0.050532219739633545
348 0.05039676840785222
349 0.05026431834591351
350 0.050132659486679235
351 0.05000461194338673
352 0.049882468037879144
353 0.0497656355019463
354 0.04965397229885585
355 0.04954714025048947
356 0.049448141240964624
357 0.049354697704182805
358 0.04926265153876384
359 0.04917373350669988
360 0.049088443500306604
361 0.0490046366418325
362 0.048922259945411925
363 0.04884284586545895
364 0.04876782913345657
365 0.04869693592912071
366 0.0486318266821792
367 0.04857217205753237
368 0.04851602077135321
369 0.048463508330007836
370 0.04841698875367908
371 0.048381973145946396
372 0.048359516486137705
373 0.04834631841148824
374 0.048340461609737116
375 0.04834049965308367
376 0.04834737085503326
377 0.048357557345410696
378 0.048368403677062584
379 0.04838300859494397
380 0.048400767144596166
381 0.04842331025933037
382 0.048448628628942655
383 0.048477658157133285
384 0.04851414576855054
385 0.048558224165534764
386 0.04860924813086227
387 0.04866338133329636
388 0.048721674771884375
389 0.048784340939904795
390 0.0488445347396604
391 0.0489005202819763
392 0.048956529221694516
393 0.049015204579477764
394 0.04907527129872457
395 0.049134732073873574
396 0.049195466003622214
397 0.04925839068094356
398 0.04932138628274746
399 0.049383415866873816
400 0.04944645192013234
401 0.04951241456206082
402 0.04957943789849971
403 0.04964572192570159
404 0.04971115251103021
405 0.04977539228058794
406 0.04983801214055903
407 0.049893824739332744
408 0.04994015564440231
409 0.049976024114363665
410 0.05000222988390222
411 0.05001900709413686
412 0.050018727822001445
413 0.05000120037200671
414 0.049969381358399644
415 0.049923513701352666
416 0.04986283626775618
417 0.04978767039469546
418 0.049704332757088035
419 0.0496150229644135
420 0.0495193897216476
421 0.0494166111078395
422 0.04930381196077296
423 0.04918166413913818
424 0.0490468536396265
425 0.04889608610349956
426 0.04873249386240955
427 0.048559849723617814
428 0.04837942637789947
429 0.04819208390616885
430 0.04800036002361254
431 0.047805693433118725
432 0.04760956498508208
433 0.0474114552100836
434 0.04721065200267322
435 0.04700705069283741
436 0.046800636566158016
437 0.046591695662931844
438 0.04637928710386566
439 0.046162581535719595
440 0.045946364511501435
441 0.04574442397759282
442 0.04556918381848762
443 0.0454310837788387
444 0.045337526534290545
445 0.04529526557371872
446 0.04530786325320905
447 0.04536855506359062
448 0.045474304564718446
449 0.04562699949465025
450 0.04582488455398752
451 0.04606595819333009
452 0.04635206427316556
453 0.04668436129737706
454 0.047059462736762606
455 0.04747368556439717
456 0.04792951893316784
457 0.048430006802404335
458 0.048971248468033
459 0.0495550857032677
460 0.05018468876842166
461 0.050855503902777814
462 0.05156411411696592
463 0.052309709099452546
464 0.053092688535850786
465 0.053906663301348245
466 0.05474144033543241
467 0.055590904362690916
468 0.056448996934408226
469 0.05730632428794605
470 0.05815266245524446
471 0.05898233128706075
472 0.05978909110562532
473 0.06056071615651187
474 0.06129134725137769
475 0.06197304408663452
476 0.06259449115196668
477 0.06314573026890041
478 0.06361882230255916
479 0.06400862281773027
480 0.06430221125961919
481 0.06449421718644507
482 0.06458384759277754
483 0.06456512747160022
484 0.06443603975204323
485 0.06420187222270345
486 0.06386892316183579
487 0.06344110452223678
488 0.06292323242047251
489 0.06232399076100872
490 0.06165324088300927
491 0.060917168086847356
492 0.06012429648880845
493 0.0592853977408627
494 0.0584111829626183
495 0.05751179154578713
496 0.05659320207250205
497 0.05566662614795246
498 0.05474447097514284
499 0.05383309123143152
500 0.05294031958701203
501 0.052074223850504454
502 0.051243965162580354
503 0.05045373816517028
504 0.049707782268069926
505 0.049012477932269545
506 0.04837020785093801
507 0.047786900244329196
508 0.047265975933148865
509 0.04680645533084164
510 0.046406291719286626
511 0.046065737881395355
512 0.04578702700117255
513 0.045568659765920304
514 0.04540874274270473
515 0.04530413258334368
516 0.04525573047493064
517 0.04526043302293348
518 0.045309385130422555
519 0.04539333595360747
520 0.045504872522445436
521 0.04564025678896097
522 0.04579161200747363
523 0.04595412687026309
524 0.04612839662223016
525 0.0463149848695801
526 0.04651112244684334
527 0.04671074467475311
528 0.0469082159557599
529 0.047101627773329977
530 0.04729072956612142
531 0.04747265900097159
532 0.04764483837098759
533 0.0478060271149114
534 0.04795672207250037
535 0.04809522174182898
536 0.048221565848764456
537 0.048335621861715514
538 0.04843818598622412
539 0.04853190744995986
540 0.04861561029048267
541 0.048690368709015934
542 0.048758055355072785
543 0.04881973938068502
544 0.048877869152016855
545 0.04893602536025682
546 0.04899166170498109
547 0.04904470289510873
548 0.04909676407973008
549 0.04914835253989659
550 0.049197933319091634
551 0.049238621723731536
552 0.04927198332620026
553 0.049302493054407044
554 0.049332941980446486
555 0.049361857975738374
556 0.049390824680476855
557 0.04942443887343316
558 0.04946096760788168
559 0.049498328395722414
560 0.04953385763056898
561 0.04956745062798173
562 0.04960144930507052
563 0.04963426835128429
564 0.04966265850377599
565 0.049685350315688236
566 0.04970384020817395
567 0.04972058833116655
568 0.04973327222973117
569 0.04974357706576501
570 0.04975487332935029
571 0.04976368591446411
572 0.049767068826180816
573 0.04976607142986487
574 0.04976113913538654
575 0.04975121398127077
576 0.04973644643616672
577 0.049720790244321605
578 0.04970652099098778
579 0.049691253957380055
580 0.04967631579342762
581 0.04966490760831747
582 0.049656433486042754
583 0.04964744496496947
584 0.04963730930140192
585 0.049628007762366706
586 0.04962048652191335
587 0.04961318351096952
588 0.04960639528141386
589 0.049602983644069384
590 0.04960363285059233
591 0.049608540239200145
592 0.04961877009867914
593 0.0496327189169553
594 0.049649605064147846
595 0.04967041652990929
596 0.04969576207377372
597 0.04972305619438444
598 0.04974811441164561
599 0.04977434123351924
600 0.049803650109098194
601 0.04983446688052482
602 0.0498653167249444
603 0.04989369292655608
604 0.04992266551021488
605 0.049954741514680184
606 0.049986688410461916
607 0.05001551579644404
608 0.05004129323291847
609 0.05006592065724253
610 0.05008966182780897
611 0.05010768569268341
612 0.05012032180955505
613 0.05013098406582964
614 0.05014071189997838
615 0.05014833304228277
616 0.05015216466483645
617 0.0501532212710595
618 0.05015048650490194
619 0.05014105178713136
620 0.05012531222980767
621 0.05010368691614703
622 0.05007822272985315
623 0.05005147763553347
624 0.05002326302854052
625 0.049994952581521895
626 0.04996718190468127
627 0.049941175639587866
628 0.049913326773817296
629 0.049880614638300014
630 0.049844448341411676
631 0.0498070249804877
632 0.049770589583347326
633 0.0497322326886833
634 0.04969306324907941
635 0.04965820689143478
636 0.04962724583612391
637 0.049599997588981204
638 0.04957769288960415
639 0.049561561994086206
640 0.049551683149749545
641 0.04954621258711634
642 0.049545876272918905
643 0.049548918448070675
644 0.04955282666443171
645 0.04955979154645371
646 0.04957282202905928
647 0.04959072881211457
648 0.04961310273534011
649 0.04964314761070451
650 0.04967893494539634
651 0.04972050736256811
652 0.04976864408894925
653 0.04982213170364922
654 0.04988003420092048
655 0.049940750251648236
656 0.05001122945634729
657 0.05009105616596156
658 0.05017754820383022
659 0.05027299662816896
660 0.05037708290753763
661 0.050488360166408154
662 0.05060477588102885
663 0.05072905391437408
664 0.05086437708046467
665 0.05101182526038759
666 0.05117065764709007
667 0.05134238358816509
668 0.05152630646367391
669 0.05172173970679373
670 0.05192646167408753
671 0.052138894517594125
672 0.052360031135162376
673 0.05258597607453177
674 0.05281891088323825
675 0.05306004466176437
676 0.05330955495820087
677 0.0535680322444938
678 0.053831525655575134
679 0.05409992449211382
680 0.05437205132107143
681 0.05464367990539455
682 0.054915655017913956
683 0.05518842352032237
684 0.055463057303196894
685 0.05574124191784734
686 0.05602217022155119
687 0.056306135210384925
688 0.05659188591152398
689 0.05688088886354088
690 0.05717390505816195
691 0.05746812804914998
692 0.057763068115848984
693 0.05805956709877417
694 0.05835629028528572
695 0.05864976472405929
696 0.0589393280777751
697 0.05922447814642278
698 0.05950228223049668
699 0.05977212481663439
700 0.060037219572598825
701 0.06030025834515115
702 0.06056256461583474
703 0.06081829379361104
704 0.06106667326385616
705 0.061311276846797484
706 0.06154868708853939
707 0.061779668031618704
708 0.06200124525546519
709 0.06221367668127409
710 0.06241667728363756
711 0.06260824481797027
712 0.06279021144209279
713 0.06295940069808412
714 0.06311664359960464
715 0.06326536614119829
716 0.06340345817578712
717 0.06353036885849535
718 0.06364915798954134
719 0.06376385345917888
720 0.06387334342362713
721 0.06397317875350418
722 0.06406304835293052
723 0.06414135353983944
724 0.06420797986035551
725 0.0642626114459889
726 0.06430570647024186
727 0.0643403214729985
728 0.06436662740730595
729 0.06438595136163071
730 0.06440021541895459
731 0.06440894042638237
732 0.06441110676780555
733 0.06440634781523741
734 0.06439890038611325
735 0.06438755650329325
736 0.06436863739600673
737 0.06434575750078138
738 0.06431984655964164
739 0.06428942726667379
740 0.06425033243581632
741 0.06420218066009135
742 0.06414858704534379
743 0.06409074890760925
744 0.0640322844127356
745 0.06397301510926112
746 0.0639117248299891
747 0.06384966785888721
748 0.06378477682795784
749 0.06371597873494399
750 0.06364261969855577
751 0.06356488686436991
752 0.06348331443664917
753 0.06339793137296675
754 0.06330933400427549
755 0.06321827314421577
756 0.06312490948118135
757 0.06302841387217405
758 0.06293104502136136
759 0.06283219049987405
760 0.06272856988029495
761 0.06262165750166754
762 0.06251303971036319
763 0.0624038880969161
764 0.06229217929879758
765 0.062175205973946907
766 0.062055582887029316
767 0.061933014914450496
768 0.06180592612467151
769 0.06167436052895965
770 0.06153836492080614
771 0.061402195061882506
772 0.061265767972042084
773 0.06112866185242125
774 0.06099032111706218
775 0.060850990082852906
776 0.06071005995974668
777 0.06056341775437158
778 0.06041109433028311
779 0.06025453799891462
780 0.0600989125343057
781 0.05994231061734087
782 0.0597808187981522
783 0.05961576203973288
784 0.05944972174294495
785 0.05928254334656777
786 0.059110761578405335
787 0.05893587522887587
788 0.05876178929694006
789 0.058591919946338215
790 0.0584215439628718
791 0.05824856089912724
792 0.05807585198499419
793 0.05790236947575698
794 0.05772909423300207
795 0.05755172535479938
796 0.05737106099710356
797 0.05719031335957898
798 0.05700919590416246
799 0.05683020256891744
800 0.056652949807527074
801 0.05647713370256773
802 0.056304174816333034
803 0.056134800253670784
804 0.05596810373497381
805 0.055806655094917085
806 0.05565337651088327
807 0.05550857003881592
808 0.05537012568651361
809 0.05523682569469922
810 0.05510789874278307
811 0.054982742767664836
812 0.054864898078537366
813 0.05475532635664495
814 0.054655302612428985
815 0.054566740825724526
816 0.054487186623942564
817 0.054414614552672484
818 0.05434895626980053
819 0.05429310824246637
820 0.05424601602427543
821 0.05420239832525776
822 0.054165002814128504
823 0.05413437857734602
824 0.054105285417623515
825 0.05407642518170682
826 0.05404995035334193
827 0.05402921558816175
828 0.05401644314096545
829 0.054009847741374524
830 0.05401219519566179
831 0.054024309208348324
832 0.0540403583281958
833 0.05405937693557499
834 0.054081256420933255
835 0.05410767089107715
836 0.05413752160741044
837 0.054169371653297584
838 0.05420656580840727
839 0.054250028707501174
840 0.054300285272398566
841 0.05435757832744347
842 0.05442229947526624
843 0.054492512735283175
844 0.054565308311453245
845 0.05464261374726317
846 0.05472101338060429
847 0.05480014964152084
848 0.054880892156612925
849 0.05496092057857294
850 0.05504164278763567
851 0.05511930127596825
852 0.055194899101078075
853 0.05526781766896628
854 0.05533459387967749
855 0.05539754598664903
856 0.05545720527109685
857 0.05551463503689548
858 0.05557004523203992
859 0.055625884103329554
860 0.055683059667515133
861 0.055738683410758806
862 0.05579005632970987
863 0.05583618484603317
864 0.055877840570617614
865 0.05591593067231169
866 0.05595126269626487
867 0.05598547242934115
868 0.056019460217868626
869 0.05605307798324434
870 0.05608361209508262
871 0.05610936298994647
872 0.056131205106528456
873 0.05614883835090297
874 0.056164823103474766
875 0.056178050110485274
876 0.05618925606715821
877 0.05620081496350786
878 0.05621237546505951
879 0.056222473289354376
880 0.05622681459492476
881 0.05622771833595064
882 0.05622822135915351
883 0.056224995940221095
884 0.05621788087283188
885 0.05620907998701041
886 0.056201007514767004
887 0.05619543647187555
888 0.05619145783104311
889 0.056187194170851704
890 0.056181017354649344
891 0.05617415956284941
892 0.05616814058144595
893 0.05615985290268892
894 0.05615046741385979
895 0.05614306105411201
896 0.05613824755068183
897 0.056135796781348245
898 0.05613588530478292
899 0.056140995519771905
900 0.056151546169787805
901 0.05616694049048676
902 0.0561878842112369
903 0.056211812303563126
904 0.05623613082261489
905 0.0562618406089142
906 0.05629007388512477
907 0.056321597111579566
908 0.05635595760074883
909 0.056395401793495246
910 0.05644027776963345
911 0.05648857610475093
912 0.056542503165837664
913 0.056603369747072356
914 0.05666857540998851
915 0.056733177829884865
916 0.056798288094380416
917 0.05686830614270947
918 0.05694097142066608
919 0.05701541332620031
920 0.05709102361440474
921 0.05717294304707971
922 0.057263036070472555
923 0.05735644620380497
924 0.05745140416283021
925 0.05754889823361905
926 0.05765169030247873
927 0.05775676116140373
928 0.057862421565116465
929 0.05796755865110904
930 0.0580716117887019
931 0.058172058990342904
932 0.05826795211689137
933 0.058359711580617396
934 0.05844402611761295
935 0.058521709185524955
936 0.05859321187117607
937 0.058661106149987374
938 0.058722197137161015
939 0.05877163418962997
940 0.05881043946309659
941 0.058840219018440186
942 0.05886041688212484
943 0.05886681181009236
944 0.058862949758758984
945 0.05884981296190361
946 0.05882191236497205
947 0.05877974713165256
948 0.05872632450489096
949 0.058664571014754655
950 0.05859449834080482
951 0.05851638793208089
952 0.05843579732102082
953 0.05835235067303856
954 0.05826429359858559
955 0.05817523742243921
956 0.05808576899084965
957 0.0579996627648353
958 0.0579221312810227
959 0.057857576330408736
960 0.05781306066294592
961 0.057790740511889954
962 0.0577938581007179
963 0.05782735464606094
964 0.05789204596131627
965 0.05799150996345135
966 0.05812933372630836
967 0.05830764258356395
968 0.058529412533476134
969 0.058796915049184446
970 0.05911352239290383
971 0.05948265135169573
972 0.05990391641416613
973 0.060375531616263904
974 0.0608966095512109
975 0.061466789086347964
976 0.06208552565165096
977 0.06275235204734084
978 0.063467086503892
979 0.06423185969639747
980 0.06504910344974803
981 0.06591289879431493
982 0.06681622538929928
983 0.06775507332419596
984 0.06872642050116894
985 0.06972062465017051
986 0.07072783413878075
987 0.07174912314466651
988 0.07278245532157791
989 0.07382157406275813
990 0.07485668852686658
991 0.07588001369647988
992 0.07688235624077606
993 0.07785265016791794
994 0.07878435369726759
995 0.07967105927387705
996 0.08050891698129473
997 0.08128993229240904
998 0.08200862592471239
999 0.08266220611731735
1000 0.08324648219061519
1001 0.08375511338371505
1002 0.08418697802288473
1003 0.08454760939565822
1004 0.0848363338110909
1005 0.08504952960473672
1006 0.08518348913045953
1007 0.08524151950704803
1008 0.08522468112700665
1009 0.08512938325882635
1010 0.08495609106433788
1011 0.08470913936178176
1012 0.08439027642279164
1013 0.0839958442112317
1014 0.08352611282116276
1015 0.08297937837336623
1016 0.08235503282868188
1017 0.08165155942238853
1018 0.08087059031232371
1019 0.08001999112936675
1020 0.07910453712897786
1021 0.07813435881881525
1022 0.07712216971644174
1023 0.07607654775768909
1024 0.07500413066852014
1025 0.07391520158019245
1026 0.07281885613328558
1027 0.07172078266116225
1028 0.07062952107696528
1029 0.06955222122795
1030 0.06849343401624576
1031 0.06745671491322051
1032 0.06644509904510607
1033 0.06546719706703384
1034 0.06452382452195653
1035 0.06361666966621395
1036 0.06275255226870008
1037 0.061932453607148406
1038 0.06116194979842552
1039 0.06044115333224079
1040 0.059765357731881616
1041 0.05913288431018744
1042 0.058541376726600876
1043 0.05798607905985126
1044 0.05746378158063227
1045 0.05697625293509746
1046 0.056523776200395386
1047 0.056104943358467906
1048 0.05571962645564505
1049 0.0553730733164442
1050 0.05506306003075597
1051 0.05478528486185741
1052 0.05454648559347147
1053 0.054347697892655984
1054 0.05418522060862531
1055 0.054057522177841294
1056 0.053971386914854355
1057 0.05393259009522166
1058 0.05393458318354551
1059 0.053970926700721726
1060 0.054036284047367274
1061 0.05412642742029217
1062 0.05422815233713933
1063 0.05432699347452581
1064 0.054423810245459475
1065 0.054518500498901924
1066 0.05460914267535255
1067 0.054695027531279646
1068 0.054778289834565064
1069 0.054864822609827925
1070 0.054955194940984206
1071 0.05504925612764844
1072 0.05514850286979196
1073 0.0552489681432866
1074 0.05534664784720988
1075 0.055435826550667616
1076 0.05551236790336339
1077 0.05557783015095179
1078 0.05563233607440373
1079 0.05567733857862768
1080 0.05571332598692174
1081 0.0557440659024122
1082 0.05576984227287198
1083 0.055787208799629014
1084 0.055796347921814135
1085 0.055793671781615116
1086 0.0557803524094887
1087 0.055755636405434884
1088 0.055716934069870085
1089 0.05566578328429239
1090 0.05560094229226204
1091 0.055526029465610985
1092 0.0554424102606801
1093 0.05535187953018876
1094 0.05526089190681616
1095 0.05517016063887494
1096 0.055080161319244106
1097 0.05498963137289809
1098 0.054900136670258406
1099 0.05481572644380257
1100 0.05473499126591137
1101 0.054656147929044295
1102 0.054581019691122445
1103 0.05451343097673284
1104 0.054449458991424726
1105 0.05438685656169705
1106 0.054329042637595956
1107 0.05427837698363466
1108 0.05423398746408465
1109 0.05419059339233383
1110 0.054150820238312504
1111 0.054118835345707876
1112 0.05409414057089244
1113 0.05407492348436694
1114 0.054057593317627224
1115 0.054042682069422754
1116 0.05403231376350019
1117 0.054027393371458565
1118 0.05402723497451756
1119 0.05403148302120263
1120 0.05404294904806139
1121 0.05406003249560361
1122 0.05407968748206037
1123 0.05410345802933107
1124 0.05413089214383567
1125 0.0541618508610859
1126 0.05419324876449649
1127 0.05422550528841044
1128 0.054261448966242944
1129 0.05429877699323662
1130 0.05433643250978106
1131 0.05437584107076639
1132 0.05442007118774279
1133 0.05446629364331187
1134 0.05451248677495456
1135 0.054558859238838624
1136 0.05460484997596583
1137 0.05465110255316919
1138 0.054693946257567426
1139 0.05473315826430276
1140 0.054767681155310256
1141 0.05479967633976367
1142 0.05483255216309228
1143 0.054864784589706686
1144 0.05489731557967851
1145 0.05492887210934949
1146 0.05495991492488212
1147 0.05498859619669827
1148 0.05501491653660107
1149 0.05504108954317722
1150 0.05506666592045818
1151 0.05509389415224935
1152 0.055123492609872635
1153 0.0551550569984837
1154 0.055185943497126584
1155 0.0552140667390253
1156 0.05524002618672402
1157 0.05526218191327652
1158 0.055280661309812254
1159 0.05529976864553579
1160 0.055323202864920054
1161 0.05535095539523646
1162 0.05538297452191878
1163 0.05541990843191535
1164 0.055461674728170825
1165 0.055506301592854974
1166 0.05554920189637852
1167 0.05559077603432112
1168 0.055636174771712336
1169 0.05568787048201604
1170 0.055743334990713024
1171 0.05580475204174585
1172 0.05587367763738615
1173 0.0559474002036128
1174 0.05602336672400247
1175 0.05609937241390193
1176 0.0561799357652162
1177 0.05626540685053667
1178 0.05635530405706451
1179 0.05644882439314276
1180 0.05654408819122382
1181 0.056639813527910525
1182 0.05673623302566135
1183 0.056834351790381536
1184 0.05693491517035918
1185 0.057035839054793785
1186 0.0571327828987886
1187 0.05722785712419474
1188 0.05732073774313002
1189 0.05741302237070925
1190 0.057504317001212744
1191 0.05759562217411628
1192 0.05768928221801833
1193 0.057781448549036545
1194 0.05787191788550881
1195 0.05796055481458062
1196 0.0580475348070228
1197 0.058131497311422364
1198 0.05821127042123819
1199 0.05828907717597351
1200 0.05836650602369325
1201 0.05844264539849537
1202 0.05851617883637017
1203 0.05859026016928862
1204 0.05866238550288409
1205 0.05873009562412819
1206 0.05879397855403232
1207 0.058850660956275544
1208 0.058899701181952285
1209 0.05893970261460634
1210 0.058972041858064234
1211 0.058995079887829406
1212 0.05900700620742655
1213 0.05901584327622725
1214 0.05902482883726673
1215 0.059033349043754506
1216 0.05904130602142429
1217 0.059048464038434105
1218 0.059054160592660686
1219 0.05905851234902719
1220 0.059064046758798075
1221 0.059068897008738144
1222 0.05907102382074667
1223 0.05907129540464015
1224 0.059070280057466
1225 0.05906779827290339
1226 0.059061490842253386
1227 0.05905724939131357
1228 0.0590589925303827
1229 0.05906451516365192
1230 0.05907450638061885
1231 0.05908806830882215
1232 0.05910639936908395
1233 0.05912733920903855
1234 0.059145698784898046
1235 0.05916099247547395
1236 0.05917426946015972
1237 0.05918762543205382
1238 0.05920045890877826
1239 0.059208678948886234
1240 0.059213810821424746
1241 0.059217473845176706
1242 0.05921991620435195
1243 0.05922153899599666
1244 0.05922528727563449
1245 0.05923250874165562
1246 0.05924034561538979
1247 0.059246088907550065
1248 0.05925029488791543
1249 0.05925472523336297
1250 0.05925661500119065
1251 0.05925472523336297
1252 0.05925029488791545
1253 0.05924608890755038
1254 0.05924034561538984
1255 0.05923250874165552
1256 0.05922528727563443
1257 0.05922153899599654
1258 0.059219916204351804
1259 0.0592174738451769
1260 0.05921381082142462
1261 0.05920867894888618
1262 0.059200458908778224
1263 0.05918762543205387
1264 0.05917426946015959
1265 0.05916099247547393
1266 0.05914569878489824
1267 0.05912733920903829
1268 0.05910639936908388
1269 0.05908806830882217
1270 0.05907450638061908
1271 0.05906451516365177
1272 0.05905899253038284
1273 0.059057249391313606
1274 0.05906149084225322
1275 0.059067798272903344
1276 0.059070280057465736
1277 0.05907129540464024
1278 0.05907102382074678
1279 0.05906889700873828
1280 0.05906404675879814
1281 0.059058512349027065
1282 0.05905416059266049
1283 0.05904846403843407
1284 0.05904130602142404
1285 0.05903334904375447
1286 0.059024828837266806
1287 0.05901584327622709
1288 0.05900700620742651
1289 0.05899507988782941
1290 0.05897204185806445
1291 0.05893970261460634
1292 0.05889970118195237
1293 0.058850660956275634
1294 0.05879397855403221
1295 0.05873009562412813
1296 0.058662385502884
1297 0.058590260169288644
1298 0.05851617883637018
1299 0.05844264539849551
1300 0.05836650602369317
1301 0.058289077175973425
1302 0.05821127042123819
1303 0.05813149731142232
1304 0.058047534807022926
1305 0.05796055481458075
1306 0.05787191788550869
1307 0.05778144854903653
1308 0.05768928221801811
1309 0.057595622174116144
1310 0.05750431700121276
1311 0.057413022370709256
1312 0.05732073774313011
1313 0.057227857124194904
1314 0.057132782898788315
1315 0.05703583905479398
1316 0.05693491517035914
1317 0.056834351790381425
1318 0.05673623302566146
1319 0.05663981352791029
1320 0.056544088191223675
1321 0.05644882439314282
1322 0.056355304057064404
1323 0.05626540685053665
1324 0.056179935765216314
1325 0.05609937241390193
1326 0.05602336672400256
1327 0.055947400203612926
1328 0.05587367763738642
1329 0.05580475204174595
1330 0.055743334990713
1331 0.05568787048201607
1332 0.055636174771712385
1333 0.05559077603432108
1334 0.05554920189637829
1335 0.05550630159285517
1336 0.05546167472817079
1337 0.05541990843191526
1338 0.05538297452191881
1339 0.055350955395236476
1340 0.05532320286492009
1341 0.055299768645535936
1342 0.05528066130981245
1343 0.05526218191327655
1344 0.05524002618672415
1345 0.055214066739025396
1346 0.055185943497126445
1347 0.055155056998483706
1348 0.055123492609872815
1349 0.05509389415224935
1350 0.05506666592045807
1351 0.055041089543177255
1352 0.05501491653660112
1353 0.054988596196698165
1354 0.05495991492488223
1355 0.05492887210934967
1356 0.054897315579678384
1357 0.05486478458970665
1358 0.054832552163092504
1359 0.05479967633976347
1360 0.054767681155310215
1361 0.05473315826430286
1362 0.05469394625756751
1363 0.05465110255316921
1364 0.05460484997596615
1365 0.0545588592388387
1366 0.05451248677495438
1367 0.054466293643311826
1368 0.05442007118774277
1369 0.054375841070766234
1370 0.05433643250978109
1371 0.05429877699323668
1372 0.05426144896624302
1373 0.054225505288410386
1374 0.05419324876449655
1375 0.05416185086108605
1376 0.05413089214383558
1377 0.05410345802933099
1378 0.05407968748206026
1379 0.05406003249560352
1380 0.05404294904806143
1381 0.05403148302120261
1382 0.054027234974517634
1383 0.054027393371458635
1384 0.05403231376350005
1385 0.05404268206942288
1386 0.05405759331762735
1387 0.054074923484366995
1388 0.05409414057089239
1389 0.05411883534570799
1390 0.054150820238312775
1391 0.05419059339233405
1392 0.05423398746408459
1393 0.054278376983634705
1394 0.05432904263759594
1395 0.05438685656169704
1396 0.05444945899142475
1397 0.054513430976732884
1398 0.054581019691122674
1399 0.054656147929044475
1400 0.054734991265911276
1401 0.05481572644380254
1402 0.05490013667025851
1403 0.054989631372898015
1404 0.05508016131924396
1405 0.05517016063887476
1406 0.05526089190681621
1407 0.05535187953018893
1408 0.055442410260680086
1409 0.055526029465610985
1410 0.055600942292261916
1411 0.05566578328429232
1412 0.05571693406987012
1413 0.05575563640543485
1414 0.05578035240948854
1415 0.05579367178161517
1416 0.05579634792181417
1417 0.05578720879962875
1418 0.05576984227287172
1419 0.055744065902412376
1420 0.055713325986921636
1421 0.05567733857862769
1422 0.055632336074403765
1423 0.0555778301509517
1424 0.055512367903363495
1425 0.055435826550667644
1426 0.05534664784720968
1427 0.05524896814328702
1428 0.05514850286979204
1429 0.055049256127648626
1430 0.05495519494098435
1431 0.054864822609828015
1432 0.05477828983456505
1433 0.054695027531279715
1434 0.05460914267535261
1435 0.054518500498902084
1436 0.05442381024545965
1437 0.05432699347452586
1438 0.05422815233713939
1439 0.05412642742029213
1440 0.0540362840473672
1441 0.053970926700721726
1442 0.05393458318354573
1443 0.05393259009522166
1444 0.05397138691485432
1445 0.05405752217784126
1446 0.054185220608625344
1447 0.05434769789265604
1448 0.05454648559347137
1449 0.0547852848618573
1450 0.05506306003075611
1451 0.05537307331644403
1452 0.055719626455644974
1453 0.05610494335846786
1454 0.05652377620039523
1455 0.0569762529350975
1456 0.05746378158063231
1457 0.05798607905985137
1458 0.05854137672660075
1459 0.05913288431018733
1460 0.05976535773188152
1461 0.060441153332240885
1462 0.061161949798425624
1463 0.0619324536071483
1464 0.06275255226870013
1465 0.0636166696662141
1466 0.06452382452195671
1467 0.06546719706703401
1468 0.06644509904510616
1469 0.06745671491322049
1470 0.0684934340162459
1471 0.06955222122795023
1472 0.07062952107696531
1473 0.07172078266116211
1474 0.07281885613328573
1475 0.07391520158019241
1476 0.07500413066852049
1477 0.07607654775768927
1478 0.0771221697164415
1479 0.078134358818815
1480 0.07910453712897789
1481 0.08001999112936684
1482 0.08087059031232381
1483 0.08165155942238846
1484 0.08235503282868185
1485 0.08297937837336637
1486 0.08352611282116268
1487 0.0839958442112318
1488 0.08439027642279158
1489 0.08470913936178176
1490 0.08495609106433806
1491 0.08512938325882653
1492 0.08522468112700646
1493 0.08524151950704799
1494 0.08518348913045955
1495 0.08504952960473676
1496 0.08483633381109112
1497 0.08454760939565845
1498 0.08418697802288473
1499 0.08375511338371504
1500 0.083246482190615
1501 0.08266220611731748
1502 0.08200862592471234
1503 0.08128993229240908
1504 0.0805089169812948
1505 0.07967105927387683
1506 0.07878435369726781
1507 0.07785265016791795
1508 0.07688235624077616
1509 0.07588001369648005
1510 0.0748566885268667
1511 0.07382157406275824
1512 0.07278245532157786
1513 0.07174912314466657
1514 0.07072783413878075
1515 0.0697206246501706
1516 0.0687264205011689
1517 0.06775507332419602
1518 0.06681622538929928
1519 0.06591289879431485
1520 0.06504910344974796
1521 0.06423185969639744
1522 0.06346708650389202
1523 0.06275235204734067
1524 0.06208552565165118
1525 0.06146678908634842
1526 0.06089660955121084
1527 0.060375531616264085
1528 0.05990391641416629
1529 0.05948265135169573
1530 0.05911352239290384
1531 0.05879691504918457
1532 0.058529412533476266
1533 0.05830764258356389
1534 0.058129333726308324
1535 0.05799150996345153
1536 0.05789204596131631
1537 0.057827354646060834
1538 0.05779385810071789
1539 0.05779074051188976
1540 0.057813060662946066
1541 0.057857576330408486
1542 0.057922131281022776
1543 0.057999662764835314
1544 0.058085768990849454
1545 0.05817523742243915
1546 0.058264293598585794
1547 0.05835235067303845
1548 0.05843579732102066
1549 0.05851638793208063
1550 0.05859449834080466
1551 0.058664571014754724
1552 0.05872632450489104
1553 0.05877974713165248
1554 0.058821912364972
1555 0.05884981296190389
1556 0.05886294975875881
1557 0.05886681181009227
1558 0.05886041688212482
1559 0.058840219018440124
1560 0.05881043946309657
1561 0.05877163418962991
1562 0.058722197137160974
1563 0.05866110614998743
1564 0.05859321187117589
1565 0.058521709185524816
1566 0.058444026117613006
1567 0.05835971158061751
1568 0.058267952116891286
1569 0.05817205899034306
1570 0.05807161178870171
1571 0.05796755865110919
1572 0.05786242156511668
1573 0.057756761161403665
1574 0.057651690302478825
1575 0.05754889823361905
1576 0.0574514041628301
1577 0.05735644620380488
1578 0.057263036070472555
1579 0.05717294304707987
1580 0.05709102361440467
1581 0.057015413326200595
1582 0.056940971420666134
1583 0.05686830614270942
1584 0.05679828809438052
1585 0.05673317782988499
1586 0.05666857540998876
1587 0.05660336974707238
1588 0.056542503165837685
1589 0.05648857610475099
1590 0.05644027776963341
1591 0.056395401793495045
1592 0.05635595760074882
1593 0.056321597111579406
1594 0.056290073885124824
1595 0.0562618406089142
1596 0.05623613082261477
1597 0.056211812303562925
1598 0.056187884211237014
1599 0.05616694049048675
1600 0.05615154616978766
1601 0.056140995519772086
1602 0.056135885304782994
1603 0.05613579678134821
1604 0.05613824755068173
1605 0.05614306105411206
1606 0.056150467413859685
1607 0.056159852902688955
1608 0.05616814058144601
1609 0.05617415956284943
1610 0.05618101735464926
1611 0.056187194170851794
1612 0.05619145783104293
1613 0.05619543647187558
1614 0.05620100751476711
1615 0.05620907998701037
1616 0.0562178808728317
1617 0.0562249959402212
1618 0.05622822135915353
1619 0.05622771833595066
1620 0.056226814594924596
1621 0.05622247328935454
1622 0.05621237546505954
1623 0.05620081496350783
1624 0.05618925606715822
1625 0.056178050110485295
1626 0.05616482310347478
1627 0.05614883835090296
1628 0.05613120510652856
1629 0.05610936298994659
1630 0.056083612095082745
1631 0.05605307798324446
1632 0.05601946021786873
1633 0.0559854724293412
1634 0.055951262696264846
1635 0.05591593067231167
1636 0.05587784057061774
1637 0.05583618484603321
1638 0.05579005632971006
1639 0.055738683410758806
1640 0.05568305966751499
1641 0.05562588410332948
1642 0.05557004523204007
1643 0.0555146350368955
1644 0.05545720527109683
1645 0.05539754598664902
1646 0.05533459387967752
1647 0.05526781766896611
1648 0.05519489910107813
1649 0.05511930127596824
1650 0.05504164278763564
1651 0.05496092057857278
1652 0.05488089215661319
1653 0.0548001496415209
1654 0.05472101338060438
1655 0.05464261374726306
1656 0.054565308311453335
1657 0.054492512735283334
1658 0.054422299475266306
1659 0.0543575783274434
1660 0.05430028527239837
1661 0.054250028707501174
1662 0.054206565808407256
1663 0.05416937165329755
1664 0.05413752160741039
1665 0.054107670891077174
1666 0.054081256420933164
1667 0.05405937693557497
1668 0.05404035832819582
1669 0.05402430920834828
1670 0.0540121951956617
1671 0.05400984774137462
1672 0.0540164431409655
1673 0.05402921558816188
1674 0.05404995035334195
1675 0.05407642518170676
1676 0.05410528541762356
1677 0.05413437857734606
1678 0.05416500281412844
1679 0.05420239832525781
1680 0.05424601602427526
1681 0.054293108242466255
1682 0.05434895626980048
1683 0.05441461455267245
1684 0.05448718662394271
1685 0.05456674082572461
1686 0.05465530261242899
1687 0.05475532635664499
1688 0.05486489807853763
1689 0.054982742767664836
1690 0.05510789874278303
1691 0.05523682569469926
1692 0.055370125686513436
1693 0.05550857003881592
1694 0.055653376510883396
1695 0.05580665509491687
1696 0.05596810373497396
1697 0.056134800253670805
1698 0.056304174816332944
1699 0.05647713370256775
1700 0.05665294980752731
1701 0.056830202568917694
1702 0.057009195904162493
1703 0.05719031335957901
1704 0.057371060997103374
1705 0.05755172535479913
1706 0.05772909423300209
1707 0.0579023694757569
1708 0.05807585198499419
1709 0.05824856089912734
1710 0.05842154396287181
1711 0.05859191994633822
1712 0.0587617892969401
1713 0.05893587522887579
1714 0.05911076157840525
1715 0.05928254334656772
1716 0.05944972174294485
1717 0.05961576203973288
1718 0.059780818798152016
1719 0.059942310617340906
1720 0.06009891253430577
1721 0.06025453799891459
1722 0.06041109433028323
1723 0.06056341775437155
1724 0.0607100599597467
1725 0.06085099008285285
1726 0.060990321117062235
1727 0.06112866185242126
1728 0.06126576797204202
1729 0.06140219506188246
1730 0.06153836492080623
1731 0.06167436052895972
1732 0.06180592612467171
1733 0.061933014914450184
1734 0.062055582887029476
1735 0.06217520597394691
1736 0.062292179298797566
1737 0.06240388809691604
1738 0.06251303971036316
1739 0.06262165750166748
1740 0.0627285698802949
1741 0.06283219049987412
1742 0.06293104502136147
1743 0.06302841387217421
1744 0.06312490948118134
1745 0.06321827314421587
1746 0.06330933400427548
1747 0.06339793137296688
1748 0.063483314436649
1749 0.06356488686436994
1750 0.06364261969855578
1751 0.06371597873494407
1752 0.06378477682795769
1753 0.06384966785888724
1754 0.06391172482998922
1755 0.06397301510926125
1756 0.06403228441273533
1757 0.06409074890760942
1758 0.06414858704534393
1759 0.06420218066009128
1760 0.06425033243581613
1761 0.06428942726667365
1762 0.06431984655964164
1763 0.0643457575007813
1764 0.06436863739600673
1765 0.06438755650329318
1766 0.06439890038611339
1767 0.06440634781523753
1768 0.06441110676780558
1769 0.06440894042638252
1770 0.06440021541895466
1771 0.06438595136163071
1772 0.0643666274073056
1773 0.0643403214729986
1774 0.06430570647024182
1775 0.06426261144598898
1776 0.06420797986035572
1777 0.06414135353983942
1778 0.06406304835293058
1779 0.06397317875350393
1780 0.06387334342362701
1781 0.06376385345917908
1782 0.0636491579895411
1783 0.0635303688584954
1784 0.0634034581757871
1785 0.06326536614119842
1786 0.06311664359960464
1787 0.06295940069808394
1788 0.06279021144209294
1789 0.06260824481797034
1790 0.062416677283637714
1791 0.06221367668127387
1792 0.06200124525546542
1793 0.06177966803161905
1794 0.061548687088539444
1795 0.061311276846797526
1796 0.06106667326385634
1797 0.060818293793611075
1798 0.06056256461583442
1799 0.06030025834515129
1800 0.06003721957259862
1801 0.05977212481663407
1802 0.05950228223049665
1803 0.05922447814642269
1804 0.058939328077775244
1805 0.05864976472405922
1806 0.0583562902852859
1807 0.05805956709877424
1808 0.05776306811584888
1809 0.05746812804915021
1810 0.05717390505816191
1811 0.056880888863540806
1812 0.056591885911524094
1813 0.056306135210384814
1814 0.056022170221551044
1815 0.05574124191784775
1816 0.05546305730319689
1817 0.05518842352032238
1818 0.05491565501791409
1819 0.054643679905394545
1820 0.054372051321071466
1821 0.05409992449211375
1822 0.05383152565557523
1823 0.05356803224449396
1824 0.05330955495820072
1825 0.05306004466176441
1826 0.052818910883238306
1827 0.052585976074531735
1828 0.052360031135162306
1829 0.05213889451759419
1830 0.05192646167408763
1831 0.05172173970679375
1832 0.051526306463673816
1833 0.051342383588165064
1834 0.05117065764708987
1835 0.051011825260387667
1836 0.05086437708046474
1837 0.05072905391437399
1838 0.05060477588102898
1839 0.05048836016640816
1840 0.05037708290753783
1841 0.050272996628168996
1842 0.05017754820383034
1843 0.05009105616596146
1844 0.05001122945634723
1845 0.04994075025164832
1846 0.049880034200920555
1847 0.049822131703649096
1848 0.04976864408894909
1849 0.049720507362568236
1850 0.04967893494539634
1851 0.049643147610704645
1852 0.04961310273534012
1853 0.04959072881211464
1854 0.049572822029059396
1855 0.04955979154645378
1856 0.04955282666443167
1857 0.049548918448070786
1858 0.04954587627291879
1859 0.049546212587116306
1860 0.04955168314974961
1861 0.04956156199408625
1862 0.04957769288960415
1863 0.04959999758898124
1864 0.049627245836124
1865 0.04965820689143484
1866 0.0496930632490793
1867 0.04973223268868347
1868 0.04977058958334719
1869 0.04980702498048773
1870 0.04984444834141172
1871 0.04988061463830023
1872 0.04991332677381723
1873 0.04994117563958787
1874 0.04996718190468126
1875 0.04999495258152178
1876 0.05002326302854052
1877 0.050051477635533345
1878 0.050078222729853204
1879 0.05010368691614718
1880 0.05012531222980754
1881 0.050141051787131304
1882 0.05015048650490197
1883 0.05015322127105943
1884 0.05015216466483622
1885 0.05014833304228306
1886 0.05014071189997829
1887 0.050130984065829665
1888 0.0501203218095551
1889 0.05010768569268352
1890 0.0500896618278091
1891 0.05006592065724241
1892 0.0500412932329184
1893 0.05001551579644399
1894 0.049986688410461944
1895 0.049954741514680115
1896 0.04992266551021493
1897 0.04989369292655606
1898 0.04986531672494446
1899 0.04983446688052472
1900 0.04980365010909822
1901 0.049774341233519134
1902 0.04974811441164561
1903 0.04972305619438444
1904 0.04969576207377365
1905 0.04967041652990941
1906 0.04964960506414791
1907 0.049632718916955205
1908 0.04961877009867914
1909 0.04960854023920027
1910 0.049603632850592355
1911 0.04960298364406937
1912 0.04960639528141385
1913 0.04961318351096954
1914 0.049620486521913365
1915 0.049628007762366665
1916 0.04963730930140177
1917 0.04964744496496939
1918 0.04965643348604273
1919 0.04966490760831737
1920 0.04967631579342753
1921 0.04969125395738001
1922 0.049706520990987976
1923 0.04972079024432144
1924 0.04973644643616677
1925 0.04975121398127081
1926 0.04976113913538651
1927 0.04976607142986498
1928 0.04976706882618072
1929 0.04976368591446408
1930 0.049754873329350344
1931 0.04974357706576511
1932 0.04973327222973117
1933 0.04972058833116664
1934 0.049703840208174
1935 0.049685350315688354
1936 0.049662658503776075
1937 0.04963426835128423
1938 0.049601449305070475
1939 0.0495674506279817
1940 0.04953385763056898
1941 0.04949832839572234
1942 0.04946096760788168
1943 0.0494244388734332
1944 0.04939082468047694
1945 0.04936185797573847
1946 0.04933294198044641
1947 0.04930249305440701
1948 0.04927198332620046
1949 0.04923862172373154
1950 0.04919793331909167
1951 0.04914835253989657
1952 0.049096764079729904
1953 0.04904470289510867
1954 0.04899166170498107
1955 0.04893602536025674
1956 0.048877869152016924
1957 0.04881973938068496
1958 0.04875805535507291
1959 0.04869036870901585
1960 0.048615610290482635
1961 0.04853190744995988
1962 0.048438185986224104
1963 0.04833562186171553
1964 0.04822156584876438
1965 0.048095221741828995
1966 0.047956722072500235
1967 0.04780602711491113
1968 0.04764483837098769
1969 0.04747265900097151
1970 0.047290729566121466
1971 0.04710162777332974
1972 0.04690821595575989
1973 0.04671074467475321
1974 0.046511122446843224
1975 0.04631498486957999
1976 0.04612839662223021
1977 0.04595412687026314
1978 0.045791612007473594
1979 0.04564025678896088
1980 0.045504872522445255
1981 0.0453933359536074
1982 0.045309385130422625
1983 0.04526043302293348
1984 0.04525573047493062
1985 0.04530413258334369
1986 0.045408742742704594
1987 0.0455686597659203
1988 0.045787027001172445
1989 0.04606573788139531
1990 0.04640629171928655
1991 0.04680645533084165
1992 0.04726597593314873
1993 0.04778690024432921
1994 0.048370207850938166
1995 0.049012477932269524
1996 0.04970778226806989
1997 0.050453738165170264
1998 0.051243965162580465
1999 0.0520742238505046
2000 0.052940319587011994
2001 0.05383309123143154
2002 0.054744470975142914
2003 0.0556666261479525
2004 0.05659320207250189
2005 0.057511791545787005
2006 0.058411182962618165
2007 0.059285397740862625
2008 0.06012429648880841
2009 0.06091716808684722
2010 0.06165324088300917
2011 0.06232399076100889
2012 0.06292323242047262
2013 0.06344110452223689
2014 0.0638689231618358
2015 0.06420187222270353
2016 0.06443603975204314
2017 0.06456512747160024
2018 0.06458384759277741
2019 0.06449421718644512
2020 0.06430221125961916
2021 0.06400862281773034
2022 0.06361882230255918
2023 0.06314573026890061
2024 0.06259449115196664
2025 0.06197304408663439
2026 0.06129134725137788
2027 0.06056071615651202
2028 0.05978909110562531
2029 0.05898233128706067
2030 0.058152662455244475
2031 0.05730632428794589
2032 0.05644899693440826
2033 0.05559090436269097
2034 0.05474144033543239
2035 0.053906663301348176
2036 0.053092688535850766
2037 0.052309709099452595
2038 0.051564114116965834
2039 0.05085550390277797
2040 0.05018468876842156
2041 0.04955508570326776
2042 0.04897124846803298
2043 0.04843000680240428
2044 0.04792951893316784
2045 0.0474736855643972
2046 0.04705946273676261
2047 0.046684361297377075
2048 0.04635206427316554
2049 0.04606595819333013
2050 0.04582488455398771
2051 0.04562699949465021
2052 0.04547430456471838
2053 0.045368555063590575
2054 0.04530786325320913
2055 0.04529526557371872
2056 0.04533752653429057
2057 0.04543108377883867
2058 0.04556918381848775
2059 0.045744423977592805
2060 0.045946364511501386
2061 0.046162581535719505
2062 0.046379287103865775
2063 0.04659169566293184
2064 0.046800636566158064
2065 0.0470070506928376
2066 0.047210652002673215
2067 0.047411455210083504
2068 0.0476095649850821
2069 0.047805693433118725
2070 0.048000360023612555
2071 0.04819208390616893
2072 0.04837942637789947
2073 0.04855984972361793
2074 0.04873249386240952
2075 0.04889608610349951
2076 0.049046853639626686
2077 0.049181664139138194
2078 0.049303811960772916
2079 0.04941661110783944
2080 0.049519389721647614
2081 0.04961502296441357
2082 0.04970433275708823
2083 0.04978767039469539
2084 0.04986283626775603
2085 0.049923513701352694
2086 0.04996938135839965
2087 0.050001200372006685
2088 0.05001872782200152
2089 0.050019007094136855
2090 0.050002229883902356
2091 0.04997602411436365
2092 0.04994015564440241
2093 0.04989382473933285
2094 0.049838012140558954
2095 0.04977539228058798
2096 0.04971115251103026
2097 0.04964572192570143
2098 0.049579437898499674
2099 0.049512414562060826
2100 0.049446451920132216
2101 0.049383415866873864
2102 0.0493213862827473
2103 0.04925839068094359
2104 0.04919546600362214
2105 0.04913473207387348
2106 0.049075271298724486
2107 0.04901520457947784
2108 0.048956529221694495
2109 0.048900520281976244
2110 0.0488445347396604
2111 0.048784340939904795
2112 0.04872167477188443
2113 0.04866338133329639
2114 0.04860924813086218
2115 0.04855822416553478
2116 0.048514145768550565
2117 0.04847765815713333
2118 0.048448628628942704
2119 0.0484233102593305
2120 0.04840076714459625
2121 0.04838300859494393
2122 0.04836840367706252
2123 0.04835755734541064
2124 0.04834737085503323
2125 0.04834049965308369
2126 0.048340461609737206
2127 0.04834631841148823
2128 0.048359516486137726
2129 0.048381973145946354
2130 0.04841698875367894
2131 0.04846350833000781
2132 0.048516020771353245
2133 0.04857217205753234
2134 0.04863182668217911
2135 0.048696935929120694
2136 0.04876782913345657
2137 0.04884284586545884
2138 0.04892225994541188
2139 0.04900463664183242
2140 0.049088443500306625
2141 0.049173733506699936
2142 0.04926265153876392
2143 0.04935469770418281
2144 0.049448141240964624
2145 0.049547140250489424
2146 0.049653972298855965
2147 0.04976563550194614
2148 0.049882468037879206
2149 0.05000461194338669
2150 0.05013265948667947
2151 0.05026431834591366
2152 0.05039676840785222
2153 0.050532219739633503
2154 0.05066828562813594
2155 0.05080650170861178
2156 0.050947852588977945
2157 0.0510926393793082
2158 0.05124230035455652
2159 0.051397663305321195
2160 0.05156035480975518
2161 0.05172886882291152
2162 0.05190470275058393
2163 0.05208901391435779
2164 0.052281302394646664
2165 0.05247951103343947
2166 0.05268409058983779
2167 0.052898476256965275
2168 0.05312368717797749
2169 0.05335820503865549
2170 0.05359758681601873
2171 0.05384344889272717
2172 0.05409821450002463
2173 0.05435984229061924
2174 0.05462728498423098
2175 0.05489701827535632
2176 0.05517165629982718
2177 0.05545349856148312
2178 0.05573872773362647
2179 0.05602882945248858
2180 0.05632241760658611
2181 0.05661963965992282
2182 0.056918706924813454
2183 0.05721476978984116
2184 0.0575081690093835
2185 0.05779823093683517
2186 0.0580840654120757
2187 0.058366432014417595
2188 0.0586474780689262
2189 0.058926745170882096
2190 0.05920365835309108
2191 0.059478614172754206
2192 0.059748325799117735
2193 0.06001295638796721
2194 0.06027426512015
2195 0.0605317447858846
2196 0.06078561348204869
2197 0.06103343836194926
2198 0.06127456031528835
2199 0.061507835051827726
2200 0.06172846710687375
2201 0.06193322863148777
2202 0.06212297644931097
2203 0.06229935920475076
2204 0.062464239052998666
2205 0.062618191917478
2206 0.06275833363661186
2207 0.06288385784096494
2208 0.06299318029589084
2209 0.06308249595263084
2210 0.06314850834861536
2211 0.06319418868130781
2212 0.06322336778857046
2213 0.06323573975764298
2214 0.0632338199473289
2215 0.06322163820920965
2216 0.06320273423039685
2217 0.0631735879511584
2218 0.06313116709172388
2219 0.06308030727867757
2220 0.06302243584678559
2221 0.06295651009486357
2222 0.06288124960822469
2223 0.06279574875468004
2224 0.06270586157787852
2225 0.06261582213609969
2226 0.06252435914382627
2227 0.06243015469390421
2228 0.06233451874173148
2229 0.06224063137547415
2230 0.06214546406460221
2231 0.062043456172992784
2232 0.06193383604444627
2233 0.06181996955980256
2234 0.061698972138625095
2235 0.06157140865418696
2236 0.06144020792292481
2237 0.06130538783016526
2238 0.06116902728028842
2239 0.0610295033223226
2240 0.06089149904690284
2241 0.060754131057497725
2242 0.060615447478051816
2243 0.06047858134530202
2244 0.06034143406355873
2245 0.06020362223907517
2246 0.06006120780286982
2247 0.059916540332216855
2248 0.05977388564937897
2249 0.059630362009600195
2250 0.05948511726808904
2251 0.059338346366029415
2252 0.05919266831753453
2253 0.05904793980414655
2254 0.058904661365414106
2255 0.05876482029142527
2256 0.058628493579083577
2257 0.058495162786834504
2258 0.05836506521721424
2259 0.05823459539259044
2260 0.05809973179846538
2261 0.05796197843517861
2262 0.057821101494781
2263 0.05767692755615386
2264 0.05752961205550794
2265 0.05738483009260217
2266 0.057244280407453406
2267 0.05710369303688845
2268 0.056964146002121345
2269 0.05682886049302696
2270 0.056698405663166314
2271 0.05656994514244191
2272 0.0564460660210163
2273 0.05632661608516179
2274 0.05620952282839382
2275 0.056095903279623015
2276 0.055985843671017714
2277 0.05587978354057395
2278 0.05577424577435761
2279 0.05566999163899883
2280 0.055570970829181845
2281 0.05547689702370543
2282 0.05538699964497239
2283 0.05529995671253782
2284 0.0552174465693457
2285 0.05514310709494922
2286 0.055076391791459664
2287 0.055015436884716724
2288 0.05496063282985826
2289 0.054913200633774494
2290 0.05487195908461937
2291 0.05483696037554649
2292 0.054810915241324774
2293 0.05479409455772711
2294 0.05478676089893462
2295 0.0547933459119953
2296 0.05481538697717749
2297 0.05484729996868658
2298 0.05488606109977426
2299 0.054931317306313926
2300 0.05498411804620798
2301 0.055041998048759956
2302 0.05510390750494159
2303 0.0551746019197023
2304 0.05525144044908423
2305 0.055332346648110174
2306 0.055417462531911994
2307 0.05550569396661825
2308 0.055595357428305285
2309 0.055683591448185576
2310 0.05576719782751398
2311 0.05584579374844569
2312 0.055920258757392344
2313 0.05598968690338434
2314 0.05605403614390777
2315 0.0561137224853441
2316 0.05617269685394146
2317 0.05623423284998484
2318 0.05630039261668747
2319 0.05637261768083678
2320 0.056450976046903065
2321 0.05653565696727552
2322 0.056626997127601865
2323 0.05672577046224143
2324 0.05683082858287733
2325 0.05694304892826136
2326 0.05706393390812206
2327 0.05719227684950569
2328 0.057328554769211476
2329 0.057473319090282145
2330 0.057625306083347594
2331 0.05778367711025643
2332 0.05794485990608099
2333 0.05810596266831719
2334 0.05826560583572924
2335 0.05842307201277746
2336 0.05858210495332053
2337 0.05874354878261056
2338 0.05890990016808954
2339 0.059079122568041306
2340 0.05924590008243264
2341 0.059409898300791866
2342 0.05956702098701927
2343 0.05971646565846929
2344 0.05986072663733399
2345 0.06000163598431498
2346 0.060137114473935424
2347 0.06026427870656361
2348 0.06038744655878985
2349 0.06050959108875578
2350 0.06062781157561309
2351 0.06074342958299653
2352 0.060857854532252856
2353 0.060972827352678435
2354 0.061089101013434954
2355 0.06120161845599037
2356 0.06130953206457999
2357 0.061413291938270706
2358 0.06151347506089701
2359 0.06160757806027517
2360 0.06169323835816937
2361 0.06176856944860998
2362 0.061833331844747395
2363 0.06188724225140531
2364 0.06192596355594806
2365 0.061952358495622195
2366 0.061966851637017525
2367 0.06197200535334075
2368 0.061968800976345016
2369 0.06195411018999761
2370 0.06192938195668947
2371 0.061888965534769656
2372 0.06183457340826852
2373 0.061771428366206575
2374 0.06169782518971951
2375 0.061612877639914236
2376 0.06152048856796607
2377 0.06142849681873193
2378 0.061336777778928264
2379 0.061241272684882185
2380 0.06114140262100989
2381 0.06103914645835328
2382 0.0609363303293473
2383 0.06083366026224904
2384 0.060730937507987984
2385 0.06063190475790126
2386 0.06053995220543687
2387 0.060458329266806374
2388 0.060385998638021736
2389 0.06032312781945742
2390 0.06027356162700201
2391 0.06023369890689061
2392 0.06020225365083146
2393 0.06017921385496029
2394 0.060169864599265335
2395 0.06017408575620536
2396 0.06018692727148283
2397 0.06021150389485195
2398 0.06025060518709923
2399 0.060307276426513616
2400 0.06037638518384781
2401 0.060455144466257826
2402 0.060547364492029146
2403 0.06065328676526335
2404 0.06077189293115717
2405 0.060900165865763474
2406 0.061034855964038806
2407 0.06117637294306513
2408 0.06132521969551544
2409 0.06147975384344008
2410 0.06164284933661071
2411 0.06181306341131963
2412 0.06198972082589422
2413 0.06217392953783615
2414 0.06236339379008433
2415 0.06255835232408963
2416 0.06275584854472936
2417 0.06295718401492884
2418 0.06316166008756753
2419 0.0633660759144307
2420 0.06357357976242277
2421 0.06378214741474394
2422 0.06399106428946422
2423 0.06420005770547167
2424 0.06441118389949671
2425 0.06462583935998062
2426 0.0648407589009493
2427 0.06505954658485064
2428 0.06528061328066584
2429 0.06549652370126324
2430 0.06570661511594032
2431 0.06591033018826599
2432 0.06610225744519051
2433 0.06627960382032316
2434 0.06644365532350145
2435 0.06659532428235224
2436 0.06673546511655287
2437 0.06686435697089083
2438 0.06698416271375436
2439 0.06709215015746339
2440 0.0671852595683196
2441 0.0672658595373123
2442 0.06732901136100945
2443 0.06736781173587517
2444 0.06737948614884924
2445 0.06736524367519736
2446 0.06732297276626502
2447 0.06725257643253173
2448 0.06715776053188875
2449 0.06703768543609302
2450 0.06689154220782165
2451 0.06672061569221603
2452 0.06652955425073394
2453 0.06631679112431625
2454 0.0660787384744441
2455 0.06581803439796621
2456 0.06553643683528793
2457 0.06523595126690027
2458 0.06491909036299741
2459 0.06459151950469459
2460 0.06426462841731424
2461 0.0639555847875687
2462 0.06368339643303347
2463 0.06346776766528425
2464 0.06332528615123753
2465 0.06327196147338093
2466 0.06332093877274048
2467 0.06347808549128804
2468 0.06374881132735752
2469 0.06414374072352041
2470 0.06467222704324628
2471 0.06533694680485343
2472 0.06614600470055879
2473 0.06710811786175185
2474 0.06822810130071548
2475 0.06950822493459734
2476 0.07095186289421523
2477 0.07256343821038841
2478 0.07433509586948743
2479 0.0762605536115316
2480 0.07834251625434849
2481 0.08057625078823931
2482 0.0829517057297309
2483 0.08545498734524315
2484 0.08807409685211341
2485 0.09079478906595298
2486 0.093595582455503
2487 0.09645334717788231
2488 0.09934472724616696
2489 0.10224612183289503
2490 0.10512818514029872
2491 0.1079617042303943
2492 0.11071727238862306
2493 0.11336794274871827
2494 0.11589147885478746
2495 0.11826090638074066
2496 0.12045368761579443
2497 0.12245265386486583
2498 0.12429663354473192
2499 0.125896237140399
2500 0.12721259168002233
2501 0.1282160141794006
2502 0.12887905255651533
