0
1
200
0 0.1291514589563788
1 0.12887905255651538
2 0.12821601417940057
3 0.12721259168002239
4 0.12589623714039894
5 0.12429663354473192
6 0.12245265386486576
7 0.12045368761579439
8 0.11826090638074066
9 0.11589147885478746
10 0.1133679427487183
11 0.1107172723886231
12 0.10796170423039432
13 0.10512818514029869
14 0.10224612183289508
15 0.09934472724616691
16 0.09645334717788227
17 0.09359558245550295
18 0.09079478906595295
19 0.08807409685211337
20 0.08545498734524307
21 0.08295170572973089
22 0.08057625078823927
23 0.07834251625434856
24 0.0762605536115316
25 0.0743350958694875
26 0.07256343821038841
27 0.07095186289421519
28 0.06950822493459735
29 0.06822810130071547
30 0.06710811786175182
31 0.06614600470055879
32 0.06533694680485341
33 0.06467222704324634
34 0.06414374072352036
35 0.06374881132735753
36 0.06347808549128801
37 0.0633209387727405
38 0.06327196147338089
39 0.0633252861512375
40 0.06346776766528422
41 0.06368339643303349
42 0.0639555847875687
43 0.06426462841731422
44 0.06459151950469459
45 0.06491909036299741
46 0.06523595126690028
47 0.06553643683528797
48 0.06581803439796625
49 0.06607873847444411
50 0.06631679112431628
51 0.06652955425073394
52 0.06672061569221606
53 0.06689154220782166
54 0.06703768543609302
55 0.0671577605318888
56 0.06725257643253169
57 0.067322972766265
58 0.06736524367519736
59 0.06737948614884923
60 0.06736781173587514
61 0.0673290113610095
62 0.0672658595373123
63 0.06718525956831961
64 0.06709215015746342
65 0.06698416271375433
66 0.06686435697089081
67 0.06673546511655287
68 0.06659532428235226
69 0.06644365532350144
70 0.06627960382032311
71 0.06610225744519053
72 0.06591033018826596
73 0.06570661511594034
74 0.06549652370126324
75 0.06528061328066585
76 0.06505954658485068
77 0.06484075890094926
78 0.06462583935998069
79 0.06441118389949668
80 0.06420005770547164
81 0.0639910642894642
82 0.0637821474147439
83 0.0635735797624228
84 0.06336607591443073
85 0.06316166008756752
86 0.06295718401492884
87 0.0627558485447294
88 0.0625583523240896
89 0.062363393790084355
90 0.0621739295378362
91 0.061989720825894115
92 0.0618130634113197
93 0.061642849336610704
94 0.06147975384344006
95 0.061325219695515555
96 0.06117637294306513
97 0.061034855964038744
98 0.0609001658657635
99 0.06077189293115712
100 0.060653286765263374
101 0.06054736449202917
102 0.06045514446625792
103 0.06037638518384786
104 0.060307276426513554
105 0.06025060518709923
106 0.06021150389485189
107 0.06018692727148281
108 0.06017408575620531
109 0.06016986459926545
110 0.06017921385496035
111 0.0602022536508315
112 0.060233698906890544
113 0.06027356162700201
114 0.06032312781945751
115 0.06038599863802177
116 0.06045832926680638
117 0.06053995220543678
118 0.06063190475790125
119 0.06073093750798802
120 0.06083366026224897
121 0.06093633032934732
122 0.06103914645835325
123 0.06114140262100983
124 0.061241272684882164
125 0.061336777778928216
126 0.06142849681873189
127 0.06152048856796608
128 0.061612877639914194
129 0.061697825189719516
130 0.06177142836620658
131 0.061834573408268534
132 0.06188896553476955
133 0.06192938195668948
134 0.061954110189997635
135 0.06196880097634494
136 0.061972005353340714
137 0.061966851637017574
138 0.061952358495622147
139 0.061925963555948024
140 0.061887242251405385
141 0.06183333184474734
142 0.06176856944860994
143 0.06169323835816948
144 0.061607578060275225
145 0.061513475060897015
146 0.0614132919382707
147 0.061309532064579966
148 0.061201618455990335
149 0.061089101013434954
150 0.060972827352678345
151 0.06085785453225282
152 0.060743429582996535
153 0.060627811575613054
154 0.06050959108875572
155 0.06038744655878979
156 0.06026427870656356
157 0.06013711447393544
158 0.06000163598431499
159 0.05986072663733397
160 0.05971646565846934
161 0.05956702098701931
162 0.05940989830079171
163 0.05924590008243255
164 0.059079122568041306
165 0.05890990016808955
166 0.058743548782610365
167 0.0585821049533206
168 0.05842307201277753
169 0.05826560583572923
170 0.058105962668317156
171 0.05794485990608114
172 0.057783677110256414
173 0.05762530608334757
174 0.05747331909028229
175 0.05732855476921138
176 0.05719227684950571
177 0.057063933908122005
178 0.056943048928261256
179 0.056830828582877295
180 0.05672577046224136
181 0.05662699712760198
182 0.056535656967275486
183 0.05645097604690302
184 0.05637261768083682
185 0.05630039261668743
186 0.056234232849984835
187 0.05617269685394154
188 0.05611372248534409
189 0.05605403614390786
190 0.05598968690338429
191 0.055920258757392434
192 0.05584579374844565
193 0.055767197827514
194 0.055683591448185625
195 0.05559535742830523
196 0.05550569396661829
197 0.055417462531912064
198 0.055332346648110174
199 0.05525144044908425
