0
1
54
0 0.9210747966305558
1 0.9210747966305558
2 -0.12916038002335445
3 0.24423461472361932
4 -0.0177054969576339
5 0.15400620682882477
6 0.018634796486665037
7 0.11750918840078246
8 0.07685394325496264
9 -0.010415023783651452
10 0.05242571240451771
11 -0.014069701333684528
12 0.042745467951746316
13 -0.011598343887114934
14 0.03784390329180544
15 0.03454986024313649
16 0.0317105858046672
17 0.029413549732178097
18 0.02771481372341429
19 0.026336563925564938
20 0.025172096118460597
21 0.02408926385187876
22 0.023024009672358056
23 0.022192568353855625
24 0.021453703416186427
25 0.020739234847470898
26 0.020054694342849386
27 0.019461854200424143
28 0.018907687773977958
29 0.01838440040044088
30 0.01789856186277597
31 0.01741607563642286
32 0.01696604849775835
33 0.016546947379682268
34 0.016150525922961373
35 0.015754535278694384
36 0.015375791197142425
37 0.015011422946803278
38 0.014662686644678383
39 0.014321693345782052
40 0.0139905594754659
41 0.013663292798435644
42 0.013343257265313359
43 0.013030083098684454
44 0.01272897736489445
45 0.012423056412216194
46 0.012131531648931895
47 0.01183805598798384
48 0.011548211903497566
49 0.011263060886766907
50 0.010983196224608435
51 0.010700128121220008
52 0.010427272223792784
53 0.01015170304908222
